00000000000000000000 -4.77108276156551625036e+00 -1.91942069895101846688e-01 00000000000000000154 -5.32906079407177667445e-24
3.87796733008385127034e-03 -4.76653141824478332467e+00 -1.91942927733058987805e-01 1.54003766017362977436e+02 1.50616430378899113620e-04
7.75587515650285035801e-03 -4.76199760747173872488e+00 -1.91943360940387164337e-01 1.54007473626420164692e+02 2.97097923889959780654e-04
1.16336639765051742812e-02 -4.75748128349210475108e+00 -1.91943373409226042403e-01 1.54011123101661411283e+02 4.39452640983501200897e-04
1.55112742891650307042e-02 -4.75298240066504718015e+00 -1.91942969003672719852e-01 1.54014714717985924608e+02 5.77688968026422722257e-04
1.93886465962956576481e-02 -4.74850091346420999372e+00 -1.91942151560271639932e-01 1.54018248750739644493e+02 7.11815531014575167065e-04
2.32657214033622598837e-02 -4.74403677647735211309e+00 -1.91940924888053116026e-01 1.54021725475663515681e+02 8.41841180159102662160e-04
2.71424392203948837421e-02 -4.73958994440713254903e+00 -1.91939292768954938850e-01 1.54025145168917049432e+02 9.67774999368205940918e-04
3.10187405629012494246e-02 -4.73516037206845652463e+00 -1.91937258956985934422e-01 1.54028508106880480000e+02 1.08962623476431715031e-03
3.48945659527794757593e-02 -4.73074801439628433997e+00 -1.91934827181285461162e-01 1.54031814566632675678e+02 1.20740447422082951799e-03
3.87698559192307112831e-02 -4.72635282643728249496e+00 -1.91932001143164582269e-01 1.54035064825387991050e+02 1.32111943957815593242e-03
4.26445509996716889956e-02 -4.72197476335476995501e+00 -1.91928784518110129298e-01 1.54038259160791142222e+02 1.43078109832488610358e-03
4.65185917406470347824e-02 -4.71761378042516632547e+00 -1.91925180954494983832e-01 1.54041397850665106262e+02 1.53639956358627175967e-03
5.03919186987416417578e-02 -4.71326983304655477980e+00 -1.91921194077293438829e-01 1.54044481173540418695e+02 1.63798531623460382964e-03
5.42644724414926629685e-02 -4.70894287672869271688e+00 -1.91916827484075874777e-01 1.54047509407989679175e+02 1.73554893028683579828e-03
5.81361935483015249138e-02 -4.70463286709896699733e+00 -1.91912084747645900196e-01 1.54050482832990581983e+02 1.82910122575322543585e-03
6.20070226113456635098e-02 -4.70033975990133434664e+00 -1.91906969415757022723e-01 1.54053401727837155022e+02 1.91865323392353286959e-03
6.58769002364900102542e-02 -4.69606351099378027669e+00 -1.91901485010098515893e-01 1.54056266371956724015e+02 2.00421611541379707938e-03
6.97457670441984506349e-02 -4.69180407635725593707e+00 -1.91895635030564365442e-01 1.54059077045466693789e+02 2.08580141869251335998e-03
7.36135636704448592660e-02 -4.68756141208460253011e+00 -1.91889422950313193184e-01 1.54061834028443030320e+02 2.16342074568903969603e-03
7.74802307676239754297e-02 -4.68333547438723929446e+00 -1.91882852219008831485e-01 1.54064537601333569228e+02 2.23708594423675409188e-03
8.13457090054621884123e-02 -4.67912621959383212555e+00 -1.91875926262374124631e-01 1.54067188044855470253e+02 2.30680906324442916780e-03
8.52099390719276428285e-02 -4.67493360415042324973e+00 -1.91868648482415499190e-01 1.54069785639987401282e+02 2.37260235118651446190e-03
8.90728616741405659907e-02 -4.67075758461791590292e+00 -1.91861022256315072454e-01 1.54072330667792130043e+02 2.43447816897172713765e-03
9.29344175392829291438e-02 -4.66659811768112309238e+00 -1.91853050941179964495e-01 1.54074823409984219325e+02 2.49244927982635901265e-03
9.67945474155079421674e-02 -4.66245516013704897063e+00 -1.91844737868273634840e-01 1.54077264148161020785e+02 2.54652846235815062334e-03
1.00653192072849326233e-01 -4.65832866890202623722e+00 -1.91836086346807377367e-01 1.54079653164248838948e+02 2.59672873905622721147e-03
1.04510292304129906449e-01 -4.65421860101019646550e+00 -1.91827099663342659497e-01 1.54081990740391688632e+02 2.64306332233421592548e-03
1.08365788925870357162e-01 -4.65012491361357938047e+00 -1.91817781082001787007e-01 1.54084277158943166341e+02 2.68554561286157584404e-03
1.12219622779197156226e-01 -4.64604756398043683419e+00 -1.91808133843741457358e-01 1.54086512702349494930e+02 2.72418913743511766426e-03
1.16071734730750303344e-01 -4.64198650950127245096e+00 -1.91798161169857261932e-01 1.54088697653523837516e+02 2.75900775947200563656e-03
1.19922065673590871882e-01 -4.63794170768087443690e+00 -1.91787866257747352527e-01 1.54090832295323366452e+02 2.79001539137596274442e-03
1.23770556528107589234e-01 -4.63391311614320589030e+00 -1.91777252283815397016e-01 1.54092916910853517720e+02 2.81722616626342656915e-03
1.27617148242923722501e-01 -4.62990069263032300029e+00 -1.91766322403052608125e-01 1.54094951783388580679e+02 2.84065439638946353601e-03
1.31461781795802923334e-01 -4.62590439500239902770e+00 -1.91755079749240525677e-01 1.54096937196363739986e+02 2.86031457143061385029e-03
1.35304398194555003387e-01 -4.62192418123687609466e+00 -1.91743527434628135975e-01 1.54098873433311496228e+02 2.87622132301975676205e-03
1.39144938477940960375e-01 -4.61796000943157203267e+00 -1.91731668552007017414e-01 1.54100760778053512468e+02 2.88838954374722118104e-03
1.42983343716577865345e-01 -4.61401183780046775240e+00 -1.91719506172348036488e-01 1.54102599514420774085e+02 2.89683422067442625583e-03
1.46819555013843056068e-01 -4.61007962467628029657e+00 -1.91707043346567435060e-01 1.54104389926412750356e+02 2.90157053461552851339e-03
1.50653513506777553266e-01 -4.60616332850987664216e+00 -1.91694283105358853625e-01 1.54106132298151209170e+02 2.90261383501110199756e-03
1.54485160366989643377e-01 -4.60226290787270198024e+00 -1.91681228502771777711e-01 1.54107826913872798968e+02 2.89997963888241356428e-03
1.58314436801557489876e-01 -4.59837832144605496154e+00 -1.91667882444620574223e-01 1.54109474057921346457e+02 2.89368362653078144142e-03
1.62141284053930911924e-01 -4.59450952803836987215e+00 -1.91654247943769756590e-01 1.54111074014740893290e+02 2.88374164369870934765e-03
1.65965643404833329555e-01 -4.59065648657287450618e+00 -1.91640327951942551765e-01 1.54112627068868079050e+02 2.87016969734387155516e-03
1.69787456173162598638e-01 -4.58681915609081602980e+00 -1.91626125401594571418e-01 1.54114133504925177931e+02 2.85298395459339946059e-03
1.73606663716891373994e-01 -4.58299749575141834868e+00 -1.91611643206099024894e-01 1.54115593607612538563e+02 2.83220074107259738028e-03
1.77423207433967000668e-01 -4.57919146483007732940e+00 -1.91596884258774968757e-01 1.54117007661588161227e+02 2.80783646467083628298e-03
1.81237028763210711313e-01 -4.57540102272479387580e+00 -1.91581851437328365417e-01 1.54118375951877908392e+02 2.77990788787202489779e-03
1.85048069185216018662e-01 -4.57162612894709408096e+00 -1.91566547598109315764e-01 1.54119698763287431120e+02 2.74843174463838867475e-03
1.88856270223246969220e-01 -4.56786674312759100047e+00 -1.91550975579984100738e-01 1.54120976380757070956e+02 2.71342497637971176092e-03
1.92661573444134981425e-01 -4.56412282501460087047e+00 -1.91535138203650145972e-01 1.54122209089269972537e+02 2.67490467445784772804e-03
1.96463920459175961364e-01 -4.56039433447407915878e+00 -1.91519038271813657470e-01 1.54123397173845091856e+02 2.63288807853335679598e-03
2.00263252925025725393e-01 -4.55668123148954151702e+00 -1.91502678569367007499e-01 1.54124540919530460314e+02 2.58739257490698398856e-03
2.04059512544595450523e-01 -4.55298347616199183818e+00 -1.91486061863567452734e-01 1.54125640611396221402e+02 2.53843569487478696103e-03
2.07852641067946264375e-01 -4.54930102870984143237e+00 -1.91469190904210773141e-01 1.54126696534528093707e+02 2.48603511308214926781e-03
2.11642580293182863693e-01 -4.54563384946882642623e+00 -1.91452068423805216169e-01 1.54127708974020464439e+02 2.43020864589966936048e-03
2.15429272067346772035e-01 -4.54198189889191628055e+00 -1.91434697137746273610e-01 1.54128678214969966120e+02 2.37097424978303071563e-03
2.19212658287308292948e-01 -4.53834513754922497242e+00 -1.91417079744486712256e-01 1.54129604542468655382e+02 2.30835001966212503832e-03
2.22992680900658574172e-01 -4.53472352612791684834e+00 -1.91399218925708075600e-01 1.54130488241597646493e+02 2.24235418732938139585e-03
2.26769281906599701193e-01 -4.53111702543210892458e+00 -1.91381117346489965092e-01 1.54131329597420602795e+02 2.17300511983593890378e-03
2.30542403356835262640e-01 -4.52752559637824614214e+00 -1.91362777652280102725e-01 1.54132128894686388776e+02 2.10032111215834472323e-03
2.34311987356459305865e-01 -4.52394920001194122960e+00 -1.91344202481053743403e-01 1.54132886418912562476e+02 2.02432115690269432903e-03
2.38077976064844459847e-01 -4.52038779748390506796e+00 -1.91325394446515861802e-01 1.54133602454837841833e+02 1.94502385170133959731e-03
2.41840311696529752794e-01 -4.51684135006496756404e+00 -1.91306356148977230180e-01 1.54134277287388698596e+02 1.86244808649916162094e-03
2.45598936522107014202e-01 -4.51330981914236328834e+00 -1.91287090172971518953e-01 1.54134911201441894946e+02 1.77661287823214228757e-03
2.49353792869107054875e-01 -4.50979316621961423550e+00 -1.91267599087418832537e-01 1.54135504481818117029e+02 1.68753736923171488576e-03
2.53104823122884181608e-01 -4.50629135291641524930e+00 -1.91247885445784665537e-01 1.54136057413275779027e+02 1.59524082563004083665e-03
2.56851969727500406560e-01 -4.50280434096850701309e+00 -1.91227951786242439391e-01 1.54136570280504969332e+02 1.49974263577298664619e-03
2.60595175186608463136e-01 -4.49933209222755436940e+00 -1.91207800631831015270e-01 1.54137043368121112508e+02 1.40106230863803788052e-03
2.64334382064334627582e-01 -4.49587456866101753405e+00 -1.91187434490611596338e-01 1.54137476960659085989e+02 1.29921947225442469681e-03
2.68069532986158931553e-01 -4.49243173235202508664e+00 -1.91166855855825879029e-01 1.54137871342566910471e+02 1.19423387213938724145e-03
2.71800570639796568173e-01 -4.48900354549923807923e+00 -1.91146067206051262222e-01 1.54138226798199951872e+02 1.08612536973113856832e-03
2.75527437776076689069e-01 -4.48558997041672125050e+00 -1.91125071005354363329e-01 1.54138543611814810674e+02 9.74913940831707783070e-04
2.79250077209821145896e-01 -4.48219096952802686928e+00 -1.91103869699032979934e-01 1.54138822067191938459e+02 8.60619390459566881678e-04
2.82968431820721455505e-01 -4.47880650538795332949e+00 -1.91082465730495365541e-01 1.54139062449037481883e+02 7.43262426324996206516e-04
2.86682444554216209198e-01 -4.47543654065115692475e+00 -1.91060861517532820653e-01 1.54139265040968382436e+02 6.22863122678783231838e-04
2.90392058422365262338e-01 -4.47208103809189516653e+00 -1.91039059467667332592e-01 1.54139430126784816366e+02 4.99441895495181362348e-04
2.94097216504725145203e-01 -4.46873996059912581558e+00 -1.91017061974663726609e-01 1.54139557990158635903e+02 3.73019267163502462725e-04
2.97797861949222197886e-01 -4.46541327114205177651e+00 -1.90994871487567136059e-01 1.54139648914627656495e+02 2.43615865122110753817e-04
3.01493937973024594967e-01 -4.46210093290372800112e+00 -1.90972490237798442347e-01 1.54139703183589347191e+02 1.11252419569119042763e-04
3.05185387863413981613e-01 -4.45880290908526433213e+00 -1.90949920645164694655e-01 1.54139721080295998945e+02 -2.40502369066920127665e-05
3.08872154978655832913e-01 -4.45551916303293360500e+00 -1.90927165049864816515e-01 1.54139702887848102364e+02 -1.62271171667960383478e-04
3.12554182748867592778e-01 -4.45224965820697704544e+00 -1.90904225779070652047e-01 1.54139648889189544434e+02 -3.03389353345222322154e-04
3.16231414676888089588e-01 -4.44899435818143818011e+00 -1.90881105147065022187e-01 1.54139559367101298903e+02 -4.47383653354830289339e-04
3.19903794339143177083e-01 -4.44575322664402072803e+00 -1.90857805455386497773e-01 1.54139434604196225109e+02 -5.94232847421346838286e-04
3.23571265386512540996e-01 -4.44252622739592428758e+00 -1.90834328992968399463e-01 1.54139274882913355214e+02 -7.43915617082489214612e-04
3.27233771545193397046e-01 -4.43931332434604719595e+00 -1.90810678031620245543e-01 1.54139080485149349897e+02 -8.96410850298247114006e-04
3.30891256617564633036e-01 -4.43611448153240495174e+00 -1.90786854843958908479e-01 1.54138851693639281848e+02 -1.05169650058899448626e-03
3.34543664483048841518e-01 -4.43292966309098002142e+00 -1.90762861677981065966e-01 1.54138588789959840142e+02 -1.20975122979941735434e-03
3.38190939098973242238e-01 -4.42975883327539676770e+00 -1.90738700773567332325e-01 1.54138292055798387992e+02 -1.37055335899924249192e-03
3.41833024501430049469e-01 -4.42660195645199916470e+00 -1.90714374358675664567e-01 1.54137961772640807112e+02 -1.53408112271532495394e-03
3.45469864806134951962e-01 -4.42345899709968204405e+00 -1.90689884649478336165e-01 1.54137598221766353390e+02 -1.70031267041219715831e-03
3.49101404209284427171e-01 -4.42032991980974276913e+00 -1.90665233850497717327e-01 1.54137201684242029387e+02 -1.86922606799468267458e-03
3.52727586988412222802e-01 -4.41721468928571336932e+00 -1.90640424154732562867e-01 1.54136772440917468430e+02 -2.04079929928716518814e-03
3.56348357503244450584e-01 -4.41411327034320244422e+00 -1.90615457743793875744e-01 1.54136310772419363957e+02 -2.21501026751249599153e-03
3.59963660196552959203e-01 -4.41102562790973440343e+00 -1.90590336788033137827e-01 1.54135816959146410454e+02 -2.39183679677676050424e-03
3.63573439595008318648e-01 -4.40795172702458870617e+00 -1.90565063446674565206e-01 1.54135291281263846486e+02 -2.57125663353953036114e-03
3.67177640310030473092e-01 -4.40489153283863821287e+00 -1.90539639867937232731e-01 1.54134734018698281943e+02 -2.75324744807677523548e-03
3.70776207038639005198e-01 -4.40184501061418664847e+00 -1.90514068189168161993e-01 1.54134145451132411608e+02 -2.93778683595087054814e-03
3.74369084564301513041e-01 -4.39881212572023549967e+00 -1.90488350532898920164e-01 1.54133525857706359830e+02 -3.12485258037175500645e-03
3.77956217757780987831e-01 -4.39579284364988076561e+00 -1.90462489022591385801e-01 1.54132875518139542237e+02 -3.31442165163580619927e-03
3.81537551577981803863e-01 -4.39278712999480713819e+00 -1.90436485760211909879e-01 1.54132194711098605922e+02 -3.50647165516016021819e-03
3.85113031072793543519e-01 -4.38979495046141821035e+00 -1.90410342840852203627e-01 1.54131483715238147170e+02 -3.70097990294058565644e-03
3.88682601379935599439e-01 -4.38681627086673753269e+00 -1.90384062349349264531e-01 1.54130742808942898137e+02 -3.89792363959173002522e-03
3.92246207727797613352e-01 -4.38385105713825407037e+00 -1.90357646360408555575e-01 1.54129972270322809891e+02 -4.09728004378882935260e-03
3.95803795436280247966e-01 -4.38089927531375256109e+00 -1.90331096938722743594e-01 1.54129172377207709133e+02 -4.29902622970039938882e-03
3.99355309917634848649e-01 -4.37796089154115897202e+00 -1.90304416139093046656e-01 1.54128343407142580190e+02 -4.50313924843283829025e-03
4.02900696677300329540e-01 -4.37503587207838240403e+00 -1.90277606006545002559e-01 1.54127485637382278583e+02 -4.70959608945552450632e-03
4.06439901314739726601e-01 -4.37212418318729056921e+00 -1.90250668657580529475e-01 1.54126599344889655185e+02 -4.91837368361790813059e-03
4.09972869524274474706e-01 -4.36922579154847756655e+00 -1.90223605957413000045e-01 1.54125684806318474784e+02 -5.12944889829316207075e-03
4.13499547095918296158e-01 -4.36634066365090234285e+00 -1.90196420001799121335e-01 1.54124742298026149001e+02 -5.34279854808779753467e-03
4.17019879916208535686e-01 -4.36346876618796208902e+00 -1.90169112795121358905e-01 1.54123772095877768606e+02 -5.55839956235657222522e-03
4.20533813969036496250e-01 -4.36061006597022160491e+00 -1.90141686340237842101e-01 1.54122774475935500504e+02 -5.77622832423705170890e-03
4.24041295336476609101e-01 -4.35776452990964102696e+00 -1.90114142623584891911e-01 1.54121749713452260266e+02 -5.99626163369950272025e-03
4.27542270199613438919e-01 -4.35493212502949056386e+00 -1.90086483624966412487e-01 1.54120698083512394305e+02 -6.21847608883613952452e-03
4.31036684839367689737e-01 -4.35211281846175079835e+00 -1.90058711315325257196e-01 1.54119619860870386674e+02 -6.44284823743820726782e-03
4.34524485637320267983e-01 -4.34930657744696258504e+00 -1.90030827656842399298e-01 1.54118515319946084219e+02 -6.66935457838552930854e-03
4.38005619076534846723e-01 -4.34651336933407339558e+00 -1.90002834603059639340e-01 1.54117384734819808045e+02 -6.89797156304101499041e-03
4.41480031742379597226e-01 -4.34373316158028099920e+00 -1.89974734098974307184e-01 1.54116228379227294454e+02 -7.12867559663303909656e-03
4.44947670323346589072e-01 -4.34096592175088424881e+00 -1.89946528081154891732e-01 1.54115046526555204309e+02 -7.36144303964445054916e-03
4.48408481611869302874e-01 -4.33821161751913297877e+00 -1.89918218477842126735e-01 1.54113839449836007134e+02 -7.59625020918648120871e-03
4.51862412505139754426e-01 -4.33547021666607612644e+00 -1.89889807209054545245e-01 1.54112607421743206260e+02 -7.83307338037667923170e-03
4.55309410005922676756e-01 -4.33274168707904028253e+00 -1.89861296185266870129e-01 1.54111350714498712478e+02 -8.07188887908243113412e-03
4.58749421223369369116e-01 -4.33002599675678823132e+00 -1.89832687313026882148e-01 1.54110069600207793883e+02 -8.31267273009509560788e-03
4.62182393373828603877e-01 -4.32732311380167455894e+00 -1.89803982487051436934e-01 1.54108764350361042261e+02 -8.55540117132395395994e-03
4.65608273781656922807e-01 -4.32463300642446935029e+00 -1.89775183595499274958e-01 1.54107435236148234026e+02 -8.80005032373329214301e-03
4.69027009880027045963e-01 -4.32195564294301259878e+00 -1.89746292518817860628e-01 1.54106082528376390428e+02 -9.04659627311896717694e-03
4.72438549211733671562e-01 -4.31929099178207209775e+00 -1.89717311129844135031e-01 1.54104706497464917447e+02 -9.29501507146175340313e-03
4.75842839429999664436e-01 -4.31663902147320133196e+00 -1.89688241293894138684e-01 1.54103307413440944629e+02 -9.54528273827413321906e-03
4.79239828299277970114e-01 -4.31399970065459470447e+00 -1.89659084868872951368e-01 1.54101885545934550237e+02 -9.79737526193897451110e-03
4.82629463696053917499e-01 -4.31137299807096141535e+00 -1.89629843705361206263e-01 1.54100441164174156938e+02 -1.00512686010513566104e-02
4.86011693609644690461e-01 -4.30875888238093018856e+00 -1.89600519706105780093e-01 1.54098974536992500362e+02 -1.03069386876613235809e-02
4.89386466142997689222e-01 -4.30615732291219988070e+00 -1.89571114586399191992e-01 1.54097485932779818540e+02 -1.05643614207987079218e-02
4.92753729513486060654e-01 -4.30356828854930384409e+00 -1.89541630236385982844e-01 1.54095975619540951129e+02 -1.08235126797029245632e-02
4.96113432053704617175e-01 -4.30099174846157783492e+00 -1.89512068478236456182e-01 1.54094443864850489945e+02 -1.10843683171052299202e-02
4.99465522212260704116e-01 -4.29842767192419650257e+00 -1.89482431127263067916e-01 1.54092890935857866452e+02 -1.13469041625756401209e-02
5.02809948554567842649e-01 -4.29587602831804371561e+00 -1.89452719992008217220e-01 1.54091317099282690606e+02 -1.16110960238406928785e-02
5.06146659763632045248e-01 -4.29333678712958821677e+00 -1.89422936874333563972e-01 1.54089722621410146530e+02 -1.18769196880875553546e-02
5.09475604640841184256e-01 -4.29080991795075838979e+00 -1.89393083569506431862e-01 1.54088107768086359783e+02 -1.21443509232672317011e-02
5.12796732106749808544e-01 -4.28829539047881969083e+00 -1.89363161866291540569e-01 1.54086472804713849882e+02 -1.24133654793999216592e-02
5.16109991201863405053e-01 -4.28579317451624941526e+00 -1.89333173547036048845e-01 1.54084817996246613347e+02 -1.26839390898709873656e-02
5.19415331087419551714e-01 -4.28330323997061945818e+00 -1.89303120387749629350e-01 1.54083143607185803603e+02 -1.29560474727191451277e-02
5.22712701046168959351e-01 -4.28082555685270804702e+00 -1.89273004156210650217e-01 1.54081449901461553509e+02 -1.32296664587337360619e-02
5.26002050483152849836e-01 -4.27836009528327920748e+00 -1.89242826619762993801e-01 1.54079737142869419131e+02 -1.35047714999663188290e-02
5.29283328926479668119e-01 -4.27590682548289890974e+00 -1.89212589534139857816e-01 1.54078005594422194235e+02 -1.37813383899580230857e-02
5.32556486028099573815e-01 -4.27346571777837169748e+00 -1.89182294650853316531e-01 1.54076255518763247210e+02 -1.40593427983420823923e-02
5.35821471564576490287e-01 -4.27103674260102117444e+00 -1.89151943715498316312e-01 1.54074487178059882808e+02 -1.43387603858028019055e-02
5.39078235437859709656e-01 -4.26861987048659763389e+00 -1.89121538467825339724e-01 1.54072700833998993630e+02 -1.46195668053622617605e-02
5.42326727676051723037e-01 -4.26621507207516259541e+00 -1.89091080641827780084e-01 1.54070896747782342118e+02 -1.49017377036253107631e-02
5.45566898434175162613e-01 -4.26382231811099376984e+00 -1.89060571965812745932e-01 1.54069075180122069924e+02 -1.51852487220460047324e-02
5.48798697994937745293e-01 -4.26144157944247670144e+00 -1.89030014162480941575e-01 1.54067236391236122017e+02 -1.54700754981810725819e-02
5.52022076769495328996e-01 -4.25907282671637332783e+00 -1.88999408938674451353e-01 1.54065380640869051376e+02 -1.57561936633928111051e-02
5.55236985298212415429e-01 -4.25671603157831235364e+00 -1.88968758015727600341e-01 1.54063508188188137638e+02 -1.60435788570965943978e-02
5.58443374251421431609e-01 -4.25437116490342237540e+00 -1.88938063099139047507e-01 1.54061619291924756681e+02 -1.63322067100810028317e-02
5.61641194430179235830e-01 -4.25203819795550774785e+00 -1.88907325889776683825e-01 1.54059714210274421475e+02 -1.66220528567343622806e-02
5.64830396767022624438e-01 -4.24971710210201347735e+00 -1.88876548083248746446e-01 1.54057793200915796206e+02 -1.69130929337433649762e-02
5.68010932326720507923e-01 -4.24740784881393551586e+00 -1.88845731369998381943e-01 1.54055856521005949844e+02 -1.72053025813287997769e-02
5.71182752307025198846e-01 -4.24511040966573549582e+00 -1.88814877435351607948e-01 1.54053904427176036052e+02 -1.74986574444532839989e-02
5.74345808039421146240e-01 -4.24282475633525990588e+00 -1.88783987959593918537e-01 1.54051937175526546753e+02 -1.77931331740536213815e-02
5.77500050989871893670e-01 -4.24055086060366015488e+00 -1.88753064618043503442e-01 1.54049955021622878348e+02 -1.80887054282468165423e-02
5.80645432759564483760e-01 -4.23828869435530908305e+00 -1.88722109081102928929e-01 1.54047958220490812664e+02 -1.83853498735410646192e-02
5.83781905085652308429e-01 -4.23603822957773612501e+00 -1.88691123014343598019e-01 1.54045947026612026320e+02 -1.86830421860326272021e-02
5.86909419841995516620e-01 -4.23379943836154382097e+00 -1.88660108078557681166e-01 1.54043921693919514837e+02 -1.89817580526190320123e-02
5.90027929039899312613e-01 -4.23157229290034297975e+00 -1.88629065929828532155e-01 1.54041882475792903051e+02 -1.92814731721851970181e-02
5.93137384828850811047e-01 -4.22935676549068428898e+00 -1.88597998219591805880e-01 1.54039829625054409235e+02 -1.95821632567888155585e-02
5.96237739497252783316e-01 -4.22715282853198903723e+00 -1.88566906594693828314e-01 1.54037763393963729186e+02 -1.98838040328609411134e-02
5.99328945473155960677e-01 -4.22496045452649138241e+00 -1.88535792697462845080e-01 1.54035684034213886662e+02 -2.01863712423782752647e-02
6.02410955324989116910e-01 -4.22277961607917173836e+00 -1.88504658165760480282e-01 1.54033591796926714323e+02 -2.04898406440336480761e-02
6.05483721762286153378e-01 -4.22061028547784466980e+00 -1.88473504490753979157e-01 1.54031486932693013614e+02 -2.07941879942866829356e-02
6.08547197636412851018e-01 -4.21845243634406852351e+00 -1.88442333559807856380e-01 1.54029369691392361119e+02 -2.10993891255244862826e-02
6.11601335941289292464e-01 -4.21630604119785878936e+00 -1.88411146878631696744e-01 1.54027240322447113385e+02 -2.14054198365537275139e-02
6.14646089814111729055e-01 -4.21417107305055527178e+00 -1.88379946062669750839e-01 1.54025099074390539045e+02 -2.17122562727441979769e-02
6.17681412536071339225e-01 -4.21204750502778235699e+00 -1.88348732737240509572e-01 1.54022946195913448264e+02 -2.20198737052060104780e-02
6.20707257533071432576e-01 -4.20993531034615209308e+00 -1.88317508509841302633e-01 1.54020781934378447886e+02 -2.23282483000083013802e-02
6.23723578376441656346e-01 -4.20783446232840052659e+00 -1.88286274988307855693e-01 1.54018606536781874183e+02 -2.26373559655354480991e-02
6.26730328783650536550e-01 -4.20574493439962271424e+00 -1.88255033776434099746e-01 1.54016420249512691498e+02 -2.29471726361300080999e-02
6.29727462619016020717e-01 -4.20366670008723897212e+00 -1.88223786474023102588e-01 1.54014223318348001612e+02 -2.32576742732413625780e-02
6.32714933894412689952e-01 -4.20159973302097000669e+00 -1.88192534676934725146e-01 1.54012015988448411008e+02 -2.35688368665418548908e-02
6.35692696769977860782e-01 -4.19954400693278895318e+00 -1.88161279977141326913e-01 1.54009798504353597082e+02 -2.38806364350603143876e-02
6.38660705554815355534e-01 -4.19749949565691249376e+00 -1.88130023962769954426e-01 1.54007571109977902779e+02 -2.41930490282893650988e-02
6.41618914707695386923e-01 -4.19546617312975644865e+00 -1.88098768218156492393e-01 1.54005334048605647013e+02 -2.45060507273152615448e-02
6.44567278837754553678e-01 -4.19344401338991978889e+00 -1.88067514323886852967e-01 1.54003087562886605610e+02 -2.48196176459118539315e-02
6.47505752705191617302e-01 -4.19143299008503955605e+00 -1.88036263545581672219e-01 1.54000831894893821072e+02 -2.51337258841059403569e-02
6.50434291221961835561e-01 -4.18943307841339507291e+00 -1.88005018033655824095e-01 1.53998567285874798927e+02 -2.54483517123701083462e-02
6.53352849452468964486e-01 -4.18744425225659711032e+00 -1.87973779086646614056e-01 1.53996293976606779097e+02 -2.57634713078245466966e-02
6.56261382614254484835e-01 -4.18546648606184401586e+00 -1.87942548270094322849e-01 1.53994012207156487193e+02 -2.60790609259190092617e-02
6.59159846078685274229e-01 -4.18349975437846133275e+00 -1.87911327145966422503e-01 1.53991722216933737855e+02 -2.63950968602488962589e-02
6.62048195371637282491e-01 -4.18154403185788137165e+00 -1.87880117272712698906e-01 1.53989424244686517795e+02 -2.67115554436474882116e-02
6.64926386174179318012e-01 -4.17959929325364942798e+00 -1.87848920205295338848e-01 1.53987118528496978342e+02 -2.70284130492522180200e-02
6.67794374323251838099e-01 -4.17766551342142378189e+00 -1.87817737495219211352e-01 1.53984805305776404794e+02 -2.73456460915779166199e-02
6.70652115812345961388e-01 -4.17574266731896326377e+00 -1.87786570690585324916e-01 1.53982484813261038425e+02 -2.76632310275708691305e-02
6.73499566792176929120e-01 -4.17383073000614324144e+00 -1.87755421336117028774e-01 1.53980157287007415334e+02 -2.79811443576811272327e-02
6.76336683571358565636e-01 -4.17192967664495917290e+00 -1.87724290973205337751e-01 1.53977822962387847383e+02 -2.82993626268959776182e-02
6.79163422617073186949e-01 -4.17003948249953015903e+00 -1.87693181139939740953e-01 1.53975482074085874729e+02 -2.86178624258088577792e-02
6.81979740555738733754e-01 -4.16816012293611315442e+00 -1.87662093371145866083e-01 1.53973134856091803613e+02 -2.89366203916428324505e-02
6.84785594173675460361e-01 -4.16629157287139850752e+00 -1.87631028630393797973e-01 1.53970781541776432277e+02 -2.92556131133080050966e-02
6.87580940417768404771e-01 -4.16443380895048864687e+00 -1.87599989507846454106e-01 1.53968422363577587930e+02 -2.95748175032500629222e-02
6.90365736396128082397e-01 -4.16258680632326960591e+00 -1.87568977026787320206e-01 1.53966057553452429829e+02 -2.98942102603888745782e-02
6.93139939378748737298e-01 -4.16075054075990546920e+00 -1.87537992702037026316e-01 1.53963687342251517975e+02 -3.02137686300664419503e-02
6.95903506798163817848e-01 -4.15892498814761601977e+00 -1.87507038064215425521e-01 1.53961311961049005959e+02 -3.05334687054289108388e-02
6.98656396250099120948e-01 -4.15711012446148497901e+00 -1.87476114622290163103e-01 1.53958931639281388470e+02 -3.08532878079731225085e-02
7.01398565494123937825e-01 -4.15530592578362067968e+00 -1.87445223888157874725e-01 1.53956546605958777718e+02 -3.11732029300116827986e-02
7.04129972454298314055e-01 -4.15351236829848691201e+00 -1.87414367370629636467e-01 1.53954157089361586941e+02 -3.14931911186365487421e-02
7.06850575219819421413e-01 -4.15172942829294466804e+00 -1.87383546575463938444e-01 1.53951763317036210310e+02 -3.18132294766981585377e-02
7.09560332045664265976e-01 -4.14995708215627434612e+00 -1.87352763005402711549e-01 1.53949365515790276504e+02 -3.21332951638029357122e-02
7.12259201353230508857e-01 -4.14819530638022193614e+00 -1.87322018160179570856e-01 1.53946963911688129656e+02 -3.24533653972917529584e-02
7.14947141730974067286e-01 -4.14644407755903277035e+00 -1.87291313536560061204e-01 1.53944558730046281880e+02 -3.27734174532264971313e-02
7.17624111935044939337e-01 -4.14470337182785186769e+00 -1.87260649688492375464e-01 1.53942150195514301458e+02 -3.30934284929622901661e-02
7.20290070889919697983e-01 -4.14297316709190344142e+00 -1.87230029870549569138e-01 1.53939738531730938575e+02 -3.34133762390053171143e-02
7.22944977689031653689e-01 -4.14125343971159498579e+00 -1.87199454734357062513e-01 1.53937323961824461094e+02 -3.37332379950083596776e-02
7.25588791595399018597e-01 -4.13954416669231228809e+00 -1.87168925763838894794e-01 1.53934906708074464632e+02 -3.40529912812831958568e-02
7.28221472042250406176e-01 -4.13784532514220870780e+00 -1.87138444439956697085e-01 1.53932486991989861735e+02 -3.43726136816295199661e-02
7.30842978633645223852e-01 -4.13615689227234728520e+00 -1.87108012240759180589e-01 1.53930065034304448091e+02 -3.46920828442870352037e-02
7.33453271145096175054e-01 -4.13447884539669097137e+00 -1.87077630641378056531e-01 1.53927641054972184520e+02 -3.50113764828731965917e-02
7.36052309524184211753e-01 -4.13281116193219855148e+00 -1.87047301114074110417e-01 1.53925215273162848462e+02 -3.53304723773140150200e-02
7.38640053891175041301e-01 -4.13115381939884329654e+00 -1.87017025128227237785e-01 1.53922787907257259121e+02 -3.56493483747705036668e-02
7.41216464539629305008e-01 -4.12950679541969289943e+00 -1.86986804150384711143e-01 1.53920359174842729999e+02 -3.59679823905619186486e-02
7.43781501937012756720e-01 -4.12787006724410776570e+00 -1.86956638355333493173e-01 1.53917929292780826245e+02 -3.62863521513610218228e-02
7.46335126725303221740e-01 -4.12624361365949798852e+00 -1.86926531626114944551e-01 1.53915498476911494663e+02 -3.66044361942629084550e-02
7.48877299721593336912e-01 -4.12462741212401517998e+00 -1.86896484270886009682e-01 1.53913066942487432698e+02 -3.69222124157831191327e-02
7.51407981918692846612e-01 -4.12302144067496723068e+00 -1.86866497743387011132e-01 1.53910634903876342605e+02 -3.72396590125757126488e-02
7.53927134485726568869e-01 -4.12142567745320764772e+00 -1.86836573494469193601e-01 1.53908202574629513038e+02 -3.75567542539515797362e-02
7.56434718768730363081e-01 -4.11984010070319861541e+00 -1.86806712972128891037e-01 1.53905770167477299992e+02 -3.78734764827373740492e-02
7.58930696291243989116e-01 -4.11826468877311224759e+00 -1.86776917621518739887e-01 1.53903337894324721447e+02 -3.81898041161881432459e-02
7.61415028754902523112e-01 -4.11669942011484124578e+00 -1.86747188884926057506e-01 1.53900905966246568823e+02 -3.85057156468292319240e-02
7.63887678040022333192e-01 -4.11514427327946297197e+00 -1.86717528195453369433e-01 1.53898474593190513815e+02 -3.88211900474490986812e-02
7.66348606206187388246e-01 -4.11359922662258092885e+00 -1.86687935343353317297e-01 1.53896043985162805257e+02 -3.91362048270486248547e-02
7.68797775492830681721e-01 -4.11206425956691123957e+00 -1.86658414876172684682e-01 1.53893614350358831189e+02 -3.94507397519598956848e-02
7.71235148319813990092e-01 -4.11053935064172026870e+00 -1.86628966742982849158e-01 1.53891185896533073674e+02 -3.97647733106521669710e-02
7.73660687288004522699e-01 -4.10902447882073573737e+00 -1.86599592370105316075e-01 1.53888758830541149791e+02 -4.00782843845430072904e-02
7.76074355179848351938e-01 -4.10751962318207919367e+00 -1.86570293180971791269e-01 1.53886333358381165226e+02 -4.03912519354269541894e-02
7.78476114959941845051e-01 -4.10602476290836637673e+00 -1.86541070596106250967e-01 1.53883909685189024685e+02 -4.07036550063013050083e-02
7.80865929775599765250e-01 -4.10453987728664682066e+00 -1.86511926033132546809e-01 1.53881488015234197064e+02 -4.10154727221786266633e-02
7.83243762957420930348e-01 -4.10306494570862501092e+00 -1.86482860906813374680e-01 1.53879068551914770069e+02 -4.13266842909384354843e-02
7.85609578019850984809e-01 -4.10159994759261437025e+00 -1.86453874630266219770e-01 1.53876651497735281282e+02 -4.16372685563904595951e-02
7.87963338661741508062e-01 -4.10014486277650025414e+00 -1.86424972373071040632e-01 1.53874237054351027609e+02 -4.19472057346887139406e-02
7.90305008766907790552e-01 -4.09869967082671671221e+00 -1.86396153754495447208e-01 1.53871825422518611504e+02 -4.22564748885592145200e-02
7.92634552404682946047e-01 -4.09726435155708124114e+00 -1.86367420175531595117e-01 1.53869416802104865383e+02 -4.25650555647519232561e-02
7.94951933830468693287e-01 -4.09583888488660718963e+00 -1.86338773034175453347e-01 1.53867011392082616794e+02 -4.28729273968437296638e-02
7.97257117486284361263e-01 -4.09442325083960589893e+00 -1.86310213725419615560e-01 1.53864609390526027255e+02 -4.31800701060027700140e-02
7.99550068001312008725e-01 -4.09301742954568403832e+00 -1.86281743641252134358e-01 1.53862210994606044778e+02 -4.34864635017739725731e-02
8.01830750192439767332e-01 -4.09162140123987860818e+00 -1.86253364170668678224e-01 1.53859816400585884821e+02 -4.37920874828447506677e-02
8.04099129064801410038e-01 -4.09023514658017184331e+00 -1.86225074187433031758e-01 1.53857425803695008426e+02 -4.40969214488200825230e-02
8.06355169812312477795e-01 -4.08885864553233790986e+00 -1.86196879805236498173e-01 1.53855039398567583930e+02 -4.44009465856238377812e-02
8.08598837818206295225e-01 -4.08749187884216080846e+00 -1.86168780155190144443e-01 1.53852657378629345430e+02 -4.47041425386255561469e-02
8.10830098655563102916e-01 -4.08613482717145970469e+00 -1.86140776611638747440e-01 1.53850279936465994979e+02 -4.50064895699860689771e-02
8.13048918087839522784e-01 -4.08478747128809160927e+00 -1.86112870545762643104e-01 1.53847907263732651018e+02 -4.53079680347134583496e-02
8.15255262069393138447e-01 -4.08344979206603309052e+00 -1.86085063325551802738e-01 1.53845539551149471436e+02 -4.56085583814140604897e-02
8.17449096746005965386e-01 -4.08212177048524527123e+00 -1.86057356315830008109e-01 1.53843176988497162938e+02 -4.59082411530003647870e-02
8.19630388455402592029e-01 -4.08080338842651269005e+00 -1.86029747947696222354e-01 1.53840819764358712973e+02 -4.62069962747779297563e-02
8.21799103727767876748e-01 -4.07949462573358889728e+00 -1.86002245101666852101e-01 1.53838468067061086231e+02 -4.65048058208834477756e-02
8.23955209286259315782e-01 -4.07819546430456902897e+00 -1.85974846507175939347e-01 1.53836122083341052758e+02 -4.68016499848736555744e-02
8.26098672047518967076e-01 -4.07690588555076161015e+00 -1.85947553513411162340e-01 1.53833781999174334487e+02 -4.70975096932979425679e-02
8.28229459122179711983e-01 -4.07562587098670281449e+00 -1.85920367461037155943e-01 1.53831447999359795631e+02 -4.73923662908188256249e-02
8.30347537815371183889e-01 -4.07435540224370296158e+00 -1.85893289702340563929e-01 1.53829120268362828483e+02 -4.76862002753709740555e-02
8.32452875627220700849e-01 -4.07309446104967776137e+00 -1.85866321571361181597e-01 1.53826798989054935873e+02 -4.79789931740985178821e-02
8.34545440253351977766e-01 -4.07184303080826381915e+00 -1.85839460877278761508e-01 1.53824484343059765479e+02 -4.82707254240268834877e-02
8.36625199585380951994e-01 -4.07060109071292952621e+00 -1.85812715605880557357e-01 1.53822176512341059151e+02 -4.85613801149354512576e-02
8.38692121711408611340e-01 -4.06936862406848387508e+00 -1.85786083919663363995e-01 1.53819875676648223362e+02 -4.88509379776680130458e-02
8.40746174916510269348e-01 -4.06814561304200150715e+00 -1.85759567140612980030e-01 1.53817582015125651651e+02 -4.91393806367306298921e-02
8.42787327683222509123e-01 -4.06693203990759322153e+00 -1.85733166587028125649e-01 1.53815295705924341974e+02 -4.94266898190109729705e-02
8.44815548692026907496e-01 -4.06572788704630472267e+00 -1.85706883573287490075e-01 1.53813016926197434486e+02 -4.97128473543964680137e-02
8.46830806821829651376e-01 -4.06453313929189352649e+00 -1.85680715502868909361e-01 1.53810745851384410798e+02 -4.99978341723615049563e-02
8.48833071150440821029e-01 -4.06334777506859268215e+00 -1.85654671064839432715e-01 1.53808482657898736079e+02 -5.02816342066652877119e-02
8.50822310955046900993e-01 -4.06217177899468584457e+00 -1.85628748047691499723e-01 1.53806227519288910344e+02 -5.05642286981128966095e-02
8.52798495712683735093e-01 -4.06100513389085104876e+00 -1.85602947747704305481e-01 1.53803980608669263574e+02 -5.08455998942610662428e-02
8.54761595100703930328e-01 -4.05984782268499522218e+00 -1.85577271456837666896e-01 1.53801742098134297976e+02 -5.11257301486685092340e-02
8.56711578997242706457e-01 -4.05869983131977107860e+00 -1.85551716478572076285e-01 1.53799512157865422068e+02 -5.14046008785854144363e-02
8.58648417481679637753e-01 -4.05756113774540416728e+00 -1.85526291632508139040e-01 1.53797290959494603158e+02 -5.16821966240690738870e-02
8.60572080835097841245e-01 -4.05643172760479320260e+00 -1.85500994609297725768e-01 1.53795078671296039374e+02 -5.19584991214349575794e-02
8.62482539540740500428e-01 -4.05531158426845994569e+00 -1.85475826681462535594e-01 1.53792875461236945966e+02 -5.22334911537654447700e-02
8.64379764284463170121e-01 -4.05420069121412662838e+00 -1.85450789116727049466e-01 1.53790681496242825688e+02 -5.25071556129601130225e-02
8.66263725955183860883e-01 -4.05309903573028496027e+00 -1.85425879035795437844e-01 1.53788496941050624400e+02 -5.27794744004788096703e-02
8.68134395645329126623e-01 -4.05200659487232339728e+00 -1.85401105547367439641e-01 1.53786321962539602737e+02 -5.30504327137365019884e-02
8.69991744651278930966e-01 -4.05092335550634263797e+00 -1.85376466163633152329e-01 1.53784156723536199252e+02 -5.33200127804660251041e-02
8.71835744473805518417e-01 -4.04984930155525901796e+00 -1.85351962131279385249e-01 1.53782001386751289829e+02 -5.35881979332131705429e-02
8.73666366818512285519e-01 -4.04878441704871061546e+00 -1.85327594691280711503e-01 1.53779856113832863684e+02 -5.38549716158679483979e-02
8.75483583596266101701e-01 -4.04772869096632259556e+00 -1.85303360717862158902e-01 1.53777721063851998906e+02 -5.41203162162411655078e-02
8.77287366923630518301e-01 -4.04668209884780250007e+00 -1.85279269734526103042e-01 1.53775596399032025374e+02 -5.43842176283362288558e-02
8.79077689123291206030e-01 -4.04564462907234734246e+00 -1.85255319007614743798e-01 1.53773482276549174230e+02 -5.46466585707963831142e-02
8.80854522724482724705e-01 -4.04461626611648839003e+00 -1.85231509754807094348e-01 1.53771378853750746885e+02 -5.49076229384292402447e-02
8.82617840463408520613e-01 -4.04359699456218457669e+00 -1.85207843186866616403e-01 1.53769286286900438654e+02 -5.51670947396178737443e-02
8.84367615283660701841e-01 -4.04258680559450667147e+00 -1.85184315905262464330e-01 1.53767204729126945040e+02 -5.54250568640457588754e-02
8.86103820336633374311e-01 -4.04158567230457865804e+00 -1.85160937909031569903e-01 1.53765134338200766706e+02 -5.56814959161583064584e-02
8.87826428981936643936e-01 -4.04059358501431553634e+00 -1.85137706174118926716e-01 1.53763075265263665869e+02 -5.59363953340900402211e-02
8.89535414787803402348e-01 -4.03961052875702986142e+00 -1.85114621891397573838e-01 1.53761027662460605825e+02 -5.61897391550196453891e-02
8.91230751531496778739e-01 -4.03863649611169606146e+00 -1.85091681787727974084e-01 1.53758991678064518283e+02 -5.64415109875467252420e-02
8.92912413199710819356e-01 -4.03767145890225886973e+00 -1.85068895578838266136e-01 1.53756967466012781642e+02 -5.66916978293890982954e-02
8.94580373988970722898e-01 -4.03671540869289913189e+00 -1.85046260326796524476e-01 1.53754955172877998848e+02 -5.69402833938388377999e-02
8.96234608306028635027e-01 -4.03576833095900511239e+00 -1.85023777185555265978e-01 1.53752954946088664201e+02 -5.71872526162468530764e-02
8.97875090768255890161e-01 -4.03483022004668967497e+00 -1.85001443027501044636e-01 1.53750966929133369376e+02 -5.74325894238583711804e-02
8.99501796204032810778e-01 -4.03390104584269248988e+00 -1.84979267270008684854e-01 1.53748991272275105757e+02 -5.76762811901952512916e-02
9.01114699653134842983e-01 -4.03298080145882575920e+00 -1.84957247052899204087e-01 1.53747028117213460519e+02 -5.79183121387504828981e-02
9.02713776367115805499e-01 -4.03206947281471972389e+00 -1.84935383494997718223e-01 1.53745077606861883623e+02 -5.81586676773975172483e-02
9.04299001809687252873e-01 -4.03116705651744755556e+00 -1.84913673691664531828e-01 1.53743139879561908856e+02 -5.83973323112843209493e-02
9.05870351657095174147e-01 -4.03027351961150070991e+00 -1.84892126626002600842e-01 1.53741215082143213522e+02 -5.86342937275532577468e-02
9.07427801798493138818e-01 -4.02938885716955041971e+00 -1.84870739562049302140e-01 1.53739303351228500105e+02 -5.88695366935077027404e-02
9.08971328336312445195e-01 -4.02851306645369700021e+00 -1.84849510048309434440e-01 1.53737404821584959791e+02 -5.91030462221183924831e-02
9.10500907586628160928e-01 -4.02764611430572472273e+00 -1.84828446174158778081e-01 1.53735519636818025901e+02 -5.93348100993800614544e-02
9.12016516079523720251e-01 -4.02678799638589257626e+00 -1.84807545576272158616e-01 1.53733647929979127866e+02 -5.95648135752791518804e-02
9.13518130559449748063e-01 -4.02593871086699106598e+00 -1.84786806257303704015e-01 1.53731789832141913621e+02 -5.97930421847731458085e-02
9.15005727985581884809e-01 -4.02509822392177518680e+00 -1.84766235418428986792e-01 1.53729945483805408912e+02 -6.00194837996365915256e-02
9.16479285532173615358e-01 -4.02426653201119677306e+00 -1.84745831055870141091e-01 1.53728115014344950851e+02 -6.02441241603766178270e-02
9.17938780588907099478e-01 -4.02344362217153950212e+00 -1.84725594177924945516e-01 1.53726298555107490529e+02 -6.04669498783182574053e-02
9.19384190761239561418e-01 -4.02262949638080158365e+00 -1.84705523501987406432e-01 1.53724496231335280072e+02 -6.06879472942113279421e-02
9.20815493870747459049e-01 -4.02182411514313198353e+00 -1.84685624928317110305e-01 1.53722708180903595121e+02 -6.09071042352377287066e-02
9.22232667955466323129e-01 -4.02102747815950944954e+00 -1.84665896914224580971e-01 1.53720934527518636514e+02 -6.11244071522588361400e-02
9.23635691270227932037e-01 -4.02023958918862067691e+00 -1.84646338957454775320e-01 1.53719175392351814935e+02 -6.13398430557776166983e-02
9.25024542286994155837e-01 -4.01946040647082369901e+00 -1.84626955492416949811e-01 1.53717430910637062880e+02 -6.15533996180281858801e-02
9.26399199695186803538e-01 -4.01868993122627049530e+00 -1.84607745560413760710e-01 1.53715701202079713994e+02 -6.17650638878421628930e-02
9.27759642402015138885e-01 -4.01792816947410624806e+00 -1.84588709666954509103e-01 1.53713986383583346651e+02 -6.19748236431121451995e-02
9.29105849532799177304e-01 -4.01717507630835957144e+00 -1.84569850373076466132e-01 1.53712286588008709032e+02 -6.21826662345361311224e-02
9.30437800431290207293e-01 -4.01643067207707016308e+00 -1.84551167487289558000e-01 1.53710601925073973462e+02 -6.23885798110873773803e-02
9.31755474659987315000e-01 -4.01569491401792433294e+00 -1.84532662811280057102e-01 1.53708932524632132299e+02 -6.25925517720951479772e-02
9.33058852000451910413e-01 -4.01496780461815827579e+00 -1.84514336459638106369e-01 1.53707278500060851911e+02 -6.27945701836659930795e-02
9.34347912453616813444e-01 -4.01424935215122857812e+00 -1.84496190730679077152e-01 1.53705639961572899210e+02 -6.29946241282707819487e-02
9.35622636240093785709e-01 -4.01353950926975855396e+00 -1.84478224800111501036e-01 1.53704017037085833408e+02 -6.31927003753240817963e-02
9.36883003800477065504e-01 -4.01283830042598221866e+00 -1.84460441855609891260e-01 1.53702409828917012646e+02 -6.33887889726555270320e-02
9.38128995795643128019e-01 -4.01214567951761402753e+00 -1.84442840134661473206e-01 1.53700818462236725281e+02 -6.35828766464845707151e-02
9.39360593107047781025e-01 -4.01146165134756671478e+00 -1.84425421174001347158e-01 1.53699243043653524410e+02 -6.37749526467956961984e-02
9.40577776837019263745e-01 -4.01078622799169526303e+00 -1.84408189970679092795e-01 1.53697683676076110260e+02 -6.39650077421259205535e-02
9.41780528309048348135e-01 -4.01011935680394593362e+00 -1.84391140678434262146e-01 1.53696140483362768236e+02 -6.41530274515328124973e-02
9.42968829068074665400e-01 -4.00946106926300238626e+00 -1.84374281667106870719e-01 1.53694613559347203591e+02 -6.43390044683133793813e-02
9.44142660880770479004e-01 -4.00881131293754577882e+00 -1.84357605603146623707e-01 1.53693103025454149702e+02 -6.45229240385789271084e-02
9.45302005735819794729e-01 -4.00817011985018023523e+00 -1.84341122426972370274e-01 1.53691608972864770521e+02 -6.47047796990318641042e-02
9.46446845844195028263e-01 -4.00753743724460154141e+00 -1.84324823052258307543e-01 1.53690131520737452320e+02 -6.48845563115697382406e-02
9.47577163639429898012e-01 -4.00691327402753749709e+00 -1.84308711914760003925e-01 1.53688670765761457915e+02 -6.50622451627450998357e-02
9.48692941777889098276e-01 -4.00629764917322450657e+00 -1.84292799952551739073e-01 1.53687226799848957626e+02 -6.52378403995928779491e-02
9.49794163139034308685e-01 -4.00569049969234569630e+00 -1.84277070302553080960e-01 1.53685799742218421216e+02 -6.54113239286572695219e-02
9.50880810825686872967e-01 -4.00509187013071876748e+00 -1.84261543048584108817e-01 1.53684389673486549555e+02 -6.55826940635829552795e-02
9.51952868164287147046e-01 -4.00450169564604685490e+00 -1.84246198004345274057e-01 1.53682996710924896888e+02 -6.57519320047744715296e-02
9.53010318705150072383e-01 -4.00392002347981268429e+00 -1.84231058870476083200e-01 1.53681620931806349972e+02 -6.59190375826797930747e-02
9.54053146222718195801e-01 -4.00334681423932092770e+00 -1.84216114123191915253e-01 1.53680262442132459455e+02 -6.60839959857031783441e-02
9.55081334715809804337e-01 -4.00278203454321790389e+00 -1.84201353719500970918e-01 1.53678921344654469294e+02 -6.62467931702662576887e-02
9.56094868407865283721e-01 -4.00222572773165996551e+00 -1.84186802001301191956e-01 1.53677597714200004475e+02 -6.64074295670495501343e-02
9.57093731747188369852e-01 -4.00167783060126769357e+00 -1.84172433636939775203e-01 1.53676291661389200272e+02 -6.65658851146833790979e-02
9.58077909407185845936e-01 -4.00113839080506039636e+00 -1.84158278167721151108e-01 1.53675003257049382910e+02 -6.67221625468378265467e-02
9.59047386286601133421e-01 -4.00060734088818836796e+00 -1.84144304360149002608e-01 1.53673732610787624253e+02 -6.68762397697351268500e-02
9.60002147509747882914e-01 -4.00008473369987438417e+00 -1.84130548281099176711e-01 1.53672479789122917282e+02 -6.70281223428657035868e-02
9.60942178426736681729e-01 -3.99957052864099660283e+00 -1.84116992054430467229e-01 1.53671244889803318756e+02 -6.71777939640221533057e-02
9.61867464613700540177e-01 -3.99906468860934127818e+00 -1.84103617636561300852e-01 1.53670028008143702891e+02 -6.73252384261010805577e-02
9.62777991873016381064e-01 -3.99856726640954018848e+00 -1.84090465250777796102e-01 1.53668829206871606630e+02 -6.74704633066040559974e-02
9.63673746233522310334e-01 -3.99807818967132266863e+00 -1.84077491091370643028e-01 1.53667648591028637384e+02 -6.76134422984878274976e-02
9.64554713950732445227e-01 -3.99759751844221611350e+00 -1.84064745447829636316e-01 1.53666486218330447855e+02 -6.77541872024560176690e-02
9.65420881507047634607e-01 -3.99712520963996631451e+00 -1.84052203229623789760e-01 1.53665342181072446692e+02 -6.78926795931521498417e-02
9.66272235611963070667e-01 -3.99666122183125160916e+00 -1.84039836849872545654e-01 1.53664216569712380078e+02 -6.80289002137908216383e-02
9.67108763202271903836e-01 -3.99620561802570106735e+00 -1.84027705419494508332e-01 1.53663109437148278857e+02 -6.81628647317852054410e-02
9.67930451442265749051e-01 -3.99575835438797755117e+00 -1.84015779454866940101e-01 1.53662020872104989166e+02 -6.82945534211304577932e-02
9.68737287723931861372e-01 -3.99531942385799787587e+00 -1.84004059706388556350e-01 1.53660950949264588417e+02 -6.84239588156086153692e-02
9.69529259667146536827e-01 -3.99488878511141720651e+00 -1.83992513477132330069e-01 1.53659899753905932585e+02 -6.85510602111333577913e-02
9.70306355119864738512e-01 -3.99446650180091200610e+00 -1.83981209411488294547e-01 1.53658867333637715547e+02 -6.86758775682701910759e-02
9.71068562158306947119e-01 -3.99405253081470590359e+00 -1.83970113407761010071e-01 1.53657853771780224861e+02 -6.87983899102552476368e-02
9.71815869087142014671e-01 -3.99364686556422299191e+00 -1.83959226137276832258e-01 1.53656859137712473284e+02 -6.89185902984919274150e-02
9.72548264439666687586e-01 -3.99324946324913065965e+00 -1.83948506392634464346e-01 1.53655883511994289847e+02 -6.90364552438410550295e-02
9.73265736977981354983e-01 -3.99286039154033023379e+00 -1.83938039099957761913e-01 1.53654926935838801683e+02 -6.91520116632021591974e-02
9.73968275693162355289e-01 -3.99247960629887543860e+00 -1.83927782174522685965e-01 1.53653989487681485571e+02 -6.92652360051570770150e-02
9.74655869805431618325e-01 -3.99210710142839708681e+00 -1.83917736213218302455e-01 1.53653071231554747555e+02 -6.93761218631236964427e-02
9.75328508764321089330e-01 -3.99174287095088642374e+00 -1.83907901788631505946e-01 1.53652172230150483756e+02 -6.94846629616759081660e-02
9.75986182248835265618e-01 -3.99138690901185633209e+00 -1.83898279453280050211e-01 1.53651292544816385544e+02 -6.95908531583913914087e-02
9.76628880167609847440e-01 -3.99103920987892513139e+00 -1.83888869737550586514e-01 1.53650432235554319504e+02 -6.96946864431383927840e-02
9.77256592659065281836e-01 -3.99069973109932796262e+00 -1.83879616867571565875e-01 1.53649591373479978529e+02 -6.97961345788446346772e-02
9.77869310091559640341e-01 -3.99036854158757581246e+00 -1.83870633042229725262e-01 1.53648769990697445564e+02 -6.98952362020862361103e-02
9.78467023063535390470e-01 -3.99004559834459904266e+00 -1.83861863081572707301e-01 1.53647968155919159017e+02 -6.99919635944081935941e-02
9.79049722403663946757e-01 -3.98973089616415377279e+00 -1.83853307450573516535e-01 1.53647185923731058210e+02 -7.00863112853114533785e-02
9.79617399170986558055e-01 -3.98942442996809498723e+00 -1.83844966600626602560e-01 1.53646423347361889000e+02 -7.01782739405882038941e-02
9.80170044655051198035e-01 -3.98912619481123753573e+00 -1.83836840966540127074e-01 1.53645680478679452108e+02 -7.02678463613694570533e-02
9.80707650376046569107e-01 -3.98883618587773369768e+00 -1.83828930975835219686e-01 1.53644957368190432589e+02 -7.03550234877176883241e-02
9.81230208084931665447e-01 -3.98855439848842241446e+00 -1.83821237047816110621e-01 1.53644254065036165002e+02 -7.04398003985831216989e-02
9.81737709763563226595e-01 -3.98828082809553441379e+00 -1.83813759594770503858e-01 1.53643570616992661826e+02 -7.05221723122237825754e-02
9.82230147624817750973e-01 -3.98801547029156777668e+00 -1.83806499032556885931e-01 1.53642907070466264940e+02 -7.06021345906474445675e-02
9.82707514112711733034e-01 -3.98775832079713987710e+00 -1.83799455776806980323e-01 1.53642263470496459377e+02 -7.06796827379482101028e-02
9.83169801902517237480e-01 -3.98750937547550377005e+00 -1.83792630255419697782e-01 1.53641639860749165791e+02 -7.07548124056210231414e-02
9.83617003900874475875e-01 -3.98726863032445022483e+00 -1.83786022909284835203e-01 1.53641036283518531036e+02 -7.08275193927715290831e-02
9.84049113245900386460e-01 -3.98703608147741883627e+00 -1.83779634199138119932e-01 1.53640452779725023902e+02 -7.08977996489229267407e-02
9.84466123307294216360e-01 -3.98681172520134463610e+00 -1.83773464614670228867e-01 1.53639889388915435120e+02 -7.09656492775987413069e-02
9.84868027686439440060e-01 -3.98659555790065622816e+00 -1.83767514675361343102e-01 1.53639346149259893082e+02 -7.10310645369194859633e-02
9.85254820216501125962e-01 -3.98638757611331318031e+00 -1.83761784945369655020e-01 1.53638823097552545960e+02 -7.10940418453686190370e-02
9.85626494962521304544e-01 -3.98618777650290301295e+00 -1.83756276027394360728e-01 1.53638320269213181746e+02 -7.11545777793649997234e-02
9.85983046221510006646e-01 -3.98599615587546152184e+00 -1.83750988579769486408e-01 1.53637837698280122822e+02 -7.12126690804484735464e-02
9.86324468522532193937e-01 -3.98581271114846336090e+00 -1.83745923305049879692e-01 1.53637375417420770418e+02 -7.12683126501714309109e-02
9.86650756626792246884e-01 -3.98563746712420874374e+00 -1.83741190124931064176e-01 1.53636933450158863934e+02 -7.13215486920286551031e-02
9.86961905527714344899e-01 -3.98547036463128367956e+00 -1.83736574269415253724e-01 1.53636511842327820432e+02 -7.13722892379836798549e-02
9.87257910451019071729e-01 -3.98531142949203243120e+00 -1.83732182566339774521e-01 1.53636110614313906808e+02 -7.14205735659927537506e-02
9.87538766854796246086e-01 -3.98516065913233008544e+00 -1.83728015781777831439e-01 1.53635729793262839848e+02 -7.14663991756360195140e-02
9.87804470429575864898e-01 -3.98501802702735785644e+00 -1.83723957391310727116e-01 1.53635369411068950285e+02 -7.15097173939959335209e-02
9.88055017098393051356e-01 -3.98488357998447728647e+00 -1.83720242232211034006e-01 1.53635029479458950163e+02 -7.15506184405877709853e-02
9.88290403016850893536e-01 -3.98475729071386908231e+00 -1.83716755022650835016e-01 1.53634710027984795033e+02 -7.15890544141772194875e-02
9.88510624573179952357e-01 -3.98463915711009430964e+00 -1.83713496477376142524e-01 1.53634411078268669826e+02 -7.16250233676191394583e-02
9.88715678388292773526e-01 -3.98452917718859556118e+00 -1.83710467198410526413e-01 1.53634132650545666365e+02 -7.16585234529424214278e-02
9.88905561315836734160e-01 -3.98442734909810258870e+00 -1.83707667634388754907e-01 1.53633874763657217954e+02 -7.16895529057465924483e-02
9.89080270442241449302e-01 -3.98433367112041869618e+00 -1.83705098050980425439e-01 1.53633637435049678288e+02 -7.17181100334691873366e-02
9.89239803086764180051e-01 -3.98424812358181590355e+00 -1.83702633989020064353e-01 1.53633420684388028121e+02 -7.17441440764307603040e-02
9.89384156801530467717e-01 -3.98417074212640054398e+00 -1.83700531137861916564e-01 1.53633224518926084556e+02 -7.17677543916605681362e-02
9.89513329371571881410e-01 -3.98410148944833419904e+00 -1.83698525907595694440e-01 1.53633048958682593366e+02 -7.17888356601959487513e-02
9.89627318814860101881e-01 -3.98404039905999507454e+00 -1.83696893091361168615e-01 1.53632894009588142126e+02 -7.18074949919409177834e-02
9.89726123382337119594e-01 -3.98398743631949825428e+00 -1.83695354903730984075e-01 1.53632759687551185834e+02 -7.18236218105011148261e-02
9.89809741557942324164e-01 -3.98394263270587600800e+00 -1.83694192453293825285e-01 1.53632645996787061904e+02 -7.18373259748449205508e-02
9.89878172058635374952e-01 -3.98390595599673158489e+00 -1.83693127020529006765e-01 1.53632552949553542021e+02 -7.18484968385712241545e-02
9.89931413834416518149e-01 -3.98387742136534939164e+00 -1.83692295382031300921e-01 1.53632480549755683796e+02 -7.18571876722235713952e-02
9.89969466068341796827e-01 -3.98385704280774577413e+00 -1.83691840778631404474e-01 1.53632428800594993845e+02 -7.18634544127485785925e-02
