00000000000000000000 4.12756085389122073792e+00 -5.50979771482541824668e+00 00000000000000000154 -1.31875902591028073256e-20
3.87796733008385127034e-03 4.12899335987196369757e+00 -5.50957600739873232243e+00 1.53999202132613305594e+02 1.17524585948204879186e-03
7.75587515650285035801e-03 4.13044193848119611800e+00 -5.50933845426260937472e+00 1.53998450122419484387e+02 2.50958219431689829454e-03
1.16336639765051742812e-02 4.13190659824947381651e+00 -5.50908502540959510441e+00 1.53997743798501289803e+02 4.00311141334278204618e-03
1.55112742891650307042e-02 4.13338734703303156692e+00 -5.50881569038026253082e+00 1.53997082980050549850e+02 5.65592656024015063426e-03
1.93886465962956576481e-02 4.13488419199932177861e+00 -5.50853041822619093892e+00 1.53996467477130948964e+02 7.46811260396864837197e-03
2.32657214033622598837e-02 4.13639713964026078941e+00 -5.50822917753158858289e+00 1.53995897091406391155e+02 9.43974490315879245783e-03
2.71424392203948837421e-02 4.13792619571466246953e+00 -5.50791193640104381757e+00 1.53995371612890295410e+02 1.15708900775528568394e-02
3.10187405629012494246e-02 4.13947136531610482280e+00 -5.50757866246471117222e+00 1.53994890824021155140e+02 1.38616051170312917090e-02
3.48945659527794757593e-02 4.14103265279048127212e+00 -5.50722932279472665584e+00 1.53994454495381404513e+02 1.63119426293870870004e-02
3.87698559192307112831e-02 4.14261006186121871764e+00 -5.50686388410422011930e+00 1.53994062392018065566e+02 1.89219381443390365083e-02
4.26445509996716889956e-02 4.14420359549601435845e+00 -5.50648231251319142388e+00 1.53993714267076626356e+02 2.16916245655237906187e-02
4.65185917406470347824e-02 4.14581325591584004542e+00 -5.50608457377232607399e+00 1.53993409861119829429e+02 2.46210187105365581328e-02
5.03919186987416417578e-02 4.14743904473844349212e+00 -5.50567063294557978992e+00 1.53993148912626054425e+02 2.77101390280412446243e-02
5.42644724414926629685e-02 4.14908096278558335968e+00 -5.50524045474690826296e+00 1.53992931144730903270e+02 3.09589866750919276428e-02
5.81361935483015249138e-02 4.15073901017648871914e+00 -5.50479400335050783610e+00 1.53992756272020756114e+02 3.43675559895023421952e-02
6.20070226113456635098e-02 4.15241318629158406850e+00 -5.50433124242634708168e+00 1.53992623998334210000e+02 3.79358324315558145812e-02
6.58769002364900102542e-02 4.15410349034663273216e+00 -5.50385213517669136252e+00 1.53992534050648458788e+02 4.16637868553444423725e-02
6.97457670441984506349e-02 4.15580991965471469030e+00 -5.50335664424933757033e+00 1.53992486077007470158e+02 4.55513907373559789882e-02
7.36135636704448592660e-02 4.15753247175563789284e+00 -5.50284473183159938969e+00 1.53992479772037341945e+02 4.95985978581861830516e-02
7.74802307676239754297e-02 4.15927114320697821626e+00 -5.50231635961156850811e+00 1.53992514805883189410e+02 5.38053535617073752650e-02
8.13457090054621884123e-02 4.16102592984923447261e+00 -5.50177148880102606654e+00 1.53992590839951589032e+02 5.81715916680783165504e-02
8.52099390719276428285e-02 4.16279682625807456731e+00 -5.50121007888181612344e+00 1.53992707502067702308e+02 6.26973116532971441739e-02
8.90728616741405659907e-02 4.16458382753332312376e+00 -5.50063209154360244213e+00 1.53992864469368015534e+02 6.73823350987168279147e-02
9.29344175392829291438e-02 4.16638692699823476318e+00 -5.50003748571169204240e+00 1.53993061361656742747e+02 7.22266130856451249453e-02
9.67945474155079421674e-02 4.16820611755244652130e+00 -5.49942622040704254260e+00 1.53993297804850016064e+02 7.72300489414970425806e-02
1.00653192072849326233e-01 4.17004139137985152530e+00 -5.49879825409793010493e+00 1.53993573417735348130e+02 8.23925381345561730351e-02
1.04510292304129906449e-01 4.17189273856814768493e+00 -5.49815354643298714876e+00 1.53993887720461742674e+02 8.77138736267406710079e-02
1.08365788925870357162e-01 4.17376015153129564794e+00 -5.49749205248219396935e+00 1.53994240429976798623e+02 9.31940606084612349624e-02
1.12219622779197156226e-01 4.17564361934605710047e+00 -5.49681373020170216392e+00 1.53994631081737963996e+02 9.88329077738918232443e-02
1.16071734730750303344e-01 4.17754313103549268504e+00 -5.49611853602153566101e+00 1.53995059249950230651e+02 1.04630269020311611472e-01
1.19922065673590871882e-01 4.17945867481517918662e+00 -5.49540642582898808399e+00 1.53995524497519880924e+02 1.10585989499373094080e-01
1.23770556528107589234e-01 4.18139023806729603905e+00 -5.49467735495812981128e+00 1.53996026374872769793e+02 1.16699906234589423359e-01
1.27617148242923722501e-01 4.18333781205043475637e+00 -5.49393127916345225259e+00 1.53996564693330100226e+02 1.22971763167304806719e-01
1.31461781795802923334e-01 4.18530137593762674442e+00 -5.49316815154872806204e+00 1.53997138598630186834e+02 1.29401484884942380438e-01
1.35304398194555003387e-01 4.18728091779724209687e+00 -5.49238792644467288540e+00 1.53997747790347347063e+02 1.35988825832729587351e-01
1.39144938477940960375e-01 4.18927642208118733436e+00 -5.49159055718696009762e+00 1.53998391794699443835e+02 1.42733573919169715039e-01
1.42983343716577865345e-01 4.19128787245661005301e+00 -5.49077599662696957949e+00 1.53999070129501689053e+02 1.49635503784033424557e-01
1.46819555013843056068e-01 4.19331525180227515648e+00 -5.48994419715786197145e+00 1.53999782304143963074e+02 1.56694375111412015356e-01
1.50653513506777553266e-01 4.19535854220485582289e+00 -5.48909511075348177656e+00 1.54000527819516975114e+02 1.63909930204032688872e-01
1.54485160366989643377e-01 4.19741772182975925176e+00 -5.48822867639997902245e+00 1.54001306054757179709e+02 1.71282655581174031445e-01
1.58314436801557489876e-01 4.19949277626428862931e+00 -5.48734486339312166336e+00 1.54002116692175349044e+02 1.78811154419241780111e-01
1.62141284053930911924e-01 4.20158368295270712167e+00 -5.48644361370042865644e+00 1.54002959125121350326e+02 1.86495646710315959860e-01
1.65965643404833329555e-01 4.20369042078891563818e+00 -5.48552487661345455905e+00 1.54003832828436998170e+02 1.94335863364409611176e-01
1.69787456173162598638e-01 4.20581296790906211669e+00 -5.48458860081822585641e+00 1.54004737273465366343e+02 2.02331527999745158786e-01
1.73606663716891373994e-01 4.20795130172216769182e+00 -5.48363473437349835393e+00 1.54005671930398875702e+02 2.10482357927693736199e-01
1.77423207433967000668e-01 4.21010539895481628037e+00 -5.48266322468376543497e+00 1.54006636271496802237e+02 2.18788065356211508528e-01
1.81237028763210711313e-01 4.21227521496671286627e+00 -5.48167403613908632565e+00 1.54007628447873116784e+02 2.27247429134319139932e-01
1.85048069185216018662e-01 4.21446075567775579884e+00 -5.48066708727777118781e+00 1.54008649901391919457e+02 2.35861610299986312889e-01
1.88856270223246969220e-01 4.21666198116001034180e+00 -5.47964233622143570557e+00 1.54009699177102760359e+02 2.44629636369821379382e-01
1.92661573444134981425e-01 4.21887886387813715316e+00 -5.47859972840863118648e+00 1.54010775665701146409e+02 2.53551167695700740978e-01
1.96463920459175961364e-01 4.22111137529359492504e+00 -5.47753920865669385876e+00 1.54011878743062965214e+02 2.62625858650414711892e-01
2.00263252925025725393e-01 4.22335948580940812036e+00 -5.47646072113040816021e+00 1.54013007767639606982e+02 2.71853359654569359805e-01
2.04059512544595450523e-01 4.22562316470410426206e+00 -5.47536420930110345751e+00 1.54014162077268537132e+02 2.81233319823289473760e-01
2.07852641067946264375e-01 4.22790238052000777458e+00 -5.47424961817183319823e+00 1.54015340984770347177e+02 2.90765391241180948256e-01
2.11642580293182863693e-01 4.23019716300990289426e+00 -5.47311691333496241896e+00 1.54016547408461264013e+02 3.00447205920833793069e-01
2.15429272067346772035e-01 4.23250737720661884822e+00 -5.47196599654279403069e+00 1.54017774853753394382e+02 3.10281450556195825818e-01
2.19212658287308292948e-01 4.23483303418000023299e+00 -5.47079682810945033822e+00 1.54019025213703031341e+02 3.20266350483539297134e-01
2.22992680900658574172e-01 4.23717409949085510590e+00 -5.46960934975661672297e+00 1.54020297834480061283e+02 3.30401434396578930208e-01
2.26769281906599701193e-01 4.23953053775071975195e+00 -5.46840350289684717922e+00 1.54021592053210184758e+02 3.40686205258784791106e-01
2.30542403356835262640e-01 4.24190231260402317304e+00 -5.46717922871523587247e+00 1.54022907197080371589e+02 3.51120135452180626157e-01
2.34311987356459305865e-01 4.24428938670001087985e+00 -5.46593646828256041204e+00 1.54024242581678777242e+02 3.61702660115985563660e-01
2.38077976064844459847e-01 4.24669172165442088129e+00 -5.46467516272340780858e+00 1.54025597508455973639e+02 3.72433167295923184259e-01
2.41840311696529752794e-01 4.24910927030655116710e+00 -5.46339510337859923794e+00 1.54026971617221988708e+02 3.83319912004573326580e-01
2.45598936522107014202e-01 4.25154200978945162603e+00 -5.46209647137547538165e+00 1.54028363924055042844e+02 3.94347887726930745877e-01
2.49353792869107054875e-01 4.25398989126792859139e+00 -5.46077909726345822605e+00 1.54029773856330564286e+02 4.05522937551714146576e-01
2.53104823122884181608e-01 4.25645287339745514998e+00 -5.45944291701461459354e+00 1.54031200763136922660e+02 4.16844571726513568599e-01
2.56851969727500406560e-01 4.25893091416121016834e+00 -5.45808786587296435044e+00 1.54032644008138646541e+02 4.28312297324581481295e-01
2.60595175186608463136e-01 4.26142397100127912069e+00 -5.45671387828864418168e+00 1.54034102978374619397e+02 4.39925621382079468091e-01
2.64334382064334627582e-01 4.26393200094940905132e+00 -5.45532088787137681152e+00 1.54035577092918629205e+02 4.51684052911034472633e-01
2.68069532986158931553e-01 4.26645496084114306257e+00 -5.45390882732572279679e+00 1.54037065816599721302e+02 4.63587105565117452155e-01
2.71800570639796568173e-01 4.26899256526018167079e+00 -5.45247777233224439897e+00 1.54038553567697505287e+02 4.75627058640697597536e-01
2.75527437776076689069e-01 4.27154516130024664022e+00 -5.45102741109889699089e+00 1.54040064321652948820e+02 4.87815733292077502448e-01
2.79250077209821145896e-01 4.27411252490494231182e+00 -5.44955778435625504130e+00 1.54041586422211310037e+02 5.00147054886354580638e-01
2.82968431820721455505e-01 4.27669460380479637962e+00 -5.44806882332450825857e+00 1.54043119021163789739e+02 5.12620471222338225381e-01
2.86682444554216209198e-01 4.27929134416024936627e+00 -5.44656045833183899418e+00 1.54044661238434628103e+02 5.25235440603532000026e-01
2.90392058422365262338e-01 4.28190269039898652181e+00 -5.44503261871737098687e+00 1.54046212153736206574e+02 5.37991438332326432636e-01
2.94097216504725145203e-01 4.28452858504574507492e+00 -5.44348523265793726722e+00 1.54047770798168130568e+02 5.50887967748973306215e-01
2.97797861949222197886e-01 4.28716896849449113915e+00 -5.44191822698927385460e+00 1.54049336142453171306e+02 5.63924571863416823625e-01
3.01493937973024594967e-01 4.28982377872394149421e+00 -5.44033152692450450161e+00 1.54050907082325011288e+02 5.77100851365975220375e-01
3.05185387863413981613e-01 4.29249349676381530827e+00 -5.43872539342880134683e+00 1.54052512995450086919e+02 5.90393686830376296371e-01
3.08872154978655832913e-01 4.29517713959453129036e+00 -5.43709920356848019907e+00 1.54054101202611605004e+02 6.03839776354358148680e-01
3.12554182748867592778e-01 4.29787505803510683222e+00 -5.43545312916796241609e+00 1.54055693953220838921e+02 6.17421840236377916789e-01
3.16231414676888089588e-01 4.30058719093988273130e+00 -5.43378710059582648029e+00 1.54057290417468692567e+02 6.31138968178071468884e-01
3.19903794339143177083e-01 4.30331347587397772259e+00 -5.43210104868546839185e+00 1.54058889751425510894e+02 6.44990178398275104676e-01
3.23571265386512540996e-01 4.30605384897589260618e+00 -5.43039490500101429404e+00 1.54060491088599007981e+02 6.58974402584964202845e-01
3.27233771545193397046e-01 4.30880824493319991575e+00 -5.42866860218612501399e+00 1.54062093537817474953e+02 6.73090465375488444799e-01
3.30891256617564633036e-01 4.31157659681754079628e+00 -5.42692207443783836140e+00 1.54063696172229100512e+02 6.87337057147375252164e-01
3.34543664483048841518e-01 4.31435886612270280693e+00 -5.42515427630860003205e+00 1.54065304716808469720e+02 7.01770654825749184980e-01
3.38190939098973242238e-01 4.31715495765299639430e+00 -5.42336679532435983475e+00 1.54066908416078348409e+02 7.16292137214549984314e-01
3.41833024501430049469e-01 4.31996481211879945761e+00 -5.42155881228617442247e+00 1.54068510783258290076e+02 7.30944595971742883123e-01
3.45469864806134951962e-01 4.32278836207787797719e+00 -5.41973024767786970557e+00 1.54070111206396745729e+02 7.45727334630166827090e-01
3.49101404209284427171e-01 4.32562553983746234110e+00 -5.41788102089117629134e+00 1.54071709136267571694e+02 7.60639672638967478946e-01
3.52727586988412222802e-01 4.32847627784244970428e+00 -5.41601105009651284661e+00 1.54073304110985105808e+02 7.75680951255899531205e-01
3.56348357503244450584e-01 4.33134050899356459752e+00 -5.41412025211096370469e+00 1.54074895776484794396e+02 7.90850539995827106488e-01
3.59963660196552959203e-01 4.33421816718888930353e+00 -5.41220854228795289487e+00 1.54076483920100940850e+02 8.06147840759093625707e-01
3.63573439595008318648e-01 4.33710918791327415533e+00 -5.41027583419181823388e+00 1.54078068508020891159e+02 8.21572304525107544038e-01
3.67177640310030473092e-01 4.34001350896367910082e+00 -5.40832203944150080588e+00 1.54079649729921072776e+02 8.37123437470461584375e-01
3.70776207038639005198e-01 4.34292895224582675695e+00 -5.40634815977444738166e+00 1.54081097439441691677e+02 8.52746393951423931057e-01
3.74369084564301513041e-01 4.34585904620438157053e+00 -5.40435219388166387944e+00 1.54082633635338879685e+02 8.68536413352664737886e-01
3.77956217757780987831e-01 4.34880208732243289660e+00 -5.40233492488868805026e+00 1.54084157440193507682e+02 8.84449222243214094874e-01
3.81537551577981803863e-01 4.35175798238089139858e+00 -5.40029626607299118035e+00 1.54085667526861868737e+02 9.00484174818649174554e-01
3.85113031072793543519e-01 4.35472663463014786345e+00 -5.39823612894588222844e+00 1.54087162451711122912e+02 9.16640696705310120684e-01
3.88682601379935599439e-01 4.35770794332002520122e+00 -5.39615442284308244325e+00 1.54088640629937657422e+02 9.32918311288183921270e-01
3.92246207727797613352e-01 4.36070180317499023204e+00 -5.39405105456650435514e+00 1.54090100307405634794e+02 9.49316663207894206877e-01
3.95803795436280247966e-01 4.36370810348423709968e+00 -5.39192592778536372577e+00 1.54091539510806228463e+02 9.65835557813398692950e-01
3.99355309917634848649e-01 4.36672672742444056837e+00 -5.38977894224773113052e+00 1.54092956012442215297e+02 9.82475010627375300309e-01
4.02900696677300329540e-01 4.36976100342589290904e+00 -5.38761207730969715612e+00 1.54094541663483198590e+02 9.99095853983443027424e-01
4.06439901314739726601e-01 4.37280482158729277842e+00 -5.38542170770327821572e+00 1.54095956584421031721e+02 1.01593472786647631700e+00
4.09972869524274474706e-01 4.37586079904847036204e+00 -5.38320933816314006748e+00 1.54097352957083870706e+02 1.03288366517827978619e+00
4.13499547095918296158e-01 4.37892883740014848826e+00 -5.38097489511253623817e+00 1.54098729896910015214e+02 1.04994083625084377864e+00
4.17019879916208535686e-01 4.38200883637930704850e+00 -5.37871830781681126155e+00 1.54100086494642226853e+02 1.06710420534949257387e+00
4.20533813969036496250e-01 4.38510069416182268753e+00 -5.37643950913336343689e+00 1.54101421832116301402e+02 1.08437148536121052977e+00
4.24041295336476609101e-01 4.38820430721730403434e+00 -5.37413843655339285021e+00 1.54102734970989985186e+02 1.10174007730797729465e+00
4.27542270199613438919e-01 4.39131956994319239129e+00 -5.37181503311278074619e+00 1.54104024929174840963e+02 1.11920701859995896932e+00
4.31036684839367689737e-01 4.39444637505636581665e+00 -5.36946924937117930909e+00 1.54105290697465989069e+02 1.13676886481929684258e+00
4.34524485637320267983e-01 4.39758461297610647733e+00 -5.36710104451947866977e+00 1.54106531200711486917e+02 1.15442162759554478590e+00
4.38005619076534846723e-01 4.40073402077990305514e+00 -5.36470234489373165587e+00 1.54107771820587686307e+02 1.17263649944422754245e+00
4.41480031742379597226e-01 4.40389487590247874493e+00 -5.36228710258599416960e+00 1.54108972661907102975e+02 1.19058100087095919406e+00
4.44947670323346589072e-01 4.40706687485100534474e+00 -5.35984886344329058971e+00 1.54110149910347729474e+02 1.20863077614645186841e+00
4.48408481611869302874e-01 4.41024991752661765787e+00 -5.35738752232138359943e+00 1.54111303749095384319e+02 1.22678541968004584106e+00
4.51862412505139754426e-01 4.41344390589442703288e+00 -5.35490297063341547101e+00 1.54112434608947609149e+02 1.24504467861838685749e+00
4.55309410005922676756e-01 4.41664874526602346805e+00 -5.35239509574173588646e+00 1.54113543247876719988e+02 1.26340848409725770018e+00
4.58749421223369369116e-01 4.41986434517008941469e+00 -5.34986377991863193415e+00 1.54114630808013941987e+02 1.28187700991182595978e+00
4.62182393373828603877e-01 4.42309062160497745708e+00 -5.34730889981757062657e+00 1.54115698951862782451e+02 1.30045069529485313176e+00
4.65608273781656922807e-01 4.42632749703166972211e+00 -5.34473032523722935139e+00 1.54116749867975670441e+02 1.31913031931826019161e+00
4.69027009880027045963e-01 4.42957490405619846996e+00 -5.34212791739748649178e+00 1.54117786496241336636e+02 1.33791708862752978249e+00
4.72438549211733671562e-01 4.43282076075139741533e+00 -5.33950998777545216001e+00 1.54118067577499658682e+02 1.35636354927893809652e+00
4.75842839429999664436e-01 4.43608599230414668568e+00 -5.33686140361430716439e+00 1.54118898112993491623e+02 1.37526792481898829656e+00
4.79239828299277970114e-01 4.43936088589311861341e+00 -5.33418892859066762213e+00 1.54119683170272679718e+02 1.39426431588873511735e+00
4.82629463696053917499e-01 4.44264526878369103713e+00 -5.33149246008776600547e+00 1.54120419847742567754e+02 1.41335205003762087728e+00
4.86011693609644690461e-01 4.44593895908025515951e+00 -5.32877189314937016462e+00 1.54121104844593787675e+02 1.43253058926473397783e+00
4.89386466142997689222e-01 4.44924176389492664896e+00 -5.32602711971823250536e+00 1.54121734357888158229e+02 1.45179958201667291817e+00
4.92753729513486060654e-01 4.45255347609887053295e+00 -5.32325802878219800363e+00 1.54122303892452606533e+02 1.47115886704575182797e+00
4.96113432053704617175e-01 4.45587387478047780576e+00 -5.32046450439417473177e+00 1.54122808298020970597e+02 1.49060858736089629772e+00
4.99465522212260704116e-01 4.45920271952034674712e+00 -5.31764642585013991294e+00 1.54123241432977351906e+02 1.51014920145682518537e+00
5.02809948554567842649e-01 4.46253975001895586416e+00 -5.31480366719044461377e+00 1.54123596146627249937e+02 1.52978151241463811161e+00
5.06146659763632045248e-01 4.46590815356585046914e+00 -5.31194417326964174464e+00 1.54125216070781959843e+02 1.54893871903253521616e+00
5.09475604640841184256e-01 4.46926609367472860157e+00 -5.30905374763382109649e+00 1.54125698568187431192e+02 1.56861457895664346829e+00
5.12796732106749808544e-01 4.47263246298741901086e+00 -5.30613872458131474730e+00 1.54126140687020011910e+02 1.58835350130225561038e+00
5.16109991201863405053e-01 4.47600712194708005853e+00 -5.30319905511256184383e+00 1.54126542700733807578e+02 1.60815121478915190600e+00
5.19415331087419551714e-01 4.47938993247588612689e+00 -5.30023470015659903254e+00 1.54126905090165479351e+02 1.62800283386432242949e+00
5.22712701046168959351e-01 4.48278075808009912606e+00 -5.29724563157028072169e+00 1.54127228549604666341e+02 1.64790280153090185067e+00
5.26002050483152849836e-01 4.48617946663499367332e+00 -5.29423183694073884453e+00 1.54127514136664245825e+02 1.66784459825252140419e+00
5.29283328926479668119e-01 4.48958593077854306586e+00 -5.29119331816708893257e+00 1.54127763305206656241e+02 1.68782082691782409078e+00
5.32556486028099573815e-01 4.49300002854986235690e+00 -5.28813009915698817309e+00 1.54127977918766276844e+02 1.70782276024806933812e+00
5.35821471564576490287e-01 4.49642164596335192073e+00 -5.28504222613048657564e+00 1.54128160406413059036e+02 1.72784031695420781105e+00
5.39078235437859709656e-01 4.49985068069439630989e+00 -5.28192978594075945864e+00 1.54128313918425874363e+02 1.74786097379331351043e+00
5.42326727676051723037e-01 4.50327187189871924744e+00 -5.27874773141740671889e+00 1.54127712634907624079e+02 1.77058358649962643838e+00
5.45566898434175162613e-01 4.50671236688343235244e+00 -5.27557648205113949302e+00 1.54127672350653966760e+02 1.79116774284491042657e+00
5.48798697994937745293e-01 4.51015943095929028317e+00 -5.27237899532228659893e+00 1.54127588186909747492e+02 1.81183259410242092358e+00
5.52022076769495328996e-01 4.51361289824187306152e+00 -5.26915509867696663093e+00 1.54127461700821811519e+02 1.83258085318423491472e+00
5.55236985298212415429e-01 4.51707263461755736955e+00 -5.26590460726463049923e+00 1.54127294686961931802e+02 1.85341620531134831928e+00
5.58443374251421431609e-01 4.52053848058552087963e+00 -5.26262731698800223512e+00 1.54127089530823411678e+02 1.87434324261157225777e+00
5.61641194430179235830e-01 4.52401029260562737022e+00 -5.25932300197937863118e+00 1.54126849190524580990e+02 1.89536785375718985769e+00
5.64830396767022624438e-01 4.52748793875236898998e+00 -5.25599141878783981952e+00 1.54126577538755668684e+02 1.91649691564467117288e+00
5.68010932326720507923e-01 4.53097128879420640857e+00 -5.25263228500991274927e+00 1.54126278851056582653e+02 1.93773958612045071881e+00
5.71182752307025198846e-01 4.53446022829595207781e+00 -5.24924529746628820703e+00 1.54125958570289100180e+02 1.95910618897751520606e+00
5.74345808039421146240e-01 4.53795464402918202751e+00 -5.24583002008322107912e+00 1.54125622819767613692e+02 1.98061485463490516423e+00
5.77500050989871893670e-01 4.54140675232357793334e+00 -5.24245058213215830989e+00 1.54122264691042175855e+02 1.99864695500631750491e+00
5.80645432759564483760e-01 4.54490711972248462303e+00 -5.23899904468489907572e+00 1.54121575194215836291e+02 2.01923801644208555928e+00
5.83781905085652308429e-01 4.54840673200356260253e+00 -5.23551410770103942127e+00 1.54120557220811718935e+02 2.04026798579701384995e+00
5.86909419841995516620e-01 4.55190953848338963894e+00 -5.23200265874176828618e+00 1.54119432531747492021e+02 2.06131128548358866226e+00
5.90027929039899312613e-01 4.55541708573018411244e+00 -5.22847879269548876380e+00 1.54118259903969288871e+02 2.08152761445403156060e+00
5.93137384828850811047e-01 4.55892313803935156358e+00 -5.22489879970103654472e+00 1.54116824375125389679e+02 2.10349509114648247632e+00
5.96237739497252783316e-01 4.56243479437697363466e+00 -5.22129633615146904191e+00 1.54115448556332694352e+02 2.12520720649238015199e+00
5.99328945473155960677e-01 4.56594441658829897079e+00 -5.21768801992432251780e+00 1.54113646794546610863e+02 2.14570494736701045113e+00
6.02410955324989116910e-01 4.56945707511450116556e+00 -5.21404178251065797411e+00 1.54111829645746610140e+02 2.16684677791108137868e+00
6.05483721762286153378e-01 4.57297008330031218293e+00 -5.21037006724748330555e+00 1.54109814757302729049e+02 2.18790288953003475569e+00
6.08547197636412851018e-01 4.57648291905081272546e+00 -5.20666849912253137944e+00 1.54107598692065266732e+02 2.20912360017824038749e+00
6.11601335941289292464e-01 4.58012594657223903738e+00 -5.20291911441753551770e+00 1.54112891611783510371e+02 2.23117074509357671275e+00
6.14646089814111729055e-01 4.58366176083987486578e+00 -5.19916102057108275858e+00 1.54111671177064266658e+02 2.25244671064304791130e+00
6.17681412536071339225e-01 4.58720008194423378711e+00 -5.19537655829329825252e+00 1.54110438905017872457e+02 2.27365338086678514529e+00
6.20707257533071432576e-01 4.59074008811663603069e+00 -5.19156336655374950340e+00 1.54109168327647779506e+02 2.29492411372340754383e+00
6.23723578376441656346e-01 4.59428261546463811982e+00 -5.18772359207191335884e+00 1.54107917415119146654e+02 2.31612339380692988655e+00
6.26730328783650536550e-01 4.59784634685164217416e+00 -5.18386161140782686374e+00 1.54107783714728071800e+02 2.33693588405048791046e+00
6.29727462619016020717e-01 4.60137131599636273194e+00 -5.17997028042548368632e+00 1.54105290857750219402e+02 2.35793931627291408759e+00
6.32714933894412689952e-01 4.60492052128048889870e+00 -5.17603364574994273539e+00 1.54104187458714676495e+02 2.37988580572579966343e+00
6.35692696769977860782e-01 4.60847317445359472288e+00 -5.17206763445936346102e+00 1.54103227676279828984e+02 2.40189333186243159091e+00
6.38660705554815355534e-01 4.61202424188771420432e+00 -5.16808041232469328463e+00 1.54102111589992603058e+02 2.42349057062765327331e+00
6.41618914707695386923e-01 4.61556803549474192749e+00 -5.16409464814848462311e+00 1.54100464899759629134e+02 2.44335930041037352467e+00
6.44567278837754553678e-01 4.61913131073203331312e+00 -5.16008235288767114213e+00 1.54099944779233283043e+02 2.46306143073697825230e+00
6.47505752705191617302e-01 4.62249847114479273102e+00 -5.15578434517363071166e+00 1.54088617705797588542e+02 2.49829382645917430494e+00
6.50434291221961835561e-01 1.35435119577613427566e+00 -4.94608124316171515744e+00 1.84513916441335830143e+01 1.85729214840753042992e+00
6.53352849452468964486e-01 -3.00878735670709929195e+00 -4.14298446521505336904e+00 8.85673718160993672655e+01 -9.42486654658291622688e-01
6.56261382614254484835e-01 2.09964058378323858989e+00 -5.32724005020253610354e+00 4.07113923432679172265e+01 1.65331076622927453101e+00
6.59159846078685274229e-01 1.45524242048546370576e+00 -4.07264666475743997154e+00 1.81387452970141893616e+01 1.56531438236815034770e+00
6.62048195371637282491e-01 -2.50742348940067749652e+00 -2.10291381963161150281e+00 5.41549964658321414390e+01 -2.87604289680757740921e-01
6.64926386174179318012e-01 -2.93454125456580650066e+00 -2.08707373906035886790e+00 7.00151863291367106967e+01 -4.35013420896046776321e-01
6.67794374323251838099e-01 4.16954158721137790877e+00 -7.61800456222733313183e+00 1.51557042226839854493e+02 5.19216053899481444489e+00
6.70652115812345961388e-01 5.31769766306073599083e+00 -8.45549067767964324105e+00 2.34060887079804643918e+02 -1.41089558893429822817e+00
6.73499566792176929120e-01 4.25997002661368373566e+00 -7.60764065803526179366e+00 1.56375725802916548446e+02 4.56659332046647392644e+00
6.76336683571358565636e-01 3.92133900191581474814e+00 -7.62882585012118408230e+00 1.37071324328141770366e+02 4.66918064041361091654e+00
6.79163422617073186949e-01 4.21976894735083529753e+00 -8.06149430944392264564e+00 1.57764531325491248026e+02 2.33454397970764704340e+00
6.81979740555738733754e-01 4.14312545787270902764e+00 -8.03476514708106748230e+00 1.53288765506863853716e+02 3.87626614427355287162e+00
6.84785594173675460361e-01 4.69012180738267492330e+00 -7.57395831653141016204e+00 1.81447111884872697374e+02 2.85165794564872721040e+00
6.87580940417768404771e-01 5.52644090583543423634e+00 -6.28961028249765430331e+00 2.22031255232738431005e+02 1.90893245987175586009e+00
6.90365736396128082397e-01 6.95757644539428987684e+00 -4.28663460868779377932e+00 3.08315603644782527226e+02 8.55492063244778111475e-01
6.93139939378748737298e-01 4.79707887040132519019e+00 -7.99359833983557610537e+00 1.92168734605726484688e+02 1.02542053590235493488e+00
6.95903506798163817848e-01 5.08478219449167934130e+00 -7.90146931754875048171e+00 2.11182131597278356594e+02 5.09134915028261314518e+00
6.98656396250099120948e-01 2.68280392269629563984e+00 -4.36498883429743589346e+00 5.43005278462796638905e+01 1.62504119101006261339e+00
7.01398565494123937825e-01 4.44992174134996254509e+00 -7.95122686417829527272e+00 1.70242159607846588187e+02 4.12287616979728799294e+00
7.04129972454298314055e-01 4.21915866908084424836e+00 -7.96774903219127317300e+00 1.56416894365993897509e+02 3.81307321002930832421e+00
7.06850575219819421413e-01 4.44297867271736013350e+00 -7.95331770174383656524e+00 1.69403293839454079261e+02 3.12259063224665744940e+00
7.09560332045664265976e-01 4.75353703970003849122e+00 -7.90251798346375888826e+00 1.88471646902746556407e+02 4.29589208066269900854e+00
7.12259201353230508857e-01 4.22447133897368676259e+00 -7.95446484963378175337e+00 1.56229187354316792380e+02 3.17754272500719592287e+00
7.14947141730974067286e-01 3.89763309099285715220e+00 -7.50618137489705716803e+00 1.33855899155291723446e+02 5.63121164592688394634e+00
7.17624111935044939337e-01 4.86480001944726581087e+00 -7.91045101612604728558e+00 1.94810131171750327894e+02 1.85970793340693485440e+00
7.20290070889919697983e-01 4.19585916262060365511e+00 -7.91001248546596880118e+00 1.54266274847670047166e+02 4.43708820162668615694e+00
7.22944977689031653689e-01 4.16396485026169038690e+00 -7.92515440715206498368e+00 1.52230686593185311040e+02 3.23972591366181594807e+00
7.25588791595399018597e-01 3.82235010479612880019e+00 -7.54559480123926018535e+00 1.29154082119217804347e+02 2.09148807281341486686e+00
7.28221472042250406176e-01 5.22536416786075719187e+00 -1.79379888259722952704e-01 1.52132393846275107308e+02 1.16618428045548686023e-01
7.30842978633645223852e-01 5.22835535506681470252e+00 -1.79256565672126721989e-01 1.52118501049958439353e+02 1.16435325328182612270e-01
7.33453271145096175054e-01 5.23133104050185426814e+00 -1.79126446247887260999e-01 1.52103412818921555072e+02 1.16610317331431595500e-01
7.36052309524184211753e-01 5.23431226721209874597e+00 -1.79004155775847939580e-01 1.52088431607138886648e+02 1.16245772293314744705e-01
7.38640053891175041301e-01 5.23732005503026787352e+00 -1.78881092811145059329e-01 1.52074855123841672366e+02 1.15871768160786411950e-01
7.41216464539629305008e-01 5.24025887994737260556e+00 -1.78718951138129134026e-01 1.52056823197015177129e+02 1.17833411177389588143e-01
7.43781501937012756720e-01 5.24332386630882396616e+00 -1.78643379161689930257e-01 1.52046330152998081076e+02 1.14430753833810183728e-01
7.46335126725303221740e-01 5.24630359779083743632e+00 -1.78508854740162509200e-01 1.52030397654825691234e+02 1.14582067321573305430e-01
7.48877299721593336912e-01 5.24936467149123497933e+00 -1.78426470232732614640e-01 1.52019262358190502482e+02 1.11482455998032609079e-01
7.51407981918692846612e-01 5.25246346890674598029e+00 -1.78338113236059081501e-01 1.52010249644895253596e+02 1.08694566108592724496e-01
7.53927134485726568869e-01 5.25539558906032855390e+00 -1.78210282586582724473e-01 1.51990838720571815657e+02 1.08257197996722037692e-01
7.56434718768730363081e-01 5.25824701607889899435e+00 -1.77636836872379660912e-01 1.51966287723910397744e+02 1.35048592843965586940e-01
7.58930696291243989116e-01 5.26124922025420183047e+00 -1.77471894361621224112e-01 1.51950841971824502252e+02 1.36760073768424778029e-01
7.61415028754902523112e-01 5.26430406878951462346e+00 -1.77347322655639377809e-01 1.51938468424217404618e+02 1.35944117640351191945e-01
7.63887678040022333192e-01 5.26726352761771199340e+00 -1.77137095127693405816e-01 1.51920106158508417593e+02 1.40302904564039154778e-01
7.66348606206187388246e-01 5.27028671413181282190e+00 -1.76972490376191227135e-01 1.51905511400370727415e+02 1.41813794434852313842e-01
7.68797775492830681721e-01 5.27329176350033090870e+00 -1.76792205974116711786e-01 1.51889679370520241264e+02 1.44221547432528657273e-01
7.71235148319813990092e-01 5.27630077123860896648e+00 -1.76610330080205990555e-01 1.51873971650140475731e+02 1.46665886191738370492e-01
7.73660687288004522699e-01 5.27931070197738794292e+00 -1.76428327504115134428e-01 1.51858211747311202089e+02 1.49057075669018268549e-01
7.76074355179848351938e-01 5.28233010574725803110e+00 -1.76241929629241678157e-01 1.51842930558955515608e+02 1.51656555102515938627e-01
7.78476114959941845051e-01 5.28535115574337233113e+00 -1.76055580893260676945e-01 1.51827659296554543289e+02 1.54192224022640822501e-01
7.80865929775599765250e-01 5.28838153268449318034e+00 -1.75866512916076828121e-01 1.51812875679514206695e+02 1.56833766583976519371e-01
7.83243762957420930348e-01 5.29143062860903423683e+00 -1.75663441215116622462e-01 1.51799160496145645993e+02 1.60270270710686946192e-01
7.85609578019850984809e-01 5.29445719013388060858e+00 -1.75479075743449841607e-01 1.51784009326694672382e+02 1.62503004325327188306e-01
7.87963338661741508062e-01 5.29796523351773274157e+00 -1.75523510895458589864e-01 1.51798173661238081422e+02 1.50769214733223883007e-01
7.90305008766907790552e-01 5.30136576787768909469e+00 -1.75391634769510196268e-01 1.51805709647859345068e+02 1.49719741814577866901e-01
7.92634552404682946047e-01 5.30318093106363708245e+00 -1.75370363263378820085e-01 1.51716636994116782944e+02 1.41744507022778243321e-01
7.94951933830468693287e-01 5.30668159217213375456e+00 -1.75359475571300799102e-01 1.51730221225554487319e+02 1.33223697436821858497e-01
7.97257117486284361263e-01 5.30971906238355639829e+00 -1.75213592991627253870e-01 1.51715569786667856533e+02 1.32829416047160364656e-01
7.99550068001312008725e-01 5.31278151089086048131e+00 -1.75080680450301423567e-01 1.51702435738867251303e+02 1.31590435614364203998e-01
8.01830750192439767332e-01 5.31582111963772785401e+00 -1.74947892013091688135e-01 1.51687918367640548922e+02 1.30285223346902651054e-01
8.04099129064801410038e-01 5.31886283882666521805e+00 -1.74814111992288329089e-01 1.51673546383804733750e+02 1.28983889475981106099e-01
8.06355169812312477795e-01 5.32175749456865432307e+00 -1.74684589300843601256e-01 1.51650264627274964369e+02 1.27355241150593712085e-01
8.08598837818206295225e-01 5.32499206010422909685e+00 -1.74561247103930450297e-01 1.51647678292964684488e+02 1.25323390338426376989e-01
8.10830098655563102916e-01 5.32814367830366553136e+00 -1.74446193292162043953e-01 1.51640095703054555543e+02 1.22725959347186011628e-01
8.13048918087839522784e-01 5.33105237611785121032e+00 -1.74313975651795849409e-01 1.51617818770040571508e+02 1.21095560418576289607e-01
8.15255262069393138447e-01 5.33405921191859366814e+00 -1.74182239684851053463e-01 1.51601574033559217014e+02 1.19388907272168554030e-01
8.17449096746005965386e-01 5.33703362888869392577e+00 -1.74047905951270343028e-01 1.51583445454350254522e+02 1.17782251311452201836e-01
8.19630388455402592029e-01 5.33997030410969131253e+00 -1.73912195360464594263e-01 1.51563123659094060258e+02 1.16201227730050746234e-01
8.21799103727767876748e-01 5.34309301763332378243e+00 -1.73804790538077763573e-01 1.51554190142039374223e+02 1.12865746577639522452e-01
8.23955209286259315782e-01 5.34600670361335073011e+00 -1.73706712124578305234e-01 1.51532702526044460001e+02 1.08894677765883352016e-01
8.26098672047518967076e-01 5.34914418637829047753e+00 -1.73659905873749048633e-01 1.51524907882064411524e+02 1.01784769030514476995e-01
8.28229459122179711983e-01 5.35229205145056230464e+00 -1.73622431234755875140e-01 1.51517876715954344036e+02 9.40611781721720913163e-02
8.30347537815371183889e-01 5.35577935652999403970e+00 -1.72453764026469058557e-01 1.51531438686275350847e+02 1.54798157986368839500e-01
8.32452875627220700849e-01 5.35692298889140428031e+00 -1.71696491122010769237e-01 1.51403362516696262219e+02 1.90308018533887818302e-01
8.34545440253351977766e-01 5.36027703605753558236e+00 -1.71478012019678383027e-01 1.51409287819674887032e+02 1.93371486843397277777e-01
8.36625199585380951994e-01 5.36386413501420467043e+00 -1.71312091997107340813e-01 1.51429482172993857603e+02 1.93227895882411099260e-01
8.38692121711408611340e-01 5.36659301537019484130e+00 -1.71065044846342051432e-01 1.51397972625947119241e+02 1.97844829458013765633e-01
8.40746174916510269348e-01 5.36922489928613799748e+00 -1.70972877276666740398e-01 1.51360843817228470698e+02 1.93038679400068913239e-01
8.42787327683222509123e-01 5.37308136199275043765e+00 -1.70912470985200320994e-01 1.51397915294483340176e+02 1.86397373149093353861e-01
8.44815548692026907496e-01 5.37604046524281287134e+00 -1.70654694329954753629e-01 1.51380987917678538679e+02 1.91530852989265698572e-01
8.46830806821829651376e-01 5.37886607819734052782e+00 -1.70431478326198343476e-01 1.51356257607091862383e+02 1.94509730208821146613e-01
8.48833071150440821029e-01 5.38223911089675510766e+00 -1.70215386759931280869e-01 1.51364825461590896793e+02 1.97067309053619132975e-01
8.50822310955046900993e-01 5.38521251065727746266e+00 -1.69996786289827894745e-01 1.51349547387820507538e+02 1.99681485113761936212e-01
8.52798495712683735093e-01 5.38759114341666567327e+00 -1.69456153879153303965e-01 1.51298660444323274987e+02 2.21592533531967700311e-01
8.54761595100703930328e-01 5.38969159588877921863e+00 -1.68724864359794612945e-01 1.51231315411075115662e+02 2.54888529608192526688e-01
8.56711578997242706457e-01 5.39178458020225104264e+00 -1.68005134680402345992e-01 1.51163877360771493841e+02 2.87404031516759084219e-01
8.58648417481679637753e-01 5.39397647657688761313e+00 -1.67088960946019854381e-01 1.51102734422826983973e+02 3.31676580234802620417e-01
8.60572080835097841245e-01 5.40135932021772013911e+00 -1.69133400876694178772e-01 1.51354833697166753836e+02 1.98334422757807965487e-01
8.62482539540740500428e-01 5.41335357895025737207e+00 -1.73065370695565906578e-01 1.51885431380398671308e+02 -4.86101324707528953395e-02
8.64379764284463170121e-01 5.41385415333893149636e+00 -1.72622772370119526020e-01 1.51723168197033487559e+02 -3.29029889893562230152e-02
8.66263725955183860883e-01 5.41436127058486427188e+00 -1.72179563960519393939e-01 1.51561853632034228667e+02 -1.72331145603863492011e-02
8.68134395645329126623e-01 5.41570646812981859597e+00 -1.71698805743316224026e-01 1.51451529195220444990e+02 6.89958216249266062699e-04
8.69991744651278930966e-01 5.41578144019079754656e+00 -1.69936361714448175286e-01 1.51265215660750271809e+02 9.54909330318287202788e-02
8.71835744473805518417e-01 5.41602120029436484572e+00 -1.68284541043156987694e-01 1.51089419204085004367e+02 1.83449306839066433872e-01
8.73666366818512285519e-01 5.41320165872320568923e+00 -1.66856358797980358633e-01 1.50730706253746660650e+02 2.57378466634657077083e-01
8.75483583596266101701e-01 5.41505901656707866465e+00 -1.65301430755816297635e-01 1.50653264398238093236e+02 3.39337059503005966654e-01
8.77287366923630518301e-01 5.42663054037999614820e+00 -1.68931674986775554048e-01 1.51159611206181978105e+02 1.11536460439517939869e-01
8.79077689123291206030e-01 5.44116666409185434361e+00 -1.74796893449171764079e-01 1.51845180263813915644e+02 -2.51148901337952312751e-01
8.80854522724482724705e-01 5.45044580247583532184e+00 -1.80665309884195796064e-01 1.52215318079539571272e+02 -6.15279191984225981571e-01
8.82617840463408520613e-01 5.42809056488103180982e+00 -1.64309319329556252631e-01 1.50684894033963587390e+02 3.54073549856810942948e-01
8.84367615283660701841e-01 5.43657347879989583106e+00 -1.67739837730777885394e-01 1.51007532806218591759e+02 1.38039989731690460051e-01
8.86103820336633374311e-01 5.43066815316586026796e+00 -1.63849025778486478977e-01 1.50468108233415136965e+02 3.58455466464292271667e-01
8.87826428981936643936e-01 5.43307316863232792059e+00 -1.63406508326808086462e-01 1.50427368732477475533e+02 3.73465913745633981691e-01
8.89535414787803402348e-01 5.43730739406300411787e+00 -1.67006014623012954967e-01 1.50497134637150963954e+02 1.47106211067282666161e-01
8.91230751531496778739e-01 5.45454162954412780095e+00 -1.69454726287319279443e-01 1.51345294454451391175e+02 -9.28610686069556226507e-03
8.92912413199710819356e-01 5.45775526278929845603e+00 -1.72092418506596372962e-01 1.51354676205592028282e+02 -1.78642898925743587313e-01
8.94580373988970722898e-01 5.45691844050922458820e+00 -1.69346811741329206225e-01 1.51121740491167884102e+02 -2.58477364093165871972e-02
8.96234608306028635027e-01 5.45630776403044404077e+00 -1.66761629749802797740e-01 1.50903197503766136833e+02 1.17032251482473440007e-01
8.97875090768255890161e-01 5.45931080227977005848e+00 -1.64567358769101862448e-01 1.50901499977217468995e+02 2.36763756518417689545e-01
8.99501796204032810778e-01 5.45125028687409951544e+00 -1.62059078954395113792e-01 1.50239906695326908448e+02 3.73281081439229001084e-01
9.01114699653134842983e-01 5.45005915970799215131e+00 -1.58981610597259903628e-01 1.49989504296848906506e+02 5.44354419161788949388e-01
9.02713776367115805499e-01 5.45009640059874644891e+00 -1.59003844609858724368e-01 1.49813815860491246212e+02 5.30837846970120708079e-01
9.04299001809687252873e-01 5.45987167609541135249e+00 -1.59006243425834525862e-01 1.50218665609541687900e+02 5.20472899582126835583e-01
9.05870351657095174147e-01 5.47766723803756772071e+00 -1.65509081946280056652e-01 1.51104358953610329763e+02 1.23379668135017425690e-01
9.07427801798493138818e-01 5.45810102220754522762e+00 -1.57677662537712787172e-01 1.49760867891149160869e+02 5.74676858461798500954e-01
9.08971328336312445195e-01 5.47010200150226122418e+00 -1.52820475859634180571e-01 1.50298898283992031111e+02 8.54207402262697534923e-01
9.10500907586628160928e-01 5.45918459479696416281e+00 -1.52472199376844669283e-01 1.49475684861625069288e+02 8.59407970972334900317e-01
9.12016516079523720251e-01 5.48728598083898155835e+00 -1.63231774227372339325e-01 1.50976900462543170534e+02 2.12714268247928439681e-01
9.13518130559449748063e-01 5.50311688447041724714e+00 -1.71488936642006734035e-01 1.51749599481427452474e+02 -2.90659560961562590808e-01
9.15005727985581884809e-01 5.52820115513105214688e+00 -1.77068787570277802468e-01 1.53078897028358142052e+02 -6.36011620221013207477e-01
9.16479285532173615358e-01 5.51473704011777332568e+00 -1.70928966800454273933e-01 1.52099230820751273541e+02 -2.79895614288618144183e-01
9.17938780588907099478e-01 5.51144421688057040143e+00 -1.67103082709896905156e-01 1.51730839947068716356e+02 -6.32092527533781450844e-02
9.19384190761239561418e-01 5.50282504275856698683e+00 -1.62707494798507379397e-01 1.51046161942898322650e+02 1.86032268296307201627e-01
9.20815493870747459049e-01 5.49842040948524068966e+00 -1.58303889460846225479e-01 1.50614646119490345200e+02 4.35318867390383501537e-01
9.22232667955466323129e-01 5.49434361191011699788e+00 -1.55093237163926062072e-01 1.50204405705326507814e+02 6.12991174135237404386e-01
9.23635691270227932037e-01 5.49696743838815660155e+00 -1.52360689810989963222e-01 1.50193481627026358183e+02 7.63500479135948206810e-01
9.25024542286994155837e-01 5.50004449104649495439e+00 -1.53057135209933525832e-01 1.50211280254526457156e+02 7.10492805715692288260e-01
9.26399199695186803538e-01 5.50191846620212654528e+00 -1.53595223766725602621e-01 1.50158590331272165486e+02 6.66617243571617112963e-01
9.27759642402015138885e-01 5.50225320469158596381e+00 -1.54148244440479115225e-01 1.50015626115947497965e+02 6.21532638029332673568e-01
9.29105849532799177304e-01 5.50395514653955153506e+00 -1.54541178271956236578e-01 1.49954791154800119557e+02 5.86324661100172117578e-01
9.30437800431290207293e-01 5.51376938888622181167e+00 -1.55079077516010882531e-01 1.50376094430179790606e+02 5.44405543774028055637e-01
9.31755474659987315000e-01 5.53666159528948931268e+00 -1.55886251204245540602e-01 1.51576865780984633147e+02 4.89241261539292260352e-01
9.33058852000451910413e-01 5.54852998237056738162e+00 -1.57033844551180357119e-01 1.52124576512988255672e+02 4.11130776751123194757e-01
9.34347912453616813444e-01 5.53002038804240569903e+00 -1.57885365151585438381e-01 1.50864317834786987760e+02 3.44719674498934536278e-01
9.35622636240093785709e-01 5.53182247068253118982e+00 -1.62840951451838689135e-01 1.50815151127586631219e+02 3.87855772935687612146e-02
9.36883003800477065504e-01 5.54516720579525212997e+00 -1.67710319530180257397e-01 1.51452690789286833706e+02 -2.60901914202885609750e-01
9.38128995795643128019e-01 5.54596477907848228739e+00 -1.66754724527366282594e-01 1.51344974893077022671e+02 -2.15585344477549456510e-01
9.39360593107047781025e-01 5.53142065465480303743e+00 -1.60666743441303105921e-01 1.50327627103057267277e+02 1.32290615295889063541e-01
9.40577776837019263745e-01 5.54277252741455939145e+00 -1.57133794872590909497e-01 1.50847946279686141224e+02 3.31879727210256048053e-01
9.41780528309048348135e-01 5.53248808352784404718e+00 -1.56576306773074269696e-01 1.50087713146393156194e+02 3.51005617508885703337e-01
9.42968829068074665400e-01 5.53459427669659476123e+00 -1.55294479463861989643e-01 1.50062810760263062093e+02 4.15403845436824237236e-01
9.44142660880770479004e-01 5.53716368764640343159e+00 -1.53997428658891766240e-01 1.50066523821133472438e+02 4.80809355640779423346e-01
9.45302005735819794729e-01 5.53424732373224070869e+00 -1.52672213674840157038e-01 1.49747251579570814783e+02 5.46577627865679538388e-01
9.46446845844195028263e-01 5.53001508861442925280e+00 -1.51519065835062527459e-01 1.49352111347507246819e+02 6.01728335737755526402e-01
9.47577163639429898012e-01 5.52856258492185581588e+00 -1.50744780368129521753e-01 1.49122755086612954756e+02 6.35155610845134943609e-01
9.48692941777889098276e-01 5.54510295006405407037e+00 -1.45671611070214090944e-01 1.49954745419267766238e+02 9.27342494457563781829e-01
9.49794163139034308685e-01 5.57611830928028950893e+00 -1.50203396404119116081e-01 1.51651238583539793581e+02 6.56074359662995321152e-01
9.50880810825686872967e-01 5.57442882690088747921e+00 -1.54636787671537379030e-01 1.51411024673053702827e+02 3.80860583854655931901e-01
9.51952868164287147046e-01 5.55394344081128021884e+00 -1.59005521220455831033e-01 1.50060150489031485677e+02 1.07005414923187588960e-01
9.53010318705150072383e-01 5.56059662026184309269e+00 -1.63258549553252751974e-01 1.50316466950677664727e+02 -1.54499469191646560118e-01
9.54053146222718195801e-01 5.56707652766591287730e+00 -1.67198693189160529915e-01 1.50563821540648234532e+02 -3.97782244885084845798e-01
9.55081334715809804337e-01 5.57112038219797600647e+00 -1.71162050124779585580e-01 1.50668415339560482380e+02 -6.42721586532326027985e-01
9.56094868407865283721e-01 5.58264205275696312469e+00 -1.75156557166196324982e-01 1.51216903944372830892e+02 -8.89697542888845394060e-01
9.57093731747188369852e-01 5.59295090678127149175e+00 -1.79165509095520175675e-01 1.51695496590012794513e+02 -1.13814829512077686502e+00
9.58077909407185845936e-01 5.57733492406528164054e+00 -1.48871088427073583471e-01 1.50637202257637255798e+02 6.43339011507970681691e-01
9.59047386286601133421e-01 5.56412294180375788244e+00 -1.49625425475116397012e-01 1.49729248675288175718e+02 5.84151019578082686401e-01
9.60002147509747882914e-01 5.55245229727290290356e+00 -1.51030266371992238916e-01 1.48916500831450463238e+02 4.87524869105292746330e-01
9.60942178426736681729e-01 5.61285448758854688123e+00 -1.64429371789917899704e-01 1.52361580577438274986e+02 -3.04494422263922481786e-01
9.61867464613700540177e-01 6.01603484661962539803e+00 -1.80827448519259137427e-01 1.77094450343154704797e+02 -1.32705226319674518543e+00
9.62777991873016381064e-01 7.24791282676713333188e+00 -5.30998431809676207926e-01 2.64770512913761535856e+02 -3.49119183309967073825e+00
9.63673746233522310334e-01 5.59782805409119088580e+00 -1.74545967382380762256e-01 1.51101995695720916046e+02 -9.34935888443890306121e-01
9.64554713950732445227e-01 5.56418520601099242384e+00 -1.62202791944268676083e-01 1.49000013522692484003e+02 -2.19084765212128995682e-01
9.65420881507047634607e-01 5.57299873610655271960e+00 -1.57620356734423927580e-01 1.49400362330345558348e+02 4.12988963839272596457e-02
9.66272235611963070667e-01 5.61041888881491690455e+00 -1.53829193137029807126e-01 1.51491016266632186671e+02 2.61801725227276294028e-01
9.67108763202271903836e-01 5.58747389936461669180e+00 -1.46582187445303990803e-01 1.50020320015073764353e+02 6.73701697873720140031e-01
9.67930451442265749051e-01 5.56443697112036339547e+00 -1.39874533251714283644e-01 1.48552951821444764846e+02 1.04990608900366644285e+00
9.68737287723931861372e-01 5.53468699363285931980e+00 -1.33504337218908086804e-01 1.46703174896632674518e+02 1.39975985165099037211e+00
9.69529259667146536827e-01 5.51462365626561901166e+00 -1.28021607066512888018e-01 1.45427974327594171200e+02 1.69859523208269935779e+00
9.70306355119864738512e-01 5.61110680660305760625e+00 -1.49069708903725034466e-01 1.50974900892803304941e+02 4.93586949144373787757e-01
9.71068562158306947119e-01 5.75469464862871493693e+00 -1.79222203205353397548e-01 1.59461193547115470892e+02 -1.30724834015358015726e+00
9.71815869087142014671e-01 6.05064463840959820828e+00 -2.09583313491734063438e-01 1.77774196991927880163e+02 -3.28277119120308036315e+00
9.72548264439666687586e-01 6.64315217301528271321e+00 -5.03359399030967824551e-01 2.18024462719134703548e+02 -1.78176025307922780705e+00
9.73265736977981354983e-01 6.33245900481199530674e+00 -1.43860324539747619355e+00 2.01074220595145078505e+02 -4.52997848821284743170e-01
9.73968275693162355289e-01 5.57522030382663480452e+00 -1.53081966809811953478e-01 1.48359135287524907199e+02 2.02843679199076643016e-01
9.74655869805431618325e-01 5.76368749082543008200e+00 -1.96347784540413738963e-01 1.59482054268387457796e+02 -2.38819781703292921549e+00
9.75328508764321089330e-01 5.45427327810103346195e+00 -9.97379985206249819463e-02 1.41156060186563138359e+02 3.20504963332935766118e+00
9.75986182248835265618e-01 5.63059921104551275306e+00 -1.54266588066604509732e-01 1.51331152193228291480e+02 1.18415505326600972724e-01
9.76628880167609847440e-01 7.55709830070376753497e+00 -5.01770546837177144894e-01 2.86351855929570888293e+02 -1.73936740143076407072e+00
9.77256592659065281836e-01 5.72035267069150066277e+00 -3.24790522378765378342e-01 1.56360670638013914413e+02 -1.01130822440510570459e+01
9.77869310091559640341e-01 5.66111125694488315219e+00 -1.58740638647657333893e-01 1.52868983725330963352e+02 -1.65781891453500279665e-01
9.78467023063535390470e-01 5.58728576710959856655e+00 -1.37749014824592924677e-01 1.48430783102516613781e+02 1.04308430576614341589e+00
9.79049722403663946757e-01 5.99554574636328041493e+00 -4.55759013990745920353e-01 1.73664137798707258753e+02 8.97738794364847159102e-01
9.79617399170986558055e-01 5.49301107991298653843e+00 -1.16842240966428631554e-01 1.42800037183211429692e+02 2.19057275352044955596e+00
9.80170044655051198035e-01 5.62563698258595579205e+00 -1.81134965836823896845e-01 1.50443637551046293765e+02 -1.51865615207266491105e+00
9.80707650376046569107e-01 6.49662892466286567839e+00 -8.39013340294524789797e-01 2.07442133949347578437e+02 -3.50594033363133439352e+00
9.81230208084931665447e-01 6.73292660796090114417e+00 -2.54895545005712542697e-01 2.22231541938055443097e+02 -6.91610866398109358499e+00
9.81737709763563226595e-01 5.56985131202658756422e+00 -3.74046046573240531519e-01 1.46727480000702172447e+02 -1.27485290871979799476e+01
9.82230147624817750973e-01 5.26350648152056166396e+00 -1.80182002922233075459e-01 1.29606806319311147035e+02 -1.45348495431050372950e+00
9.82707514112711733034e-01 6.13767959746771030183e+00 -1.93719754302837610105e+00 1.87978200684270490228e+02 -2.11358139462857756996e+01
9.83169801902517237480e-01 6.88834566727696362420e+00 -5.92959328871305935138e+00 2.33219498353170109795e+02 -4.01230040259959253035e+01
9.83617003900874475875e-01 7.50099819583877724938e+00 -1.19466464450586826729e+01 2.77213863622687767929e+02 -5.83721979214968484939e+01
9.84049113245900386460e-01 6.31062344354704762850e+00 -1.32748044933512439059e+01 3.55787801027077193794e+02 1.56213886719444531082e+02
9.84466123307294216360e-01 4.66127804608569817901e+00 -1.05620483824664663786e+01 4.12818126348331702502e+02 2.27923944048580068511e+02
9.84868027686439440060e-01 4.63842501894179637389e+00 -6.44926854390215176238e+00 4.86250645159630892067e+02 6.24942509457634045589e+01
9.85254820216501125962e-01 3.14371687963796997423e+00 -2.22114830773531268804e+00 4.24827301707181703705e+01 -5.98177234744687957857e+00
9.85626494962521304544e-01 2.77411850069088039561e+00 -4.89237284538512273713e+00 2.41001938471480372073e+02 5.78566442543607237781e+01
9.85983046221510006646e-01 3.40237321353887800512e+00 -1.36579123433323879055e+01 4.31476186388448525122e+02 1.19083833031078484055e+02
9.86324468522532193937e-01 5.01809339782944086039e+00 -2.12558711846251142674e+01 5.27429976513327574139e+02 3.39273932229752119838e+02
9.86650756626792246884e-01 -2.71711692213399391704e+00 -1.75233043488240092245e-01 5.36271945215149159480e+01 -7.38460510111225987284e-02
9.86961905527714344899e-01 5.04424393430543127614e-02 -5.37208911202217098690e+00 1.99246137466708717056e+01 2.34979762765622979259e+00
9.87257910451019071729e-01 -8.33817193632241782097e+00 -1.07310615075977100474e+00 4.95997116067557499264e+02 -2.10845699001276365436e+00
9.87538766854796246086e-01 -9.11639872493202574333e+00 -7.13238486014489581066e-01 5.40284331221082425145e+02 -1.53715377141797193694e+00
9.87804470429575864898e-01 -4.72873471284119784031e+00 -5.09521433148595903617e+00 5.98488621674550245189e+02 -5.70006612986609439986e+00
9.88055017098393051356e-01 5.57912285299359211876e+00 3.42351607580594796687e-01 1.45117660420849830416e+02 2.87494308683797470394e+01
9.88290403016850893536e-01 -3.55410583632292809142e+00 -1.73533676881395676483e-01 8.69387914349410095838e+01 -1.19589114686624919948e-01
9.88510624573179952357e-01 -5.82821576512110084423e+00 -2.71964117820289663641e+00 1.77197517046096493232e+02 -3.52717463431951827602e+00
9.88715678388292773526e-01 -1.87725679027269531929e+00 -7.53987047412214295150e+00 2.76425914819739148243e+02 -9.67204833305527977849e-01
9.88905561315836734160e-01 7.00114580983266865388e+00 -1.41088132318261685327e+01 3.68297810015092295544e+02 1.40308211456310250043e+00
9.89080270442241449302e-01 2.08514543632856996780e+00 -1.75654575563266912575e+00 8.76764574381962802363e+01 9.43425054003605101371e-01
9.89239803086764180051e-01 -1.71316436855708498221e+00 -3.50478739220279589262e+00 7.11996286373974243133e+01 -8.79520569301283305919e-01
9.89384156801530467717e-01 -3.52890122987799070842e+00 -2.46353569648804970882e+01 8.86215390791450090546e+01 -2.35428199008566974015e+00
9.89513329371571881410e-01 5.33231173106732647682e+00 9.29282688549440516468e-01 1.25802182612737112777e+02 5.97835420002741884105e+01
9.89627318814860101881e-01 -6.07781841636755615355e+00 -2.53684399079331557303e+00 3.74502375607551982739e+02 -3.60590110376652317470e+00
9.89726123382337119594e-01 -6.06213516759253590038e+00 -1.70371382266114035353e-01 2.33911480179882346420e+02 -2.35426881000012189205e-01
9.89809741557942324164e-01 1.66373747195991494863e+00 -1.79071003075749572986e+01 4.12652961275048994594e+02 6.09476995413041180427e+01
9.89878172058635374952e-01 9.22687695360136217460e+00 -1.39976502209243101049e+01 3.09858764273670956868e+01 -1.23446662228082331580e+02
9.89931413834416518149e-01 9.05515853435780115888e+00 -3.95014570691610922282e+00 4.57527674131645085254e+02 4.72326210234229115770e+00
9.89969466068341796827e-01 3.32286504031293450367e+00 -9.39938040568438326616e-01 4.15157128490205238336e+01 2.12164591727271911736e+00
