00000000000000000000 4.76247147657132074983e+00 -5.76276661579581350736e-01 00000000000000000154 6.33642092252867623399e-23
3.87796733008385127034e-03 4.76877691082388910360e+00 -5.76270121138228952340e-01 1.53994771762311415841e+02 6.33312790493024361377e-04
7.75587515650285035801e-03 4.77510728820817664797e+00 -5.76262268163695745571e-01 1.53989505184948455963e+02 1.27260971313199818152e-03
1.16336639765051742812e-02 4.78146269074432961332e+00 -5.76253088497591159367e-01 1.53984200062026559408e+02 1.91790265570556252121e-03
1.55112742891650307042e-02 4.78784320083274028690e+00 -5.76242567874804101358e-01 1.53978856186998768862e+02 2.56920322337887002684e-03
1.93886465962956576481e-02 4.79424890125565816845e+00 -5.76230691922799076465e-01 1.53973473352663432934e+02 3.22652272617230360952e-03
2.32657214033622598837e-02 4.80067987517842276191e+00 -5.76217446160385060594e-01 1.53968051351147607875e+02 3.88987219989486666602e-03
2.71424392203948837421e-02 4.80713620615152059656e+00 -5.76202815997634343326e-01 1.53962589973942186816e+02 4.55926235240495039691e-03
3.10187405629012494246e-02 4.81361797811151159721e+00 -5.76186786734159683832e-01 1.53957089011865150496e+02 5.23470361484432589877e-03
3.48945659527794757593e-02 4.82012527522560407789e+00 -5.76169343652008003609e-01 1.53951548255082627747e+02 5.91620611172433922414e-03
3.87698559192307112831e-02 4.82665818253008627181e+00 -5.76150471641579842164e-01 1.53945967493098351042e+02 6.60377966172819713675e-03
4.26445509996716889956e-02 4.83321678496471118791e+00 -5.76130155761141571347e-01 1.53940346514810016743e+02 7.29743368955299530343e-03
4.65185917406470347824e-02 4.83980116802582038815e+00 -5.76108380859709723332e-01 1.53934685108367716566e+02 7.99717748184703910996e-03
5.03919186987416417578e-02 4.84641141760484206458e+00 -5.76085131673952255404e-01 1.53928983061341341454e+02 8.70301986644876103549e-03
5.42644724414926629685e-02 4.85304761998837719261e+00 -5.76060392824507161436e-01 1.53923240160628949980e+02 9.41496938602587145339e-03
5.81361935483015249138e-02 4.85970986186006914664e+00 -5.76034148815697366608e-01 1.53917456192478226740e+02 1.01330342547897595679e-02
6.20070226113456635098e-02 4.86639823030214024868e+00 -5.76006384034611906841e-01 1.53911630942488216078e+02 1.08572223531200346552e-02
6.58769002364900102542e-02 4.87311281279586161475e+00 -5.75977082747239244043e-01 1.53905764195540143646e+02 1.15875414129075256925e-02
6.97457670441984506349e-02 4.87985369722660244918e+00 -5.75946229107020979399e-01 1.53899855736024761654e+02 1.23239984030535845022e-02
7.36135636704448592660e-02 4.88662097188090349675e+00 -5.75913807141777533971e-01 1.53893905347554721175e+02 1.30666003050490999587e-02
7.74802307676239754297e-02 4.89341472545062750044e+00 -5.75879800759806603772e-01 1.53887912813133823420e+02 1.38153536554550763343e-02
8.13457090054621884123e-02 4.90023504703394596760e+00 -5.75844193747339638811e-01 1.53881877915120696798e+02 1.45702646436508247846e-02
8.52099390719276428285e-02 4.90708202613687660687e+00 -5.75806969767548415540e-01 1.53875800435229848517e+02 1.53313391087527266937e-02
8.90728616741405659907e-02 4.91395575267484741033e+00 -5.75768112359548278611e-01 1.53869680154532460392e+02 1.60985825368850435368e-02
9.29344175392829291438e-02 4.92085631697424741304e+00 -5.75727604937380288419e-01 1.53863516853457724665e+02 1.68720000588747191805e-02
9.67945474155079421674e-02 4.92778380977594387957e+00 -5.75685430797288844040e-01 1.53857310311920059576e+02 1.76515959138505602877e-02
1.00653192072849326233e-01 4.93473832223013353371e+00 -5.75641573088344626896e-01 1.53851060308887667816e+02 1.84373752699946852340e-02
1.04510292304129906449e-01 4.94171994590680974113e+00 -5.75596014849028447813e-01 1.53844766622958189828e+02 1.92293418021764056514e-02
1.08365788925870357162e-01 4.94872877279199752110e+00 -5.75548738983680641113e-01 1.53838429032016023257e+02 2.00274991364774342106e-02
1.12219622779197156226e-01 4.95576489529052910399e+00 -5.75499728266611665362e-01 1.53832047313312386905e+02 2.08318505157386105187e-02
1.16071734730750303344e-01 4.96282840622761955984e+00 -5.75448965341065155066e-01 1.53825621243467196564e+02 2.16423987946334529797e-02
1.19922065673590871882e-01 4.96991939885044509140e+00 -5.75396432718189743127e-01 1.53819150598470628211e+02 2.24591464343753023647e-02
1.23770556528107589234e-01 4.97703796682970445175e+00 -5.75342112776001557428e-01 1.53812635153685306477e+02 2.32820954970547021323e-02
1.27617148242923722501e-01 4.98418420425972996668e+00 -5.75285987745484339584e-01 1.53806074683752967758e+02 2.41112484670646422258e-02
1.31461781795802923334e-01 4.99135820566524568420e+00 -5.75228039754784759019e-01 1.53799468962931797478e+02 2.49466053340968232921e-02
1.35304398194555003387e-01 4.99856006599592639361e+00 -5.75168250766941890895e-01 1.53792817764645093348e+02 2.57881675253528765135e-02
1.39144938477940960375e-01 5.00578988063223651039e+00 -5.75106602616017537066e-01 1.53786120861758774936e+02 2.66359355062999562935e-02
1.42983343716577865345e-01 5.01304774538602071488e+00 -5.75043076997407198725e-01 1.53779378026520532785e+02 2.74899093284376276614e-02
1.46819555013843056068e-01 5.02033375650207869256e+00 -5.74977655466725412481e-01 1.53772589030561505297e+02 2.83500886254925456298e-02
1.50653513506777553266e-01 5.02764801065973010452e+00 -5.74910319438666661540e-01 1.53765753644898268249e+02 2.92164726097559161733e-02
1.54485160366989643377e-01 5.03499060497439110407e+00 -5.74841050185859514521e-01 1.53758871639935762232e+02 3.00890600685891212995e-02
1.58314436801557489876e-01 5.04236163699914197167e+00 -5.74769828837704777058e-01 1.53751942785468713737e+02 3.09678493612684027636e-02
1.62141284053930911924e-01 5.04976120472626721636e+00 -5.74696636400397808941e-01 1.53744966850684193105e+02 3.18528370518871700723e-02
1.65965643404833329555e-01 5.05718940658892179840e+00 -5.74621453679634686118e-01 1.53737943604165934630e+02 3.27440228048117704107e-02
1.69787456173162598638e-01 5.06464634146255665570e+00 -5.74544261383782006725e-01 1.53730872813893569173e+02 3.36414026648321484725e-02
1.73606663716891373994e-01 5.07213210866657782105e+00 -5.74465040058504960996e-01 1.53723754247247370586e+02 3.45449731837043916283e-02
1.77423207433967000668e-01 5.07964680796586964817e+00 -5.74383770100517332402e-01 1.53716587671009989435e+02 3.54547304544201927201e-02
1.81237028763210711313e-01 5.08719053957236688746e+00 -5.74300431756387674831e-01 1.53709372851369806767e+02 3.63706701058417597450e-02
1.85048069185216018662e-01 5.09476340414660899825e+00 -5.74215005121348154304e-01 1.53702109553922980467e+02 3.72927872972590723766e-02
1.88856270223246969220e-01 5.10236550279927758567e+00 -5.74127470138086515306e-01 1.53694797543676514806e+02 3.82210767125159070479e-02
1.92661573444134981425e-01 5.10999693702048585209e+00 -5.74037806713219245225e-01 1.53687436585056332206e+02 3.91555325618371252716e-02
1.96463920459175961364e-01 5.11765780897505262459e+00 -5.73945994243451940164e-01 1.53680026441889111766e+02 4.00961485438100298517e-02
2.00263252925025725393e-01 5.12534822106060605762e+00 -5.73852012287924151401e-01 1.53672566877713023814e+02 4.10429203472127204777e-02
2.04059512544595450523e-01 5.13306827619679317820e+00 -5.73755840229789870754e-01 1.53665057654752274630e+02 4.19958366471762656325e-02
2.07852641067946264375e-01 5.14081807777149091265e+00 -5.73657457201734000130e-01 1.53657498535321792588e+02 4.29548915236220713032e-02
2.11642580293182863693e-01 5.14859772962881745428e+00 -5.73556842204290595610e-01 1.53649889280963634519e+02 4.39200767538547379165e-02
2.15429272067346772035e-01 5.15640733607381740455e+00 -5.73453974076539862992e-01 1.53642229652654037864e+02 4.48913836114889983064e-02
2.19212658287308292948e-01 5.16424700187399210449e+00 -5.73348831494797317454e-01 1.53634519410806774431e+02 4.58688028619233592598e-02
2.22992680900658574172e-01 5.17211683226080864983e+00 -5.73241392971290397718e-01 1.53626758315276788380e+02 4.68523247580816468161e-02
2.26769281906599701193e-01 5.18001693293121157069e+00 -5.73131636852821424455e-01 1.53618946125364487898e+02 4.78419390361913277054e-02
2.30542403356835262640e-01 5.18794741004912385307e+00 -5.73019541319410352642e-01 1.53611082599819155803e+02 4.88376349120765440581e-02
2.34311987356459305865e-01 5.19590837024695506585e+00 -5.72905084382927642928e-01 1.53603167496843838080e+02 4.98394010773717116569e-02
2.38077976064844459847e-01 5.20389992062708017784e+00 -5.72788243885707482050e-01 1.53595200574099010282e+02 5.08472256965213434410e-02
2.41840311696529752794e-01 5.21192216874630176449e+00 -5.72668997575809246570e-01 1.53587181587613002876e+02 5.18610914608013812144e-02
2.45598936522107014202e-01 5.21997522268008928847e+00 -5.72547322823385607116e-01 1.53579110295819788234e+02 5.28809937797137807891e-02
2.49353792869107054875e-01 5.22805919093637250228e+00 -5.72423197013149476220e-01 1.53570986453929577920e+02 5.39069153849732612960e-02
2.53104823122884181608e-01 5.23617418251178801114e+00 -5.72296597297051623521e-01 1.53562809817454535732e+02 5.49388421785055799940e-02
2.56851969727500406560e-01 5.24432030688018002706e+00 -5.72167500650772264947e-01 1.53554580141380824898e+02 5.59767594943984883593e-02
2.60595175186608463136e-01 5.25249767399405342871e+00 -5.72035883872312633791e-01 1.53546297180175344010e+02 5.70206520921066467578e-02
2.64334382064334627582e-01 5.26070639428598596510e+00 -5.71901723580585441553e-01 1.53537960687789137637e+02 5.80705041495804888396e-02
2.68069532986158931553e-01 5.26894657867003690654e+00 -5.71764996213991349983e-01 1.53529570417661886950e+02 5.91262992562449490874e-02
2.71800570639796568173e-01 5.27721833854311039858e+00 -5.71625678028977124434e-01 1.53521126122724837160e+02 6.01880204059835124952e-02
2.75527437776076689069e-01 5.28552178578637299466e+00 -5.71483745098616990887e-01 1.53512627555407277669e+02 6.12556499884026814384e-02
2.79250077209821145896e-01 5.29385703280085095912e+00 -5.71339173207988548775e-01 1.53504074469844539408e+02 6.23291764396997072240e-02
2.82968431820721455505e-01 5.30222419238180187051e+00 -5.71191938234766438676e-01 1.53495466613709027115e+02 6.34085695783064701159e-02
2.86682444554216209198e-01 5.31062337789821192757e+00 -5.71042015612126752089e-01 1.53486803739682301284e+02 6.44938151631663653118e-02
2.90392058422365262338e-01 5.31905470318239181893e+00 -5.70889380662944811995e-01 1.53478085598268563672e+02 6.55848932233086823196e-02
2.94097216504725145203e-01 5.32751828255772785781e+00 -5.70734008518954172295e-01 1.53469311939501039888e+02 6.66817831696430440847e-02
2.97797861949222197886e-01 5.33601423083995918262e+00 -5.70575874119188974909e-01 1.53460482512946214229e+02 6.77844637904010949292e-02
3.01493937973024594967e-01 5.34454266333850114279e+00 -5.70414952208410541701e-01 1.53451597067711787759e+02 6.88929132458531712224e-02
3.05185387863413981613e-01 5.35310369585770740031e+00 -5.70251217335519755558e-01 1.53442655352451481576e+02 7.00071090643754334604e-02
3.08872154978655832913e-01 5.36169744469814890664e+00 -5.70084643851941130777e-01 1.53433657115373648594e+02 7.11270281377685831270e-02
3.12554182748867592778e-01 5.37032402665785646434e+00 -5.69915205910006328338e-01 1.53424602104246901035e+02 7.22526467175742675986e-02
3.16231414676888089588e-01 5.37898355903354907781e+00 -5.69742877461287822172e-01 1.53415490066407386394e+02 7.33839404122547250831e-02
3.19903794339143177083e-01 5.38767615954733258832e+00 -5.69567632423467973268e-01 1.53406320743962140796e+02 7.45208732908146653795e-02
3.23571265386512540996e-01 5.39640194662558503325e+00 -5.69389444051435877903e-01 1.53397093891699853430e+02 7.56634384195709330800e-02
3.27233771545193397046e-01 5.40516103900895217294e+00 -5.69208285818417203394e-01 1.53387809251879303929e+02 7.68116008007778960920e-02
3.30891256617564633036e-01 5.41395355599963590265e+00 -5.69024130859119403603e-01 1.53378466570105302935e+02 7.79653332486267836021e-02
3.34543664483048841518e-01 5.42277961740419200964e+00 -5.68836952099612935818e-01 1.53369065591576543284e+02 7.91246078807945202316e-02
3.38190939098973242238e-01 5.43163934353456756554e+00 -5.68646722255655601153e-01 1.53359606061089152718e+02 8.02893961118343740813e-02
3.41833024501430049469e-01 5.44053285520913654238e+00 -5.68453413831025433645e-01 1.53350087723042520338e+02 8.14596686446101558854e-02
3.45469864806134951962e-01 5.44946027375378072577e+00 -5.68256999115851035853e-01 1.53340510321448846298e+02 8.26353954612487062725e-02
3.49101404209284427171e-01 5.45842172100283118397e+00 -5.68057450184927925640e-01 1.53330873599936523988e+02 8.38165458141673508363e-02
3.52727586988412222802e-01 5.46741731930002750062e+00 -5.67854738896016897343e-01 1.53321177301756193856e+02 8.50030882170122181751e-02
3.56348357503244450584e-01 5.47644719161449344824e+00 -5.67648836681560520212e-01 1.53311421177216601563e+02 8.61950038105869370542e-02
3.59963660196552959203e-01 5.48551146111171394892e+00 -5.67439715318252213549e-01 1.53301604955926364937e+02 8.73922364176801663715e-02
3.63573439595008318648e-01 5.49461025176150652527e+00 -5.67227345837121532668e-01 1.53291728386006013807e+02 8.85947629826306509715e-02
3.67177640310030473092e-01 5.50374368795602730842e+00 -5.67011699207506492115e-01 1.53281791209372300955e+02 8.98025491697376915257e-02
3.70776207038639005198e-01 5.51291189460148878254e+00 -5.66792746172478656419e-01 1.53271793167615669518e+02 9.10155598934558746071e-02
3.74369084564301513041e-01 5.52211499711902131793e+00 -5.66570457247023151481e-01 1.53261734002012843803e+02 9.22337593117798365538e-02
3.77956217757780987831e-01 5.53135312144543700441e+00 -5.66344802716167383672e-01 1.53251613453535640019e+02 9.34571108218828633385e-02
3.81537551577981803863e-01 5.54062639403396595128e+00 -5.66115752633095437041e-01 1.53241431262859947537e+02 9.46855770556519482639e-02
3.85113031072793543519e-01 5.54993494185499436355e+00 -5.65883276817267799608e-01 1.53231187170378575502e+02 9.59191198740889372498e-02
3.88682601379935599439e-01 5.55927889239672179400e+00 -5.65647344852470257415e-01 1.53220880916209864608e+02 9.71577003652701609582e-02
3.92246207727797613352e-01 5.56865837366585303414e+00 -5.65407926084891210294e-01 1.53210512240213120094e+02 9.84012788395985799061e-02
3.95803795436280247966e-01 5.57807351397617079414e+00 -5.65164989936273731708e-01 1.53200080868277552781e+02 9.96497943774229955061e-02
3.99355309917634848649e-01 5.58752444274391990575e+00 -5.64918504722099701354e-01 1.53189586563769807981e+02 1.00903241385015635112e-01
4.02900696677300329540e-01 5.59701128936322600538e+00 -5.64668439317974502067e-01 1.53179029054740482252e+02 1.02161561337013179207e-01
4.06439901314739726601e-01 5.60653418391761082518e+00 -5.64414762104234801754e-01 1.53168408079946487987e+02 1.03424711120232715178e-01
4.09972869524274474706e-01 5.61609325701118589080e+00 -5.64157441214449328903e-01 1.53157723377912873275e+02 1.04692646776163744704e-01
4.13499547095918296158e-01 5.62568863976895450207e+00 -5.63896444533451002279e-01 1.53146974686940666288e+02 1.05965323493252328024e-01
4.17019879916208535686e-01 5.63532046383713858262e+00 -5.63631739695432343318e-01 1.53136161745119608213e+02 1.07242695594372175472e-01
4.20533813969036496250e-01 5.64498886140214217733e+00 -5.63363294179545337492e-01 1.53125284290332018600e+02 1.08524716547021393698e-01
4.24041295336476609101e-01 5.65469396511697919294e+00 -5.63091074915551437208e-01 1.53114342060270814727e+02 1.09811338875469399756e-01
4.27542270199613438919e-01 5.66443590820975906297e+00 -5.62815048873582024491e-01 1.53103334792434651490e+02 1.11102514262308729731e-01
4.31036684839367689737e-01 5.67421482471514071477e+00 -5.62535182285974655336e-01 1.53092262243744528405e+02 1.12398218157458276711e-01
4.34524485637320267983e-01 5.68403084835662930629e+00 -5.62251442168572257430e-01 1.53081124116938326551e+02 1.13698357174985165141e-01
4.38005619076534846723e-01 5.69388411415553807871e+00 -5.61963794302938524083e-01 1.53069920164933733986e+02 1.15002900204114605343e-01
4.41480031742379597226e-01 5.70377475741263406661e+00 -5.61672204508565364733e-01 1.53058650124804671577e+02 1.16311795515138469148e-01
4.44947670323346589072e-01 5.71370291395056550954e+00 -5.61376638337505728948e-01 1.53047313733526067381e+02 1.17624990476572863218e-01
4.48408481611869302874e-01 5.72366872011362293193e+00 -5.61077061072226324079e-01 1.53035910727985736912e+02 1.18942431549329249996e-01
4.51862412505139754426e-01 5.73367231276752242763e+00 -5.60773437723450118852e-01 1.53024440845002800415e+02 1.20264064280529131556e-01
4.55309410005922676756e-01 5.74371382929894913616e+00 -5.60465733027904811081e-01 1.53012903821334873555e+02 1.21589833302661057268e-01
4.58749421223369369116e-01 5.75379340761541602234e+00 -5.60153911446194752166e-01 1.53001299393711519770e+02 1.22919682323459705797e-01
4.62182393373828603877e-01 5.76391118614453201729e+00 -5.59837937160445053841e-01 1.52989627298833568148e+02 1.24253554129871324196e-01
4.65608273781656922807e-01 5.77406730383366273429e+00 -5.59517774072088025505e-01 1.52977887273403950985e+02 1.25591390581618528310e-01
4.69027009880027045963e-01 5.78426189962143677548e+00 -5.59193386373579404136e-01 1.52966079019807608574e+02 1.26933095141678276008e-01
4.72438549211733671562e-01 5.79449511442351816726e+00 -5.58864736389745764278e-01 1.52954202335336589158e+02 1.28278673611802868093e-01
4.75842839429999664436e-01 5.80476708831129073474e+00 -5.58531787632929876963e-01 1.52942256928763555379e+02 1.29628034594565566540e-01
4.79239828299277970114e-01 5.81507796229820161926e+00 -5.58194502865633657152e-01 1.52930242536592686520e+02 1.30981115765820721464e-01
4.82629463696053917499e-01 5.82542787791256699848e+00 -5.57852844559292293525e-01 1.52918158895360221550e+02 1.32337853782173386907e-01
4.86011693609644690461e-01 5.83581697719640590805e+00 -5.57506774892042256120e-01 1.52906005741646083607e+02 1.33698184270078790359e-01
4.89386466142997689222e-01 5.84624540270402892617e+00 -5.57156255746454220912e-01 1.52893782812076437949e+02 1.35062041816012057271e-01
4.92753729513486060654e-01 5.85671329750101232747e+00 -5.56801248707450624487e-01 1.52881489843358309599e+02 1.36429359944179207087e-01
4.96113432053704617175e-01 5.86722080516228317038e+00 -5.56441715059904584706e-01 1.52869126572262615582e+02 1.37800071113320238281e-01
4.99465522212260704116e-01 5.87776806977082699746e+00 -5.56077615786577106327e-01 1.52856692735656082505e+02 1.39174106691265869751e-01
5.02809948554567842649e-01 5.88835523665689564154e+00 -5.55708910861472560327e-01 1.52844188118857431391e+02 1.40551443085074834194e-01
5.06146659763632045248e-01 5.89898244960409368076e+00 -5.55335561895860641002e-01 1.52831612373479771350e+02 1.41931928258010847665e-01
5.09475604640841184256e-01 5.90964985481568572112e+00 -5.54957528378326903074e-01 1.52818965276330402503e+02 1.43315527828670435939e-01
5.12796732106749808544e-01 5.92035759839605724153e+00 -5.54574770052266075027e-01 1.52806246565258959436e+02 1.44702169201705033164e-01
5.16109991201863405053e-01 5.93110582694914079127e+00 -5.54187246346159678723e-01 1.52793455978348674762e+02 1.46091778711850056593e-01
5.19415331087419551714e-01 5.94189468757622218931e+00 -5.53794916371110557129e-01 1.52780593253936331166e+02 1.47484281619218920989e-01
5.22712701046168959351e-01 5.95272432787379557340e+00 -5.53397738918409265452e-01 1.52767658130645145320e+02 1.48879602101916669321e-01
5.26002050483152849836e-01 5.96359489593108538230e+00 -5.52995672456979336928e-01 1.52754650347404322019e+02 1.50277663255642901508e-01
5.29283328926479668119e-01 5.97450654032756833800e+00 -5.52588675130834539040e-01 1.52741569643478328544e+02 1.51678387091592148384e-01
5.32556486028099573815e-01 5.98545941013032312128e+00 -5.52176704756498049065e-01 1.52728415758494406873e+02 1.53081694536302687082e-01
5.35821471564576490287e-01 5.99645365384476392023e+00 -5.51759719700896988925e-01 1.52715188363939461169e+02 1.54487447504517455554e-01
5.39078235437859709656e-01 6.00748942335857538666e+00 -5.51337675566218599066e-01 1.52701887321633677175e+02 1.55895666800389742779e-01
5.42326727676051723037e-01 6.01856686832447351776e+00 -5.50910529889970579376e-01 1.52688512316174040961e+02 1.57306222803931694543e-01
5.45566898434175162613e-01 6.02968613972004874313e+00 -5.50478239162903060233e-01 1.52675063088240449360e+02 1.58719031423313172713e-01
5.48798697994937745293e-01 6.04084738899318374195e+00 -5.50040759537038903559e-01 1.52661539378904052455e+02 1.60134007359001129256e-01
5.52022076769495328996e-01 6.05205076805814901064e+00 -5.49598046823120744975e-01 1.52647940929637655927e+02 1.61551064097079810633e-01
5.55236985298212415429e-01 6.06329642929185030908e+00 -5.49150056488369786578e-01 1.52634267482347979694e+02 1.62970113881745898299e-01
5.58443374251421431609e-01 6.07458452552960537218e+00 -5.48696743653993124212e-01 1.52620518779389954034e+02 1.64391067703331172911e-01
5.61641194430179235830e-01 6.08591521006039481989e+00 -5.48238063092696181755e-01 1.52606694563557965694e+02 1.65813835285562788391e-01
5.64830396767022624438e-01 6.09728863662270370583e+00 -5.47773969226506229901e-01 1.52592794578131019989e+02 1.67238325052058128817e-01
5.68010932326720507923e-01 6.10870496089262271511e+00 -5.47304414998933230763e-01 1.52578818665068325799e+02 1.68664518519027584187e-01
5.71182752307025198846e-01 6.12016433484281918709e+00 -5.46829356108176511952e-01 1.52564766394421837958e+02 1.70092190265611231670e-01
5.74345808039421146240e-01 6.13166691475923197885e+00 -5.46348744989405221695e-01 1.52550637591787648262e+02 1.71521305529219930675e-01
5.77500050989871893670e-01 6.14321285614180556678e+00 -5.45862534624818596107e-01 1.52536432003438505944e+02 1.72951768205195144379e-01
5.80645432759564483760e-01 6.15480231491608709149e+00 -5.45370677631692446496e-01 1.52522149376361682016e+02 1.74383480936003698591e-01
5.83781905085652308429e-01 6.16643544742721871899e+00 -5.44873126259418971706e-01 1.52507789458270451632e+02 1.75816345127002920945e-01
5.86909419841995516620e-01 6.17811241043460324107e+00 -5.44369832387165408782e-01 1.52493351997675290477e+02 1.77250260920874397330e-01
5.90027929039899312613e-01 6.18983336110537418762e+00 -5.43860747520875542627e-01 1.52478836743894532901e+02 1.78685127215197192552e-01
5.93137384828850811047e-01 6.20159845700863332496e+00 -5.43345822790734289676e-01 1.52464243447131735820e+02 1.80120841649656970862e-01
5.96237739497252783316e-01 6.21340785610838697295e+00 -5.42825008948183973523e-01 1.52449571858486336851e+02 1.81557300622360334730e-01
5.99328945473155960677e-01 6.22526171459844679390e+00 -5.42298257838638719797e-01 1.52434821587363501294e+02 1.82994301166577444384e-01
6.02410955324989116910e-01 6.23716019504839280785e+00 -5.41765516843685235315e-01 1.52419992640248324278e+02 1.84431910318674285865e-01
6.05483721762286153378e-01 6.24910345478517559314e+00 -5.41226736769270133642e-01 1.52405084653629103286e+02 1.85869940506763198229e-01
6.08547197636412851018e-01 6.26109165326162298015e+00 -5.40681866840583391642e-01 1.52390097381325773540e+02 1.87308282083835708764e-01
6.11601335941289292464e-01 6.27312495028598160474e+00 -5.40130855893351191632e-01 1.52375030578118014546e+02 1.88746823962713028422e-01
6.14646089814111729055e-01 6.28520350601189914386e+00 -5.39573652370711753790e-01 1.52359883999679510680e+02 1.90185453641685431325e-01
6.17681412536071339225e-01 6.29732748093033567471e+00 -5.39010204321392571991e-01 1.52344657402663045787e+02 1.91624057144724718738e-01
6.20707257533071432576e-01 6.30949703586008858736e+00 -5.38440459397236170780e-01 1.52329350544717499361e+02 1.93062519004450594551e-01
6.23723578376441656346e-01 6.32171233193701009867e+00 -5.37864364850455412004e-01 1.52313963184440552823e+02 1.94500722263722086725e-01
6.26730328783650536550e-01 6.33397353060500556410e+00 -5.37281867531992363141e-01 1.52298495081475437019e+02 1.95938548404533147140e-01
6.29727462619016020717e-01 6.34628079677277945336e+00 -5.36692911897835633894e-01 1.52282946207033404562e+02 1.97376010647841354517e-01
6.32714933894412689952e-01 6.35863428682933573555e+00 -5.36097447503567137161e-01 1.52267315948276376503e+02 1.98812752101102357960e-01
6.35692696769977860782e-01 6.37103416569424041427e+00 -5.35495418352410212925e-01 1.52251604241906932202e+02 2.00248758490432249291e-01
6.38660705554815355534e-01 6.38348059595979577807e+00 -5.34886769643634019111e-01 1.52235810853667260290e+02 2.01683906387410682992e-01
6.41618914707695386923e-01 6.39597374047491928906e+00 -5.34271446160489493771e-01 1.52219935550803313618e+02 2.03118070898168273652e-01
6.44567278837754553678e-01 6.40851376233145852979e+00 -5.33649392266760669301e-01 1.52203978102015469176e+02 2.04551125717791132397e-01
6.47505752705191617302e-01 6.42110082485156041798e+00 -5.33020551903837125352e-01 1.52187938277511335627e+02 2.05982943151952369032e-01
6.50434291221961835561e-01 6.43373509157624301480e+00 -5.32384868588994031313e-01 1.52171815849169661305e+02 2.07413394059701633454e-01
6.53352849452468964486e-01 6.44641672625072814640e+00 -5.31742285411734738609e-01 1.52155610590523139081e+02 2.08842347926272181580e-01
6.56261382614254484835e-01 6.45914588893640928546e+00 -5.31092747274669485513e-01 1.52139322017828675371e+02 2.10269521605575770984e-01
6.59159846078685274229e-01 6.47192275064266109297e+00 -5.30436192445767895620e-01 1.52122950369065137011e+02 2.11695048593826012917e-01
6.62048195371637282491e-01 6.48474747244068971952e+00 -5.29772564551824531875e-01 1.52106495209237294830e+02 2.13118670554646505444e-01
6.64926386174179318012e-01 6.49762021871343886659e+00 -5.29101804970265376937e-01 1.52089956316806222958e+02 2.14540249833615304098e-01
6.67794374323251838099e-01 6.51054115397011390343e+00 -5.28423854643476520465e-01 1.52073333472013359824e+02 2.15959647053047071319e-01
6.70652115812345961388e-01 6.52351044282555836418e+00 -5.27738654074838220431e-01 1.52056626456683744664e+02 2.17376721216146956417e-01
6.73499566792176929120e-01 6.53652824998506432053e+00 -5.27046143328277150175e-01 1.52039835054436139217e+02 2.18791329579479554290e-01
6.76336683571358565636e-01 6.54959474022255871972e+00 -5.26346262024735445095e-01 1.52022959050489248511e+02 2.20203327733222348206e-01
6.79163422617073186949e-01 6.56271007836426711890e+00 -5.25638949341956096539e-01 1.52005998231882301752e+02 2.21612569462978470369e-01
6.81979740555738733754e-01 6.57587442926737875126e+00 -5.24924144012595794706e-01 1.51988952387404538058e+02 2.23018906725702986682e-01
6.84785594173675460361e-01 6.58908796368328886217e+00 -5.24201781087957230376e-01 1.51971821703888025468e+02 2.24422409604577433040e-01
6.87580940417768404771e-01 6.60235083597895755503e+00 -5.23471804109502336644e-01 1.51954605267602062213e+02 2.25822538572790609823e-01
6.90365736396128082397e-01 6.61566321584989047722e+00 -5.22734147819209127306e-01 1.51937303200658561764e+02 2.27219319712685496881e-01
6.93139939378748737298e-01 6.62902526811555237174e+00 -5.21988749116100492209e-01 1.51919915302646529653e+02 2.28612599875565786212e-01
6.95903506798163817848e-01 6.64243715752295127430e+00 -5.21235544439694997720e-01 1.51902441375525313561e+02 2.30002224367469698674e-01
6.98656396250099120948e-01 6.65589904872478488329e+00 -5.20474469768341552189e-01 1.51884881223830490171e+02 2.31388036935713192754e-01
7.01398565494123937825e-01 6.66941110625443833726e+00 -5.19705460617291725711e-01 1.51867234654725933751e+02 2.32769879777730420711e-01
7.04129972454298314055e-01 6.68297349450071109800e+00 -5.18928452036117371371e-01 1.51849501478097579366e+02 2.34147593599375591911e-01
7.06850575219819421413e-01 6.69658637768282982705e+00 -5.18143378607282434345e-01 1.51831681506728699560e+02 2.35521017601235810313e-01
7.09560332045664265976e-01 6.71024991235361145669e+00 -5.17350178348229827741e-01 1.51813774049464313975e+02 2.36889721590325036393e-01
7.12259201353230508857e-01 6.72396427562991760851e+00 -5.16548778016839627014e-01 1.51795779828542350742e+02 2.38254014001997582728e-01
7.14947141730974067286e-01 6.73772962486621462830e+00 -5.15739113972553009368e-01 1.51777698246266879778e+02 2.39613510940757890033e-01
7.17624111935044939337e-01 6.75154612325670733242e+00 -5.14921118953688417008e-01 1.51759529123448743348e+02 2.40968042862719278308e-01
7.20290070889919697983e-01 6.76541393367042953599e+00 -5.14094725230074711675e-01 1.51741272283591911219e+02 2.42317438330677425995e-01
7.22944977689031653689e-01 6.77933321861824733645e+00 -5.13259864602368387487e-01 1.51722927552945549223e+02 2.43661523985688077687e-01
7.25588791595399018597e-01 6.79330414021893069787e+00 -5.12416468402407621063e-01 1.51704494760571947154e+02 2.45000124455518331068e-01
7.28221472042250406176e-01 6.80732686016107724214e+00 -5.11564467491464558435e-01 1.51685973738212823037e+02 2.46333062413900044652e-01
7.30842978633645223852e-01 6.82140153966899642768e+00 -5.10703792262264144597e-01 1.51667364320512717768e+02 2.47660158392042195619e-01
7.33453271145096175054e-01 6.83552834911603390822e+00 -5.09834367747391437042e-01 1.51648667005735745761e+02 2.48981569796047075283e-01
7.36052309524184211753e-01 6.84970743145346361302e+00 -5.08956132016864515322e-01 1.51629880455844414655e+02 2.50296516052747386460e-01
7.38640053891175041301e-01 6.86393895427798650388e+00 -5.08069010063512571662e-01 1.51611005061566345375e+02 2.51605087702009788675e-01
7.41216464539629305008e-01 6.87822307663905263553e+00 -5.07172930349279016404e-01 1.51592040674912510667e+02 2.52907100368324422313e-01
7.43781501937012756720e-01 6.89255995692666090235e+00 -5.06267820857529304845e-01 1.51572987151642536219e+02 2.54202368134476330841e-01
7.46335126725303221740e-01 6.90694975283249323894e+00 -5.05353609096670042256e-01 1.51553844351750313990e+02 2.55490703308308253483e-01
7.48877299721593336912e-01 6.92139262130039867316e+00 -5.04430222096267755205e-01 1.51534612139324281088e+02 2.56771916716133918879e-01
7.51407981918692846612e-01 6.93588871848198795789e+00 -5.03497586407988917401e-01 1.51515290382876116837e+02 2.58045817679647959686e-01
7.53927134485726568869e-01 6.95043819968730058889e+00 -5.02555628107449137154e-01 1.51495878955447722092e+02 2.59312213942871516714e-01
7.56434718768730363081e-01 6.96504120664363046700e+00 -5.01604279149562293227e-01 1.51476376857498280515e+02 2.60570466300321657016e-01
7.58930696291243989116e-01 6.97969791548773521583e+00 -5.00643453460260290377e-01 1.51456785537032317279e+02 2.61821163791450428615e-01
7.61415028754902523112e-01 6.99440846816558003951e+00 -4.99673080870502828166e-01 1.51437104154410633328e+02 2.63063746901401551703e-01
7.63887678040022333192e-01 7.00917301599517283961e+00 -4.98693085623042930976e-01 1.51417332595085213143e+02 2.64298012813630522899e-01
7.66348606206187388246e-01 7.02399170916736093062e+00 -4.97703391500093572652e-01 1.51397470748785735850e+02 2.65523756532186627766e-01
7.68797775492830681721e-01 7.03886469668375536202e+00 -4.96703921825502048293e-01 1.51377518509550213821e+02 2.66740770878739430483e-01
7.71235148319813990092e-01 7.05379212628938478957e+00 -4.95694599465484608825e-01 1.51357475775539484175e+02 2.67948846608879576170e-01
7.73660687288004522699e-01 7.06877414441408991053e+00 -4.94675346839527352305e-01 1.51337342449625566587e+02 2.69147771842674021769e-01
7.76074355179848351938e-01 7.08381091004920904197e+00 -4.93646079006951954415e-01 1.51317119412937415746e+02 2.70337822221998202998e-01
7.78476114959941845051e-01 7.09890254185493230210e+00 -4.92606729650241936813e-01 1.51296804839000941456e+02 2.71517920435800697021e-01
7.80865929775599765250e-01 7.11404919345474695547e+00 -4.91557214225460614720e-01 1.51276399451356780901e+02 2.72688246198679651311e-01
7.83243762957420930348e-01 7.12925100540656853099e+00 -4.90497453309796938026e-01 1.51255903179435932771e+02 2.73848583477567408817e-01
7.85609578019850984809e-01 7.14450811659123719011e+00 -4.89427367033669513674e-01 1.51235315958163738514e+02 2.74998714930451415572e-01
7.87963338661741508062e-01 7.15982066414238982333e+00 -4.88346875090974852363e-01 1.51214637728851869269e+02 2.76138421532467870367e-01
7.90305008766907790552e-01 7.17518878336486753966e+00 -4.87255896744414440658e-01 1.51193868439494366385e+02 2.77267482571884660292e-01
7.92634552404682946047e-01 7.19061260763998522094e+00 -4.86154350821458414167e-01 1.51173008044351917079e+02 2.78385676333190390519e-01
7.94951933830468693287e-01 7.20609226834688776364e+00 -4.85042155728421020555e-01 1.51152056504906397549e+02 2.79492779544486869003e-01
7.97257117486284361263e-01 7.22162787585576726457e+00 -4.83919239112799215441e-01 1.51131012453335358714e+02 2.80587873828211376015e-01
7.99550068001312008725e-01 7.23721959106193324374e+00 -4.82785501557139062889e-01 1.51109878252788007558e+02 2.81671952828517202505e-01
8.01830750192439767332e-01 7.25286752304573578698e+00 -4.81640868094977747660e-01 1.51088652777729208765e+02 2.82744225389244818736e-01
8.04099129064801410038e-01 7.26857179406147757561e+00 -4.80485255608403549754e-01 1.51067336009320996482e+02 2.83804455390201104681e-01
8.06355169812312477795e-01 7.28433252383636009597e+00 -4.79318580604195576544e-01 1.51045927935071716774e+02 2.84852404549909510312e-01
8.08598837818206295225e-01 7.30014982944800561171e+00 -4.78140759217842270523e-01 1.51024428548234737946e+02 2.85887832792042329011e-01
8.10830098655563102916e-01 7.31602382518288241187e+00 -4.76951707284428816358e-01 1.51002837850524144869e+02 2.86910496401560355384e-01
8.13048918087839522784e-01 7.33195462261170671781e+00 -4.75751340182020310277e-01 1.50981155848840927547e+02 2.87920150011012510038e-01
8.15255262069393138447e-01 7.34794235154085484396e+00 -4.74539561844689927739e-01 1.50959384089613507740e+02 2.88917362295614432721e-01
8.17449096746005965386e-01 7.36398707901912885632e+00 -4.73316306822866572634e-01 1.50937519858544959561e+02 2.89900446610852791096e-01
8.19630388455402592029e-01 7.38008892489364409784e+00 -4.72081480485209703524e-01 1.50915564455568528501e+02 2.90869813574051616634e-01
8.21799103727767876748e-01 7.39624798798439631042e+00 -4.70834996920823145583e-01 1.50893517929225481566e+02 2.91825216253317643034e-01
8.23955209286259315782e-01 7.41246436358821192414e+00 -4.69576769933057414086e-01 1.50871380337740816913e+02 2.92766405858873257628e-01
8.26098672047518967076e-01 7.42873814332177140329e+00 -4.68306713046555411761e-01 1.50849151748756668212e+02 2.93693132326520056630e-01
8.28229459122179711983e-01 7.44506941496380747481e+00 -4.67024739506853081572e-01 1.50826832239421435133e+02 2.94605145514838850929e-01
8.30347537815371183889e-01 7.46145826232016773361e+00 -4.65730762328248115711e-01 1.50804421898605568231e+02 2.95502192991353718199e-01
8.32452875627220700849e-01 7.47790476502891632293e+00 -4.64424694276002303361e-01 1.50781920825197062186e+02 2.96384022620660214642e-01
8.34545440253351977766e-01 7.49440896876221440692e+00 -4.63106464631024783429e-01 1.50759326975606995802e+02 2.97249143606079457847e-01
8.36625199585380951994e-01 7.51097099738230777888e+00 -4.61775956303487999932e-01 1.50736644323069356233e+02 2.98099478282840724130e-01
8.38692121711408611340e-01 7.52759089236041845083e+00 -4.60433095124868463355e-01 1.50713871213955030726e+02 2.98933763642165450936e-01
8.40746174916510269348e-01 7.54426871465398818373e+00 -4.59077793268370004665e-01 1.50691007775225216392e+02 2.99751733455592084265e-01
8.42787327683222509123e-01 7.56100452013541790564e+00 -4.57709962833138195304e-01 1.50668054147093016581e+02 3.00553116743586201665e-01
8.44815548692026907496e-01 7.57779835937848655902e+00 -4.56329515870949442569e-01 1.50645010483190986861e+02 3.01337637620784415393e-01
8.46830806821829651376e-01 7.59465027732050401710e+00 -4.54936364326046727147e-01 1.50621876942135742183e+02 3.02105021586014044210e-01
8.48833071150440821029e-01 7.61156031314524561537e+00 -4.53530420138666845453e-01 1.50598653696075587050e+02 3.02854990015998026820e-01
8.50822310955046900993e-01 7.62852853418489829096e+00 -4.52111574701256291320e-01 1.50575343450907695342e+02 3.03588807330140597607e-01
8.52798495712683735093e-01 7.64555490608629106930e+00 -4.50679776225880790452e-01 1.50551941887731487668e+02 3.04303468525358999930e-01
8.54761595100703930328e-01 7.66263947767933473187e+00 -4.49234920030626982967e-01 1.50528451311979495131e+02 3.04999943445295407241e-01
8.56711578997242706457e-01 7.67978226272560693388e+00 -4.47776918051603689541e-01 1.50504871958926571551e+02 3.05677959658019804401e-01
8.58648417481679637753e-01 7.69698326799917342811e+00 -4.46305682375169043841e-01 1.50481204083347790856e+02 3.06337241420929662361e-01
8.60572080835097841245e-01 7.71424249289783059425e+00 -4.44821125207818357516e-01 1.50457447952512580969e+02 3.06977514723164757182e-01
8.62482539540740500428e-01 7.73155992921345358582e+00 -4.43323158964842700680e-01 1.50433603852021946068e+02 3.07598503729346939295e-01
8.64379764284463170121e-01 7.74893556075133549399e+00 -4.41811696245246632309e-01 1.50409672081216115203e+02 3.08199935817461745380e-01
8.66263725955183860883e-01 7.76636932344596075950e+00 -4.40286675772703917087e-01 1.50385649982746087971e+02 3.08779558758216887693e-01
8.68134395645329126623e-01 7.78386125548914176164e+00 -4.38747965332284772799e-01 1.50361543236144029834e+02 3.09340571632166883020e-01
8.69991744651278930966e-01 7.80141128157840935131e+00 -4.37195499388561503729e-01 1.50337349700987715551e+02 3.09881103372677879637e-01
8.71835744473805518417e-01 7.81901935019827298845e+00 -4.35629192261434372568e-01 1.50313069738227113703e+02 3.10400854558700201036e-01
8.73666366818512285519e-01 7.83668539994270130222e+00 -4.34048958667147599666e-01 1.50288703715191104493e+02 3.10899531456392985707e-01
8.75483583596266101701e-01 7.85440935931916772716e+00 -4.32454713935277235137e-01 1.50264252021817128480e+02 3.11376834057574769510e-01
8.77287366923630518301e-01 7.87219114617362603070e+00 -4.30846373974930030304e-01 1.50239715059201415670e+02 3.11832463145138849558e-01
8.79077689123291206030e-01 7.89003066739127500995e+00 -4.29223855401473231019e-01 1.50215093250678364711e+02 3.12266115575725866638e-01
8.80854522724482724705e-01 7.90792786425549465434e+00 -4.27587042519808002705e-01 1.50190390550532356428e+02 3.12680068642312847249e-01
8.82617840463408520613e-01 7.92588253778084883550e+00 -4.25935911902544594998e-01 1.50165601116727287945e+02 3.13069461664091885922e-01
8.84367615283660701841e-01 7.94389459729977076563e+00 -4.24270355623853567817e-01 1.50140728357328356424e+02 3.13436090491551799797e-01
8.86103820336633374311e-01 7.96196390118335450836e+00 -4.22590293463768251758e-01 1.50115772798362428375e+02 3.13779665835022980591e-01
8.87826428981936643936e-01 7.98009029430466387822e+00 -4.20895646174969273456e-01 1.50090734987278580093e+02 3.14099902871381730929e-01
8.89535414787803402348e-01 7.99827360754853255997e+00 -4.19186335643181862132e-01 1.50065615499451524784e+02 3.14396515608042104173e-01
8.91230751531496778739e-01 8.01651365715467889572e+00 -4.17462284914232040212e-01 1.50040414933585907420e+02 3.14669221851648417410e-01
8.92912413199710819356e-01 8.03481024417115818892e+00 -4.15723418323303339772e-01 1.50015133917873896507e+02 3.14917740704682258546e-01
8.94580373988970722898e-01 8.05316310076989694267e+00 -4.13969704454177578334e-01 1.49989768961309835049e+02 3.15138374233179474615e-01
8.96234608306028635027e-01 8.07157209097216998828e+00 -4.12200994658077746191e-01 1.49964328195855216563e+02 3.15336882428028153491e-01
8.97875090768255890161e-01 8.09003692181797262606e+00 -4.10417252807737331644e-01 1.49938808873200912331e+02 3.15510200437948640229e-01
8.99501796204032810778e-01 8.10855732646099269800e+00 -4.08618409830942663774e-01 1.49913211714557974119e+02 3.15658021175982517192e-01
9.01114699653134842983e-01 8.12713301915279373588e+00 -4.06804398383220855440e-01 1.49887537459154600583e+02 3.15780048111081568241e-01
9.02713776367115805499e-01 8.14576369474003669779e+00 -4.04975153283366196000e-01 1.49861786889246843657e+02 3.15875971209219008617e-01
9.04299001809687252873e-01 8.16444902760834168021e+00 -4.03130611476865519105e-01 1.49835960813717349538e+02 3.15945480483663720950e-01
9.05870351657095174147e-01 8.18318867079772260809e+00 -4.01270712145538888116e-01 1.49810060068458881233e+02 3.15988268764711532910e-01
9.07427801798493138818e-01 8.20198231567056801339e+00 -3.99395341161766670446e-01 1.49784090373801859641e+02 3.16008593755040145812e-01
9.08971328336312445195e-01 8.22082946064123554208e+00 -3.97504541520191712056e-01 1.49758043893126824742e+02 3.15998073727810135924e-01
9.10500907586628160928e-01 8.23972974024648685543e+00 -3.95598214704804940212e-01 1.49731925645273349801e+02 3.15960115429211207960e-01
9.12016516079523720251e-01 8.25868271302258172284e+00 -3.93676309931883905424e-01 1.49705736627867992183e+02 3.15894467697981906618e-01
9.13518130559449748063e-01 8.27768791116794133700e+00 -3.91738779696152783494e-01 1.49679477876158529170e+02 3.15800866769405774725e-01
9.15005727985581884809e-01 8.29674483959111697118e+00 -3.89785580223337257966e-01 1.49653150481478292022e+02 3.15679015109770422232e-01
9.16479285532173615358e-01 8.31585297470775230977e+00 -3.87816670394175666559e-01 1.49626755592557231012e+02 3.15528686896421939334e-01
9.17938780588907099478e-01 8.33501176279237476763e+00 -3.85832013288394670703e-01 1.49600294387189649115e+02 3.15349618872780568246e-01
9.19384190761239561418e-01 8.35422055074571368039e+00 -3.83831648116758294975e-01 1.49573762482017286857e+02 3.15135468379222793978e-01
9.20815493870747459049e-01 8.37347884438854528355e+00 -3.81815417244742882907e-01 1.49547171295044364570e+02 3.14896804586532463865e-01
9.22232667955466323129e-01 8.39278593435069097950e+00 -3.79783355443816417196e-01 1.49520517422382340555e+02 3.14628405410431799538e-01
9.23635691270227932037e-01 8.41214113311094635606e+00 -3.77735443427788586401e-01 1.49493802232828784327e+02 3.14329984321239985778e-01
9.25024542286994155837e-01 8.43154371558370385742e+00 -3.75671666671798631931e-01 1.49467027124989272124e+02 3.14001275805822932519e-01
9.26399199695186803538e-01 8.45099291788737616571e+00 -3.73592016105154745009e-01 1.49440193568414770198e+02 3.13642002597956714993e-01
9.27759642402015138885e-01 8.47048793504923835940e+00 -3.71496488052365625432e-01 1.49413303061408299754e+02 3.13251906689949510820e-01
9.29105849532799177304e-01 8.49002791987222593661e+00 -3.69385085102027888038e-01 1.49386357196005405967e+02 3.12830704260822711760e-01
9.30437800431290207293e-01 8.50961205478835402971e+00 -3.67257722448466106258e-01 1.49359363921881197257e+02 3.12386259606566296654e-01
9.31755474659987315000e-01 8.52923926574791657629e+00 -3.65114581866335274896e-01 1.49332313475847229256e+02 3.11903879609912448867e-01
9.33058852000451910413e-01 8.54890862846077936865e+00 -3.62955608450981181967e-01 1.49305212969274606394e+02 3.11389989878134432200e-01
9.34347912453616813444e-01 8.56861910487698885674e+00 -3.60780831548406233367e-01 1.49278064278164464440e+02 3.10844381673759717621e-01
9.35622636240093785709e-01 8.58836960334529742056e+00 -3.58590288004983437364e-01 1.49250869341837869797e+02 3.10266876958574799872e-01
9.36883003800477065504e-01 8.60815897589131218126e+00 -3.56384022605249317639e-01 1.49223630144359816541e+02 3.09657335221357965516e-01
9.38128995795643128019e-01 8.62798601717698510072e+00 -3.54162089783697342504e-01 1.49196348859898989758e+02 3.09015546918669725684e-01
9.39360593107047781025e-01 8.64784945907461377601e+00 -3.51924552091259612574e-01 1.49169027620680253676e+02 3.08341410212387811995e-01
9.40577776837019263745e-01 8.66774789251151567271e+00 -3.49671601487974770262e-01 1.49141661927685049704e+02 3.07624051666260722726e-01
9.41780528309048348135e-01 8.68768005923390695955e+00 -3.47403107435800717617e-01 1.49114266464127581457e+02 3.06882547581235454182e-01
9.42968829068074665400e-01 8.70764442439856267697e+00 -3.45119263379893292942e-01 1.49086838009637631330e+02 3.06107865309866111758e-01
9.44142660880770479004e-01 8.72763944369415689550e+00 -3.42820175148738692794e-01 1.49059379071663101968e+02 3.05299877995921009610e-01
9.45302005735819794729e-01 8.74766349601326176355e+00 -3.40505961493273001661e-01 1.49031892331635930304e+02 3.04458405680424537554e-01
9.46446845844195028263e-01 8.76771487789455683526e+00 -3.38176753082293446440e-01 1.49004380484881835400e+02 3.03583367695122285923e-01
9.47577163639429898012e-01 8.78779180105650681298e+00 -3.35832695012754978148e-01 1.48976846382970649074e+02 3.02674623209264859192e-01
9.48692941777889098276e-01 8.80789238723949097221e+00 -3.33473946078327199150e-01 1.48949292946545199356e+02 3.01732107984612474283e-01
9.49794163139034308685e-01 8.82801474500922900290e+00 -3.31100535850689381423e-01 1.48921730562263945785e+02 3.00769339239422506260e-01
9.50880810825686872967e-01 8.84815665932120687387e+00 -3.28712916468796412239e-01 1.48894149303281608354e+02 2.99761758748422368903e-01
9.51952868164287147046e-01 8.86831602391628592841e+00 -3.26311173743728755170e-01 1.48866558605488393141e+02 2.98720678786375870573e-01
9.53010318705150072383e-01 8.88849053498722696531e+00 -3.23895517339418126390e-01 1.48838959860694984627e+02 2.97647531752909033642e-01
9.54053146222718195801e-01 8.90867786739791611694e+00 -3.21466238319741970386e-01 1.48811363482706269679e+02 2.96537951113969966421e-01
9.55081334715809804337e-01 8.92887543471072397949e+00 -3.19023551560633833457e-01 1.48783766450763181410e+02 2.95396542464788691706e-01
9.56094868407865283721e-01 8.94908062453236397005e+00 -3.16567767438203917507e-01 1.48756175455096780524e+02 2.94220984395241802467e-01
9.57093731747188369852e-01 8.96929067126833068357e+00 -3.14099193360894479721e-01 1.48728595305649179181e+02 2.93011344750066793363e-01
9.58077909407185845936e-01 8.98950255001984288583e+00 -3.11618274905348158210e-01 1.48701019336977594776e+02 2.91756341465913171529e-01
9.59047386286601133421e-01 9.00971338933304899399e+00 -3.09125131066388003642e-01 1.48673469711073465760e+02 2.90479410770274781850e-01
9.60002147509747882914e-01 9.02991989770803549220e+00 -3.06620258256963817978e-01 1.48645943232249663879e+02 2.89169467251807699171e-01
9.60942178426736681729e-01 9.05011870799945761235e+00 -3.04104066882694701324e-01 1.48618444987145892355e+02 2.87826609076562656142e-01
9.61867464613700540177e-01 9.07030649318912018941e+00 -3.01577232153796170877e-01 1.48591001534938129680e+02 2.86427612615690774245e-01
9.62777991873016381064e-01 9.09047890765812205416e+00 -2.99039513876981633000e-01 1.48563553855162950867e+02 2.85043045011711848602e-01
9.63673746233522310334e-01 9.11063231370402704101e+00 -2.96491611230487783768e-01 1.48536133594136316560e+02 2.83654454628931518290e-01
9.64554713950732445227e-01 9.13076351210714776130e+00 -2.93935358123393553065e-01 1.48508839852786763913e+02 2.82131137257525532736e-01
9.65420881507047634607e-01 9.15086710153835625192e+00 -2.91369796407033088137e-01 1.48481564459953659707e+02 2.80627525122060850205e-01
9.66272235611963070667e-01 9.17093898856819755849e+00 -2.88795804130518751762e-01 1.48454357142079999221e+02 2.79117917849473373693e-01
9.67108763202271903836e-01 9.19097435717517718956e+00 -2.86214483401548314134e-01 1.48427217434592819245e+02 2.77555930765681968531e-01
9.67930451442265749051e-01 9.21096801281098542802e+00 -2.83626185097955563208e-01 1.48400128848581971397e+02 2.75977272682180141405e-01
9.68737287723931861372e-01 9.23091556143141467317e+00 -2.81032067866289536617e-01 1.48373187080793655923e+02 2.74339306345198929993e-01
9.69529259667146536827e-01 9.25081032512085243980e+00 -2.78432351351142748364e-01 1.48346272850753337025e+02 2.72700484305598733759e-01
9.70306355119864738512e-01 9.27064586536826062968e+00 -2.75827154134428098597e-01 1.48319318402296858039e+02 2.71138064076919982348e-01
9.71068562158306947119e-01 9.29042046066705573537e+00 -2.73220494953032466690e-01 1.48292803682868935766e+02 2.69321612678841637578e-01
9.71815869087142014671e-01 9.31012304066413776127e+00 -2.70610000302710984599e-01 1.48266222738379042312e+02 2.67601773620777638740e-01
9.72548264439666687586e-01 9.32974866574361527682e+00 -2.67998114436415801887e-01 1.48239772709119023375e+02 2.65825331272660725368e-01
9.73265736977981354983e-01 9.34929084375407803975e+00 -2.65385713998225303278e-01 1.48213518397359564460e+02 2.64013301475182093903e-01
9.73968275693162355289e-01 9.36874032764335495926e+00 -2.62773057593229164564e-01 1.48187255327504090019e+02 2.62259792829789395441e-01
9.74655869805431618325e-01 9.38809213591651747777e+00 -2.60162764867243934130e-01 1.48161299226939860318e+02 2.60410272123579311643e-01
9.75328508764321089330e-01 9.40733620757020361225e+00 -2.57555060223378762263e-01 1.48135435942094034090e+02 2.58578145661456149096e-01
9.75986182248835265618e-01 9.42646487300865310033e+00 -2.54951737836441594265e-01 1.48109766718216292247e+02 2.56713218268820986268e-01
9.76628880167609847440e-01 9.44546910735326861186e+00 -2.52354080340422282092e-01 1.48084285455477782989e+02 2.54830057057596370829e-01
9.77256592659065281836e-01 9.46433960997510581592e+00 -2.49763536403857039359e-01 1.48059003430471904039e+02 2.52933799915235679734e-01
9.77869310091559640341e-01 9.48306249819571256410e+00 -2.47179790219077433200e-01 1.48033440644565132516e+02 2.51240228146722310854e-01
9.78467023063535390470e-01 9.50163900410224471216e+00 -2.44609728878001059238e-01 1.48008965694206381158e+02 2.49153669744266115238e-01
9.79049722403663946757e-01 9.52004983077812738657e+00 -2.42050874518250608292e-01 1.47984571214765452396e+02 2.47155970205850256116e-01
9.79617399170986558055e-01 9.53828283339562332799e+00 -2.39505041665007606388e-01 1.47960146852474821344e+02 2.45251278233234615289e-01
9.80170044655051198035e-01 9.55632907934404407513e+00 -2.36975071388762975610e-01 1.47936033862769107827e+02 2.43336883834678496807e-01
9.80707650376046569107e-01 9.57417670519802754825e+00 -2.34463513561098041427e-01 1.47912287481200536376e+02 2.41349796021434415128e-01
9.81230208084931665447e-01 9.59181204172971213495e+00 -2.31971672991350436055e-01 1.47888803613568114770e+02 2.39389624428975322790e-01
9.81737709763563226595e-01 9.60922216386288141621e+00 -2.29501959698877849858e-01 1.47865637336533893631e+02 2.37436154580165037498e-01
9.82230147624817750973e-01 9.62639364336162728364e+00 -2.27056941471178608261e-01 1.47842851547841632964e+02 2.35461737214401722884e-01
9.82707514112711733034e-01 9.64331112337951701363e+00 -2.24638501655242822652e-01 1.47820334374528783883e+02 2.33535989102216817725e-01
9.83169801902517237480e-01 9.65996035322056556538e+00 -2.22249539962687397976e-01 1.47798186187852422790e+02 2.31617040703248816547e-01
9.83617003900874475875e-01 9.67632522984768250751e+00 -2.19892258444902288783e-01 1.47776341153441052256e+02 2.29763594269084631128e-01
9.84049113245900386460e-01 9.69240549079230007123e+00 -2.17576520355297564624e-01 1.47756897776215339491e+02 2.27077692569663841526e-01
9.84466123307294216360e-01 9.70817122378722530129e+00 -2.15300058309207426044e-01 1.47738151705852942541e+02 2.24190882409202152381e-01
9.84868027686439440060e-01 9.72362126750943112086e+00 -2.13062077185631443266e-01 1.47722251203815261533e+02 2.21634393724948530746e-01
9.85254820216501125962e-01 9.73864033460937861264e+00 -2.10866134144851141707e-01 1.47696117015234563041e+02 2.19153032725594304475e-01
9.85626494962521304544e-01 9.75315891670321555296e+00 -2.08624491065929368316e-01 1.47652310467368067748e+02 2.29003978257494245074e-01
9.85983046221510006646e-01 9.76709636934048042178e+00 -2.06373380686712987186e-01 1.47581937862439929177e+02 2.46861822623051868630e-01
9.86324468522532193937e-01 9.78022957404526493974e+00 -2.03106704566577395132e-01 1.47454024375938359981e+02 4.12165646840027599662e-01
9.86650756626792246884e-01 9.79491823234035230428e+00 -2.02504125710999016707e-01 1.47606658967100969448e+02 2.20733769267652230051e-01
9.86961905527714344899e-01 9.80942278839442316496e+00 -2.01527194714291063571e-01 1.47798582844868889197e+02 8.79764059996878955427e-02
9.87257910451019071729e-01 9.82345609240032047182e+00 -1.99718437703534645866e-01 1.47991649801472505033e+02 8.01246231020909943643e-02
9.87538766854796246086e-01 9.83238216786958219018e+00 -1.96821751569691838490e-01 1.47526131183683446579e+02 2.27090683489070799261e-01
9.87804470429575864898e-01 9.84393683092928739597e+00 -1.94843475600392945779e-01 1.47507204692766151766e+02 2.61397270393105840558e-01
9.88055017098393051356e-01 9.85442648894376205249e+00 -1.93027122541179707582e-01 1.47410950073338909760e+02 2.82452962096122084379e-01
9.88290403016850893536e-01 9.86198737299910632714e+00 -1.90682963293087259782e-01 1.46964755152201519195e+02 3.87359849487748097996e-01
9.88510624573179952357e-01 9.87408556152569616415e+00 -1.89743079374072004528e-01 1.47267135776865501384e+02 3.10127865712319206182e-01
9.88715678388292773526e-01 9.88477241397345629537e+00 -1.88948383765353611352e-01 1.47452282675746175755e+02 2.21351826088509950896e-01
9.88905561315836734160e-01 9.89581357325451804741e+00 -1.88377421930880584178e-01 1.47783588249968005357e+02 1.13709887873502099587e-01
9.89080270442241449302e-01 9.90324696195562559353e+00 -1.87003546922321461921e-01 1.47670891751759086219e+02 1.32041428823225337474e-01
9.89239803086764180051e-01 9.90963124367774739198e+00 -1.85460192876822083097e-01 1.47495700716060355262e+02 1.89589569418521342037e-01
9.89384156801530467717e-01 9.91608394059783648800e+00 -1.84280712610510155613e-01 1.47429957261623059139e+02 2.09312818110810566763e-01
9.89513329371571881410e-01 9.92249550017911374766e+00 -1.83441990108607289045e-01 1.47461064240143684856e+02 1.94314133252532522667e-01
9.89627318814860101881e-01 9.92904074065556763173e+00 -1.83063847278877062097e-01 1.47619365627094737192e+02 1.26747619029426883408e-01
9.89726123382337119594e-01 9.93602195601343751719e+00 -1.83572944601547272114e-01 1.47955259060797260418e+02 -5.78532788719310908654e-02
9.89809741557942324164e-01 9.94863521840903608506e+00 -1.84531137420045232567e-01 1.49265303591992136489e+02 -2.79059110651889930033e-01
9.89878172058635374952e-01 9.94491636458521632846e+00 -1.83064096959610872473e-01 1.48181500031859542332e+02 -1.51611511868765314048e-01
9.89931413834416518149e-01 9.95197539820722276716e+00 -1.86296001737259520059e-01 1.48874354768198600141e+02 -6.99045340727362574107e-01
9.89969466068341796827e-01 9.95770579156454260783e+00 -1.89362380165968041679e-01 1.49477886659964383398e+02 -1.20474268132230677431e+00
