00000000000000000000 -4.76247147664096726061e+00 -5.76276661471468831799e-01 00000000000000000154 -2.50404756281305173793e-21
3.87796733008385127034e-03 -4.76190422463222251537e+00 -5.76276556625047509108e-01 1.54000433740977456409e+02 4.75358412697861790305e-05
7.75587515650285035801e-03 -4.76134664589682810032e+00 -5.76275172493253773354e-01 1.54000787884174144438e+02 7.55427897526052342632e-05
1.16336639765051742812e-02 -4.76079873624375693453e+00 -5.76272510707883878212e-01 1.54001062485668967383e+02 8.40276214582189382015e-05
1.55112742891650307042e-02 -4.76026049128711026270e+00 -5.76268572858152361427e-01 1.54001257604484180774e+02 7.29984248505861568626e-05
1.93886465962956576481e-02 -4.75973190644410681927e+00 -5.76263360487168974089e-01 1.54001373302436491031e+02 4.24643646736578604466e-05
2.32657214033622598837e-02 -4.75921297693862310751e+00 -5.76256875097835741251e-01 1.54001409644346267669e+02 -7.56394932755442415717e-06
2.71424392203948837421e-02 -4.75870369779790358677e+00 -5.76249118146406447138e-01 1.54001366697808890649e+02 -7.70748872023709915126e-05
3.10187405629012494246e-02 -4.75820406385555383366e+00 -5.76240091048509706084e-01 1.54001244533372869228e+02 -1.66055422456329326592e-04
3.48945659527794757593e-02 -4.75771406974996224903e+00 -5.76229795175321357625e-01 1.54001043224424421396e+02 -2.74491389389772621425e-04
3.87698559192307112831e-02 -4.75723370992526373158e+00 -5.76218231855732621050e-01 1.54000762847238235054e+02 -4.02367355199445802649e-04
4.26445509996716889956e-02 -4.75676297863004116095e+00 -5.76205402372035990766e-01 1.54000403480883448992e+02 -5.49666909253959537832e-04
4.65185917406470347824e-02 -4.75630186992090386866e+00 -5.76191307971646526909e-01 1.53999965207446166460e+02 -7.16371921777823276317e-04
5.03919186987416417578e-02 -4.75585037765845797253e+00 -5.76175949853720670291e-01 1.53999448111763371116e+02 -9.02463416437982671875e-04
5.42644724414926629685e-02 -4.75540849550923283573e+00 -5.76159329174857126610e-01 1.53998852281541644516e+02 -1.10792121686315091049e-03
5.81361935483015249138e-02 -4.75497621694632233158e+00 -5.76141447053601818418e-01 1.53998177807395336458e+02 -1.33272366953905837747e-03
6.20070226113456635098e-02 -4.75455353524802060150e+00 -5.76122304563429499247e-01 1.53997424782757093453e+02 -1.57684810936369523490e-03
6.58769002364900102542e-02 -4.75414044349849351789e+00 -5.76101902736242177383e-01 1.53996593303921088136e+02 -1.84027064763358214929e-03
6.97457670441984506349e-02 -4.75373693458772361708e+00 -5.76080242564018685236e-01 1.53995683470040916063e+02 -2.12296608036609832718e-03
7.36135636704448592660e-02 -4.75334300121120989502e+00 -5.76057324996104180848e-01 1.53994695383113764819e+02 -2.42490807697115246661e-03
7.74802307676239754297e-02 -4.75295863586998024175e+00 -5.76033150941079985508e-01 1.53993629147986013095e+02 -2.74606907462857574229e-03
8.13457090054621884123e-02 -4.75258383087043068116e+00 -5.76007721266608152533e-01 1.53992484872349422176e+02 -3.08642030324361282129e-03
8.52099390719276428285e-02 -4.75221857832416993972e+00 -5.75981036799652845737e-01 1.53991262666739203269e+02 -3.44593178665320932011e-03
8.90728616741405659907e-02 -4.75186287014783026450e+00 -5.75953098326708268218e-01 1.53989962644531743763e+02 -3.82457234350569311512e-03
9.29344175392829291438e-02 -4.75151669806286669484e+00 -5.75923906594042800400e-01 1.53988584921943186146e+02 -4.22230958772911325189e-03
9.67945474155079421674e-02 -4.75118005359537232124e+00 -5.75893462303257996915e-01 1.53987129618029968015e+02 -4.63911022997331827511e-03
1.00653192072849326233e-01 -4.75085292807563419615e+00 -5.75861766127212848509e-01 1.53985596854675918621e+02 -5.07493907125580734352e-03
1.04510292304129906449e-01 -4.75053531263812356400e+00 -5.75828818689726573687e-01 1.53983986756606725521e+02 -5.52976032417272934244e-03
1.08365788925870357162e-01 -4.75022719822101979759e+00 -5.75794620578007343425e-01 1.53982299451377855348e+02 -6.00353683114410521804e-03
1.12219622779197156226e-01 -4.74992857556592795731e+00 -5.75759172340161495818e-01 1.53980535069375548574e+02 -6.49623024294320328825e-03
1.16071734730750303344e-01 -4.74963943521752440802e+00 -5.75722474485442670122e-01 1.53978693743815057360e+02 -7.00780102001406605960e-03
1.19922065673590871882e-01 -4.74935976752369537479e+00 -5.75684527479782937043e-01 1.53976775610771937863e+02 -7.53820873823011616127e-03
1.23770556528107589234e-01 -4.74908956263333248415e+00 -5.75645331762431378131e-01 1.53974780809065322273e+02 -8.08741103881118264529e-03
1.27617148242923722501e-01 -4.74882881049834537635e+00 -5.75604887724354252754e-01 1.53972709480411936056e+02 -8.65536503481906596691e-03
1.31461781795802923334e-01 -4.74857750087173613451e+00 -5.75563195721679354833e-01 1.53970561769330458901e+02 -9.24202646706055556958e-03
1.35304398194555003387e-01 -4.74833562330747227520e+00 -5.75520256072961644556e-01 1.53968337823161846245e+02 -9.84734989959904633006e-03
1.39144938477940960375e-01 -4.74810316715998848025e+00 -5.75476069059463468669e-01 1.53966037792068192402e+02 -1.04712887217710652610e-02
1.42983343716577865345e-01 -4.74788012158444416855e+00 -5.75430634921747841126e-01 1.53963661829080876942e+02 -1.11137953877070653347e-02
1.46819555013843056068e-01 -4.74766647553343723587e+00 -5.75383953873008335833e-01 1.53961210089923611122e+02 -1.17748205811924640252e-02
1.50653513506777553266e-01 -4.74746221776017485183e+00 -5.75336026081720852687e-01 1.53958682733250697083e+02 -1.24543143511087559677e-02
1.54485160366989643377e-01 -4.74726733681559753819e+00 -5.75286851682683231246e-01 1.53956079920499661284e+02 -1.31522254241440202799e-02
1.58314436801557489876e-01 -4.74708182104830811454e+00 -5.75236430774845430847e-01 1.53953401815924337370e+02 -1.38685013662957386249e-02
1.62141284053930911924e-01 -4.74690565860392421627e+00 -5.75184763421619615897e-01 1.53950648586593814571e+02 -1.46030885854138078872e-02
1.65965643404833329555e-01 -4.74673883742519464590e+00 -5.75131849648773063599e-01 1.53947820402440470389e+02 -1.53559324894006563739e-02
1.69787456173162598638e-01 -4.74658134524856656355e+00 -5.75077689453426965649e-01 1.53944917436083756002e+02 -1.61269769321604021506e-02
1.73606663716891373994e-01 -4.74643316960724881426e+00 -5.75022282792526873152e-01 1.53941939863070018646e+02 -1.69161649768813475425e-02
1.77423207433967000668e-01 -4.74629429782816814054e+00 -5.74965629590450610920e-01 1.53938887861723969763e+02 -1.77234384322994820149e-02
1.81237028763210711313e-01 -4.74616471703175513142e+00 -5.74907729737656691960e-01 1.53935761613182364727e+02 -1.85487379637866919846e-02
1.85048069185216018662e-01 -4.74604441413117772441e+00 -5.74848583091032261372e-01 1.53932561301393633357e+02 -1.93920030962233501393e-02
1.88856270223246969220e-01 -4.74593337583153651593e+00 -5.74788189474241262289e-01 1.53929287113117169383e+02 -2.02531722169698204239e-02
1.92661573444134981425e-01 -4.74583158862904674891e+00 -5.74726548678083926092e-01 1.53925939237923188330e+02 -2.11321825787429973253e-02
1.96463920459175961364e-01 -4.74573903881019809603e+00 -5.74663660460860259427e-01 1.53922517868192016977e+02 -2.20289703026220404225e-02
2.00263252925025725393e-01 -4.74565571245239592457e+00 -5.74599524545064577197e-01 1.53919023199210556641e+02 -2.29434706166574131636e-02
2.04059512544595450523e-01 -4.74558159541754776001e+00 -5.74534140631152157042e-01 1.53915455428818461314e+02 -2.38756170007501829222e-02
2.07852641067946264375e-01 -4.74551667335881877108e+00 -5.74467508379394975471e-01 1.53911814757898440575e+02 -2.48253423773462898738e-02
2.11642580293182863693e-01 -4.74546093171493410523e+00 -5.74399627421756431289e-01 1.53908101390071379910e+02 -2.57925783784683400335e-02
2.15429272067346772035e-01 -4.74541435571033431984e+00 -5.74330497359600622431e-01 1.53904315531767508674e+02 -2.67772555212648123713e-02
2.19212658287308292948e-01 -4.74537693035419394505e+00 -5.74260117764091471138e-01 1.53900457392226314823e+02 -2.77793032113318044685e-02
2.22992680900658574172e-01 -4.74534864043942583578e+00 -5.74188488176609390656e-01 1.53896527183496772295e+02 -2.87986497460716271701e-02
2.26769281906599701193e-01 -4.74532947054164111478e+00 -5.74115608109161623673e-01 1.53892525120436829411e+02 -2.98352223180852506312e-02
2.30542403356835262640e-01 -4.74531940501811000388e+00 -5.74041477044814341113e-01 1.53888451420713948892e+02 -3.08889470185787148870e-02
2.34311987356459305865e-01 -4.74531842800668535176e+00 -5.73966094438118412668e-01 1.53884306304804908905e+02 -3.19597488408159061124e-02
2.38077976064844459847e-01 -4.74532652342756833264e+00 -5.73889459709938654086e-01 1.53880089996178952561e+02 -3.30475520431626132445e-02
2.41840311696529752794e-01 -4.74534367497158005023e+00 -5.73811572268640102124e-01 1.53875802720619560660e+02 -3.41522788247356906544e-02
2.45598936522107014202e-01 -4.74536986611331279562e+00 -5.73732431481495552816e-01 1.53871444707175811573e+02 -3.52738511857925013393e-02
2.49353792869107054875e-01 -4.74540508010296502306e+00 -5.73652036693459321803e-01 1.53867016187566548524e+02 -3.64121897703796326695e-02
2.53104823122884181608e-01 -4.74544929996389530658e+00 -5.73570387223113820063e-01 1.53862517396321464958e+02 -3.75672141437431994504e-02
2.56851969727500406560e-01 -4.74550250849370947037e+00 -5.73487482363301270816e-01 1.53857948570781445596e+02 -3.87388427961922604537e-02
2.60595175186608463136e-01 -4.74556468826245492210e+00 -5.73403321381575015181e-01 1.53853309951098935926e+02 -3.99269931469332581275e-02
2.64334382064334627582e-01 -4.74563582161136832127e+00 -5.73317903520695004715e-01 1.53848601780238254833e+02 -4.11315815480215521416e-02
2.68069532986158931553e-01 -4.74571589065159926690e+00 -5.73231227999129733242e-01 1.53843824303976163037e+02 -4.23525232882480118235e-02
2.71800570639796568173e-01 -4.74580487726290822792e+00 -5.73143294011570714197e-01 1.53838977770902374687e+02 -4.35897325971761340213e-02
2.75527437776076689069e-01 -4.74590276309651315501e+00 -5.73054100722704795601e-01 1.53834062432685612976e+02 -4.48431230802529487423e-02
2.79250077209821145896e-01 -4.74600952955816435264e+00 -5.72963647292895950081e-01 1.53829078543080214558e+02 -4.61126061153195043740e-02
2.82968431820721455505e-01 -4.74612515782877419923e+00 -5.72871932843295850191e-01 1.53824026359330588321e+02 -4.73980931215990872185e-02
2.86682444554216209198e-01 -4.74624962884916268280e+00 -5.72778956478681378073e-01 1.53818906141286532829e+02 -4.86994941386571303377e-02
2.90392058422365262338e-01 -4.74638292332192968104e+00 -5.72684717282732735910e-01 1.53813718151614096996e+02 -5.00167181684668948893e-02
2.94097216504725145203e-01 -4.74652502171003298770e+00 -5.72589214318594219577e-01 1.53808462655796176932e+02 -5.13496731798198796648e-02
2.97797861949222197886e-01 -4.74667590423531926547e+00 -5.72492446629454088125e-01 1.53803139922133311757e+02 -5.26982661127400608958e-02
3.01493937973024594967e-01 -4.74683555087705766340e+00 -5.72394413239126209625e-01 1.53797750221744536248e+02 -5.40624028829623654024e-02
3.05185387863413981613e-01 -4.74700394137043168996e+00 -5.72295113152645695820e-01 1.53792293828567864011e+02 -5.54419883864317314393e-02
3.08872154978655832913e-01 -4.74718105520905897521e+00 -5.72194545351430328139e-01 1.53786771019619067147e+02 -5.68369268514433007011e-02
3.12554182748867592778e-01 -4.74736687162824733122e+00 -5.72092708814319950150e-01 1.53781182074022950701e+02 -5.82471205394638411046e-02
3.16231414676888089588e-01 -4.74756136962499208920e+00 -5.71989602489289872267e-01 1.53775527274389673948e+02 -5.96724715956161028130e-02
3.19903794339143177083e-01 -4.74776452794273495783e+00 -5.71885225312356082483e-01 1.53769806905944648179e+02 -6.11128808870226719607e-02
3.23571265386512540996e-01 -4.74797632507300715332e+00 -5.71779576203876427343e-01 1.53764021256737208887e+02 -6.25682482850934418295e-02
3.27233771545193397046e-01 -4.74819673925379426294e+00 -5.71672654069206975791e-01 1.53758170617641212630e+02 -6.40384726704484735782e-02
3.30891256617564633036e-01 -4.74842574846788245679e+00 -5.71564457799372371838e-01 1.53752255282356316002e+02 -6.55234519379082752666e-02
3.34543664483048841518e-01 -4.74866333044118693607e+00 -5.71454986271742959580e-01 1.53746275547408714601e+02 -6.70230830014850870180e-02
3.38190939098973242238e-01 -4.74890946264105018315e+00 -5.71344238350728339526e-01 1.53740231712152223054e+02 -6.85372617995175237304e-02
3.41833024501430049469e-01 -4.74916412227802631207e+00 -5.71232212884508872008e-01 1.53734124078992323348e+02 -7.00658835526410117556e-02
3.45469864806134951962e-01 -4.74942728629089305770e+00 -5.71118908720710471982e-01 1.53727952952544001164e+02 -7.16088418158970230198e-02
3.49101404209284427171e-01 -4.74969893136376608567e+00 -5.71004324685870812139e-01 1.53721718640833898917e+02 -7.31660298385687912770e-02
3.52727586988412222802e-01 -4.74997903391231446335e+00 -5.70888459599656283849e-01 1.53715421454538159196e+02 -7.47373397106444181670e-02
3.56348357503244450584e-01 -4.75026757008483269118e+00 -5.70771312272399855559e-01 1.53709061707165972166e+02 -7.63226625731615038184e-02
3.59963660196552959203e-01 -4.75056451576040927876e+00 -5.70652881505861242495e-01 1.53702639715060655590e+02 -7.79218886236682090063e-02
3.63573439595008318648e-01 -4.75086984654707578102e+00 -5.70533166094001953361e-01 1.53696155797400706433e+02 -7.95349071218215963874e-02
3.67177640310030473092e-01 -4.75118353777994606446e+00 -5.70412164823774880951e-01 1.53689610276200880890e+02 -8.11616063949815030876e-02
3.70776207038639005198e-01 -4.75150556451932359892e+00 -5.70289876475925550103e-01 1.53683003476313359670e+02 -8.28018738439335599821e-02
3.74369084564301513041e-01 -4.75183590154878832124e+00 -5.70166299825807909585e-01 1.53676335725428828027e+02 -8.44555959486471136133e-02
3.77956217757780987831e-01 -4.75217452337326751177e+00 -5.70041433644210893128e-01 1.53669607354077527361e+02 -8.61226582740500651303e-02
3.81537551577981803863e-01 -4.75252140421708979545e+00 -5.69915276698201189731e-01 1.53662818695630448929e+02 -8.78029454759913091655e-02
3.85113031072793543519e-01 -4.75287651802200539208e+00 -5.69787827751977782320e-01 1.53655970086300442290e+02 -8.94963413071593466563e-02
3.88682601379935599439e-01 -4.75323983844519393216e+00 -5.69659085567747913714e-01 1.53649061865143210071e+02 -9.12027286231181788523e-02
3.92246207727797613352e-01 -4.75361133886417697170e+00 -5.69529048899688028484e-01 1.53642094374497645504e+02 -9.29219898276280181770e-02
3.95803795436280247966e-01 -4.75399099234842825723e+00 -5.69397716521108820942e-01 1.53635067958314607495e+02 -9.46540052107607832177e-02
3.99355309917634848649e-01 -4.75437877169508560371e+00 -5.69265087187817320213e-01 1.53627982964554831824e+02 -9.63986553405113966164e-02
4.02900696677300329540e-01 -4.75477464940276206562e+00 -5.69131159662982222258e-01 1.53620839743659047372e+02 -9.81558195483597101250e-02
4.06439901314739726601e-01 -4.75517859767524608827e+00 -5.68995932712342167292e-01 1.53613638648916577267e+02 -9.99253763002938000248e-02
4.09972869524274474706e-01 -4.75559058841937254414e+00 -5.68859405105162529992e-01 1.53606380036466504180e+02 -1.01707203203229165633e-01
4.13499547095918296158e-01 -4.75601059324291242092e+00 -5.68721575615210528376e-01 1.53599064265298636656e+02 -1.03501177011598888278e-01
4.17019879916208535686e-01 -4.75643858345240833074e+00 -5.68582443021747319101e-01 1.53591691697254844939e+02 -1.05307173633991904560e-01
4.20533813969036496250e-01 -4.75687453005101001935e+00 -5.68442006110533193386e-01 1.53584262697029657829e+02 -1.07125068139902898667e-01
4.24041295336476609101e-01 -4.75731840373628145358e+00 -5.68300263674849870377e-01 1.53576777632171683763e+02 -1.08954734766467373208e-01
4.27542270199613438919e-01 -4.75777017489800080341e+00 -5.68157214516544217808e-01 1.53569236873084378203e+02 -1.10796046925372523861e-01
4.31036684839367689737e-01 -4.75822981361592223237e+00 -5.68012857447078856055e-01 1.53561640793027066820e+02 -1.12648877209819461842e-01
4.34524485637320267983e-01 -4.75869728965754390515e+00 -5.67867191288613182287e-01 1.53553989768116025516e+02 -1.14513097401518715301e-01
4.38005619076534846723e-01 -4.75917257247583158630e+00 -5.67720214875085171791e-01 1.53546284177325048859e+02 -1.16388578477819595869e-01
4.41480031742379597226e-01 -4.75965563121794588142e+00 -5.67571927043619139930e-01 1.53538524403181895650e+02 -1.18275191233640539212e-01
4.44947670323346589072e-01 -4.76014643468083153977e+00 -5.67422326672726295982e-01 1.53530710829106965321e+02 -1.20172803940992611871e-01
4.48408481611869302874e-01 -4.76064495136953613752e+00 -5.67271412630175997371e-01 1.53522843843247869700e+02 -1.22081285729612298852e-01
4.51862412505139754426e-01 -4.76115114945597817098e+00 -5.67119183808262428137e-01 1.53514923836020727776e+02 -1.24000504434868097370e-01
4.55309410005922676756e-01 -4.76166499678598320600e+00 -5.66965639116785768969e-01 1.53506951200703980476e+02 -1.25930327124863544741e-01
4.58749421223369369116e-01 -4.76218646087690622437e+00 -5.66810777484240801982e-01 1.53498926333439015934e+02 -1.27870620108103655310e-01
4.62182393373828603877e-01 -4.76271550891524508842e+00 -5.66654597859046149644e-01 1.53490849633230794780e+02 -1.29821248941169115065e-01
4.65608273781656922807e-01 -4.76325210775425489373e+00 -5.66497099210776844380e-01 1.53482721501948759624e+02 -1.31782078436580268876e-01
4.69027009880027045963e-01 -4.76379622391057111486e+00 -5.66338280529796067597e-01 1.53474542344327460341e+02 -1.33752972670234587804e-01
4.72438549211733671562e-01 -4.76434782356558095273e+00 -5.66178140834936782788e-01 1.53466312567966213010e+02 -1.35733794991029776966e-01
4.75842839429999664436e-01 -4.76490687255727429772e+00 -5.66016679165341152213e-01 1.53458032583331345222e+02 -1.37724408026557970652e-01
4.79239828299277970114e-01 -4.76547333638158487901e+00 -5.65853894587989847409e-01 1.53449702803755201330e+02 -1.39724673692791262480e-01
4.82629463696053917499e-01 -4.76604718018896011955e+00 -5.65689786197509980603e-01 1.53441323645437137202e+02 -1.41734453202008947592e-01
4.86011693609644690461e-01 -4.76662836879463736039e+00 -5.65524353107656363449e-01 1.53432895528247627226e+02 -1.43753607694100282721e-01
4.89386466142997689222e-01 -4.76721686662707266890e+00 -5.65357594490551784716e-01 1.53424418872638341327e+02 -1.45781995856526819244e-01
4.92753729513486060654e-01 -4.76781263779632080713e+00 -5.65189509523518651690e-01 1.53415894104108076590e+02 -1.47819477376179647665e-01
4.96113432053704617175e-01 -4.76841564604588086240e+00 -5.65020097425538159186e-01 1.53407321650329265594e+02 -1.49865910737022350885e-01
4.99465522212260704116e-01 -4.76902585476117835128e+00 -5.64849357450244560219e-01 1.53398701941842688257e+02 -1.51921153762199112602e-01
5.02809948554567842649e-01 -4.76964322696701081838e+00 -5.64677288887390771421e-01 1.53390035412057699205e+02 -1.53985063622919277071e-01
5.06146659763632045248e-01 -4.77026772532497389534e+00 -5.64503891064340956873e-01 1.53381322497251943560e+02 -1.56057496847334137291e-01
5.09475604640841184256e-01 -4.77089931213088469519e+00 -5.64329163347581541643e-01 1.53372563636571442203e+02 -1.58138309329644594081e-01
5.12796732106749808544e-01 -4.77153794931218211417e+00 -5.64153105144255428982e-01 1.53363759272030449665e+02 -1.60227356339145393660e-01
5.16109991201863405053e-01 -4.77218359842533157433e+00 -5.63975715903723195943e-01 1.53354909848511084647e+02 -1.62324492529550806763e-01
5.19415331087419551714e-01 -4.77283622065320667360e+00 -5.63796995119144495057e-01 1.53346015813763131064e+02 -1.64429571948271791015e-01
5.22712701046168959351e-01 -4.77349577680246017763e+00 -5.63616942329085102159e-01 1.53337077618403498036e+02 -1.66542448045850194349e-01
5.26002050483152849836e-01 -4.77416222731244221933e+00 -5.63435557111413132247e-01 1.53328095716640063984e+02 -1.68662974171710361437e-01
5.29283328926479668119e-01 -4.77483553220805845285e+00 -5.63252839114674719312e-01 1.53319070563478618396e+02 -1.70791001714771045750e-01
5.32556486028099573815e-01 -4.77551565116157661350e+00 -5.63068788016829135934e-01 1.53310002618767782678e+02 -1.72926382814043794189e-01
5.35821471564576490287e-01 -4.77620254344839345606e+00 -5.62883403554588435114e-01 1.53300892344588930882e+02 -1.75068968630522014962e-01
5.39078235437859709656e-01 -4.77689616795444838004e+00 -5.62696685518462413889e-01 1.53291740205887293769e+02 -1.77218609777240104775e-01
5.42326727676051723037e-01 -4.77759648317353935454e+00 -5.62508633754514764114e-01 1.53282546670471020889e+02 -1.79375156329362600571e-01
5.45566898434175162613e-01 -4.77830344720465038932e+00 -5.62319248166145535528e-01 1.53273312209010015295e+02 -1.81538457834363259336e-01
5.48798697994937745293e-01 -4.77901701774927101241e+00 -5.62128528715892361589e-01 1.53264037295034938779e+02 -1.83708363322315160193e-01
5.52022076769495328996e-01 -4.77973715210869265491e+00 -5.61936475427268211646e-01 1.53254722404935506574e+02 -1.85884721316289386328e-01
5.55236985298212415429e-01 -4.78046380718133345766e+00 -5.61743088386614686236e-01 1.53245368017959521012e+02 -1.88067379842884047081e-01
5.58443374251421431609e-01 -4.78119693946002843887e+00 -5.61548367744993393025e-01 1.53235974616210796739e+02 -1.90256186442840174999e-01
5.61641194430179235830e-01 -4.78193650502933209623e+00 -5.61352313720090423388e-01 1.53226542684647938586e+02 -1.92450988181788074094e-01
5.64830396767022624438e-01 -4.78268245956281834452e+00 -5.61154926598161907236e-01 1.53217072711082266778e+02 -1.94651631661097862525e-01
5.68010932326720507923e-01 -4.78343475833131392960e+00 -5.60956206729622985918e-01 1.53207565186859625328e+02 -1.96857963428177878962e-01
5.71182752307025198846e-01 -4.78419335615790419780e+00 -5.60756154555613672841e-01 1.53198020604214832474e+02 -1.99069828448215885297e-01
5.74345808039421146240e-01 -4.78495820747664168948e+00 -5.60554770574434257924e-01 1.53188439460108696721e+02 -2.01287072345069067980e-01
5.77500050989871893670e-01 -4.78572926629014894218e+00 -5.60352055366545087622e-01 1.53178822253744073123e+02 -2.03509539974738251633e-01
5.80645432759564483760e-01 -4.78650648617654272954e+00 -5.60148009591078355207e-01 1.53169169487165333976e+02 -2.05737075785041412246e-01
5.83781905085652308429e-01 -4.78728982028674554527e+00 -5.59942633987956739361e-01 1.53159481665256066663e+02 -2.07969523827125829518e-01
5.86909419841995516620e-01 -4.78807922134177488260e+00 -5.59735929380025809543e-01 1.53149759295735947262e+02 -2.10206727767147216746e-01
5.90027929039899312613e-01 -4.78887464163175735621e+00 -5.59527896670088620290e-01 1.53140002889157045729e+02 -2.12448530896214377028e-01
5.93137384828850811047e-01 -4.78967603300675914824e+00 -5.59318536863376958301e-01 1.53130212958904110110e+02 -2.14694776149642829743e-01
5.96237739497252783316e-01 -4.79048334688337984488e+00 -5.59107851039712611119e-01 1.53120390021186068452e+02 -2.16945306108034863257e-01
5.99328945473155960677e-01 -4.79129653423617352104e+00 -5.58895840375572605652e-01 1.53110534595036028804e+02 -2.19199963016693477602e-01
6.02410955324989116910e-01 -4.79211554559638308604e+00 -5.58682506141472301486e-01 1.53100647202306646477e+02 -2.21458588796031141666e-01
6.05483721762286153378e-01 -4.79294033104929173561e+00 -5.58467849704282093271e-01 1.53090728367666173426e+02 -2.23721025053990746345e-01
6.08547197636412851018e-01 -4.79377084024106814297e+00 -5.58251872524785364149e-01 1.53080778619185963407e+02 -2.25987113397041611274e-01
6.11601335941289292464e-01 -4.79460702233930202709e+00 -5.58034576178526031676e-01 1.53070798486044026276e+02 -2.28256694289833111933e-01
6.14646089814111729055e-01 -4.79544882608398825852e+00 -5.57815962331403736307e-01 1.53060788501856961830e+02 -2.30529608741201597066e-01
6.17681412536071339225e-01 -4.79629619975017273958e+00 -5.57596032759425486169e-01 1.53050749202514282388e+02 -2.32805697236135367145e-01
6.20707257533071432576e-01 -4.79714909115382237559e+00 -5.57374789346966270642e-01 1.53040681126698956405e+02 -2.35084800011042704959e-01
6.23723578376441656346e-01 -4.79800744764922004748e+00 -5.57152234089270947948e-01 1.53030584815882349403e+02 -2.37366757066853645286e-01
6.26730328783650536550e-01 -4.79887121612640576984e+00 -5.56928369094973563236e-01 1.53020460814319193332e+02 -2.39651408182235348132e-01
6.29727462619016020717e-01 -4.79974034300862406610e+00 -5.56703196588661075594e-01 1.53010309669041674852e+02 -2.41938592927017137590e-01
6.32714933894412689952e-01 -4.80061477424978910733e+00 -5.56476718913458623383e-01 1.53000131929853949941e+02 -2.44228150675747102127e-01
6.35692696769977860782e-01 -4.80149445533197472002e+00 -5.56248938533644987636e-01 1.52989928149326118501e+02 -2.46519920621252192072e-01
6.38660705554815355534e-01 -4.80237933126292837471e+00 -5.56019858037313463583e-01 1.52979698882788028413e+02 -2.48813741788450087933e-01
6.41618914707695386923e-01 -4.80326934657359050362e+00 -5.55789480139043723383e-01 1.52969444688322710135e+02 -2.51109453048190101043e-01
6.44567278837754553678e-01 -4.80416444531566622089e+00 -5.55557807682621307421e-01 1.52959166126759839699e+02 -2.53406893131375654526e-01
6.47505752705191617302e-01 -4.80506457105919970729e+00 -5.55324843643782872782e-01 1.52948863761668633288e+02 -2.55705900642959504943e-01
6.50434291221961835561e-01 -4.80596966689017701668e+00 -5.55090591132978428135e-01 1.52938538159350656542e+02 -2.58006314076373644006e-01
6.53352849452468964486e-01 -4.80687967541766170143e+00 -5.54855053394012642798e-01 1.52928189889419996916e+02 -2.60307972087943984008e-01
6.56261382614254484835e-01 -4.80779453873457107704e+00 -5.54618233823085504675e-01 1.52917819522511308605e+02 -2.62610712504133481104e-01
6.59159846078685274229e-01 -4.80871419846919678776e+00 -5.54380135948074892482e-01 1.52907427633604982020e+02 -2.64914373801306446410e-01
6.62048195371637282491e-01 -4.80963859574799545982e+00 -5.54140763446713369156e-01 1.52897014799854702005e+02 -2.67218794172151941080e-01
6.64926386174179318012e-01 -4.81056767120186368203e+00 -5.53900120145799368387e-01 1.52886581601106314565e+02 -2.69523811771112509206e-01
6.67794374323251838099e-01 -4.81150136497521074830e+00 -5.53658210017383356494e-01 1.52876128619882734938e+02 -2.71829264726680897013e-01
6.70652115812345961388e-01 -4.81243961667987818487e+00 -5.53415037208939253333e-01 1.52865656441398016341e+02 -2.74134991167358954556e-01
6.73499566792176929120e-01 -4.81338236545725184357e+00 -5.53170606005597309540e-01 1.52855165653513921598e+02 -2.76440829220803929722e-01
6.76336683571358565636e-01 -4.81432954993439121694e+00 -5.52924920860375812559e-01 1.52844656846751917101e+02 -2.78746617039932642612e-01
6.79163422617073186949e-01 -4.81528110823220245607e+00 -5.52677986390476494449e-01 1.52834130614277796667e+02 -2.81052192815893830957e-01
6.81979740555738733754e-01 -4.81623697796343286370e+00 -5.52429807380411252993e-01 1.52823587551890994973e+02 -2.83357394793660344323e-01
6.84785594173675460361e-01 -4.81719709623072489535e+00 -5.52180388785130649154e-01 1.52813028258013758887e+02 -2.85662061287864643688e-01
6.87580940417768404771e-01 -4.81816139962472611558e+00 -5.51929735733211135340e-01 1.52802453333680006153e+02 -2.87966030698665942378e-01
6.90365736396128082397e-01 -4.81912982422221869427e+00 -5.51677853530042283658e-01 1.52791863382523501969e+02 -2.90269141527885909948e-01
6.93139939378748737298e-01 -4.82010230558435104342e+00 -5.51424747661065861593e-01 1.52781259010766120809e+02 -2.92571232395056390896e-01
6.95903506798163817848e-01 -4.82107877875486945385e+00 -5.51170423795042663251e-01 1.52770640827205568257e+02 -2.94872142053802521744e-01
6.98656396250099120948e-01 -4.82205917825844476710e+00 -5.50914887787326446045e-01 1.52760009443202534385e+02 -2.97171709408184103740e-01
7.01398565494123937825e-01 -4.82304343809904345619e+00 -5.50658145683182276287e-01 1.52749365472667619770e+02 -2.99469773529278504576e-01
7.04129972454298314055e-01 -4.82403149175834489171e+00 -5.50400203721134739787e-01 1.52738709532048005713e+02 -3.01766173671800141953e-01
7.06850575219819421413e-01 -4.82502327220692261989e+00 -5.50141068331200133734e-01 1.52728042241092225595e+02 -3.04060749607121316718e-01
7.09560332045664265976e-01 -4.82601871185340058901e+00 -5.49880746158207478480e-01 1.52717364219799321745e+02 -3.06353340411506636087e-01
7.12259201353230508857e-01 -4.82701774261535998534e+00 -5.49619244036155363275e-01 1.52706676092848738335e+02 -3.08643786275301479360e-01
7.14947141730974067286e-01 -4.82802029587098502361e+00 -5.49356569010522433061e-01 1.52695978486691387843e+02 -3.10931927356945414509e-01
7.17624111935044939337e-01 -4.82902630246931519054e+00 -5.49092728337129964977e-01 1.52685272030241350194e+02 -3.13217604083503575740e-01
7.20290070889919697983e-01 -4.83003569272909238919e+00 -5.48827729485650173125e-01 1.52674557354859786074e+02 -3.15500657168039433387e-01
7.22944977689031653689e-01 -4.83104839643767647317e+00 -5.48561580143105631535e-01 1.52663835094338566023e+02 -3.17780927627036025029e-01
7.25588791595399018597e-01 -4.83206434288068820138e+00 -5.48294288221074510581e-01 1.52653105884865482267e+02 -3.20058256802207952152e-01
7.28221472042250406176e-01 -4.83308346072084571432e+00 -5.48025861846613504547e-01 1.52642370365076516237e+02 -3.22332486362562953275e-01
7.30842978633645223852e-01 -4.83410567817399172696e+00 -5.47756309382082084980e-01 1.52631629175936012643e+02 -3.24603458343662054641e-01
7.33453271145096175054e-01 -4.83513092289268797686e+00 -5.47485639419533431926e-01 1.52620882960784825855e+02 -3.26871015152326138686e-01
7.36052309524184211753e-01 -4.83615912199389086368e+00 -5.47213860786275985149e-01 1.52610132365305389612e+02 -3.29134999587590237891e-01
7.38640053891175041301e-01 -4.83719020205839367321e+00 -5.46940982548493548343e-01 1.52599378037502418692e+02 -3.31395254858751153737e-01
7.41216464539629305008e-01 -4.83822408913033363831e+00 -5.46667014014894481200e-01 1.52588620627683042130e+02 -3.33651624603558905058e-01
7.43781501937012756720e-01 -4.83926070871680735763e+00 -5.46391964740380542409e-01 1.52577860788436368011e+02 -3.35903952906486169550e-01
7.46335126725303221740e-01 -4.84029998578757680860e+00 -5.46115844529726501833e-01 1.52567099174612934576e+02 -3.38152084316974244071e-01
7.48877299721593336912e-01 -4.84134184477487927722e+00 -5.45838663441272631260e-01 1.52556336443303138140e+02 -3.40395863867932635394e-01
7.51407981918692846612e-01 -4.84238620957335896833e+00 -5.45560431790618194370e-01 1.52545573253815462067e+02 -3.42635137094194797136e-01
7.53927134485726568869e-01 -4.84343300355315609096e+00 -5.45281160149569732454e-01 1.52534810268452559967e+02 -3.44869750343851477759e-01
7.56434718768730363081e-01 -4.84448214950888456087e+00 -5.45000859368469869892e-01 1.52524048149365000882e+02 -3.47099549656895600691e-01
7.58930696291243989116e-01 -4.84553356973495485960e+00 -5.44719540552705328018e-01 1.52513287563110935707e+02 -3.49324382450578063697e-01
7.61415028754902523112e-01 -4.84658718597694360142e+00 -5.44437215084158432354e-01 1.52502529177640724356e+02 -3.51544096454311005839e-01
7.63887678040022333192e-01 -4.84764291944406444657e+00 -5.44153894620611922051e-01 1.52491773663004778427e+02 -3.53758539993132725687e-01
7.66348606206187388246e-01 -4.84870069080977827980e+00 -5.43869591099504945397e-01 1.52481021691328123779e+02 -3.55967562006592908030e-01
7.68797775492830681721e-01 -4.84976042026335552038e+00 -5.43584316784824550517e-01 1.52470273936754097122e+02 -3.58171012100084895646e-01
7.71235148319813990092e-01 -4.85082202730964517912e+00 -5.43298084105483414241e-01 1.52459531075537654488e+02 -3.60368740439853285640e-01
7.73660687288004522699e-01 -4.85188543106810943328e+00 -5.43010905897077678084e-01 1.52448793785840337023e+02 -3.62560597950917051779e-01
7.76074355179848351938e-01 -4.85295055007768372235e+00 -5.42722795253130496640e-01 1.52438062747819657261e+02 -3.64746436221425884838e-01
7.78476114959941845051e-01 -4.85401730234649342322e+00 -5.42433765565508374529e-01 1.52427338643571374632e+02 -3.66926107549439939337e-01
7.80865929775599765250e-01 -4.85508560535324029672e+00 -5.42143830528145631575e-01 1.52416622157100789536e+02 -3.69099464962280077174e-01
7.83243762957420930348e-01 -4.85615537604873992450e+00 -5.41853004140739002992e-01 1.52405913974292474222e+02 -3.71266362235616542709e-01
7.85609578019850984809e-01 -4.85722653085761280067e+00 -5.41561300712467552643e-01 1.52395214782879975246e+02 -3.73426653912820261105e-01
7.87963338661741508062e-01 -4.85829898568012641391e+00 -5.41268734865656631072e-01 1.52384525272414720121e+02 -3.75580195324241417065e-01
7.90305008766907790552e-01 -4.85937265589416345080e+00 -5.40975321539439613083e-01 1.52373846134233787097e+02 -3.77726842606495083476e-01
7.92634552404682946047e-01 -4.86044745635740049750e+00 -5.40681075993412418867e-01 1.52363178061427674947e+02 -3.79866452721737468678e-01
7.94951933830468693287e-01 -4.86152330140958266469e+00 -5.40386013811252619021e-01 1.52352521748806822188e+02 -3.81998883477015327426e-01
7.97257117486284361263e-01 -4.86260010487501137533e+00 -5.40090150904324772796e-01 1.52341877892867728406e+02 -3.84123993543593555966e-01
7.99550068001312008725e-01 -4.86367778006516537914e+00 -5.39793503515229478040e-01 1.52331247191757853443e+02 -3.86241642476168822729e-01
8.01830750192439767332e-01 -4.86475623984110328024e+00 -5.39496088340297830221e-01 1.52320630346049966874e+02 -3.88351691106396779141e-01
8.04099129064801410038e-01 -4.86583539637587669802e+00 -5.39197922073181068470e-01 1.52310028055536747615e+02 -3.90454000104159038020e-01
8.06355169812312477795e-01 -4.86691516152049530319e+00 -5.38899022076007816473e-01 1.52299441023849340127e+02 -3.92548432129033231242e-01
8.08598837818206295225e-01 -4.86799544656470217774e+00 -5.38599405951529552894e-01 1.52288869955377720089e+02 -3.94634850462369624058e-01
8.10830098655563102916e-01 -4.86907616230118378553e+00 -5.38299091651052385998e-01 1.52278315555977968643e+02 -3.96713119365071364975e-01
8.13048918087839522784e-01 -4.87015721902924436648e+00 -5.37998097477840442338e-01 1.52267778532932737789e+02 -3.98783104096741836120e-01
8.15255262069393138447e-01 -4.87123852655872102702e+00 -5.37696442090359050248e-01 1.52257259594911261047e+02 -4.00844670934599245360e-01
8.17449096746005965386e-01 -4.87231999421403294548e+00 -5.37394144505538351453e-01 1.52246759451928227236e+02 -4.02897687192530384870e-01
8.19630388455402592029e-01 -4.87340153083850324833e+00 -5.37091224101961750570e-01 1.52236278815301943723e+02 -4.04942021239900862284e-01
8.21799103727767876748e-01 -4.87448304479877592144e+00 -5.36787700622985752830e-01 1.52225818397611817545e+02 -4.06977542520418789085e-01
8.23955209286259315782e-01 -4.87556444398957644637e+00 -5.36483594179824163639e-01 1.52215378912654927035e+02 -4.09004121570760104110e-01
8.26098672047518967076e-01 -4.87664563583852217477e+00 -5.36178925254539029410e-01 1.52204961075401428161e+02 -4.11021630039234531218e-01
8.28229459122179711983e-01 -4.87772652731124178871e+00 -5.35873714702977066437e-01 1.52194565601949790334e+02 -4.13029940704253140105e-01
8.30347537815371183889e-01 -4.87880702486934492157e+00 -5.35567984030680399599e-01 1.52184193209540836733e+02 -4.15028927700146044177e-01
8.32452875627220700849e-01 -4.87988703464032091972e+00 -5.35261754332443051574e-01 1.52173844616291404463e+02 -4.17018465727015674727e-01
8.34545440253351977766e-01 -4.88096646220917662617e+00 -5.34955047848305609293e-01 1.52163520541447070400e+02 -4.18998431250492797684e-01
8.36625199585380951994e-01 -4.88204521274808822540e+00 -5.34647886957023699139e-01 1.52153221705149917398e+02 -4.20968701751571194869e-01
8.38692121711408611340e-01 -4.88312319099592340166e+00 -5.34340294424587192168e-01 1.52142948828431343600e+02 -4.22929155931809130919e-01
8.40746174916510269348e-01 -4.88420030126459980835e+00 -5.34032293406644154032e-01 1.52132702633161414951e+02 -4.24879673730795770492e-01
8.42787327683222509123e-01 -4.88527644744575351154e+00 -5.33723907450908252592e-01 1.52122483841997564014e+02 -4.26820136343760259123e-01
8.44815548692026907496e-01 -4.88635153301762770184e+00 -5.33415160499276841399e-01 1.52112293178331952959e+02 -4.28750426238687643021e-01
8.46830806821829651376e-01 -4.88742546106516684290e+00 -5.33106076886016189142e-01 1.52102131367021854658e+02 -4.30670427419258872170e-01
8.48833071150440821029e-01 -4.88849813423621171182e+00 -5.32796681355653833911e-01 1.52091999131256073952e+02 -4.32580024478990077252e-01
8.50822310955046900993e-01 -4.88956945456910307968e+00 -5.32486999442683184292e-01 1.52081897197286565415e+02 -4.34479104336504273753e-01
8.52798495712683735093e-01 -4.89063932441004300955e+00 -5.32177055916045693706e-01 1.52071826290469772403e+02 -4.36367554133349488943e-01
8.54761595100703930328e-01 -4.89170764507847355418e+00 -5.31866877087469491769e-01 1.52061787137254412983e+02 -4.38245263233915494094e-01
8.56711578997242706457e-01 -4.89277431772856452596e+00 -5.31556489304512158611e-01 1.52051780464293358364e+02 -4.40112122092633506476e-01
8.58648417481679637753e-01 -4.89383924315590324028e+00 -5.31245919321311821371e-01 1.52041806998582018196e+02 -4.41968022551053274505e-01
8.60572080835097841245e-01 -4.89490232180625906011e+00 -5.30935194299849033683e-01 1.52031867467398683402e+02 -4.43812857853215891879e-01
8.62482539540740500428e-01 -4.89596345378472719290e+00 -5.30624341811085198373e-01 1.52021962598243334241e+02 -4.45646522660726407405e-01
8.64379764284463170121e-01 -4.89702253886500216140e+00 -5.30313389835928350458e-01 1.52012093118776306255e+02 -4.47468913067301299336e-01
8.66263725955183860883e-01 -4.89807947649913000276e+00 -5.30002366766111232543e-01 1.52002259756754938280e+02 -4.49279926613477376129e-01
8.68134395645329126623e-01 -4.89913416517771516112e+00 -5.29691301879146925202e-01 1.51992463240567957428e+02 -4.51079462643210304940e-01
8.69991744651278930966e-01 -4.90018650491126006585e+00 -5.29380223455831022683e-01 1.51982704296891938611e+02 -4.52867420948478593967e-01
8.71835744473805518417e-01 -4.90123639370496366752e+00 -5.29069161576425694982e-01 1.51972983653891418498e+02 -4.54643703825699463383e-01
8.73666366818512285519e-01 -4.90228372982296889404e+00 -5.28758146278764273873e-01 1.51963302039066974203e+02 -4.56408214737081652235e-01
8.75483583596266101701e-01 -4.90332841125950036343e+00 -5.28447208012916225250e-01 1.51953660179687744858e+02 -4.58160858658119507503e-01
8.77287366923630518301e-01 -4.90437033575006076092e+00 -5.28136377640996745875e-01 1.51944058802722707924e+02 -4.59901542089728831986e-01
8.79077689123291206030e-01 -4.90540940078290788051e+00 -5.27825686436860341821e-01 1.51934498634770960734e+02 -4.61630173070188609685e-01
8.80854522724482724705e-01 -4.90644550361082298906e+00 -5.27515166085541720165e-01 1.51924980401990950440e+02 -4.63346661186553210321e-01
8.82617840463408520613e-01 -4.90747854126298044264e+00 -5.27204848682705784491e-01 1.51915504830028766037e+02 -4.65050917585778711416e-01
8.84367615283660701841e-01 -4.90850840908432406451e+00 -5.26894767060486879373e-01 1.51906072645282364419e+02 -4.66742855131606459995e-01
8.86103820336633374311e-01 -4.90953500639466522415e+00 -5.26584953406613376359e-01 1.51896684569697640654e+02 -4.68422387741700307906e-01
8.87826428981936643936e-01 -4.91055822836738986581e+00 -5.26275441411480526810e-01 1.51887341328091281412e+02 -4.70089431507617616646e-01
8.89535414787803402348e-01 -4.91157797125978223818e+00 -5.25966264795525662024e-01 1.51878043643326122947e+02 -4.71743903910698481052e-01
8.91230751531496778739e-01 -4.91259413116939835930e+00 -5.25657457682494277940e-01 1.51868792237379324206e+02 -4.73385724039638966509e-01
8.92912413199710819356e-01 -4.91360660404771643073e+00 -5.25349054597529674382e-01 1.51859587831265287150e+02 -4.75014812598784197384e-01
8.94580373988970722898e-01 -4.91461528571374106633e+00 -5.25041090465172111124e-01 1.51850431144956843355e+02 -4.76631091915994953290e-01
8.96234608306028635027e-01 -4.91562006953396846143e+00 -5.24733600412116252265e-01 1.51841322899414251424e+02 -4.78234485540055709318e-01
8.97875090768255890161e-01 -4.91662085542247151437e+00 -5.24426620315659897109e-01 1.51832263808378741032e+02 -4.79824919640577773894e-01
8.99501796204032810778e-01 -4.91761753688016955977e+00 -5.24120186247633679244e-01 1.51823254590996640445e+02 -4.81402321531568644364e-01
9.01114699653134842983e-01 -4.91861000930658143204e+00 -5.23814334702179307257e-01 1.51814295960433099708e+02 -4.82966619501788041458e-01
9.02713776367115805499e-01 -4.91959816808780203701e+00 -5.23509102543012971864e-01 1.51805388631141369160e+02 -4.84517744364758085052e-01
9.04299001809687252873e-01 -4.92058190855044408352e+00 -5.23204527019588638836e-01 1.51796533315146177756e+02 -4.86055628306797271598e-01
9.05870351657095174147e-01 -4.92156112599225981086e+00 -5.22900645759002635771e-01 1.51787730722855314980e+02 -4.87580205175821679298e-01
9.07427801798493138818e-01 -4.92253571209637197370e+00 -5.22597495191879923837e-01 1.51778981566185422025e+02 -4.89091408649537706665e-01
9.08971328336312445195e-01 -4.92350556888625234819e+00 -5.22295116252183944106e-01 1.51770286546021395679e+02 -4.90589178982709761545e-01
9.10500907586628160928e-01 -4.92447058849724683682e+00 -5.21993546546251963036e-01 1.51761646370245472326e+02 -4.92073453650091530154e-01
9.12016516079523720251e-01 -4.92543066627154857429e+00 -5.21692825147038741207e-01 1.51753061741929315076e+02 -4.93544173149592702021e-01
9.13518130559449748063e-01 -4.92638569760301869849e+00 -5.21392991481659850983e-01 1.51744533362090777473e+02 -4.95001279649338044031e-01
9.15005727985581884809e-01 -4.92733557795342314023e+00 -5.21094085326753386767e-01 1.51736061929604062470e+02 -4.96444716988327650053e-01
9.16479285532173615358e-01 -4.92828019818823115372e+00 -5.20796142969551123514e-01 1.51727648145189675688e+02 -4.97874426528067681730e-01
9.17938780588907099478e-01 -4.92921946283125222976e+00 -5.20499211444435117002e-01 1.51719292695371251511e+02 -4.99290362631077622169e-01
9.19384190761239561418e-01 -4.93015326345015481024e+00 -5.20203328569392997593e-01 1.51710996275742076023e+02 -5.00692470875806927566e-01
9.20815493870747459049e-01 -4.93108149595661604536e+00 -5.19908535427697104936e-01 1.51702759575679010595e+02 -5.02080701738025547698e-01
9.22232667955466323129e-01 -4.93200405641490569053e+00 -5.19614873421950784760e-01 1.51694583281956596466e+02 -5.03455007354177030976e-01
9.23635691270227932037e-01 -4.93292083587428553670e+00 -5.19322377694190429054e-01 1.51686468083007468977e+02 -5.04815334585978048310e-01
9.25024542286994155837e-01 -4.93383174076315000889e+00 -5.19031101727452370831e-01 1.51678414651605038443e+02 -5.06161651039087501225e-01
9.26399199695186803538e-01 -4.93473666294556778666e+00 -5.18741082611450909923e-01 1.51670423670221850898e+02 -5.07493908239228130874e-01
9.27759642402015138885e-01 -4.93563549929141753836e+00 -5.18452362908239594574e-01 1.51662495814254924653e+02 -5.08812064871326463766e-01
9.29105849532799177304e-01 -4.93652814690812746790e+00 -5.18164985462995275611e-01 1.51654631756027526990e+02 -5.10116081253621955760e-01
9.30437800431290207293e-01 -4.93741449800727227881e+00 -5.17878982344361138423e-01 1.51646832168612036185e+02 -5.11405907871766207684e-01
9.31755474659987315000e-01 -4.93829446054242904296e+00 -5.17594416436076620869e-01 1.51639097709778013723e+02 -5.12681528589670643115e-01
9.33058852000451910413e-01 -4.93916792746457655738e+00 -5.17311322441010967843e-01 1.51631429046001727556e+02 -5.13942899245255158114e-01
9.34347912453616813444e-01 -4.94003479704665071637e+00 -5.17029744189812068278e-01 1.51623826836298178478e+02 -5.15189986544531186574e-01
9.35622636240093785709e-01 -4.94089496787705328984e+00 -5.16749725754970024028e-01 1.51616291736134030543e+02 -5.16422758782101198882e-01
9.36883003800477065504e-01 -4.94174833532771540234e+00 -5.16471293073237469606e-01 1.51608824398925293053e+02 -5.17641167039988636667e-01
9.38128995795643128019e-01 -4.94259480674472584383e+00 -5.16194523372613844892e-01 1.51601425468152029907e+02 -5.18845216329945624345e-01
9.39360593107047781025e-01 -4.94343427771654031488e+00 -5.15919446335573295137e-01 1.51594095590488507241e+02 -5.20034864155767384553e-01
9.40577776837019263745e-01 -4.94426664833814388800e+00 -5.15646106818391958271e-01 1.51586835406145411298e+02 -5.21210084962045350210e-01
9.41780528309048348135e-01 -4.94509181876622871954e+00 -5.15374524941096590069e-01 1.51579645548954459855e+02 -5.22370829413051573908e-01
9.42968829068074665400e-01 -4.94590969278650138818e+00 -5.15104790536919265875e-01 1.51572526652835449568e+02 -5.23517120425749049595e-01
9.44142660880770479004e-01 -4.94672016994452334870e+00 -5.14836928423205497651e-01 1.51565479345195626593e+02 -5.24648915966431039770e-01
9.45302005735819794729e-01 -4.94752315208825876880e+00 -5.14570984052062252445e-01 1.51558504249439920386e+02 -5.25766196374945371517e-01
9.46446845844195028263e-01 -4.94831854747806687556e+00 -5.14306969003973213361e-01 1.51551601974759847735e+02 -5.26868909243927596719e-01
9.47577163639429898012e-01 -4.94910625132063497489e+00 -5.14044990215362207486e-01 1.51544773149989509875e+02 -5.27957099584007716331e-01
9.48692941777889098276e-01 -4.94988616967130656832e+00 -5.13785065234738769213e-01 1.51538018379057604079e+02 -5.29030723422286297541e-01
9.49794163139034308685e-01 -4.95065820631740205471e+00 -5.13527239892184517167e-01 1.51531338267066757908e+02 -5.30089766671502427009e-01
9.50880810825686872967e-01 -4.95142228344989554500e+00 -5.13271513714177118892e-01 1.51524733390730517613e+02 -5.31134170561123664100e-01
9.51952868164287147046e-01 -4.95217827812463884385e+00 -5.13018016712817881420e-01 1.51518204383303242366e+02 -5.32164007498806879148e-01
9.53010318705150072383e-01 -4.95292610738208161081e+00 -5.12766755990245681751e-01 1.51511751818880838982e+02 -5.33179228495450407976e-01
9.54053146222718195801e-01 -4.95366570556986385299e+00 -5.12517724406586383523e-01 1.51505376247293526148e+02 -5.34179772430606880640e-01
9.55081334715809804337e-01 -4.95439693350082421830e+00 -5.12271064479321691643e-01 1.51499078306766932656e+02 -5.35165727129198298684e-01
9.56094868407865283721e-01 -4.95511971793198924274e+00 -5.12026777338485117319e-01 1.51492858548034632804e+02 -5.36137042174526734506e-01
9.57093731747188369852e-01 -4.95583396625735872476e+00 -5.11784908761115708842e-01 1.51486717538231459912e+02 -5.37093711219539526880e-01
9.58077909407185845936e-01 -4.95653964627938048437e+00 -5.11545433231978652344e-01 1.51480655772088312006e+02 -5.38035662125821989576e-01
9.59047386286601133421e-01 -4.95723656685449842740e+00 -5.11308527226921327724e-01 1.51474673927504255744e+02 -5.38963018140190097682e-01
9.60002147509747882914e-01 -4.95792468071649850003e+00 -5.11074175203728442440e-01 1.51468772505111104465e+02 -5.39875717874986449374e-01
9.60942178426736681729e-01 -4.95860398560255966061e+00 -5.10842342053461906382e-01 1.51462951950236458742e+02 -5.40773684806474697062e-01
9.61867464613700540177e-01 -4.95927424286014773003e+00 -5.10613221605892175781e-01 1.51457212978511677193e+02 -5.41657059416186359435e-01
9.62777991873016381064e-01 -4.95993542862513248082e+00 -5.10386788893782417098e-01 1.51451556049068642551e+02 -5.42525775823518685570e-01
9.63673746233522310334e-01 -4.96058758322263937401e+00 -5.10162999502704495036e-01 1.51445981544610191349e+02 -5.43379755090750982127e-01
9.64554713950732445227e-01 -4.96123039783638386524e+00 -5.09942063905396980594e-01 1.51440490242472549198e+02 -5.44219151675714218896e-01
9.65420881507047634607e-01 -4.96186388177424841928e+00 -5.09723947109439134984e-01 1.51435082548878824582e+02 -5.45043895440718850764e-01
9.66272235611963070667e-01 -4.96248813643571828891e+00 -5.09508597997036072336e-01 1.51429758763234048047e+02 -5.45853909707091244918e-01
9.67108763202271903836e-01 -4.96310274934900430566e+00 -5.09296238808096823902e-01 1.51424519760080841024e+02 -5.46649353915022451211e-01
9.67930451442265749051e-01 -4.96370799120710604058e+00 -5.09086737624764085197e-01 1.51419365636599650315e+02 -5.47430085628111129381e-01
9.68737287723931861372e-01 -4.96430340999322083917e+00 -5.08880306855148734080e-01 1.51414297298699011662e+02 -5.48196251866974071376e-01
9.69529259667146536827e-01 -4.96488908174200815893e+00 -5.08676904323706380318e-01 1.51409315050894065280e+02 -5.48947786430996731433e-01
9.70306355119864738512e-01 -4.96546523343709278464e+00 -5.08476489487890259689e-01 1.51404419027570668277e+02 -5.49684642284826163738e-01
9.71068562158306947119e-01 -4.96603123638109256177e+00 -5.08279263170235195979e-01 1.51399610308781035428e+02 -5.50406937667535012260e-01
9.71815869087142014671e-01 -4.96658760552805667032e+00 -5.08085118533049273637e-01 1.51394888697337648864e+02 -5.51114588122098125744e-01
9.72548264439666687586e-01 -4.96713363464834056771e+00 -5.07894229435705613085e-01 1.51390255344257724346e+02 -5.51807676146237380266e-01
9.73265736977981354983e-01 -4.96766992863870626707e+00 -5.07706518436348175349e-01 1.51385709943611061590e+02 -5.52486160762286293568e-01
9.73968275693162355289e-01 -4.96819568653893206545e+00 -5.07522122534339370503e-01 1.51381253735158566087e+02 -5.53150075707340316278e-01
9.74655869805431618325e-01 -4.96871114163183591472e+00 -5.07341015683484442000e-01 1.51376886809835156100e+02 -5.53799395280358930371e-01
9.75328508764321089330e-01 -4.96921681906241641258e+00 -5.07163252509164608206e-01 1.51372608940207015849e+02 -5.54434215680522757275e-01
9.75986182248835265618e-01 -4.96971156264056634910e+00 -5.06988854270372768518e-01 1.51368421725665683653e+02 -5.55054406547961343144e-01
9.76628880167609847440e-01 -4.97019647668851849431e+00 -5.06817918665043443127e-01 1.51364324296222349631e+02 -5.55660178880326260931e-01
9.77256592659065281836e-01 -4.97067022920564483002e+00 -5.06650366064194668247e-01 1.51360318422883381118e+02 -5.56251273031130200053e-01
9.77869310091559640341e-01 -4.97113412181855629512e+00 -5.06486408048624547895e-01 1.51356403015337008355e+02 -5.56828049423272020135e-01
9.78467023063535390470e-01 -4.97158661160726911277e+00 -5.06325828742953509831e-01 1.51352580051390816607e+02 -5.57390075526144723739e-01
9.79049722403663946757e-01 -4.97202923551333952901e+00 -5.06168993850801163248e-01 1.51348848181980258687e+02 -5.57937910478837006956e-01
9.79617399170986558055e-01 -4.97246019914268710949e+00 -5.06015504670574878254e-01 1.51345209631838599762e+02 -5.58470892002787322461e-01
9.80170044655051198035e-01 -4.97288131839995362071e+00 -5.05865933819908741853e-01 1.51341662749723155912e+02 -5.58989842046096363504e-01
9.80707650376046569107e-01 -4.97329050140575557037e+00 -5.05719639358502393023e-01 1.51338210052091397984e+02 -5.59493795471859622914e-01
9.81230208084931665447e-01 -4.97368989212356105156e+00 -5.05577468898111392903e-01 1.51334849537604213765e+02 -5.59983919040222932750e-01
9.81737709763563226595e-01 -4.97407705011772982573e+00 -5.05438460402683586992e-01 1.51331584063192593703e+02 -5.60458852447801247898e-01
9.82230147624817750973e-01 -4.97445450133810673776e+00 -5.05303822507944477849e-01 1.51328411225987395028e+02 -5.60920210171239275176e-01
9.82707514112711733034e-01 -4.97482086413009039205e+00 -5.05172987770609926983e-01 1.51325332742552120635e+02 -5.61367191167411072605e-01
9.83169801902517237480e-01 -4.97517471648147946439e+00 -5.05045200951732442540e-01 1.51322350351730221973e+02 -5.61798778174263935270e-01
9.83617003900874475875e-01 -4.97551884357220952637e+00 -5.04922086548730719713e-01 1.51319461379795484390e+02 -5.62217084542210310261e-01
9.84049113245900386460e-01 -4.97585013752758964500e+00 -5.04801795887000137597e-01 1.51316669302556306320e+02 -5.62619682507083163081e-01
9.84466123307294216360e-01 -4.97617185344301837802e+00 -5.04686526902744292400e-01 1.51313970968175567577e+02 -5.63009383462724000147e-01
9.84868027686439440060e-01 -4.97648039848167567101e+00 -5.04573789516276183242e-01 1.51311370310963752672e+02 -5.63382985230040156388e-01
9.85254820216501125962e-01 -4.97677954432795033313e+00 -5.04466492275541411594e-01 1.51308863663134957278e+02 -5.63744157908657506084e-01
9.85626494962521304544e-01 -4.97706517252888502867e+00 -5.04361363667481410467e-01 1.51306455447911986312e+02 -5.64088761402155247637e-01
9.85983046221510006646e-01 -4.97734160682243231832e+00 -5.04262168920769915381e-01 1.51304141457269480497e+02 -5.64421494369699128235e-01
9.86324468522532193937e-01 -4.97760656206277118940e+00 -5.04167028843632292201e-01 1.51301924212914343570e+02 -5.64739983863133510056e-01
9.86650756626792246884e-01 -4.97785777591329825498e+00 -5.04073758941469107775e-01 1.51299806175453028345e+02 -5.65041510733861995774e-01
9.86961905527714344899e-01 -4.97809982483969459821e+00 -5.03986910765152895664e-01 1.51297782911196776467e+02 -5.65331695975115566810e-01
9.87257910451019071729e-01 -4.97832783336530138030e+00 -5.03901495147565325894e-01 1.51295859472511125432e+02 -5.65604373095404233673e-01
9.87538766854796246086e-01 -4.97854687333701839691e+00 -5.03823084002097076883e-01 1.51294030965871939998e+02 -5.65866373802366595669e-01
9.87804470429575864898e-01 -4.97875160705203967382e+00 -5.03745653940396387327e-01 1.51292302834228507891e+02 -5.66110310072879152621e-01
9.88055017098393051356e-01 -4.97894754762892333133e+00 -5.03675830620420650341e-01 1.51290669788220384362e+02 -5.66344257733778722042e-01
9.88290403016850893536e-01 -4.97912896542809857436e+00 -5.03606560289123428298e-01 1.51289137583062455406e+02 -5.66559617685515770624e-01
9.88510624573179952357e-01 -4.97930172348341582023e+00 -5.03545472575330887999e-01 1.51287700630240152577e+02 -5.66765645059958855789e-01
9.88715678388292773526e-01 -4.97945980685107070229e+00 -5.03484577768081975613e-01 1.51286364888103690873e+02 -5.66952646735527920896e-01
9.88905561315836734160e-01 -4.97960603253758371523e+00 -5.03427557862525576482e-01 1.51285127720883593838e+02 -5.67125086296145553000e-01
9.89080270442241449302e-01 -4.97974404391327141184e+00 -5.03380078165276967361e-01 1.51283985778476790074e+02 -5.67289766416682827987e-01
9.89239803086764180051e-01 -4.97986695652986899319e+00 -5.03331839257827540202e-01 1.51282945715688441624e+02 -5.67434279644892125560e-01
9.89384156801530467717e-01 -4.97998158641155352910e+00 -5.03293391487558028352e-01 1.51282001156172441370e+02 -5.67571305425013439283e-01
9.89513329371571881410e-01 -4.98008118442987601782e+00 -5.03254182302121266801e-01 1.51281158561912093319e+02 -5.67688158842109658053e-01
9.89627318814860101881e-01 -4.98016899767068643712e+00 -5.03219262181470505801e-01 1.51280414925313095864e+02 -5.67790907750931439502e-01
9.89726123382337119594e-01 -4.98024504689332214724e+00 -5.03188721920998505155e-01 1.51279770293121032410e+02 -5.67879654648663745320e-01
9.89809741557942324164e-01 -4.98031309346114348102e+00 -5.03169188628095453986e-01 1.51279221240182550900e+02 -5.67962315058470723628e-01
9.89878172058635374952e-01 -4.98036584969603435269e+00 -5.03148140590580217335e-01 1.51278774583008697618e+02 -5.68023907819230844396e-01
9.89931413834416518149e-01 -4.98040687593158981628e+00 -5.03131677524533138524e-01 1.51278427046943363621e+02 -5.68071729169500438950e-01
9.89969466068341796827e-01 -4.98043618620502925864e+00 -5.03119862047652355308e-01 1.51278178651265164945e+02 -5.68105850472429008136e-01
