00000000000000000000 -4.76247147632559197916e+00 -5.76276661658968292201e-01 00000000000000000154 3.77011843287785569044e-24
3.87796733008385127034e-03 -4.75733255706014812603e+00 -5.76280835621873044339e-01 1.54004236078454255221e+02 5.10477452870192584602e-04
7.75587515650285035801e-03 -4.75221338185439368118e+00 -5.76283729627401819506e-01 1.54008420450559611936e+02 1.01048395840228565599e-03
1.16336639765051742812e-02 -4.74711389487556800759e+00 -5.76285356267990489521e-01 1.54012553383241993288e+02 1.50004193601959811936e-03
1.55112742891650307042e-02 -4.74203404048134302684e+00 -5.76285728044894529631e-01 1.54016635143354875481e+02 1.97917437552453051933e-03
1.93886465962956576481e-02 -4.73697376321906382657e+00 -5.76284857368148051293e-01 1.54020665997634552014e+02 2.44790477888986741234e-03
2.32657214033622598837e-02 -4.73193300782690062789e+00 -5.76282756559223230397e-01 1.54024646212779231291e+02 2.90625727675496679792e-03
2.71424392203948837421e-02 -4.72691171923228115048e+00 -5.76279437849874009991e-01 1.54028576055353312313e+02 3.35425649900598314007e-03
3.10187405629012494246e-02 -4.72190984255194923236e+00 -5.76274913383049924853e-01 1.54032455791796564881e+02 3.79192757949234262455e-03
3.48945659527794757593e-02 -4.71692732309285744918e+00 -5.76269195215747598304e-01 1.54036285688488845835e+02 4.21929628581893100686e-03
3.87698559192307112831e-02 -4.71196410635053020144e+00 -5.76262295317146455709e-01 1.54040066011650992550e+02 4.63638884568145625414e-03
4.26445509996716889956e-02 -4.70702013800962504320e+00 -5.76254225570786093868e-01 1.54043797027388734477e+02 5.04323203445042334003e-03
4.65185917406470347824e-02 -4.70209536394355875899e+00 -5.76244997775039791144e-01 1.54047479001676208554e+02 5.43985315260369153845e-03
5.03919186987416417578e-02 -4.69718973021350638675e+00 -5.76234623641991627885e-01 1.54051112200300622135e+02 5.82627990162916126887e-03
5.42644724414926629685e-02 -4.69230318307050708881e+00 -5.76223114803862124234e-01 1.54054696889005867888e+02 6.20254074576297772387e-03
5.81361935483015249138e-02 -4.68743566937953293206e+00 -5.76210482807221424650e-01 1.54058233333305338419e+02 6.56866445317152731348e-03
6.20070226113456635098e-02 -4.68258713492724076843e+00 -5.76196739125071411003e-01 1.54061721798562700769e+02 6.92468035084677774327e-03
6.58769002364900102542e-02 -4.67775752693947577399e+00 -5.76181895132123922387e-01 1.54065162549990418484e+02 7.27061826263044122531e-03
6.97457670441984506349e-02 -4.67294679241689436822e+00 -5.76165962130492426141e-01 1.54068555852625593161e+02 7.60650850576719429058e-03
7.36135636704448592660e-02 -4.66815487854639510346e+00 -5.76148951339473969213e-01 1.54071901971280766475e+02 7.93238171757741118706e-03
7.74802307676239754297e-02 -4.66338173270331068920e+00 -5.76130873904975415734e-01 1.54075201170696232111e+02 8.24826941175438137221e-03
8.13457090054621884123e-02 -4.65862730244792899725e+00 -5.76111740888853085529e-01 1.54078453715328521412e+02 8.55420324412125773761e-03
8.52099390719276428285e-02 -4.65389153552710066464e+00 -5.76091563276285301143e-01 1.54081659869465738666e+02 8.85021543869614867039e-03
8.90728616741405659907e-02 -4.64917437987352322182e+00 -5.76070351974967587161e-01 1.54084819897194563509e+02 9.13633868617264727208e-03
9.29344175392829291438e-02 -4.64447578360545598741e+00 -5.76048117815758486948e-01 1.54087934062394339207e+02 9.41260613935921211515e-03
9.67945474155079421674e-02 -4.63979569502641009393e+00 -5.76024871553367900923e-01 1.54091002628731786217e+02 9.67905140874027007658e-03
1.00653192072849326233e-01 -4.63513406262436156169e+00 -5.76000623863937799563e-01 1.54094025859622576036e+02 9.93570836030749880707e-03
1.04510292304129906449e-01 -4.63049083507318304243e+00 -5.75975385356426228256e-01 1.54097004018338651576e+02 1.01826118005935231658e-02
1.08365788925870357162e-01 -4.62586596122999527125e+00 -5.75949166558867520216e-01 1.54099937367851907766e+02 1.04197965468677336554e-02
1.12219622779197156226e-01 -4.62125939013626485519e+00 -5.75921977927716710610e-01 1.54102826170919769311e+02 1.06472979817862460628e-02
1.16071734730750303344e-01 -4.61667107101716300832e+00 -5.75893829846488514157e-01 1.54105670690058815353e+02 1.08651519205970759768e-02
1.19922065673590871882e-01 -4.61210095328124847214e+00 -5.75864732626401809590e-01 1.54108471187539578295e+02 1.10733946065331018138e-02
1.23770556528107589234e-01 -4.60754898652013800131e+00 -5.75834696506999366150e-01 1.54111227925381285786e+02 1.12720627062439203436e-02
1.27617148242923722501e-01 -4.60301512050817507316e+00 -5.75803731656771455860e-01 1.54113941165346517437e+02 1.14611933053155225920e-02
1.31461781795802923334e-01 -4.59849930520194316586e+00 -5.75771848170531730382e-01 1.54116611168925885522e+02 1.16408236946232840348e-02
1.35304398194555003387e-01 -4.59400149074049224396e+00 -5.75739056081724598357e-01 1.54119238197369469390e+02 1.18109921180269816093e-02
1.39144938477940960375e-01 -4.58952162744423386442e+00 -5.75705365347002451237e-01 1.54121822511631989983e+02 1.19717367370933639587e-02
1.42983343716577865345e-01 -4.58505966581506818613e+00 -5.75670785856681632708e-01 1.54124364372398304113e+02 1.21230962603062174254e-02
1.46819555013843056068e-01 -4.58061555653592389348e+00 -5.75635327433055565827e-01 1.54126864040071325235e+02 1.22651097912802112266e-02
1.50653513506777553266e-01 -4.57618925047043045851e+00 -5.75598999830990276649e-01 1.54129321774767248598e+02 1.23978168242465536936e-02
1.54485160366989643377e-01 -4.57178069866253888875e+00 -5.75561812738501266118e-01 1.54131737836310634293e+02 1.25212572395560824828e-02
1.58314436801557489876e-01 -4.56738985233619310122e+00 -5.75523775777352919469e-01 1.54134112484229632400e+02 1.26354712992426936741e-02
1.62141284053930911924e-01 -4.56301666289512475316e+00 -5.75484898501211539212e-01 1.54136445977761695758e+02 1.27404994877236363987e-02
1.65965643404833329555e-01 -4.55866108192190200299e+00 -5.75445190405054596283e-01 1.54138738575810720022e+02 1.28363830743395187367e-02
1.69787456173162598638e-01 -4.55432306117839669213e+00 -5.75404660913488963381e-01 1.54140990536995531102e+02 1.29231633216656677243e-02
1.73606663716891373994e-01 -4.55000255260491215381e+00 -5.75363319388919824959e-01 1.54143202119612340084e+02 1.30008819704377602544e-02
1.77423207433967000668e-01 -4.54569950831993008222e+00 -5.75321175130340645154e-01 1.54145373581637670668e+02 1.30695811204077968343e-02
1.81237028763210711313e-01 -4.54141388061975792567e+00 -5.75278237373868184257e-01 1.54147505180724351703e+02 1.31293032259296379993e-02
1.85048069185216018662e-01 -4.53714562197814785804e+00 -5.75234515293319703666e-01 1.54149597174196799187e+02 1.31800910916071087331e-02
1.88856270223246969220e-01 -4.53289468557739727572e+00 -5.75190018207929698590e-01 1.54151649819059372248e+02 1.32219878712934290482e-02
1.92661573444134981425e-01 -4.52866102320014629612e+00 -5.75144754775414934755e-01 1.54153663371958742800e+02 1.32550369590270483017e-02
1.96463920459175961364e-01 -4.52444458836379403976e+00 -5.75098734174348091841e-01 1.54155638089191313611e+02 1.32792823433790316973e-02
2.00263252925025725393e-01 -4.52024533424836416629e+00 -5.75051965333680192849e-01 1.54157574226738148582e+02 1.32947681148955412084e-02
2.04059512544595450523e-01 -4.51606321420924849974e+00 -5.75004457123831191900e-01 1.54159472040217508493e+02 1.33015387629125906438e-02
2.07852641067946264375e-01 -4.51189818177704005109e+00 -5.74956218356120318802e-01 1.54161331784893860686e+02 1.32996391009286007989e-02
2.11642580293182863693e-01 -4.50775019065715287780e+00 -5.74907257783293212938e-01 1.54163153715673644228e+02 1.32891142623398333250e-02
2.15429272067346772035e-01 -4.50361919472944638443e+00 -5.74857584100028073948e-01 1.54164938087101376141e+02 1.32700096961857628292e-02
2.19212658287308292948e-01 -4.49950514804783541223e+00 -5.74807205943459464947e-01 1.54166685153355530247e+02 1.32423711629461437339e-02
2.22992680900658574172e-01 -4.49540800483991453973e+00 -5.74756131893676469602e-01 1.54168395168244728666e+02 1.32062447303227005480e-02
2.26769281906599701193e-01 -4.49132771950657172511e+00 -5.74704370474220849196e-01 1.54170068385203592243e+02 1.31616767690623092529e-02
2.30542403356835262640e-01 -4.48726424662159750767e+00 -5.74651930152614620617e-01 1.54171705057289130991e+02 1.31087139487927727827e-02
2.34311987356459305865e-01 -4.48321754093131286112e+00 -5.74598819340828792512e-01 1.54173305437176651367e+02 1.30474032338765474209e-02
2.38077976064844459847e-01 -4.47918755735417128960e+00 -5.74545046395772418535e-01 1.54174869777156089867e+02 1.29777918792844098456e-02
2.41840311696529752794e-01 -4.47517425098037691100e+00 -5.74490619619817510788e-01 1.54176398329128232945e+02 1.28999274264950721663e-02
2.45598936522107014202e-01 -4.47117757707148566482e+00 -5.74435547261231249649e-01 1.54177891344601079027e+02 1.28138576994005822657e-02
2.49353792869107054875e-01 -4.46719749106003671812e+00 -5.74379837514695679168e-01 1.54179349074685916321e+02 1.27196308002584489161e-02
2.53104823122884181608e-01 -4.46323394855041843954e+00 -5.74323498517578134859e-01 1.54180771770175113033e+02 1.26172948364805474070e-02
2.56851969727500406560e-01 -4.45928690531368587813e+00 -5.74266538366231427126e-01 1.54182159681231411241e+02 1.25068989330655022663e-02
2.60595175186608463136e-01 -4.45535631729400272150e+00 -5.74208965093932932611e-01 1.54183513057821670600e+02 1.23884917821311495156e-02
2.64334382064334627582e-01 -4.45144214060391263388e+00 -5.74150786685659997310e-01 1.54184832149435493420e+02 1.22621225569941837141e-02
2.68069532986158931553e-01 -4.44754433152498585002e+00 -5.74092011075124641906e-01 1.54186117205148235598e+02 1.21278406889873593272e-02
2.71800570639796568173e-01 -4.44366284650742660034e+00 -5.74032646145236635782e-01 1.54187368473617368636e+02 1.19856958634772577804e-02
2.75527437776076689069e-01 -4.43979764216968320056e+00 -5.73972699728546698061e-01 1.54188586203079182724e+02 1.18357380159215125337e-02
2.79250077209821145896e-01 -4.43594867529806347051e+00 -5.73912179607708905493e-01 1.54189770641345347713e+02 1.16780173278822323873e-02
2.82968431820721455505e-01 -4.43211590284633327741e+00 -5.73851093515917232146e-01 1.54190922035799587775e+02 1.15125842231446236241e-02
2.86682444554216209198e-01 -4.42829928193534261283e+00 -5.73789449137350748842e-01 1.54192040633394384486e+02 1.13394893637763193028e-02
2.90392058422365262338e-01 -4.42449876985261525419e+00 -5.73727254107606721156e-01 1.54193126680647594640e+02 1.11587836462326544379e-02
2.94097216504725145203e-01 -4.42071432463624169884e+00 -5.73664516522394807296e-01 1.54194180423653648404e+02 1.09705182035262447521e-02
2.97797861949222197886e-01 -4.41694590275229614917e+00 -5.73601242947512357517e-01 1.54195202108023266874e+02 1.07747443777182153740e-02
3.01493937973024594967e-01 -4.41319346255504019183e+00 -5.73537441343838882979e-01 1.54196191978965146063e+02 1.05715137508891020290e-02
3.05185387863413981613e-01 -4.40945696199474568289e+00 -5.73473119157121180578e-01 1.54197150281226640800e+02 1.03608781185183882606e-02
3.08872154978655832913e-01 -4.40573635918641048903e+00 -5.73408283786666750359e-01 1.54198077259104593395e+02 1.01428894912991285349e-02
3.12554182748867592778e-01 -4.40203161241235374490e+00 -5.73342942578827230449e-01 1.54198973156632831660e+02 9.91759964652279106534e-03
3.16231414676888089588e-01 -4.39834268011043860724e+00 -5.73277102853892550627e-01 1.54199838216850395156e+02 9.68506182309301910660e-03
3.19903794339143177083e-01 -4.39466952089004703197e+00 -5.73210771868478574653e-01 1.54200672682846146699e+02 9.44532827729248694593e-03
3.23571265386512540996e-01 -4.39101209352121202301e+00 -5.73143956840240331729e-01 1.54201476797084808368e+02 9.19845184106711163952e-03
3.27233771545193397046e-01 -4.38737035693677146497e+00 -5.73076664942457236762e-01 1.54202250801565355687e+02 8.94448554259354329521e-03
3.30891256617564633036e-01 -4.38374427023194357389e+00 -5.73008903304419892066e-01 1.54202994937818203880e+02 8.68348260255756912440e-03
3.34543664483048841518e-01 -4.38013379266398139578e+00 -5.72940679011811559995e-01 1.54203709446902195168e+02 8.41549643041891552719e-03
3.38190939098973242238e-01 -4.37653888365176690911e+00 -5.72871999107120166705e-01 1.54204394569401671333e+02 8.14058062076518547390e-03
3.41833024501430049469e-01 -4.37295950277542555540e+00 -5.72802870590008783580e-01 1.54205050545423716812e+02 7.85878894961469960656e-03
3.45469864806134951962e-01 -4.36939560977595942148e+00 -5.72733300417730184506e-01 1.54205677614595145997e+02 7.57017537077542788937e-03
3.49101404209284427171e-01 -4.36584716455484667108e+00 -5.72663295505472236258e-01 1.54206276016059860012e+02 7.27479401219008163515e-03
3.52727586988412222802e-01 -4.36231412717368272070e+00 -5.72592862726760576386e-01 1.54206845988475976128e+02 6.97269917233428373343e-03
3.56348357503244450584e-01 -4.35879645785376812483e+00 -5.72522008913825652954e-01 1.54207387770012928740e+02 6.66394531658937808866e-03
3.59963660196552959203e-01 -4.35529411697576218643e+00 -5.72450740857986417609e-01 1.54207901598348911421e+02 6.34858707365955430429e-03
3.63573439595008318648e-01 -4.35180706507929482285e+00 -5.72379065310003931621e-01 1.54208387710668120008e+02 6.02667923200022031399e-03
3.67177640310030473092e-01 -4.34833526286257310289e+00 -5.72306988980456066152e-01 1.54208846343657938860e+02 5.69827673626012963515e-03
3.70776207038639005198e-01 -4.34487867118658144250e+00 -5.72234518532136360314e-01 1.54209277733797847532e+02 5.36343417365215974907e-03
3.74369084564301513041e-01 -4.34143725105717059876e+00 -5.72161660611032130141e-01 1.54209682116234461091e+02 5.02220773286273045738e-03
3.77956217757780987831e-01 -4.33801096365004035249e+00 -5.72088421802416258188e-01 1.54210059726402619162e+02 4.67465236306218844681e-03
3.81537551577981803863e-01 -4.33459977083194125669e+00 -5.72014809584828864963e-01 1.54210410798990835701e+02 4.32082359835958204619e-03
3.85113031072793543519e-01 -4.33120363301416322344e+00 -5.71940828692907410336e-01 1.54210735568136584561e+02 3.96077710736954680809e-03
3.88682601379935599439e-01 -4.32782251237300208402e+00 -5.71866486463135315077e-01 1.54211034267505539219e+02 3.59456869789217875119e-03
3.92246207727797613352e-01 -4.32445637070611077490e+00 -5.71791789334944899892e-01 1.54211307130235070417e+02 3.22225430787084288556e-03
3.95803795436280247966e-01 -4.32110516996676796708e+00 -5.71716743710409924795e-01 1.54211554388945074834e+02 2.84389000336365870350e-03
3.99355309917634848649e-01 -4.31776887226347660942e+00 -5.71641355954575103304e-01 1.54211776275735445552e+02 2.45953197512758245727e-03
4.02900696677300329540e-01 -4.31444743985961931543e+00 -5.71565632395784173347e-01 1.54211973022183684634e+02 2.06923653519121373417e-03
4.06439901314739726601e-01 -4.31114083517307822291e+00 -5.71489579326013519278e-01 1.54212144859342316749e+02 1.67306011346391998555e-03
4.09972869524274474706e-01 -4.30784902077588682801e+00 -5.71413203001198910513e-01 1.54212292017736444905e+02 1.27105925436025264316e-03
4.13499547095918296158e-01 -4.30457195939387382566e+00 -5.71336509641570233775e-01 1.54212414727361476707e+02 8.63290613396618610430e-04
4.17019879916208535686e-01 -4.30130961390628296925e+00 -5.71259505431952918642e-01 1.54212513217680594835e+02 4.49810953881771724994e-04
4.20533813969036496250e-01 -4.29806194734544089187e+00 -5.71182196522119101090e-01 1.54212587717622341188e+02 3.06771435390706690501e-05
4.24041295336476609101e-01 -4.29482892289638140682e+00 -5.71104589027068954010e-01 1.54212638455578286312e+02 -3.94053848797948651130e-04
4.27542270199613438919e-01 -4.29161050389651954617e+00 -5.71026689027365752516e-01 1.54212665659400755658e+02 -8.24324956498179357324e-04
4.31036684839367689737e-01 -4.28840665384113606251e+00 -5.70948502561460125015e-01 1.54212669556776404534e+02 -1.26007952915220826536e-03
4.34524485637320267983e-01 -4.28521733636031676440e+00 -5.70870035656842689242e-01 1.54212650373767957035e+02 -1.70125935974765689872e-03
4.38005619076534846723e-01 -4.28204251525167212122e+00 -5.70791294285551309429e-01 1.54212608336929150710e+02 -2.14780755974621536536e-03
4.41480031742379597226e-01 -4.27888215445856801011e+00 -5.70712284393412150330e-01 1.54212543671932223788e+02 -2.59966670495856899334e-03
4.44947670323346589072e-01 -4.27573621807501336178e+00 -5.70633011893356245636e-01 1.54212456603898743879e+02 -3.05677928979475538665e-03
4.48408481611869302874e-01 -4.27260467070624994079e+00 -5.70553483940491878990e-01 1.54212347357413563032e+02 -3.51908774366323185909e-03
4.51862412505139754426e-01 -4.26948747600394629131e+00 -5.70473703925724939801e-01 1.54212216156458367777e+02 -3.98653438300806788053e-03
4.55309410005922676756e-01 -4.26638459888914223228e+00 -5.70393678852666674572e-01 1.54212063224503907577e+02 -4.45906148919344297310e-03
4.58749421223369369116e-01 -4.26329600405447095568e+00 -5.70313414505699611823e-01 1.54211888784446017553e+02 -4.93661126320835488834e-03
4.62182393373828603877e-01 -4.26022165634147587099e+00 -5.70232916637738673771e-01 1.54211693058618720897e+02 -5.41912584063675151214e-03
4.65608273781656922807e-01 -4.25716152074023490570e+00 -5.70152190970511396628e-01 1.54211476268791642497e+02 -5.90654729481995474649e-03
4.69027009880027045963e-01 -4.25411556238908605820e+00 -5.70071243194822940836e-01 1.54211238636168445737e+02 -6.39881764000090579037e-03
4.72438549211733671562e-01 -4.25108374657423837562e+00 -5.69990078970845415185e-01 1.54210980381384132443e+02 -6.89587883445545810762e-03
4.75842839429999664436e-01 -4.24806603872949484213e+00 -5.69908703928386217719e-01 1.54210701724503053356e+02 -7.39767278359247746483e-03
4.79239828299277970114e-01 -4.24506240443589444311e+00 -5.69827123667144719299e-01 1.54210402885017003882e+02 -7.90414134308148851049e-03
4.82629463696053917499e-01 -4.24207280942141551350e+00 -5.69745343757004807372e-01 1.54210084081842836667e+02 -8.41522632189326338925e-03
4.86011693609644690461e-01 -4.23909721956061957826e+00 -5.69663369738280800370e-01 1.54209745533320472077e+02 -8.93086948543124481414e-03
4.89386466142997689222e-01 -4.23613560088029927897e+00 -5.69581207115629761795e-01 1.54209387457590565873e+02 -9.45101296442516468355e-03
4.92753729513486060654e-01 -4.23318791953605177980e+00 -5.69498861382962018318e-01 1.54209010071115727669e+02 -9.97559768082663389510e-03
4.96113432053704617175e-01 -4.23025414184569914511e+00 -5.69416337987761034256e-01 1.54208613590833948592e+02 -1.05045656517573030714e-02
4.99465522212260704116e-01 -4.22733423426705989812e+00 -5.69333642354646007888e-01 1.54208198232756842572e+02 -1.10378584990684716627e-02
5.02809948554567842649e-01 -4.22442816340297699895e+00 -5.69250779879952428786e-01 1.54207764212308632068e+02 -1.15754178162051548501e-02
5.06146659763632045248e-01 -4.22153589600102652213e+00 -5.69167755931979768569e-01 1.54207311744324329084e+02 -1.21171851711746308283e-02
5.09475604640841184256e-01 -4.21865739895117375369e+00 -5.69084577627748555706e-01 1.54206841043081197995e+02 -1.26631021490248123207e-02
5.12796732106749808544e-01 -4.21579263922894753591e+00 -5.69001246849627717594e-01 1.54206352322166310387e+02 -1.32131102002039698545e-02
5.16109991201863405053e-01 -4.21294158406797514260e+00 -5.68917770543945211514e-01 1.54205845794664412551e+02 -1.37671508706152280477e-02
5.19415331087419551714e-01 -4.21010420079082692268e+00 -5.68834153969483335977e-01 1.54205321673032955232e+02 -1.43251656562207885931e-02
5.22712701046168959351e-01 -4.20728045686322715824e+00 -5.68750402358173756667e-01 1.54204780169130060585e+02 -1.48870960422776005272e-02
5.26002050483152849836e-01 -4.20447031989377784100e+00 -5.68666520915353745913e-01 1.54204221494212418975e+02 -1.54528835063075711126e-02
5.29283328926479668119e-01 -4.20167375763362027641e+00 -5.68582514819951700957e-01 1.54203645858933384716e+02 -1.60224695209209358482e-02
5.32556486028099573815e-01 -4.19889073797619882811e+00 -5.68498389224738165382e-01 1.54203053473341100243e+02 -1.65957955567729437130e-02
5.35821471564576490287e-01 -4.19612122895693406832e+00 -5.68414149256570855329e-01 1.54202444546876364484e+02 -1.71728030853630919683e-02
5.39078235437859709656e-01 -4.19336519875295987703e+00 -5.68329800016588393419e-01 1.54201819288370785443e+02 -1.77534335819530507405e-02
5.42326727676051723037e-01 -4.19062261568282767854e+00 -5.68245346580416699211e-01 1.54201177906044961219e+02 -1.83376285283476520016e-02
5.45566898434175162613e-01 -4.18789344820623377075e+00 -5.68160793998430668772e-01 1.54200520607506206261e+02 -1.89253294157658985553e-02
5.48798697994937745293e-01 -4.18517766492375020704e+00 -5.68076147295927702530e-01 1.54199847599747016602e+02 -1.95164777476353225316e-02
5.52022076769495328996e-01 -4.18247523458251269091e+00 -5.67991411468304008281e-01 1.54199159089525920763e+02 -2.01110153654035610227e-02
5.55236985298212415429e-01 -4.17978612605261101720e+00 -5.67906591500984880838e-01 1.54198455281870820954e+02 -2.07088831913984569577e-02
5.58443374251421431609e-01 -4.17711030786555514993e+00 -5.67821694491206785393e-01 1.54197736382334113614e+02 -2.13100231456165543908e-02
5.61641194430179235830e-01 -4.17444775005409596247e+00 -5.67736721206307137777e-01 1.54197002595303416683e+02 -2.19143766744637827348e-02
5.64830396767022624438e-01 -4.17179842152871493965e+00 -5.67651678565386230702e-01 1.54196254124727403223e+02 -2.25218854491573174104e-02
5.68010932326720507923e-01 -4.16916229172812169423e+00 -5.67566571447793988270e-01 1.54195491173868902024e+02 -2.31324911049822119768e-02
5.71182752307025198846e-01 -4.16653933022999911628e+00 -5.67481404709240688788e-01 1.54194713945362451568e+02 -2.37461353087919831151e-02
5.74345808039421146240e-01 -4.16392950675062767374e+00 -5.67396183181964830489e-01 1.54193922641212566305e+02 -2.43627597616797898772e-02
5.77500050989871893670e-01 -4.16133279114469623039e+00 -5.67310911674951512396e-01 1.54193117462791747130e+02 -2.49823062017221694808e-02
5.80645432759564483760e-01 -4.15874915340504092143e+00 -5.67225594974092639511e-01 1.54192298610838577133e+02 -2.56047164065977030101e-02
5.83781905085652308429e-01 -4.15617856366236093635e+00 -5.67140237842387318068e-01 1.54191466285456044716e+02 -2.62299321963121549739e-02
5.86909419841995516620e-01 -4.15362099218504710052e+00 -5.67054845020151021551e-01 1.54190620686109610915e+02 -2.68578954358207749875e-02
5.90027929039899312613e-01 -4.15107640937884436738e+00 -5.66969421225164249556e-01 1.54189762011625248306e+02 -2.74885480376827681659e-02
5.93137384828850811047e-01 -4.14854478578667595912e+00 -5.66883971152889798439e-01 1.54188890460187735698e+02 -2.81218319646899111985e-02
5.96237739497252783316e-01 -4.14602609208842043387e+00 -5.66798499476620976090e-01 1.54188006229338895992e+02 -2.87576892324702682036e-02
5.99328945473155960677e-01 -4.14352029910060615236e+00 -5.66713010847684772742e-01 1.54187109515975578233e+02 -2.93960619121174555890e-02
6.02410955324989116910e-01 -4.14102737651971430921e+00 -5.66627512443012459897e-01 1.54186200516481818568e+02 -3.00368922345460587220e-02
6.05483721762286153378e-01 -4.13854729774460849967e+00 -5.66542003928735438123e-01 1.54185279426208666109e+02 -3.06801221913288596488e-02
6.08547197636412851018e-01 -4.13608003292469827983e+00 -5.66456492290656976607e-01 1.54184346440226079267e+02 -3.13256941316649994977e-02
6.11601335941289292464e-01 -4.13362555342389903501e+00 -5.66370982090351637872e-01 1.54183401753150064906e+02 -3.19735505818493428998e-02
6.14646089814111729055e-01 -4.13118383072708095227e+00 -5.66285477877677578817e-01 1.54182445558019566079e+02 -3.26236335314171593813e-02
6.17681412536071339225e-01 -4.12875483646842056373e+00 -5.66199984172298331764e-01 1.54181478048115877755e+02 -3.32758856289383023186e-02
6.20707257533071432576e-01 -4.12633854241245856542e+00 -5.66114505475984963745e-01 1.54180499415771180338e+02 -3.39302494054042544369e-02
6.23723578376441656346e-01 -4.12393492045858334194e+00 -5.66029046269829305693e-01 1.54179509852658327418e+02 -3.45866674675805174655e-02
6.26730328783650536550e-01 -4.12154394264066148423e+00 -5.65943611014390168812e-01 1.54178509549788998356e+02 -3.52450825005324250294e-02
6.29727462619016020717e-01 -4.11916558112700581518e+00 -5.65858204149877086486e-01 1.54177498697511907721e+02 -3.59054372700631230231e-02
6.32714933894412689952e-01 -4.11679980822006363894e+00 -5.65772830096271550637e-01 1.54176477485511099985e+02 -3.65676746251849399405e-02
6.35692696769977860782e-01 -4.11444659635624354621e+00 -5.65687493253542506011e-01 1.54175446102804102111e+02 -3.72317375005654441211e-02
6.38660705554815355534e-01 -4.11210591601485209168e+00 -5.65602200741858074373e-01 1.54174404737961481260e+02 -3.78975690405004700390e-02
6.41618914707695386923e-01 -4.10977774378728089033e+00 -5.65516951586443994415e-01 1.54173353578247287032e+02 -3.85651121189738987916e-02
6.44567278837754553678e-01 -4.10746205068218284140e+00 -5.65431752724148029010e-01 1.54172292810865599222e+02 -3.92343100592301499696e-02
6.47505752705191617302e-01 -4.10515880966701196542e+00 -5.65346608475255529846e-01 1.54171222622150480674e+02 -3.99051061625815481348e-02
6.50434291221961835561e-01 -4.10286799384208755725e+00 -5.65261523140685118172e-01 1.54170143197760381781e+02 -4.05774438280236890431e-02
6.53352849452468964486e-01 -4.10058957644035615431e+00 -5.65176501002063735868e-01 1.54169054722676833080e+02 -4.12512665545909512632e-02
6.56261382614254484835e-01 -4.09832353082725830973e+00 -5.65091546321895954463e-01 1.54167957381202427314e+02 -4.19265179436935711554e-02
6.59159846078685274229e-01 -4.09606983050048789607e+00 -5.65006663343732284943e-01 1.54166851356958943597e+02 -4.26031417015012708882e-02
6.62048195371637282491e-01 -4.09382844908986687216e+00 -5.64921856292261104215e-01 1.54165736832885897911e+02 -4.32810816412207283177e-02
6.64926386174179318012e-01 -4.09159936035719340452e+00 -5.64837129373537027988e-01 1.54164613991238468316e+02 -4.39602816854882949560e-02
6.67794374323251838099e-01 -4.08938253819609531803e+00 -5.64752486775122020113e-01 1.54163483013585903336e+02 -4.46406858685998580993e-02
6.70652115812345961388e-01 -4.08717795351927115632e+00 -5.64667935468731618798e-01 1.54162344081151132968e+02 -4.53222384620310600467e-02
6.73499566792176929120e-01 -4.08498558630336816577e+00 -5.64583474116367445284e-01 1.54161197373484952777e+02 -4.60048834826346578208e-02
6.76336683571358565636e-01 -4.08280540808623548799e+00 -5.64499109531291121122e-01 1.54160043070392504205e+02 -4.66885654361591934114e-02
6.79163422617073186949e-01 -4.08063739328796426520e+00 -5.64414845824035449340e-01 1.54158881350977367219e+02 -4.73732289728683655938e-02
6.81979740555738733754e-01 -4.07848151644574929975e+00 -5.64330687093848926139e-01 1.54157712392783935229e+02 -4.80588184367137655206e-02
6.84785594173675460361e-01 -4.07633775224075645127e+00 -5.64246637415470986276e-01 1.54156536373504451376e+02 -4.87452787158962341785e-02
6.87580940417768404771e-01 -4.07420607548025426325e+00 -5.64162700848089726513e-01 1.54155353469857885784e+02 -4.94325546895806947068e-02
6.90365736396128082397e-01 -4.07208646110190564116e+00 -5.64078881433241696719e-01 1.54154163857863153453e+02 -5.01205913665598648543e-02
6.93139939378748737298e-01 -4.06997888417358755220e+00 -5.63995183195056037917e-01 1.54152967712837579484e+02 -5.08093338874626779256e-02
6.95903506798163817848e-01 -4.06788331989329066118e+00 -5.63911610140355068488e-01 1.54151765209394937983e+02 -5.14987275269169625380e-02
6.98656396250099120948e-01 -4.06579973932290439365e+00 -5.63828168931788220597e-01 1.54150556521933282283e+02 -5.21887177919281297633e-02
7.01398565494123937825e-01 -4.06372812592230303608e+00 -5.63744858256267633578e-01 1.54149341822733333629e+02 -5.28792500280361593701e-02
7.04129972454298314055e-01 -4.06166845148808430821e+00 -5.63661684665738849098e-01 1.54148121284725561964e+02 -5.35702700284763841387e-02
7.06850575219819421413e-01 -4.05962069173266737465e+00 -5.63578652095762078211e-01 1.54146895079693024400e+02 -5.42617236248162521095e-02
7.09560332045664265976e-01 -4.05758482249751839532e+00 -5.63495764464972070940e-01 1.54145663378706728963e+02 -5.49535567932412788439e-02
7.12259201353230508857e-01 -4.05556081975332460843e+00 -5.63413025675214562682e-01 1.54144426352123701918e+02 -5.56457156566818739174e-02
7.14947141730974067286e-01 -4.05354865959961152555e+00 -5.63330439611784306031e-01 1.54143184169585424570e+02 -5.63381464869081999280e-02
7.17624111935044939337e-01 -4.05154831826487615842e+00 -5.63248010143516220083e-01 1.54141937000015957437e+02 -5.70307957066253506939e-02
7.20290070889919697983e-01 -4.04955977210638273789e+00 -5.63165741123031304838e-01 1.54140685011620320211e+02 -5.77236098915102843754e-02
7.22944977689031653689e-01 -4.04758299761003392803e+00 -5.63083636386892849579e-01 1.54139428371882644342e+02 -5.84165357722810640873e-02
7.25588791595399018597e-01 -4.04561796529711159565e+00 -5.63001702052962849088e-01 1.54138167248291864553e+02 -5.91095202452933191073e-02
7.28221472042250406176e-01 -4.04366466337343055670e+00 -5.62919937275342618932e-01 1.54136901805513645058e+02 -5.98025103077942238317e-02
7.30842978633645223852e-01 -4.04172306326827435186e+00 -5.62838348159435009066e-01 1.54135632209511726387e+02 -6.04954532016411458684e-02
7.33453271145096175054e-01 -4.03979314197531813591e+00 -5.62756938472889323144e-01 1.54134358624870202448e+02 -6.11882962969413635168e-02
7.36052309524184211753e-01 -4.03787487661621558033e+00 -5.62675711967508984657e-01 1.54133081215443780820e+02 -6.18809871288340529460e-02
7.38640053891175041301e-01 -4.03596824444032353796e+00 -5.62594672379605142964e-01 1.54131800144355935345e+02 -6.25734733994877390106e-02
7.41216464539629305008e-01 -4.03407322282496760835e+00 -5.62513823430057069430e-01 1.54130515573997115553e+02 -6.32657029800654524543e-02
7.43781501937012756720e-01 -4.03218978927498028497e+00 -5.62433168824719276202e-01 1.54129227666023268739e+02 -6.39576239126929957379e-02
7.46335126725303221740e-01 -4.03031791419832430279e+00 -5.62352713907041112940e-01 1.54127936582250782749e+02 -6.46491843107849933903e-02
7.48877299721593336912e-01 -4.02845758895906502772e+00 -5.62272458869508717783e-01 1.54126642481167408505e+02 -6.53403327125176014434e-02
7.51407981918692846612e-01 -4.02660878498163921080e+00 -5.62192409147304061889e-01 1.54125345523020655492e+02 -6.60310176268157911217e-02
7.53927134485726568869e-01 -4.02477148027414255438e+00 -5.62112568378770993682e-01 1.54124045866511210079e+02 -6.67211877974236144961e-02
7.56434718768730363081e-01 -4.02294565297188544406e+00 -5.62032940187278229338e-01 1.54122743669596331983e+02 -6.74107921485248839932e-02
7.58930696291243989116e-01 -4.02113128133694974764e+00 -5.61953528181648565010e-01 1.54121439089488347918e+02 -6.80997797866270404565e-02
7.61415028754902523112e-01 -4.01932834376393355313e+00 -5.61874335954448800301e-01 1.54120132283005574436e+02 -6.87881001293184496381e-02
7.63887678040022333192e-01 -4.01753681875795809475e+00 -5.61795367090159869505e-01 1.54118823405180052077e+02 -6.94757024074124512891e-02
7.66348606206187388246e-01 -4.01575667605412967021e+00 -5.61716625774933087101e-01 1.54117512612451406540e+02 -7.01625361039395489815e-02
7.68797775492830681721e-01 -4.01398791122817311106e+00 -5.61638113939717187328e-01 1.54116200056879563363e+02 -7.08485515831846768275e-02
7.71235148319813990092e-01 -4.01223049518456686968e+00 -5.61559836035746884342e-01 1.54114885892952798940e+02 -7.15336986660625590018e-02
7.73660687288004522699e-01 -4.01048440693853613936e+00 -5.61481795577022158028e-01 1.54113570273377973763e+02 -7.22179275899361428070e-02
7.76074355179848351938e-01 -4.00874962563162018370e+00 -5.61403996063786658866e-01 1.54112253350104907668e+02 -7.29011887872962477397e-02
7.78476114959941845051e-01 -4.00702613053154621525e+00 -5.61326440983050733990e-01 1.54110935274324702959e+02 -7.35834328875157456240e-02
7.80865929775599765250e-01 -4.00531390103214235410e+00 -5.61249133809127775940e-01 1.54109616196468039107e+02 -7.42646107187375920100e-02
7.83243762957420930348e-01 -4.00361290644418055251e+00 -5.61172077408545799670e-01 1.54108296267540055169e+02 -7.49446727769707971012e-02
7.85609578019850984809e-01 -4.00192314568175877554e+00 -5.61095275823098482704e-01 1.54106975633912753665e+02 -7.56235712230090700858e-02
7.87963338661741508062e-01 -4.00024458935019566752e+00 -5.61018732368322226023e-01 1.54105654444932753222e+02 -7.63012570707175957763e-02
7.90305008766907790552e-01 -3.99857721733988569213e+00 -5.60942450452417751272e-01 1.54104332847972386844e+02 -7.69776819575664905670e-02
7.92634552404682946047e-01 -3.99692100966678198759e+00 -5.60866433471495562380e-01 1.54103010989635038186e+02 -7.76527977283828496624e-02
7.94951933830468693287e-01 -3.99527594647234307601e+00 -5.60790684809679751410e-01 1.54101689015753407830e+02 -7.83265564370322769916e-02
7.97257117486284361263e-01 -3.99364200802337343532e+00 -5.60715207839902918252e-01 1.54100367071387921669e+02 -7.89989103482053173222e-02
7.99550068001312008725e-01 -3.99201916265287515273e+00 -5.60640003449136226088e-01 1.54099045302423718340e+02 -7.96698110300446821208e-02
8.01830750192439767332e-01 -3.99040741367268303463e+00 -5.60565079000383770236e-01 1.54097723849333931412e+02 -8.03392127899487246134e-02
8.04099129064801410038e-01 -3.98880673087306414359e+00 -5.60490436120548607413e-01 1.54096402856301835982e+02 -8.10070677942759942436e-02
8.06355169812312477795e-01 -3.98721709501483356775e+00 -5.60416078117613292164e-01 1.54095082465281763007e+02 -8.16733291635269864628e-02
8.08598837818206295225e-01 -3.98563848698361899991e+00 -5.60342008289141269017e-01 1.54093762817447242242e+02 -8.23379502372541399735e-02
8.10830098655563102916e-01 -3.98407088778986251398e+00 -5.60268229923085558930e-01 1.54092444053189410624e+02 -8.30008845757104346541e-02
8.13048918087839522784e-01 -3.98251426540129127574e+00 -5.60194742023163549938e-01 1.54091126313876941367e+02 -8.36620846942496970700e-02
8.15255262069393138447e-01 -3.98096862599311762665e+00 -5.60121555156324557601e-01 1.54089809734975744959e+02 -8.43215068690298663601e-02
8.17449096746005965386e-01 -3.97943393908176901164e+00 -5.60048669334437421163e-01 1.54088494456123072496e+02 -8.49791042863430046150e-02
8.19630388455402592029e-01 -3.97791018616949854092e+00 -5.59976087781640874397e-01 1.54087180614563266090e+02 -8.56348314002178256921e-02
8.21799103727767876748e-01 -3.97639734888298645998e+00 -5.59903813713779840988e-01 1.54085868346750032742e+02 -8.62886428933528487617e-02
8.23955209286259315782e-01 -3.97489540897238802231e+00 -5.59831850339694403473e-01 1.54084557788344596929e+02 -8.69404936788238519307e-02
8.26098672047518967076e-01 -3.97340433360054134937e+00 -5.59760193955167184576e-01 1.54083249076175064829e+02 -8.75903370961446797738e-02
8.28229459122179711983e-01 -3.97192413265340116268e+00 -5.59688859849341913133e-01 1.54081942340563443850e+02 -8.82381317762618994083e-02
8.30347537815371183889e-01 -3.97045477495714616012e+00 -5.59617845723655693568e-01 1.54080637716579133212e+02 -8.88838318276821970354e-02
8.32452875627220700849e-01 -3.96899624275186591049e+00 -5.59547154725382300811e-01 1.54079335336696374270e+02 -8.95273930935831518951e-02
8.34545440253351977766e-01 -3.96754851840055255963e+00 -5.59476789996289469720e-01 1.54078035332589024620e+02 -9.01687716551492213224e-02
8.36625199585380951994e-01 -3.96611158438872868359e+00 -5.59406754674639072888e-01 1.54076737835128710685e+02 -9.08079238333731747490e-02
8.38692121711408611340e-01 -3.96468540662184487644e+00 -5.59337041028712733670e-01 1.54075442976561504338e+02 -9.14448035662704244997e-02
8.40746174916510269348e-01 -3.96326999958562486981e+00 -5.59267671507890362648e-01 1.54074150881958900072e+02 -9.20793724089986886927e-02
8.42787327683222509123e-01 -3.96186533097150705984e+00 -5.59198640384325540431e-01 1.54072861681789390786e+02 -9.27115852059725992218e-02
8.44815548692026907496e-01 -3.96047138375195340032e+00 -5.59129950738711634095e-01 1.54071575503698227294e+02 -9.33413992431703642971e-02
8.46830806821829651376e-01 -3.95908814102012795999e+00 -5.59061605651443360721e-01 1.54070292474520641690e+02 -9.39687720538815995930e-02
8.48833071150440821029e-01 -3.95771556854614736665e+00 -5.58993594208613164831e-01 1.54069012722503771329e+02 -9.45936581457568759213e-02
8.50822310955046900993e-01 -3.95635368291381483985e+00 -5.58925944511967420780e-01 1.54067736368552061776e+02 -9.52160214891137890447e-02
8.52798495712683735093e-01 -3.95500245168745179214e+00 -5.58858648123169543531e-01 1.54066463539135241945e+02 -9.58358176082412666075e-02
8.54761595100703930328e-01 -3.95366185844451178966e+00 -5.58791708069526382729e-01 1.54065194357829710725e+02 -9.64530050294333390903e-02
8.56711578997242706457e-01 -3.95233188688803194211e+00 -5.58725127381871078391e-01 1.54063928947884846821e+02 -9.70675426497990961883e-02
8.58648417481679637753e-01 -3.95101250243104074045e+00 -5.58658890699788468481e-01 1.54062667432514786015e+02 -9.76793850858613532662e-02
8.60572080835097841245e-01 -3.94970372419509141437e+00 -5.58593034118795350729e-01 1.54061409928935461267e+02 -9.82884993636482101609e-02
8.62482539540740500428e-01 -3.94840551938511508112e+00 -5.58527545417547122142e-01 1.54060156559561022505e+02 -9.88948414916878543179e-02
8.64379764284463170121e-01 -3.94711787217566856256e+00 -5.58462427583391374242e-01 1.54058907443860107378e+02 -9.94983712715642870661e-02
8.66263725955183860883e-01 -3.94584074893469072265e+00 -5.58397663090709928113e-01 1.54057662702577829350e+02 -1.00099044119370941819e-01
8.68134395645329126623e-01 -3.94457416846400121813e+00 -5.58333291847086243820e-01 1.54056422449380306716e+02 -1.00696828805476951141e-01
8.69991744651278930966e-01 -3.94331809880060157880e+00 -5.58269299802627294582e-01 1.54055186803273443275e+02 -1.01291681992039583893e-01
8.71835744473805518417e-01 -3.94207252459305168557e+00 -5.58205689906719371152e-01 1.54053955880410967438e+02 -1.01883564522136441099e-01
8.73666366818512285519e-01 -3.94083743059999891400e+00 -5.58142465125610498511e-01 1.54052729796117063188e+02 -1.02472437507136346357e-01
8.75483583596266101701e-01 -3.93961278284317195642e+00 -5.58079600244220874750e-01 1.54051508666806000747e+02 -1.03058256080994975479e-01
8.77287366923630518301e-01 -3.93839860278638242974e+00 -5.58017149164367287639e-01 1.54050292602229148997e+02 -1.03640993268256181858e-01
8.79077689123291206030e-01 -3.93719485796085244544e+00 -5.57955091311562845213e-01 1.54049081717136260750e+02 -1.04220605694326826085e-01
8.80854522724482724705e-01 -3.93600153358623527922e+00 -5.57893429631286852377e-01 1.54047876123508331148e+02 -1.04797055538915787065e-01
8.82617840463408520613e-01 -3.93481859672983347309e+00 -5.57832134082321129398e-01 1.54046675934084873916e+02 -1.05370297998757148084e-01
8.84367615283660701841e-01 -3.93364606845378350641e+00 -5.57771267308649121297e-01 1.54045481255805242427e+02 -1.05940309025376419583e-01
8.86103820336633374311e-01 -3.93248391708324351868e+00 -5.57710804659704240116e-01 1.54044292199821711620e+02 -1.06507045468053118675e-01
8.87826428981936643936e-01 -3.93133212828528666449e+00 -5.57650749076536778048e-01 1.54043108874750913628e+02 -1.07070470595915692713e-01
8.89535414787803402348e-01 -3.93019067047632342238e+00 -5.57591064014215653799e-01 1.54041931389464224367e+02 -1.07630539344831341331e-01
8.91230751531496778739e-01 -3.92905956381902532470e+00 -5.57531823970370488119e-01 1.54040759848361801687e+02 -1.08187231247673862344e-01
8.92912413199710819356e-01 -3.92793877760846132929e+00 -5.57472998802012398301e-01 1.54039594358848773936e+02 -1.08740503103286062503e-01
8.94580373988970722898e-01 -3.92682828224813773588e+00 -5.57414550982626266773e-01 1.54038435026900032199e+02 -1.09290310451639532952e-01
8.96234608306028635027e-01 -3.92572809524964538852e+00 -5.57356556670109193341e-01 1.54037281954987577137e+02 -1.09836634053726747706e-01
8.97875090768255890161e-01 -3.92463818763429150849e+00 -5.57298984939361030655e-01 1.54036135247677407278e+02 -1.10379431362726085353e-01
8.99501796204032810778e-01 -3.92355854582147633991e+00 -5.57241838737123407199e-01 1.54034995007646926979e+02 -1.10918667597534881253e-01
9.01114699653134842983e-01 -3.92248914261395542624e+00 -5.57185070527912884586e-01 1.54033861336511876061e+02 -1.11454297363279580813e-01
9.02713776367115805499e-01 -3.92142999281327320205e+00 -5.57128774833343443085e-01 1.54032734334963294032e+02 -1.11986306345267655482e-01
9.04299001809687252873e-01 -3.92038106911513972719e+00 -5.57072912278914977868e-01 1.54031614103439579821e+02 -1.12514651373258639522e-01
9.05870351657095174147e-01 -3.91934234689789740003e+00 -5.57017431982949284830e-01 1.54030500740338965215e+02 -1.13039287205526792213e-01
9.07427801798493138818e-01 -3.91831383731959181915e+00 -5.56962434518482263357e-01 1.54029394344908496350e+02 -1.13560201658731971253e-01
9.08971328336312445195e-01 -3.91729551515893215097e+00 -5.56907877740672296873e-01 1.54028295014502475624e+02 -1.14077351834516907414e-01
9.10500907586628160928e-01 -3.91628735879011768972e+00 -5.56853706159775918572e-01 1.54027202844109922353e+02 -1.14590692405703631351e-01
9.12016516079523720251e-01 -3.91528937499729901006e+00 -5.56800028744862229857e-01 1.54026117931840957453e+02 -1.15100213790799654756e-01
9.13518130559449748063e-01 -3.91430154091787008142e+00 -5.56746799518965440612e-01 1.54025040371819841312e+02 -1.15605873160103012065e-01
9.15005727985581884809e-01 -3.91332383861729349306e+00 -5.56693956903396069968e-01 1.54023970255359444081e+02 -1.16107624823873323283e-01
9.16479285532173615358e-01 -3.91235626927748958437e+00 -5.56641621020981691714e-01 1.54022907679877789633e+02 -1.16605462345921118139e-01
9.17938780588907099478e-01 -3.91139881288195567777e+00 -5.56589740814588784801e-01 1.54021852736064744249e+02 -1.17099342727853272805e-01
9.19384190761239561418e-01 -3.91045145625525991662e+00 -5.56538246834232919191e-01 1.54020805511185670866e+02 -1.17589219588897106461e-01
9.20815493870747459049e-01 -3.90951419306386682706e+00 -5.56487273681733896069e-01 1.54019766102604222624e+02 -1.18075090278233971186e-01
9.22232667955466323129e-01 -3.90858700691409799433e+00 -5.56436763717502613780e-01 1.54018734597289721933e+02 -1.18556911346584525901e-01
9.23635691270227932037e-01 -3.90766989099028494437e+00 -5.56386637431094843720e-01 1.54017711077939793540e+02 -1.19034635327825585871e-01
9.25024542286994155837e-01 -3.90676282855530576654e+00 -5.56337047990560162880e-01 1.54016695642775545139e+02 -1.19508264120523788332e-01
9.26399199695186803538e-01 -3.90586581516433550831e+00 -5.56287849119606714332e-01 1.54015688368152694920e+02 -1.19977736631399142797e-01
9.27759642402015138885e-01 -3.90497883130771494820e+00 -5.56239189149883794805e-01 1.54014689350941665680e+02 -1.20443054391506473855e-01
9.29105849532799177304e-01 -3.90410186697401950795e+00 -5.56191004279279921363e-01 1.54013698672051162930e+02 -1.20904174208586290273e-01
9.30437800431290207293e-01 -3.90323492651204917436e+00 -5.56143203876006797515e-01 1.54012716406676560155e+02 -1.21361048001019239395e-01
9.31755474659987315000e-01 -3.90237797456296631182e+00 -5.56095961590991394452e-01 1.54011742654234041083e+02 -1.21813683076728115906e-01
9.33058852000451910413e-01 -3.90153102739776258545e+00 -5.56049108631762378785e-01 1.54010777480688716423e+02 -1.22262015552788358419e-01
9.34347912453616813444e-01 -3.90069404491893667597e+00 -5.56002817582365360671e-01 1.54009820984804520094e+02 -1.22706053074892421084e-01
9.35622636240093785709e-01 -3.89986704906457637421e+00 -5.55956919658036952114e-01 1.54008873229467951660e+02 -1.23145732436096694284e-01
9.36883003800477065504e-01 -3.89904999401965302042e+00 -5.55911588366712061671e-01 1.54007934313140964377e+02 -1.23581061989399859646e-01
9.38128995795643128019e-01 -3.89824288181366185313e+00 -5.55866748652766529126e-01 1.54007004307246774033e+02 -1.24011998501759146407e-01
9.39360593107047781025e-01 -3.89744573966671925547e+00 -5.55822289846656603096e-01 1.54006083274352903345e+02 -1.24438492428256025635e-01
9.40577776837019263745e-01 -3.89665849281149956340e+00 -5.55778422717401188180e-01 1.54005171319317952339e+02 -1.24860559901119910764e-01
9.41780528309048348135e-01 -3.89588120145154181984e+00 -5.55734937719629562558e-01 1.54004268489248943297e+02 -1.25278131843912537979e-01
9.42968829068074665400e-01 -3.89511377981115014535e+00 -5.55692051537784559301e-01 1.54003374890284618459e+02 -1.25691225923332872139e-01
9.44142660880770479004e-01 -3.89435630071059879498e+00 -5.55649547483751171661e-01 1.54002490564308089915e+02 -1.26099772554797318058e-01
9.45302005735819794729e-01 -3.89360866485467393971e+00 -5.55607650545898557048e-01 1.54001615619489598430e+02 -1.26503791327114339937e-01
9.46446845844195028263e-01 -3.89287096046227443225e+00 -5.55566134452761928308e-01 1.54000750091656925633e+02 -1.26903211766945883676e-01
9.47577163639429898012e-01 -3.89214307158236128004e+00 -5.55525235012008455904e-01 1.53999894091926023521e+02 -1.27298055769395873638e-01
9.48692941777889098276e-01 -3.89142510532295338166e+00 -5.55484713769348603662e-01 1.53999047649052585029e+02 -1.27688251593324531008e-01
9.49794163139034308685e-01 -3.89071692513191846885e+00 -5.55444820056443133716e-01 1.53998210878224995213e+02 -1.28073823822942300943e-01
9.50880810825686872967e-01 -3.89001866139475493966e+00 -5.55405300426712100759e-01 1.53997383799874171473e+02 -1.28454699072550582173e-01
9.51952868164287147046e-01 -3.88933023117191822848e+00 -5.55366290748643298691e-01 1.53996566507833989590e+02 -1.28830880019429633299e-01
9.53010318705150072383e-01 -3.88865155612147228581e+00 -5.55327909290292409672e-01 1.53995759093123211869e+02 -1.29202366184798439486e-01
9.54053146222718195801e-01 -3.88798277643446166252e+00 -5.55289911103071354148e-01 1.53994961572022987184e+02 -1.29569087314275965817e-01
9.55081334715809804337e-01 -3.88732371807979282252e+00 -5.55252555111266588028e-01 1.53994174064072268493e+02 -1.29931069936290805034e-01
9.56094868407865283721e-01 -3.88667455561962249533e+00 -5.55215574890719154588e-01 1.53993396574066792937e+02 -1.30288241351976280535e-01
9.57093731747188369852e-01 -3.88603507667635161837e+00 -5.55179252560561553587e-01 1.53992629231803505263e+02 -1.30640632068079493022e-01
9.58077909407185845936e-01 -3.88540549905261389796e+00 -5.55143296645548289803e-01 1.53991872027579717042e+02 -1.30988166585925325247e-01
9.59047386286601133421e-01 -3.88478569700100395679e+00 -5.55107860964156429873e-01 1.53991125060746611553e+02 -1.31330851704450690676e-01
9.60002147509747882914e-01 -3.88417553747688115706e+00 -5.55073090819879877422e-01 1.53990388431313846240e+02 -1.31668692355894151325e-01
9.60942178426736681729e-01 -3.88357527282555237136e+00 -5.55038688780868039174e-01 1.53989662117792164509e+02 -1.32001614375448689254e-01
9.61867464613700540177e-01 -3.88298476094055233787e+00 -5.55004810867536280128e-01 1.53988946221164866301e+02 -1.32329625178414733710e-01
9.62777991873016381064e-01 -3.88240384383801995227e+00 -5.54971609407089006005e-01 1.53988240845477974972e+02 -1.32652730861175210952e-01
9.63673746233522310334e-01 -3.88183282364367032713e+00 -5.54938774222065056563e-01 1.53987545953252492836e+02 -1.32970858014718057438e-01
9.64554713950732445227e-01 -3.88127153426221349619e+00 -5.54906467048093987593e-01 1.53986861649198544910e+02 -1.33284014991434635045e-01
9.65420881507047634607e-01 -3.88071996902897309312e+00 -5.54874688797699744391e-01 1.53986187988443276708e+02 -1.33592182717658020108e-01
9.66272235611963070667e-01 -3.88017794046004205200e+00 -5.54843594610758605867e-01 1.53985525079179382146e+02 -1.33895367514718588442e-01
9.67108763202271903836e-01 -3.87964580815864135133e+00 -5.54812870802802282633e-01 1.53984872865402593334e+02 -1.34193499659738008090e-01
9.67930451442265749051e-01 -3.87912337909914350931e+00 -5.54782679761938846141e-01 1.53984231455213290474e+02 -1.34486587410378832796e-01
9.68737287723931861372e-01 -3.87861064691765822232e+00 -5.54753022452113664365e-01 1.53983600900082734597e+02 -1.34774612980375713134e-01
9.69529259667146536827e-01 -3.87810737556017803840e+00 -5.54724061789443667614e-01 1.53982981317417028322e+02 -1.35057582813197296634e-01
9.70306355119864738512e-01 -3.87761401962140572763e+00 -5.54695469947513952746e-01 1.53982372622640326654e+02 -1.35335430895783398464e-01
9.71068562158306947119e-01 -3.87713034054467531320e+00 -5.54667415517299144945e-01 1.53981774932213255624e+02 -1.35608165452918510985e-01
9.71815869087142014671e-01 -3.87665633224340888674e+00 -5.54639899450614093368e-01 1.53981188293940192580e+02 -1.35875769976293941932e-01
9.72548264439666687586e-01 -3.87619198868778669365e+00 -5.54612922714405542912e-01 1.53980612754710591616e+02 -1.36138228281549172882e-01
9.73265736977981354983e-01 -3.87573730390291926184e+00 -5.54586486270654432928e-01 1.53980048360497676185e+02 -1.36395524503693299501e-01
9.73968275693162355289e-01 -3.87529227197410586214e+00 -5.54560591083706699855e-01 1.53979495156356790631e+02 -1.36647643099709031889e-01
9.74655869805431618325e-01 -3.87485656665774147456e+00 -5.54535399527805838993e-01 1.53978953276497406932e+02 -1.36894586833699760664e-01
9.75328508764321089330e-01 -3.87443081538239297856e+00 -5.54510586579077369151e-01 1.53978422585800785782e+02 -1.37136303579281720877e-01
9.75986182248835265618e-01 -3.87401469807631437803e+00 -5.54486317909389625491e-01 1.53977903215211568977e+02 -1.37372797926124695644e-01
9.76628880167609847440e-01 -3.87360820903996261322e+00 -5.54462594334870773061e-01 1.53977395206104517911e+02 -1.37604055582097178911e-01
9.77256592659065281836e-01 -3.87321134265855393508e+00 -5.54439416631216652753e-01 1.53976898598924293537e+02 -1.37830062569889416624e-01
9.77869310091559640341e-01 -3.87282409335720068100e+00 -5.54416785533980327472e-01 1.53976413433195773450e+02 -1.38050805224204986565e-01
9.78467023063535390470e-01 -3.87244645565026912593e+00 -5.54394701746976581447e-01 1.53975939747511915812e+02 -1.38266270197559382193e-01
9.79049722403663946757e-01 -3.87207842412330682791e+00 -5.54373165904704645612e-01 1.53975477579534839379e+02 -1.38476444450033514544e-01
9.79617399170986558055e-01 -3.87171999345782991142e+00 -5.54352178603428114023e-01 1.53975026965991133920e+02 -1.38681315258944920510e-01
9.80170044655051198035e-01 -3.87137115846099000294e+00 -5.54331740355135993426e-01 1.53974587942660747331e+02 -1.38880870209650286728e-01
9.80707650376046569107e-01 -3.87103191404862556624e+00 -5.54311851634543661937e-01 1.53974160544383551041e+02 -1.39075097206446646192e-01
9.81230208084931665447e-01 -3.87070225529953004795e+00 -5.54292512838346129733e-01 1.53973744805042286998e+02 -1.39263984466338114343e-01
9.81737709763563226595e-01 -3.87038217747080137698e+00 -5.54273724283918411970e-01 1.53973340757557934921e+02 -1.39447520520049605963e-01
9.82230147624817750973e-01 -3.87007222694133057317e+00 -5.54255367187472147705e-01 1.53972948286903857706e+02 -1.39625702381385108364e-01
9.82707514112711733034e-01 -3.86977132867926565396e+00 -5.54237685713104610841e-01 1.53972567710396731400e+02 -1.39798506537477273959e-01
9.83169801902517237480e-01 -3.86948000058453045469e+00 -5.54220555899590849869e-01 1.53972198918176104598e+02 -1.39965927377053711567e-01
9.83617003900874475875e-01 -3.86919823900805992523e+00 -5.54203977954416449059e-01 1.53971841939225413398e+02 -1.40127954767983564643e-01
9.84049113245900386460e-01 -3.86892604068607859347e+00 -5.54187952044486342729e-01 1.53971496801512813590e+02 -1.40284578917526825403e-01
9.84466123307294216360e-01 -3.86866340281624943032e+00 -5.54172478343373020593e-01 1.53971163531974212901e+02 -1.40435790389954906487e-01
9.84868027686439440060e-01 -3.86841032309914423237e+00 -5.54157557018929658454e-01 1.53970842156501163345e+02 -1.40581580106637432648e-01
9.85254820216501125962e-01 -3.86816679986427747195e+00 -5.54143188308792500330e-01 1.53970532699912979524e+02 -1.40721939374460563998e-01
9.85626494962521304544e-01 -3.86793283204881221948e+00 -5.54129372504919115450e-01 1.53970235185960348190e+02 -1.40856859880764462289e-01
9.85983046221510006646e-01 -3.86770915127844183701e+00 -5.54116060734863191684e-01 1.53969949447687184829e+02 -1.40986372237423746023e-01
9.86324468522532193937e-01 -3.86749432887553767912e+00 -5.54103362975743252150e-01 1.53969675877591214430e+02 -1.41110397132097109552e-01
9.86650756626792246884e-01 -3.86728906214809109443e+00 -5.54091220369635650833e-01 1.53969414315079774269e+02 -1.41228960873786529850e-01
9.86961905527714344899e-01 -3.86709335240078910800e+00 -5.54079633718770558914e-01 1.53969164779659053011e+02 -1.41342056746172922699e-01
9.87257910451019071729e-01 -3.86690720164078571841e+00 -5.54068603980020779609e-01 1.53968927289745806775e+02 -1.41449678447589793917e-01
9.87538766854796246086e-01 -3.86673061246865668039e+00 -5.54058132315591755912e-01 1.53968701862698821969e+02 -1.41551820096677077876e-01
9.87804470429575864898e-01 -3.86656358799202992671e+00 -5.54048220065430085945e-01 1.53968488514838384162e+02 -1.41648476219575325530e-01
9.88055017098393051356e-01 -3.86640613163139423847e+00 -5.54038868723739530431e-01 1.53968287261494310769e+02 -1.41739641730540932851e-01
9.88290403016850893536e-01 -3.86625824696842013140e+00 -5.54030079884626713849e-01 1.53968098117040966599e+02 -1.41825311907480738904e-01
9.88510624573179952357e-01 -3.86611993745423010438e+00 -5.54021855205038882275e-01 1.53967921094969767637e+02 -1.41905482362030738175e-01
9.88715678388292773526e-01 -3.86599120611667146363e+00 -5.54014196248231005626e-01 1.53967756207953556213e+02 -1.41980148978854775477e-01
9.88905561315836734160e-01 -3.86587112651279740660e+00 -5.54007048160909176815e-01 1.53967603702026735846e+02 -1.42049228302172841909e-01
9.89080270442241449302e-01 -3.86576157567374467661e+00 -5.54000522833196229477e-01 1.53967463115529767492e+02 -1.42112876588280451218e-01
9.89239803086764180051e-01 -3.86566161460376989112e+00 -5.53994568918599994412e-01 1.53967334696002183136e+02 -1.42171011084285203729e-01
9.89384156801530467717e-01 -3.86557124159889742288e+00 -5.53989186744956119135e-01 1.53967218453566459857e+02 -1.42223628330980095269e-01
9.89513329371571881410e-01 -3.86548950057072948638e+00 -5.53984294541990052174e-01 1.53967114636678275019e+02 -1.42270637082839518373e-01
9.89627318814860101881e-01 -3.86541834747612433887e+00 -5.53980063531893551776e-01 1.53967022763113220662e+02 -1.42312215887167192729e-01
9.89726123382337119594e-01 -3.86535579373964788275e+00 -5.53976308628806757284e-01 1.53966943337357065502e+02 -1.42348175086764089370e-01
9.89809741557942324164e-01 -3.86530386560004712848e+00 -5.53973233367675788053e-01 1.53966875859276029814e+02 -1.42378707204494248106e-01
9.89878172058635374952e-01 -3.86526054077160985400e+00 -5.53970630001182406943e-01 1.53966820838846558672e+02 -1.42403614965517233415e-01
9.89931413834416518149e-01 -3.86522681359754560759e+00 -5.53968598360836339545e-01 1.53966778031794689241e+02 -1.42422992420145527737e-01
9.89969466068341796827e-01 -3.86520373648692183721e+00 -5.53967261613478312299e-01 1.53966747179484826802e+02 -1.42436944074117777248e-01
