00000000000000000000 -4.74535024170241115371e+00 -9.61958874905535443744e-01 00000000000000000154 2.29390865736349450317e-17
3.87796733008385127034e-03 -4.74074941843968122868e+00 -9.61968505300462073393e-01 1.54003746791069545452e+02 7.54906882588432634647e-04
7.75587515650285035801e-03 -4.73616633811503895402e+00 -9.61975990113388412794e-01 1.54007437662840061421e+02 1.48921150110492496628e-03
1.16336639765051742812e-02 -4.73160095501348543223e+00 -9.61981348779297862350e-01 1.54011072892699161230e+02 2.20295507559404484324e-03
1.55112742891650307042e-02 -4.72705322352456214219e+00 -9.61984600593626781873e-01 1.54014652758225338403e+02 2.89617995603874515964e-03
1.93886465962956576481e-02 -4.72252309814268311783e+00 -9.61985764714369251394e-01 1.54018177537177280101e+02 3.56892966844226831521e-03
2.32657214033622598837e-02 -4.71801053346748577866e+00 -9.61984860162559130004e-01 1.54021647507484857442e+02 4.22124885647059099048e-03
2.71424392203948837421e-02 -4.71351548420436561315e+00 -9.61981905822925531524e-01 1.54025062947252251888e+02 4.85318323577261113294e-03
3.10187405629012494246e-02 -4.70903790516426301593e+00 -9.61976920447511263390e-01 1.54028424134715891114e+02 5.46477973831799128390e-03
3.48945659527794757593e-02 -4.70457775126456301251e+00 -9.61969922654167364229e-01 1.54031731348271648585e+02 6.05608632828555197569e-03
3.87698559192307112831e-02 -4.70013497752904907401e+00 -9.61960930929229962594e-01 1.54034984866445398666e+02 6.62715208881146239372e-03
4.26445509996716889956e-02 -4.69570953908823529588e+00 -9.61949963628492721313e-01 1.54038184967886678578e+02 7.17802719753788971008e-03
4.65185917406470347824e-02 -4.69130139118095623729e+00 -9.61937038975140823460e-01 1.54041331931444375414e+02 7.70876270935245445914e-03
5.03919186987416417578e-02 -4.68691048915065522351e+00 -9.61922175070649365658e-01 1.54044426035903740058e+02 8.21941117071326408927e-03
5.42644724414926629685e-02 -4.68253678845047804913e+00 -9.61905389884120998190e-01 1.54047467560288112054e+02 8.71002585123182258842e-03
5.81361935483015249138e-02 -4.67818024464076831492e+00 -9.61886701260131427027e-01 1.54050456783674036387e+02 9.18066116450657471182e-03
6.20070226113456635098e-02 -4.67384081338986590026e+00 -9.61866126918451525007e-01 1.54053393985220651530e+02 9.63137256724768547889e-03
6.58769002364900102542e-02 -4.66951845047623681495e+00 -9.61843684452253877559e-01 1.54056279444282949953e+02 1.00622163609751114760e-02
6.97457670441984506349e-02 -4.66521311178249575846e+00 -9.61819391338795126600e-01 1.54059113440007337203e+02 1.04732502962075740144e-02
7.36135636704448592660e-02 -4.66092475330350808349e+00 -9.61793264928329394436e-01 1.54061896251830461324e+02 1.08645327804399536437e-02
7.74802307676239754297e-02 -4.65665333114196311470e+00 -9.61765322452362125816e-01 1.54064628159175072142e+02 1.12361233259656960459e-02
8.13457090054621884123e-02 -4.65239880150958029503e+00 -9.61735581023164698422e-01 1.54067309441507603651e+02 1.15880824395180950792e-02
8.52099390719276428285e-02 -4.64816112072725484694e+00 -9.61704057634883646699e-01 1.54069940378330045405e+02 1.19204716138061016240e-02
8.90728616741405659907e-02 -4.64394024504712898960e+00 -9.61670768328762970434e-01 1.54072521249324040582e+02 1.22333531443658705823e-02
9.29344175392829291438e-02 -4.63973613137945140039e+00 -9.61635731504233759459e-01 1.54075052333826050699e+02 1.25267907199920688899e-02
9.67945474155079421674e-02 -4.63554873618308693750e+00 -9.61598963003562734464e-01 1.54077533911500751174e+02 1.28008486166497504471e-02
1.00653192072849326233e-01 -4.63137801621746802994e+00 -9.61560479359036990310e-01 1.54079966261927779669e+02 1.30555921682448585613e-02
1.04510292304129906449e-01 -4.62722392835196849603e+00 -9.61520296990189371478e-01 1.54082349664685978041e+02 1.32910876482134378274e-02
1.08365788925870357162e-01 -4.62308642956601190122e+00 -9.61478432204831645613e-01 1.54084684399346031114e+02 1.35074022608140682095e-02
1.12219622779197156226e-01 -4.61896547695108861120e+00 -9.61434901198735869521e-01 1.54086970745585574605e+02 1.37046040439336939271e-02
1.16071734730750303344e-01 -4.61486102770415040908e+00 -9.61389720061515351546e-01 1.54089208982751756594e+02 1.38827621700373105007e-02
1.19922065673590871882e-01 -4.61077303913675073943e+00 -9.61342904771127493291e-01 1.54091399390433991812e+02 1.40419465206722132722e-02
1.23770556528107589234e-01 -4.60670146866964547172e+00 -9.61294471198864353134e-01 1.54093542248105109138e+02 1.41822279302287364289e-02
1.27617148242923722501e-01 -4.60264627383412694428e+00 -9.61244435109446460075e-01 1.54095637835195418575e+02 1.43036781192221549436e-02
1.31461781795802923334e-01 -4.59860741227211722304e+00 -9.61192812162046661406e-01 1.54097686431085662662e+02 1.44063696855513418554e-02
1.35304398194555003387e-01 -4.59458484173621162228e+00 -9.61139617911281995966e-01 1.54099688315100308955e+02 1.44903760958425154720e-02
1.39144938477940960375e-01 -4.59057852008975686431e+00 -9.61084867808210452367e-01 1.54101643766500842503e+02 1.45557716767749506515e-02
1.42983343716577865345e-01 -4.58658840530917633060e+00 -9.61028577200240263778e-01 1.54103553064625742763e+02 1.46026315373728940439e-02
1.46819555013843056068e-01 -4.58261445547577661586e+00 -9.60970761336006007447e-01 1.54105416488354876492e+02 1.46310318088319554763e-02
1.50653513506777553266e-01 -4.57865662878712065265e+00 -9.60911435361003096745e-01 1.54107234316829362797e+02 1.46410492954781989300e-02
1.54485160366989643377e-01 -4.57471488355007771531e+00 -9.60850614321832274811e-01 1.54109006828997877392e+02 1.46327616755220889927e-02
1.58314436801557489876e-01 -4.57078917818247898452e+00 -9.60788313166413332489e-01 1.54110734303714423277e+02 1.46062474438022355666e-02
1.62141284053930911924e-01 -4.56687947121314330445e+00 -9.60724546744919805086e-01 1.54112417019731992696e+02 1.45615859032754112190e-02
1.65965643404833329555e-01 -4.56298572128189228181e+00 -9.60659329810736206667e-01 1.54114055255696484892e+02 1.44988571565148466336e-02
1.69787456173162598638e-01 -4.55910788713957781937e+00 -9.60592677021408603011e-01 1.54115649290140453331e+02 1.44181420971431859673e-02
1.73606663716891373994e-01 -4.55524592764806257605e+00 -9.60524602939541227720e-01 1.54117199401477193987e+02 1.43195224014385537326e-02
1.77423207433967000668e-01 -4.55139980178025105317e+00 -9.60455122033781028001e-01 1.54118705867994464143e+02 1.42030805198758124097e-02
1.81237028763210711313e-01 -4.54756946862348954141e+00 -9.60384248678767926677e-01 1.54120168968068412596e+02 1.40688996106528435570e-02
1.85048069185216018662e-01 -4.54375488736695398728e+00 -9.60311997159434937998e-01 1.54121588979348700832e+02 1.39170637442184528393e-02
1.88856270223246969220e-01 -4.53995601731922970856e+00 -9.60238381667253948493e-01 1.54122966179880705795e+02 1.37476575988343570345e-02
1.92661573444134981425e-01 -4.53617281789732373909e+00 -9.60163416304018801917e-01 1.54124300847396142444e+02 1.35607666364746404924e-02
1.96463920459175961364e-01 -4.53240524862921656535e+00 -9.60087115082083331075e-01 1.54125593259472708496e+02 1.33564770512513454614e-02
2.00263252925025725393e-01 -4.52865326915383814566e+00 -9.60009491925230773468e-01 1.54126843693528769563e+02 1.31348757610754169473e-02
2.04059512544595450523e-01 -4.52491683922106968652e+00 -9.59930560669571830701e-01 1.54128052426817504283e+02 1.28960503993901954428e-02
2.07852641067946264375e-01 -4.52119591869163972575e+00 -9.59850335064417192754e-01 1.54129219736421674725e+02 1.26400893068835864369e-02
2.11642580293182863693e-01 -4.51749046753715965963e+00 -9.59768828773120086240e-01 1.54130345899247970465e+02 1.23670815232801347555e-02
2.15429272067346772035e-01 -4.51380044584004913588e+00 -9.59686055374012303432e-01 1.54131431192021636889e+02 1.20771167790934847580e-02
2.19212658287308292948e-01 -4.51012581379348898025e+00 -9.59602028361165482195e-01 1.54132475891281245595e+02 1.17702854874334583019e-02
2.22992680900658574172e-01 -4.50646653192209623029e+00 -9.59516759928861540097e-01 1.54133480273367041491e+02 1.14466787197624684375e-02
2.26769281906599701193e-01 -4.50282256024198268562e+00 -9.59430265793525971496e-01 1.54134444614440241139e+02 1.11063882616964509920e-02
2.30542403356835262640e-01 -4.49919385946643402008e+00 -9.59342558028474123866e-01 1.54135369190897506542e+02 1.07495064723211273400e-02
2.34311987356459305865e-01 -4.49558039021889754849e+00 -9.59253649800463015218e-01 1.54136254277680478708e+02 1.03761264774429786545e-02
2.38077976064844459847e-01 -4.49198211325153717866e+00 -9.59163554194809586662e-01 1.54137100150682101685e+02 9.98634195196728725874e-03
2.41840311696529752794e-01 -4.48839898942128190384e+00 -9.59072284218096204889e-01 1.54137907085215346115e+02 9.58024723336574346444e-03
2.45598936522107014202e-01 -4.48483097969543376138e+00 -9.58979852798536813729e-01 1.54138675356371095404e+02 9.15793728490403059761e-03
2.49353792869107054875e-01 -4.48127804515162075916e+00 -9.58886272786812821067e-01 1.54139405239013171922e+02 8.71950768771008466462e-03
2.53104823122884181608e-01 -4.47774014697770095239e+00 -9.58791556956867241368e-01 1.54140097007773306359e+02 8.26505463267948256578e-03
2.56851969727500406560e-01 -4.47421724647168161937e+00 -9.58695718006690844604e-01 1.54140750937046533409e+02 7.79467491259855892183e-03
2.60595175186608463136e-01 -4.47070930504167218800e+00 -9.58598768559131619860e-01 1.54141367300986274813e+02 7.30846591414560479982e-03
2.64334382064334627582e-01 -4.46721628420578031893e+00 -9.58500721162711122325e-01 1.54141946373499678202e+02 6.80652560998722643004e-03
2.68069532986158931553e-01 -4.46373814559203996311e+00 -9.58401588292334905006e-01 1.54142488428242899090e+02 6.28895255087479933265e-03
2.71800570639796568173e-01 -4.46027485093831366214e+00 -9.58301382350151165213e-01 1.54142993738616326027e+02 5.75584585773852592389e-03
2.75527437776076689069e-01 -4.45682636210009608391e+00 -9.58200115667070750902e-01 1.54143462578262329998e+02 5.20730526475742493131e-03
2.79250077209821145896e-01 -4.45339264102062948325e+00 -9.58097800500504415133e-01 1.54143895219159844601e+02 4.64343091735223891664e-03
2.82968431820721455505e-01 -4.44997364977328846436e+00 -9.57994449039516471345e-01 1.54144291934329828564e+02 4.06432364299679806108e-03
2.86682444554216209198e-01 -4.44656935053447899264e+00 -9.57890073402744679498e-01 1.54144652996107851095e+02 3.47008476528522713175e-03
2.90392058422365262338e-01 -4.44317970558998798225e+00 -9.57784685639851196548e-01 1.54144978676551545504e+02 2.86081613895704592321e-03
2.94097216504725145203e-01 -4.43980467733492201177e+00 -9.57678297732255767727e-01 1.54145269247436402793e+02 2.23662014219169020743e-03
2.97797861949222197886e-01 -4.43644422827359363737e+00 -9.57570921593890567181e-01 1.54145524980251224179e+02 1.59759966883401324095e-03
3.01493937973024594967e-01 -4.43309832101942991045e+00 -9.57462569071936386855e-01 1.54145746146193971526e+02 9.43858120716714729323e-04
3.05185387863413981613e-01 -4.42976691829484359175e+00 -9.57353251947508754327e-01 1.54145933016167418828e+02 2.75499399979850631472e-04
3.08872154978655832913e-01 -4.42644998293120295330e+00 -9.57242981936451409197e-01 1.54146085860775087895e+02 -4.07372098587887720034e-04
3.12554182748867592778e-01 -4.42314747786865591905e+00 -9.57131770690000660551e-01 1.54146204950316700888e+02 -1.10465149520255160459e-03
3.16231414676888089588e-01 -4.41985936615605012889e+00 -9.57019629795511916903e-01 1.54146290554784400229e+02 -1.81623343268059360758e-03
3.19903794339143177083e-01 -4.41658561095087520698e+00 -9.56906570777182108323e-01 1.54146342943858371655e+02 -2.54201208403175785838e-03
3.23571265386512540996e-01 -4.41332617637023449930e+00 -9.56792603626103854708e-01 1.54146362387388165871e+02 -3.28188101884321209445e-03
3.27233771545193397046e-01 -4.41008102417576619558e+00 -9.56677742638866956959e-01 1.54146349153539944155e+02 -4.03573374996672902537e-03
3.30891256617564633036e-01 -4.40685011861807218736e+00 -9.56561997728768709237e-01 1.54146303511442170020e+02 -4.80346296692130917544e-03
3.34543664483048841518e-01 -4.40363342328836626649e+00 -9.56445380174524184547e-01 1.54146225729489287914e+02 -5.58496103855834948732e-03
3.38190939098973242238e-01 -4.40043090188598551293e+00 -9.56327901195165974713e-01 1.54146116075743918827e+02 -6.38011990150959707596e-03
3.41833024501430049469e-01 -4.39724251821823486353e+00 -9.56209571950719872113e-01 1.54145974817932994938e+02 -7.18883106767413942312e-03
3.45469864806134951962e-01 -4.39406823620032582767e+00 -9.56090403542875999499e-01 1.54145802223443979528e+02 -8.01098563167174267108e-03
3.49101404209284427171e-01 -4.39090801985524059603e+00 -9.55970407015676926221e-01 1.54145598559320831100e+02 -8.84647427825266570445e-03
3.52727586988412222802e-01 -4.38776183331363256457e+00 -9.55849593356156490565e-01 1.54145364092260308553e+02 -9.69518728968879472951e-03
3.56348357503244450584e-01 -4.38462964081372064129e+00 -9.55727973494985616476e-01 1.54145099088608162674e+02 -1.05570145531636953862e-02
3.59963660196552959203e-01 -4.38151140670119509934e+00 -9.55605558307176972122e-01 1.54144803814355299210e+02 -1.14318455681355624076e-02
3.63573439595008318648e-01 -4.37840709542907458030e+00 -9.55482358612678273069e-01 1.54144478535134084041e+02 -1.23195694536731500945e-02
3.67177640310030473092e-01 -4.37531667155763503985e+00 -9.55358385177053071047e-01 1.54144123516214591518e+02 -1.32200749557525344680e-02
3.70776207038639005198e-01 -4.37224009975428540287e+00 -9.55233648712087712873e-01 1.54143739022500909641e+02 -1.41332504545885421360e-02
3.74369084564301513041e-01 -4.36917734480099628769e+00 -9.55108159880236784467e-01 1.54143325319007146845e+02 -1.50589837298257048226e-02
3.77956217757780987831e-01 -4.36612837156528943439e+00 -9.54981929280652508396e-01 1.54142882669012976748e+02 -1.59971628984917277339e-02
3.81537551577981803863e-01 -4.36309314504182488292e+00 -9.54854967470892046499e-01 1.54142411336715923653e+02 -1.69476750773069825828e-02
3.85113031072793543519e-01 -4.36007163032551758874e+00 -9.54727284953979737914e-01 1.54141911585521228290e+02 -1.79104072552746969305e-02
3.88682601379935599439e-01 -4.35706379261787191126e+00 -9.54598892182265790218e-01 1.54141383678450210937e+02 -1.88852460917475414859e-02
3.92246207727797613352e-01 -4.35406959722693098769e+00 -9.54469799558066878120e-01 1.54140827878136832396e+02 -1.98720779235542870100e-02
3.95803795436280247966e-01 -4.35108900956709110375e+00 -9.54340017434232690263e-01 1.54140244446823885482e+02 -2.08707887721714321905e-02
3.99355309917634848649e-01 -4.34812199515906172564e+00 -9.54209556114799850590e-01 1.54139633646359811792e+02 -2.18812643508294497885e-02
4.02900696677300329540e-01 -4.34516851962976247137e+00 -9.54078425855500511510e-01 1.54138995738195148988e+02 -2.29033900716651278584e-02
4.06439901314739726601e-01 -4.34222855048420885993e+00 -9.53946635316016533501e-01 1.54138330983297436205e+02 -2.39370510563657462599e-02
4.09972869524274474706e-01 -4.33930205017029368975e+00 -9.53814197731287061188e-01 1.54137639642466723444e+02 -2.49821321309634768182e-02
4.13499547095918296158e-01 -4.33638898626183699747e+00 -9.53681121694112010623e-01 1.54136921975864112255e+02 -2.60385178484911737617e-02
4.17019879916208535686e-01 -4.33348932480999771144e+00 -9.53547417273568065355e-01 1.54136178243313906933e+02 -2.71060924872727759816e-02
4.20533813969036496250e-01 -4.33060303197164220279e+00 -9.53413094493413160180e-01 1.54135408704225284282e+02 -2.81847400597200654915e-02
4.24041295336476609101e-01 -4.32773007401492826318e+00 -9.53278163336960693286e-01 1.54134613617950577691e+02 -2.92743440424832954139e-02
4.27542270199613438919e-01 -4.32487041729727827999e+00 -9.53142633730858390706e-01 1.54133793242388151157e+02 -3.03747884523242785149e-02
4.31036684839367689737e-01 -4.32202402829711651577e+00 -9.53006515570022805228e-01 1.54132947835998038499e+02 -3.14859563026048186463e-02
4.34524485637320267983e-01 -4.31919087359315145846e+00 -9.52869818702433812874e-01 1.54132077656496676354e+02 -3.26077306112156975471e-02
4.38005619076534846723e-01 -4.31637091986939580579e+00 -9.52732552933486798175e-01 1.54131182961168889278e+02 -3.37399941648305265463e-02
4.41480031742379597226e-01 -4.31356413391496928966e+00 -9.52594728026566861523e-01 1.54130264006864479143e+02 -3.48826295257493382285e-02
4.44947670323346589072e-01 -4.31077048262405870815e+00 -9.52456353703510227859e-01 1.54129321049995269277e+02 -3.60355190387622106862e-02
4.48408481611869302874e-01 -4.30798993299581223226e+00 -9.52317439645183116959e-01 1.54128354346531494912e+02 -3.71985448379741276415e-02
4.51862412505139754426e-01 -4.30522245213427368071e+00 -9.52177995492016093770e-01 1.54127364151998961006e+02 -3.83715888536218865945e-02
4.55309410005922676756e-01 -4.30246800724828748486e+00 -9.52038030844442495493e-01 1.54126350721475347427e+02 -3.95545328189120942719e-02
4.58749421223369369116e-01 -4.29972656565138944273e+00 -9.51897555263488848176e-01 1.54125314309587480466e+02 -4.07472582767232430201e-02
4.62182393373828603877e-01 -4.29699809476175964562e+00 -9.51756578271249487067e-01 1.54124255170507808543e+02 -4.19496465863940862229e-02
4.65608273781656922807e-01 -4.29428256210216918731e+00 -9.51615109351342303157e-01 1.54123173557951275825e+02 -4.31615789304685831818e-02
4.69027009880027045963e-01 -4.29157993529981141023e+00 -9.51473157949452863491e-01 1.54122069725172281096e+02 -4.43829363213679647937e-02
4.72438549211733671562e-01 -4.28889018208632588625e+00 -9.51330733473825018720e-01 1.54120943924961380844e+02 -4.56135996081354841425e-02
4.75842839429999664436e-01 -4.28621327332210722005e+00 -9.51187844033365537122e-01 1.54119796409451851105e+02 -4.68534495200554831906e-02
4.79239828299277970114e-01 -4.28354917113347077873e+00 -9.51044501526978280914e-01 1.54118627430862545680e+02 -4.81023665348406376241e-02
4.82629463696053917499e-01 -4.28089784637326076222e+00 -9.50900713968582445013e-01 1.54117437240720306590e+02 -4.93602307231138237587e-02
4.86011693609644690461e-01 -4.27825926718102689250e+00 -9.50756490612004290242e-01 1.54116226089324356963e+02 -5.06269230174502746222e-02
4.89386466142997689222e-01 -4.27563340181444395682e+00 -9.50611840691680365367e-01 1.54114994227385523118e+02 -5.19023232312769977614e-02
4.92753729513486060654e-01 -4.27302021863066627816e+00 -9.50466773402488973588e-01 1.54113741904845994668e+02 -5.31863113722178676435e-02
4.96113432053704617175e-01 -4.27041968609076683094e+00 -9.50321297905177386767e-01 1.54112469371162262632e+02 -5.44787673307050648863e-02
4.99465522212260704116e-01 -4.26783177275971414844e+00 -9.50175423326878987318e-01 1.54111176875302078315e+02 -5.57795708864934139393e-02
5.02809948554567842649e-01 -4.26525644730627462309e+00 -9.50029158761490521989e-01 1.54109864665741270073e+02 -5.70886017152115524120e-02
5.06146659763632045248e-01 -4.26269367850300806566e+00 -9.49882513270153827634e-01 1.54108532990460759038e+02 -5.84057393947320924177e-02
5.09475604640841184256e-01 -4.26014343522614424842e+00 -9.49735495881667390883e-01 1.54107182096943461147e+02 -5.97308634117729164714e-02
5.12796732106749808544e-01 -4.25760568645563086676e+00 -9.49588115592899129069e-01 1.54105812232171132337e+02 -6.10638531682132570944e-02
5.16109991201863405053e-01 -4.25508040127498876615e+00 -9.49440381369165309344e-01 1.54104423642621497947e+02 -6.24045879875961620464e-02
5.19415331087419551714e-01 -4.25256754887133414655e+00 -9.49292302144772115469e-01 1.54103016574264842120e+02 -6.37529471214315912597e-02
5.22712701046168959351e-01 -4.25006709853531194909e+00 -9.49143886823278659648e-01 1.54101591272561392998e+02 -6.51088097556551392842e-02
5.26002050483152849836e-01 -4.24757901966105322344e+00 -9.48995144277930413601e-01 1.54100147982457883700e+02 -6.64720550169122653683e-02
5.29283328926479668119e-01 -4.24510328174618845054e+00 -9.48846083352141156375e-01 1.54098686948384624884e+02 -6.78425619789784634106e-02
5.32556486028099573815e-01 -4.24263985874596905035e+00 -9.48696712383094276078e-01 1.54097208413915581104e+02 -6.92202098127581710862e-02
5.35821471564576490287e-01 -4.24018871196936419921e+00 -9.48547041258140599673e-01 1.54095712623089525550e+02 -7.06048772429596904754e-02
5.39078235437859709656e-01 -4.23774981528165550770e+00 -9.48397078130420734254e-01 1.54094199818454939077e+02 -7.19964433437090822743e-02
5.42326727676051723037e-01 -4.23532313859433173775e+00 -9.48246831729792405419e-01 1.54092670242346144960e+02 -7.33947870402002905399e-02
5.45566898434175162613e-01 -4.23290865192225940206e+00 -9.48096310758268057128e-01 1.54091124136565809977e+02 -7.47997872360495891231e-02
5.48798697994937745293e-01 -4.23050632538825599482e+00 -9.47945523898063413526e-01 1.54089561742686043999e+02 -7.62113223305848908051e-02
5.52022076769495328996e-01 -4.22811612920454837905e+00 -9.47794479781928878026e-01 1.54087983300862276792e+02 -7.76292721296389376384e-02
5.55236985298212415429e-01 -4.22573803370006650937e+00 -9.47643187037363388114e-01 1.54086389051558171559e+02 -7.90535150664847807711e-02
5.58443374251421431609e-01 -4.22337200930263012566e+00 -9.47491654258505011654e-01 1.54084779234419727345e+02 -8.04839300197925933134e-02
5.61641194430179235830e-01 -4.22101802654319691044e+00 -9.47339890013322416529e-01 1.54083154088546194771e+02 -8.19203958773776080848e-02
5.64830396767022624438e-01 -4.21867605605605522356e+00 -9.47187902843986684331e-01 1.54081513852486949645e+02 -8.33627915422970600101e-02
5.68010932326720507923e-01 -4.21634606857865978924e+00 -9.47035701267246454726e-01 1.54079858764238451840e+02 -8.48109959389331258262e-02
5.71182752307025198846e-01 -4.21402803495171252024e+00 -9.46883293774592127434e-01 1.54078189061241147328e+02 -8.62648880190396705192e-02
5.74345808039421146240e-01 -4.21172192611920337413e+00 -9.46730688832718270120e-01 1.54076504980376626008e+02 -8.77243467677216864908e-02
5.77500050989871893670e-01 -4.20942771312833041719e+00 -9.46577894883742776422e-01 1.54074806757964211101e+02 -8.91892512094772799136e-02
5.80645432759564483760e-01 -4.20714537282885459035e+00 -9.46424921257956630605e-01 1.54073094629257127508e+02 -9.06594807790256917990e-02
5.83781905085652308429e-01 -4.20487486545106303737e+00 -9.46271774843777446762e-01 1.54071368830414570539e+02 -9.21349139216802032193e-02
5.86909419841995516620e-01 -4.20261616769144819017e+00 -9.46118464644727596990e-01 1.54069629595579215220e+02 -9.36154301328843418961e-02
5.90027929039899312613e-01 -4.20036925101009472883e+00 -9.45964999011371210358e-01 1.54067877158791873171e+02 -9.51009086547161264225e-02
5.93137384828850811047e-01 -4.19813408697037981909e+00 -9.45811386271217857669e-01 1.54066111753516025829e+02 -9.65912287982681333487e-02
5.96237739497252783316e-01 -4.19591064723895446065e+00 -9.45657634729282881025e-01 1.54064333612634754900e+02 -9.80862699495736178879e-02
5.99328945473155960677e-01 -4.19369890358584296308e+00 -9.45503752668085284405e-01 1.54062542968447644398e+02 -9.95859115754053197955e-02
6.02410955324989116910e-01 -4.19149882788442162962e+00 -9.45349748348068175119e-01 1.54060740052667711097e+02 -1.01090033229094322653e-01
6.05483721762286153378e-01 -4.18931039211143207979e+00 -9.45195630007767406688e-01 1.54058925096418448675e+02 -1.02598514556316772195e-01
6.08547197636412851018e-01 -4.18713356834720595856e+00 -9.45041405864040839901e-01 1.54057098330230331840e+02 -1.04111235300845150764e-01
6.11601335941289292464e-01 -4.18496832877550239971e+00 -9.44887084112318142992e-01 1.54055259984038229959e+02 -1.05628075310324642810e-01
6.14646089814111729055e-01 -4.18281464568378336111e+00 -9.44732672926820837844e-01 1.54053410287177968030e+02 -1.07148914541955422863e-01
6.17681412536071339225e-01 -4.18067249146313013597e+00 -9.44578180460763139337e-01 1.54051549468383313979e+02 -1.08673633068204239516e-01
6.20707257533071432576e-01 -4.17854183860841388309e+00 -9.44423614846446768389e-01 1.54049677755782738586e+02 -1.10202111082454395907e-01
6.23723578376441656346e-01 -4.17642266685792407088e+00 -9.44268987538856685582e-01 1.54047795376531041711e+02 -1.11734228975117602656e-01
6.26730328783650536550e-01 -4.17431493503987294247e+00 -9.44114300540308981624e-01 1.54045902558270711324e+02 -1.13269867098032925301e-01
6.29727462619016020717e-01 -4.17221862270236609760e+00 -9.43959564734764056126e-01 1.54043999526932310573e+02 -1.14808906077079123098e-01
6.32714933894412689952e-01 -4.17013370275408412624e+00 -9.43804788179146258997e-01 1.54042086508193136751e+02 -1.16351226646170188839e-01
6.35692696769977860782e-01 -4.16806014820767689599e+00 -9.43649978910718334468e-01 1.54040163727109700176e+02 -1.17896709688143419559e-01
6.38660705554815355534e-01 -4.16599793217979819104e+00 -9.43495144947453012740e-01 1.54038231408114398846e+02 -1.19445236240343241607e-01
6.41618914707695386923e-01 -4.16394702789120518815e+00 -9.43340294288039782344e-01 1.54036289775012619430e+02 -1.20996687500037655716e-01
6.44567278837754553678e-01 -4.16190740866702935108e+00 -9.43185434912112929950e-01 1.54034339050979355079e+02 -1.22550944829914007506e-01
6.47505752705191617302e-01 -4.15987904793664231562e+00 -9.43030574780347463637e-01 1.54032379458556135887e+02 -1.24107889763581766274e-01
6.50434291221961835561e-01 -4.15786191923410441973e+00 -9.42875721834608104821e-01 1.54030411219647618282e+02 -1.25667404010896072153e-01
6.53352849452468964486e-01 -4.15585599619801016047e+00 -9.42720883997986480729e-01 1.54028434555518686011e+02 -1.27229369463419950126e-01
6.56261382614254484835e-01 -4.15386125257201133110e+00 -9.42566069175015175396e-01 1.54026449686790925853e+02 -1.28793668199779942629e-01
6.59159846078685274229e-01 -4.15187767013040076591e+00 -9.42411291562646802333e-01 1.54024456832739048195e+02 -1.30360183859600020639e-01
6.62048195371637282491e-01 -4.14990520732941448045e+00 -9.42256547326285387456e-01 1.54022456214088379056e+02 -1.31928796340381654373e-01
6.64926386174179318012e-01 -4.14794384578762453941e+00 -9.42101849803439916897e-01 1.54020448048820185249e+02 -1.33499389532925477608e-01
6.67794374323251838099e-01 -4.14599355966480054292e+00 -9.41947206833101069456e-01 1.54018432554952426017e+02 -1.35071846318528060449e-01
6.70652115812345961388e-01 -4.14405432322556777081e+00 -9.41792626236913510418e-01 1.54016409949843819049e+02 -1.36646049792109508525e-01
6.73499566792176929120e-01 -4.14212611084011061990e+00 -9.41638115818518306455e-01 1.54014380450190571992e+02 -1.38221883267354156422e-01
6.76336683571358565636e-01 -4.14020889698397454026e+00 -9.41483683364377599290e-01 1.54012344272023000258e+02 -1.39799230281929753872e-01
6.79163422617073186949e-01 -4.13830265623871973446e+00 -9.41329336643039860100e-01 1.54010301630702201692e+02 -1.41377974602651945712e-01
6.81979740555738733754e-01 -4.13640736329170621843e+00 -9.41175083405760948274e-01 1.54008252740916901757e+02 -1.42958000230589105106e-01
6.84785594173675460361e-01 -4.13452299293669067737e+00 -9.41020931386422732068e-01 1.54006197816679957668e+02 -1.44539191406249351024e-01
6.87580940417768404771e-01 -4.13264952007401298317e+00 -9.40866888301222004110e-01 1.54004137071325004626e+02 -1.46121432614543966810e-01
6.90365736396128082397e-01 -4.13078692781574474679e+00 -9.40712972067974217971e-01 1.54002070716932365713e+02 -1.47704610749417430959e-01
6.93139939378748737298e-01 -4.12893517526344222546e+00 -9.40559171258526949266e-01 1.53999998966661252098e+02 -1.49288606727062456159e-01
6.95903506798163817848e-01 -4.12709424550293402234e+00 -9.40405502573704032976e-01 1.53997922031358427830e+02 -1.50873306888266944803e-01
6.98656396250099120948e-01 -4.12526411384827174089e+00 -9.40251973644553262766e-01 1.53995840121271641010e+02 -1.52458598373595016762e-01
7.01398565494123937825e-01 -4.12344475572864244128e+00 -9.40098592123940202114e-01 1.53993753446453894185e+02 -1.54044366181263686633e-01
7.04129972454298314055e-01 -4.12163614667782951528e+00 -9.39945365635113438962e-01 1.53991662216096216298e+02 -1.55630496369698417825e-01
7.06850575219819421413e-01 -4.11983826233723871013e+00 -9.39792301784397210440e-01 1.53989566638686994793e+02 -1.57216875276631584679e-01
7.09560332045664265976e-01 -4.11805107845656515053e+00 -9.39639408160943712112e-01 1.53987466922008394477e+02 -1.58803389523984234133e-01
7.12259201353230508857e-01 -4.11627457089384307665e+00 -9.39486692337297868427e-01 1.53985363273132975337e+02 -1.60389926022780515691e-01
7.14947141730974067286e-01 -4.11450871561618747307e+00 -9.39334161868652262051e-01 1.53983255898420281937e+02 -1.61976371977867128482e-01
7.17624111935044939337e-01 -4.11275349601893047691e+00 -9.39181839186439382239e-01 1.53981145003342021482e+02 -1.63562618026793921144e-01
7.20290070889919697983e-01 -4.11100887354423605302e+00 -9.39029703821762984361e-01 1.53979030793311352454e+02 -1.65148546045663896509e-01
7.22944977689031653689e-01 -4.10927483181236485876e+00 -9.38877776544944531167e-01 1.53976913472241079717e+02 -1.66734046974736593860e-01
7.25588791595399018597e-01 -4.10755134721332648695e+00 -9.38726064854567776585e-01 1.53974793243607848581e+02 -1.68319009243452610836e-01
7.28221472042250406176e-01 -4.10583839624650348554e+00 -9.38574576232630741757e-01 1.53972670310158008533e+02 -1.69903321598731199549e-01
7.30842978633645223852e-01 -4.10413595552157772772e+00 -9.38423318143585816209e-01 1.53970544873904003680e+02 -1.71486873109637616430e-01
7.33453271145096175054e-01 -4.10244400175869117220e+00 -9.38272298035569773944e-01 1.53968417136120820032e+02 -1.73069553172064544144e-01
7.36052309524184211753e-01 -4.10076251178918926854e+00 -9.38121523339069729452e-01 1.53966287297342404372e+02 -1.74651251513236682733e-01
7.38640053891175041301e-01 -4.09909146255670364667e+00 -9.37971001467595932866e-01 1.53964155557357742055e+02 -1.76231858196413071482e-01
7.41216464539629305008e-01 -4.09743083647239636491e+00 -9.37820759719366736640e-01 1.53962022115763659258e+02 -1.77811267819079604768e-01
7.43781501937012756720e-01 -4.09578059942422356698e+00 -9.37670767944836613950e-01 1.53959887170028281389e+02 -1.79389363169171422996e-01
7.46335126725303221740e-01 -4.09414073444417336844e+00 -9.37521051335377664238e-01 1.53957750918003881679e+02 -1.80966039144300067099e-01
7.48877299721593336912e-01 -4.09251121890286473359e+00 -9.37371617247834354458e-01 1.53955613556471433867e+02 -1.82541187197851617618e-01
7.51407981918692846612e-01 -4.09089203028373038507e+00 -9.37222473021430912965e-01 1.53953475281449271961e+02 -1.84114699141490784084e-01
7.53927134485726568869e-01 -4.08928314618398136560e+00 -9.37073625978417035221e-01 1.53951336288189764900e+02 -1.85686467149691059042e-01
7.56434718768730363081e-01 -4.08768454431534067339e+00 -9.36925083423151505713e-01 1.53949196771174996456e+02 -1.87256383764015682525e-01
7.58930696291243989116e-01 -4.08609620250510108264e+00 -9.36776852642688950823e-01 1.53947056924113525156e+02 -1.88824341897571024163e-01
7.61415028754902523112e-01 -4.08451809869678328369e+00 -9.36628940906533147270e-01 1.53944916939936035760e+02 -1.90390234839355770857e-01
7.63887678040022333192e-01 -4.08295021210622000041e+00 -9.36481382730632305744e-01 1.53942777012838689643e+02 -1.91953961940264428154e-01
7.66348606206187388246e-01 -4.08139251716637474487e+00 -9.36334133743675689487e-01 1.53940637330647717818e+02 -1.93515406420195518189e-01
7.68797775492830681721e-01 -4.07984499445765003145e+00 -9.36187225741876849483e-01 1.53938498085521871417e+02 -1.95074467905545806401e-01
7.71235148319813990092e-01 -4.07830762235704469276e+00 -9.36040665950546024732e-01 1.53936359467284859193e+02 -1.96631040294182851680e-01
7.73660687288004522699e-01 -4.07678037935755632759e+00 -9.35894461532785215674e-01 1.53934221664877924240e+02 -1.98185020636723552290e-01
7.76074355179848351938e-01 -4.07526324407363915725e+00 -9.35748619677500115266e-01 1.53932084866525713096e+02 -1.99736303682263055537e-01
7.78476114959941845051e-01 -4.07375619523936816080e+00 -9.35603147541315127711e-01 1.53929949259622190993e+02 -2.01284785469281440884e-01
7.80865929775599765250e-01 -4.07225920866981461188e+00 -9.35458083363732151305e-01 1.53927815034132095207e+02 -2.02830368919123260607e-01
7.83243762957420930348e-01 -4.07077226725887086900e+00 -9.35313375290573789655e-01 1.53925682369850932218e+02 -2.04372938511697882502e-01
7.85609578019850984809e-01 -4.06929534881665411206e+00 -9.35169058544539244515e-01 1.53923551454461716048e+02 -2.05912397460593643572e-01
7.87963338661741508062e-01 -4.06782843251584047550e+00 -9.35025140219456152302e-01 1.53921422472118621272e+02 -2.07448643464860638108e-01
7.90305008766907790552e-01 -4.06637149765247407629e+00 -9.34881627391365488400e-01 1.53919295606152957134e+02 -2.08981574649127005427e-01
7.92634552404682946047e-01 -4.06492452364698308998e+00 -9.34738527118463946586e-01 1.53917171039069216931e+02 -2.10511089567741560558e-01
7.94951933830468693287e-01 -4.06348749004621812020e+00 -9.34595846441367616997e-01 1.53915048952540843175e+02 -2.12037087208765406832e-01
7.97257117486284361263e-01 -4.06206037652620999268e+00 -9.34453592383756581619e-01 1.53912929527405964336e+02 -2.13559466998373581603e-01
7.99550068001312008725e-01 -4.06064315005744269627e+00 -9.34311811842358785896e-01 1.53910812950270411648e+02 -2.15078136805689185129e-01
8.01830750192439767332e-01 -4.05923581236282426943e+00 -9.34170435834674628417e-01 1.53908699388367836036e+02 -2.16592981526631062072e-01
8.04099129064801410038e-01 -4.05783833389677717207e+00 -9.34029507650276369368e-01 1.53906589025513653723e+02 -2.18103909343876217752e-01
8.06355169812312477795e-01 -4.05645069478300168697e+00 -9.33889034245281579594e-01 1.53904482039186035536e+02 -2.19610821467805195084e-01
8.08598837818206295225e-01 -4.05507287527716542286e+00 -9.33749022559183905479e-01 1.53902378606008227280e+02 -2.21113619566072949763e-01
8.10830098655563102916e-01 -4.05370485577002082067e+00 -9.33609479515274065520e-01 1.53900278901744485438e+02 -2.22612205767636239795e-01
8.13048918087839522784e-01 -4.05234659681311093493e+00 -9.33470454990313447396e-01 1.53898183110156082876e+02 -2.24106491084968051375e-01
8.15255262069393138447e-01 -4.05099811397011322356e+00 -9.33331873836117265064e-01 1.53896091389200535104e+02 -2.25596362265781252843e-01
8.17449096746005965386e-01 -4.04965937229207550985e+00 -9.33193782194832510690e-01 1.53894003919494622323e+02 -2.27081730719208202407e-01
8.19630388455402592029e-01 -4.04833035262725271508e+00 -9.33056186919043573091e-01 1.53891920873350443344e+02 -2.28562500446619493166e-01
8.21799103727767876748e-01 -4.04701103596460143308e+00 -9.32919094847034946483e-01 1.53889842422200786132e+02 -2.30038575929623179128e-01
8.23955209286259315782e-01 -4.04570140343725093146e+00 -9.32782512803630670106e-01 1.53887768736594296115e+02 -2.31509862134363447739e-01
8.26098672047518967076e-01 -4.04440143632532844720e+00 -9.32646447603688644179e-01 1.53885699986191156086e+02 -2.32976264516147141270e-01
8.28229459122179711983e-01 -4.04311107893690913073e+00 -9.32510956792037770668e-01 1.53883636354066567264e+02 -2.34437698126835486478e-01
8.30347537815371183889e-01 -4.04183037925369426091e+00 -9.32375949671463088997e-01 1.53881577981935208754e+02 -2.35894051501420204398e-01
8.32452875627220700849e-01 -4.04055928851772350185e+00 -9.32241479844911680175e-01 1.53879525048955969169e+02 -2.37345240292952258665e-01
8.34545440253351977766e-01 -4.03929778848443721273e+00 -9.32107554055825793249e-01 1.53877477721227165830e+02 -2.38791171928005474534e-01
8.36625199585380951994e-01 -4.03804586106533314194e+00 -9.31974179040293226883e-01 1.53875436163937393985e+02 -2.40231754340938519210e-01
8.38692121711408611340e-01 -4.03680344258795908985e+00 -9.31841412628580112454e-01 1.53873400558358213175e+02 -2.41666904619209421679e-01
8.40746174916510269348e-01 -4.03557059754137004148e+00 -9.31709162992007122739e-01 1.53871371036722251802e+02 -2.43096514518804762695e-01
8.42787327683222509123e-01 -4.03434727038940899035e+00 -9.31577484259915711284e-01 1.53869347775986426541e+02 -2.44520501933446182674e-01
8.44815548692026907496e-01 -4.03313344353499303452e+00 -9.31446383098770924747e-01 1.53867330937697715854e+02 -2.45938776836874262166e-01
8.46830806821829651376e-01 -4.03192909954671385719e+00 -9.31315866190929875224e-01 1.53865320682338307279e+02 -2.47351248794234979123e-01
8.48833071150440821029e-01 -4.03073422117070556681e+00 -9.31185940181395332971e-01 1.53863317169850517985e+02 -2.48757830669753848829e-01
8.50822310955046900993e-01 -4.02954872247415529785e+00 -9.31056666406308020001e-01 1.53861320582985683814e+02 -2.50158440685720961927e-01
8.52798495712683735093e-01 -4.02837271139771857520e+00 -9.30927945095919806562e-01 1.53859331035150091793e+02 -2.51552975340179674202e-01
8.54761595100703930328e-01 -4.02720611332876110566e+00 -9.30799834425762639967e-01 1.53857348703952396818e+02 -2.52941355064807471553e-01
8.56711578997242706457e-01 -4.02604891153148258809e+00 -9.30672341013963566603e-01 1.53855373745332627777e+02 -2.54323493016067658790e-01
8.58648417481679637753e-01 -4.02490108945827085307e+00 -9.30545471502480792125e-01 1.53853406314272433519e+02 -2.55699302905874448211e-01
8.60572080835097841245e-01 -4.02376254270038380412e+00 -9.30419286110675702872e-01 1.53851446594770294496e+02 -2.57068704473247533482e-01
8.62482539540740500428e-01 -4.02263341535176532915e+00 -9.30293685979821427523e-01 1.53849494684639495290e+02 -2.58431600404389116843e-01
8.64379764284463170121e-01 -4.02151361695123465978e+00 -9.30168729137752836600e-01 1.53847550761830376587e+02 -2.59787912335158077681e-01
8.66263725955183860883e-01 -4.02040313150322692337e+00 -9.30044422194620357125e-01 1.53845614977502350484e+02 -2.61137556169831142050e-01
8.68134395645329126623e-01 -4.01930194322259382034e+00 -9.29920771805720969283e-01 1.53843687481833228503e+02 -2.62480448392246268341e-01
8.69991744651278930966e-01 -4.01820992182460923203e+00 -9.29797834595289307558e-01 1.53841768461937590473e+02 -2.63816507823226575891e-01
8.71835744473805518417e-01 -4.01712726144458187605e+00 -9.29675516898712750447e-01 1.53839857995978178451e+02 -2.65145646306590043739e-01
8.73666366818512285519e-01 -4.01605384933896480959e+00 -9.29553874827565684846e-01 1.53837956264009676488e+02 -2.66467785481978081119e-01
8.75483583596266101701e-01 -4.01498967031769460334e+00 -9.29432915053956310025e-01 1.53836063412304014264e+02 -2.67782844102622652471e-01
8.77287366923630518301e-01 -4.01393457986879464983e+00 -9.29312687857156816129e-01 1.53834179628400534057e+02 -2.69090739887270002928e-01
8.79077689123291206030e-01 -4.01288880009800763560e+00 -9.29193110503444774650e-01 1.53832304978421518626e+02 -2.70391392909485717144e-01
8.80854522724482724705e-01 -4.01185220608729586900e+00 -9.29074234285214184403e-01 1.53830439642275649703e+02 -2.71684724436563829197e-01
8.82617840463408520613e-01 -4.01082478327960068043e+00 -9.28956065939393615949e-01 1.53828583762262240953e+02 -2.72970655554566898893e-01
8.84367615283660701841e-01 -4.00980651737061410955e+00 -9.28838612337694047305e-01 1.53826737479660948793e+02 -2.74249107987772300365e-01
8.86103820336633374311e-01 -4.00879721956860723964e+00 -9.28721909989858041001e-01 1.53824900989837942689e+02 -2.75519993266769236406e-01
8.87826428981936643936e-01 -4.00779719665760936209e+00 -9.28605899405550605508e-01 1.53823074329805905336e+02 -2.76783250519868739836e-01
8.89535414787803402348e-01 -4.00680628536366789660e+00 -9.28490622229503292928e-01 1.53821257685787770697e+02 -2.78038796818399824851e-01
8.91230751531496778739e-01 -4.00582447208218805912e+00 -9.28376085538119011353e-01 1.53819451195010088895e+02 -2.79286556325634482967e-01
8.92912413199710819356e-01 -4.00485153869441568020e+00 -9.28262309410476826876e-01 1.53817655056963332072e+02 -2.80526434452255835073e-01
8.94580373988970722898e-01 -4.00388784841015077376e+00 -9.28149263298868043570e-01 1.53815869289159707023e+02 -2.81758387939937349209e-01
8.96234608306028635027e-01 -4.00293321256991418977e+00 -9.28036976308443284367e-01 1.53814094081012854076e+02 -2.82982329482995065284e-01
8.97875090768255890161e-01 -4.00198761832888116885e+00 -9.27925455867866344484e-01 1.53812329565634570372e+02 -2.84198185780443646209e-01
8.99501796204032810778e-01 -4.00105080926785472428e+00 -9.27814697359867879278e-01 1.53810575948628667220e+02 -2.85405852316373331856e-01
9.01114699653134842983e-01 -4.00012322199244874099e+00 -9.27704714113671613518e-01 1.53808833223999982920e+02 -2.86605310513441680076e-01
9.02713776367115805499e-01 -3.99920463454295616046e+00 -9.27595516228060468222e-01 1.53807101586191606657e+02 -2.87796465620865693502e-01
9.04299001809687252873e-01 -3.99829478106001534599e+00 -9.27487084050595989027e-01 1.53805381239956659556e+02 -2.88979208785469399157e-01
9.05870351657095174147e-01 -3.99739411700292190943e+00 -9.27379458162107206398e-01 1.53803672171839764360e+02 -2.90153534447217198444e-01
9.07427801798493138818e-01 -3.99650241236791314847e+00 -9.27272636599913990807e-01 1.53801974575205235851e+02 -2.91319344738643626336e-01
9.08971328336312445195e-01 -3.99561965565454535465e+00 -9.27166627750501515237e-01 1.53800288575859752882e+02 -2.92476571009244179500e-01
9.10500907586628160928e-01 -3.99474552483664790969e+00 -9.27061365746882914962e-01 1.53798614388102151906e+02 -2.93625085027929833004e-01
9.12016516079523720251e-01 -3.99388058269624135477e+00 -9.26956974148478995978e-01 1.53796951967959387275e+02 -2.94764923427490665997e-01
9.13518130559449748063e-01 -3.99302455002996570244e+00 -9.26853415051433815464e-01 1.53795301517125068358e+02 -2.95895973267847112176e-01
9.15005727985581884809e-01 -3.99217708345384236779e+00 -9.26750592552015639569e-01 1.53793663251180731777e+02 -2.97018095354988909129e-01
9.16479285532173615358e-01 -3.99133878725439528168e+00 -9.26648684721375404116e-01 1.53792037114275302656e+02 -2.98131351622702767123e-01
9.17938780588907099478e-01 -3.99050936353696750203e+00 -9.26547629910325798441e-01 1.53790423309125230844e+02 -2.99235620703714566559e-01
9.19384190761239561418e-01 -3.98968844173192893621e+00 -9.26447293119313397547e-01 1.53788822053428816616e+02 -3.00330748571246253231e-01
9.20815493870747459049e-01 -3.98887667876708817971e+00 -9.26347923468237466338e-01 1.53787233277678978993e+02 -3.01416829634185534648e-01
9.22232667955466323129e-01 -3.98807375277752784726e+00 -9.26249428472636804344e-01 1.53785657186503470939e+02 -3.02493730990309406259e-01
9.23635691270227932037e-01 -3.98727925963352314298e+00 -9.26151621607040786976e-01 1.53784094000350791021e+02 -3.03561278633530773341e-01
9.25024542286994155837e-01 -3.98649392113224987355e+00 -9.26054845814600735565e-01 1.53782543634621930551e+02 -3.04619608990148671435e-01
9.26399199695186803538e-01 -3.98571738556633548001e+00 -9.25958967994804482693e-01 1.53781006296643482756e+02 -3.05668573479664806847e-01
9.27759642402015138885e-01 -3.98494920838904320703e+00 -9.25863732960726659726e-01 1.53779482209853881614e+02 -3.06707971216764241351e-01
9.29105849532799177304e-01 -3.98419018952548320556e+00 -9.25769608960170908851e-01 1.53777971273806031149e+02 -3.07737993445333479769e-01
9.30437800431290207293e-01 -3.98343994095330522498e+00 -9.25676408744341761015e-01 1.53776473698756035446e+02 -3.08758469331118334811e-01
9.31755474659987315000e-01 -3.98269797056145780090e+00 -9.25583784756189742460e-01 1.53774989711309302720e+02 -3.09769163791607127223e-01
9.33058852000451910413e-01 -3.98196517036676267409e+00 -9.25492374184980870488e-01 1.53773519195337001975e+02 -3.10770339182822097346e-01
9.34347912453616813444e-01 -3.98124063549897577730e+00 -9.25401537148884512085e-01 1.53772062477000844183e+02 -3.11761610229892238699e-01
9.35622636240093785709e-01 -3.98052523992622342419e+00 -9.25311939901439339806e-01 1.53770619446440946376e+02 -3.12743251090203566722e-01
9.36883003800477065504e-01 -3.97981856097647890280e+00 -9.25223310281052313542e-01 1.53769190311826520201e+02 -3.13715060628247166541e-01
9.38128995795643128019e-01 -3.97912005973844440376e+00 -9.25135147909362354213e-01 1.53767775292598201986e+02 -3.14676744460822943594e-01
9.39360593107047781025e-01 -3.97843072088765481453e+00 -9.25048371010305015005e-01 1.53766374267395377728e+02 -3.15628681061961235965e-01
9.40577776837019263745e-01 -3.97774954218984255760e+00 -9.24962040484490266579e-01 1.53764987556419384873e+02 -3.16570369280685659508e-01
9.41780528309048348135e-01 -3.97707750201936294232e+00 -9.24877141987215711794e-01 1.53763615045253516200e+02 -3.17502213690841916804e-01
9.42968829068074665400e-01 -3.97641360192092907511e+00 -9.24792660337839023121e-01 1.53762257042526158557e+02 -3.18423686227651492331e-01
9.44142660880770479004e-01 -3.97575881979809242495e+00 -9.24709666954436571018e-01 1.53760913441210277597e+02 -3.19335224824854269077e-01
9.45302005735819794729e-01 -3.97511268168046782989e+00 -9.24627717421365957762e-01 1.53759584440241155789e+02 -3.20236564366892739741e-01
9.46446845844195028263e-01 -3.97447459168885552927e+00 -9.24545990784464200019e-01 1.53758270233108305547e+02 -3.21127291766718891974e-01
9.47577163639429898012e-01 -3.97384565059581573720e+00 -9.24465997391309524112e-01 1.53756970720783016304e+02 -3.22008018836066278734e-01
9.48692941777889098276e-01 -3.97322473700493761228e+00 -9.24386159987038102948e-01 1.53755686180863733625e+02 -3.22878003022623705220e-01
9.49794163139034308685e-01 -3.97261295330752561838e+00 -9.24308155768884032177e-01 1.53754416531611639130e+02 -3.23737919435165388826e-01
9.50880810825686872967e-01 -3.97200917665051367322e+00 -9.24230223313308618671e-01 1.53753162026547357755e+02 -3.24586958541070669249e-01
9.51952868164287147046e-01 -3.97141451065159412082e+00 -9.24154244625068455044e-01 1.53751922606444935582e+02 -3.25425872564542695287e-01
9.53010318705150072383e-01 -3.97082783273094186427e+00 -9.24078232637006835581e-01 1.53750698494554285389e+02 -3.26253770034798218358e-01
9.54053146222718195801e-01 -3.97025024412405880270e+00 -9.24004320137196577534e-01 1.53749489661614433089e+02 -3.27071496708695674815e-01
9.55081334715809804337e-01 -3.96968062798821819115e+00 -9.23930244110269915936e-01 1.53748296291879455566e+02 -3.27878061382656516010e-01
9.56094868407865283721e-01 -3.96912007513140085990e+00 -9.23858444034942549727e-01 1.53747118396452435718e+02 -3.28674422922425657489e-01
9.57093731747188369852e-01 -3.96856748496468947351e+00 -9.23786319531471389332e-01 1.53745956108527622064e+02 -3.29459469077534927717e-01
9.58077909407185845936e-01 -3.96802341330979224665e+00 -9.23715235593603245512e-01 1.53744809487041976581e+02 -3.30233710822810666574e-01
9.59047386286601133421e-01 -3.96748832480145630086e+00 -9.23646528378287645644e-01 1.53743678618153467141e+02 -3.30997642872035480188e-01
9.60002147509747882914e-01 -3.96696122558034103278e+00 -9.23577422532018688095e-01 1.53742563571443355386e+02 -3.31750098653688041406e-01
9.60942178426736681729e-01 -3.96644306552179859438e+00 -9.23510950100389083062e-01 1.53741464478938496541e+02 -3.32492246460552753895e-01
9.61867464613700540177e-01 -3.96593290505692408487e+00 -9.23443839594790150116e-01 1.53740381323621789988e+02 -3.33222744704837703367e-01
9.62777991873016381064e-01 -3.96543161948800326755e+00 -9.23379677512910390647e-01 1.53739314334932487327e+02 -3.33942958460855643388e-01
9.63673746233522310334e-01 -3.96493836435797986084e+00 -9.23314580918516369934e-01 1.53738263378657592284e+02 -3.34651333459556832306e-01
9.64554713950732445227e-01 -3.96445356262871451136e+00 -9.23250555173011910881e-01 1.53737228637031620337e+02 -3.35348607886097049846e-01
9.65420881507047634607e-01 -3.96397750622018296696e+00 -9.23189758832338336347e-01 1.53736210359645951939e+02 -3.36035565651291612266e-01
9.66272235611963070667e-01 -3.96350955824191064636e+00 -9.23127780698280497873e-01 1.53735208262736080087e+02 -3.36710480269424072830e-01
9.67108763202271903836e-01 -3.96305003675397804486e+00 -9.23066884183485591997e-01 1.53734222597718144243e+02 -3.37374176775702860898e-01
9.67930451442265749051e-01 -3.96259908835825092055e+00 -9.23009603850384330315e-01 1.53733253714770370379e+02 -3.38027564333431285171e-01
9.68737287723931861372e-01 -3.96215636703965579102e+00 -9.22950794489404091614e-01 1.53732301121123896337e+02 -3.38668678483869389773e-01
9.69529259667146536827e-01 -3.96172204547283302034e+00 -9.22893080051058634083e-01 1.53731365166576210868e+02 -3.39298463963488727835e-01
9.70306355119864738512e-01 -3.96129611505470791144e+00 -9.22836460332016716990e-01 1.53730445917164331604e+02 -3.39916883652722712217e-01
9.71068562158306947119e-01 -3.96087847296041006828e+00 -9.22783926057188619296e-01 1.53729543873250776187e+02 -3.40524991377373575929e-01
9.71815869087142014671e-01 -3.96046926471411975257e+00 -9.22729458156042126049e-01 1.53728658235960153888e+02 -3.41120554459623415156e-01
9.72548264439666687586e-01 -3.96006841993743874397e+00 -9.22676102426830735403e-01 1.53727789498096456100e+02 -3.41704650681738220097e-01
9.73265736977981354983e-01 -3.95967592995936756850e+00 -9.22623860386533212186e-01 1.53726937721323025698e+02 -3.42277246229388543153e-01
9.73968275693162355289e-01 -3.95929129625051823282e+00 -9.22576418719390334289e-01 1.53726103644674822135e+02 -3.42839610394799876314e-01
9.74655869805431618325e-01 -3.95891543417863545073e+00 -9.22526410838059640618e-01 1.53725285992407492586e+02 -3.43389101309346911339e-01
9.75328508764321089330e-01 -3.95854789552225616589e+00 -9.22477538835342336654e-01 1.53724485483659066176e+02 -3.43926999891362217276e-01
9.75986182248835265618e-01 -3.95818867091735482333e+00 -9.22429805677574043976e-01 1.53723702175896363542e+02 -3.44453275473888542724e-01
9.76628880167609847440e-01 -3.95783775086249045572e+00 -9.22383214900600489905e-01 1.53722936125545260211e+02 -3.44967898256133220780e-01
9.77256592659065281836e-01 -3.95749389174874810493e+00 -9.22342524231054672335e-01 1.53722188494687458160e+02 -3.45472451136451530473e-01
9.77869310091559640341e-01 -3.95715944586245083059e+00 -9.22298296249495774823e-01 1.53721457174267783330e+02 -3.45963694842008173680e-01
9.78467023063535390470e-01 -3.95683326488549935718e+00 -9.22255237718032860883e-01 1.53720743280023924626e+02 -3.46443205036311985268e-01
9.79049722403663946757e-01 -3.95651533786500664291e+00 -9.22213352743701975101e-01 1.53720046864330129210e+02 -3.46910954654230774263e-01
9.79617399170986558055e-01 -3.95620565392233158875e+00 -9.22172645003922264451e-01 1.53719367978297668742e+02 -3.47366917154765919573e-01
9.80170044655051198035e-01 -3.95590420192652780784e+00 -9.22133118366400994503e-01 1.53718706671979731482e+02 -3.47811066709655836160e-01
9.80707650376046569107e-01 -3.95561097087118085369e+00 -9.22094776037559626936e-01 1.53718062994111591024e+02 -3.48243377934427111864e-01
9.81230208084931665447e-01 -3.95532594999665532143e+00 -9.22057620658447874007e-01 1.53717436992074595992e+02 -3.48663825940440263995e-01
9.81737709763563226595e-01 -3.95504912895980842436e+00 -9.22021654063355011743e-01 1.53716828711796040352e+02 -3.49072386266328804627e-01
9.82230147624817750973e-01 -3.95478049784963126001e+00 -9.21986877057611842190e-01 1.53716238197709117230e+02 -3.49469034795113153713e-01
9.82707514112711733034e-01 -3.95452004791255573579e+00 -9.21953288734089659862e-01 1.53715665492380793467e+02 -3.49853747593375341562e-01
9.83169801902517237480e-01 -3.95426777152361275114e+00 -9.21920886930960414851e-01 1.53715110636580135406e+02 -3.50226501079059782118e-01
9.83617003900874475875e-01 -3.95402366289951379130e+00 -9.21889666829226905875e-01 1.53714573668810231766e+02 -3.50587271585727278111e-01
9.84049113245900386460e-01 -3.95378313525482116830e+00 -9.21867592833411464426e-01 1.53714057464724248803e+02 -3.50938437780031586843e-01
9.84466123307294216360e-01 -3.95355502881032805362e+00 -9.21838949241206573326e-01 1.53713556537970220006e+02 -3.51275219661879800626e-01
9.84868027686439440060e-01 -3.95333507601045663904e+00 -9.21811459556248324887e-01 1.53713073604629641977e+02 -3.51599946960421405606e-01
9.85254820216501125962e-01 -3.95312328597907169936e+00 -9.21785103961079599344e-01 1.53712608690595516236e+02 -3.51912595012639273229e-01
9.85626494962521304544e-01 -3.95291967289411738662e+00 -9.21759858317991787047e-01 1.53712161817999032110e+02 -3.52213138865580754899e-01
9.85983046221510006646e-01 -3.95272425657867509941e+00 -9.21735694259856019883e-01 1.53711733004987735285e+02 -3.52501553390956678946e-01
9.86324468522532193937e-01 -3.95253706310837360505e+00 -9.21712578959080208740e-01 1.53711322265452906777e+02 -3.52777813280027219278e-01
9.86650756626792246884e-01 -3.95235812492447280420e+00 -9.21690475133217446135e-01 1.53710929608979910199e+02 -3.53041893060933975601e-01
9.86961905527714344899e-01 -3.95218748109719264505e+00 -9.21669341857294877052e-01 1.53710555040853023456e+02 -3.53293767446576256752e-01
9.87257910451019071729e-01 -3.95202517629336247396e+00 -9.21649134512350864945e-01 1.53710198562439359193e+02 -3.53533411173992451193e-01
9.87538766854796246086e-01 -3.95187126083386708331e+00 -9.21629806498829862171e-01 1.53709860171402482365e+02 -3.53760799671294423607e-01
9.87804470429575864898e-01 -3.95172578798292750690e+00 -9.21611309930154054548e-01 1.53709539862838795443e+02 -3.53975908952748719027e-01
9.88055017098393051356e-01 -3.95158881371986625552e+00 -9.21593597801177222273e-01 1.53709237629670866454e+02 -3.54178716423918293899e-01
9.88290403016850893536e-01 -3.95146039301718721148e+00 -9.21576625190620668526e-01 1.53708953464250356546e+02 -3.54369200834321107507e-01
9.88510624573179952357e-01 -3.95133045835016227798e+00 -9.21571859432349427266e-01 1.53708692846111262043e+02 -3.54550363291886494466e-01
9.88715678388292773526e-01 -3.95121935558551529155e+00 -9.21556057257042593456e-01 1.53708444749057406398e+02 -3.54716081673100758209e-01
9.88905561315836734160e-01 -3.95111702747258464186e+00 -9.21540828032564318661e-01 1.53708214663177386683e+02 -3.54869412780171644695e-01
9.89080270442241449302e-01 -3.95101184814019701363e+00 -9.21538607791896002830e-01 1.53708008805774710481e+02 -3.55013520668078785825e-01
9.89239803086764180051e-01 -3.95092754103813703637e+00 -9.21524021674439142160e-01 1.53707814536325031440e+02 -3.55141924714223289339e-01
9.89384156801530467717e-01 -3.95085212121662410212e+00 -9.21509943962262600969e-01 1.53707638266368178392e+02 -3.55257907784478355051e-01
9.89513329371571881410e-01 -3.95077341594366737709e+00 -9.21508934983256478013e-01 1.53707486443778378771e+02 -3.55364611506831129528e-01
9.89627318814860101881e-01 -3.95071644005259559052e+00 -9.21495230255960362520e-01 1.53707345859865938564e+02 -3.55455579260365917005e-01
9.89726123382337119594e-01 -3.95065577656804123308e+00 -9.21494766504090345727e-01 1.53707229924304812130e+02 -3.55537268568508646460e-01
9.89809741557942324164e-01 -3.95060381814010241897e+00 -9.21494819891466310224e-01 1.53707132100437917188e+02 -3.55606493900713749312e-01
9.89878172058635374952e-01 -3.95057525464502212742e+00 -9.21481109288428301696e-01 1.53707044742473328824e+02 -3.55659786423568380354e-01
9.89931413834416518149e-01 -3.95054227217860720600e+00 -9.21481053344412881501e-01 1.53706982395367845129e+02 -3.55703848501759678502e-01
9.89969466068341796827e-01 -3.95051854848675798593e+00 -9.21481120343255910576e-01 1.53706937906692445495e+02 -3.55735361579850251079e-01
