00000000000000000000 4.71992336696614955827e+00 -1.34987402151965074637e+00 00000000000000000154 -5.63820884107830687834e-18
3.87796733008385127034e-03 4.72400777116917680587e+00 -1.34985277786432833480e+00 1.53996685527097412205e+02 9.55955266071166920999e-04
7.75587515650285035801e-03 4.72810833140398756314e+00 -1.34982844851289018884e+00 1.53993312503921686130e+02 1.94470596851075523334e-03
1.16336639765051742812e-02 4.73222508479894621303e+00 -1.34980100827590931978e+00 1.53989880655751477434e+02 2.96630610876069894868e-03
1.55112742891650307042e-02 4.73635806850184870598e+00 -1.34977043178010380764e+00 1.53986389708314789004e+02 4.02080781191828644933e-03
1.93886465962956576481e-02 4.74050731967725536009e+00 -1.34973669346885638554e+00 1.53982839387687675980e+02 5.10826117263376861671e-03
2.32657214033622598837e-02 4.74467287550792526929e+00 -1.34969976759789589416e+00 1.53979229420451360966e+02 6.22871440798068894129e-03
2.71424392203948837421e-02 4.74885477318853421735e+00 -1.34965962823772001045e+00 1.53975559533364929621e+02 7.38221358138668737325e-03
3.10187405629012494246e-02 4.75305304993544819325e+00 -1.34961624926449585971e+00 1.53971829454057427711e+02 8.56880305735348637985e-03
3.48945659527794757593e-02 4.75726774297394694457e+00 -1.34956960436628148337e+00 1.53968038910287361887e+02 9.78852498308935628502e-03
3.87698559192307112831e-02 4.76149888954302902278e+00 -1.34951966703721448759e+00 1.53964187630322271616e+02 1.10414195331626965174e-02
4.26445509996716889956e-02 4.76574652690408395728e+00 -1.34946641057331029323e+00 1.53960275343568667950e+02 1.23275250508051784082e-02
4.65185917406470347824e-02 4.77001069230901730833e+00 -1.34940980808013000214e+00 1.53956301778616989395e+02 1.36468774356513760510e-02
5.03919186987416417578e-02 4.77429142303590392515e+00 -1.34934983245981365840e+00 1.53952266665592389927e+02 1.49995108403337580605e-02
5.42644724414926629685e-02 4.77858875636781377239e+00 -1.34928645641550448708e+00 1.53948169734888352878e+02 1.63854572619738861339e-02
5.81361935483015249138e-02 4.78290272959643214534e+00 -1.34921965244823471863e+00 1.53944010717477169692e+02 1.78047466126119713348e-02
6.20070226113456635098e-02 4.78723338002147968950e+00 -1.34914939285512391898e+00 1.53939789344959194750e+02 1.92574067039546006908e-02
6.58769002364900102542e-02 4.79158074490395158307e+00 -1.34907564972699889339e+00 1.53935505346664172066e+02 2.07434632724090399492e-02
6.97457670441984506349e-02 4.79594486160851740664e+00 -1.34899839494796447426e+00 1.53931158458822949342e+02 2.22629398654678595237e-02
7.36135636704448592660e-02 4.80032576742159911021e+00 -1.34891760019192563647e+00 1.53926748413052479236e+02 2.38158579448167762038e-02
7.74802307676239754297e-02 4.80472349965416611894e+00 -1.34883323692150836060e+00 1.53922274943004424586e+02 2.54022368148549698708e-02
8.13457090054621884123e-02 4.80913809561716565355e+00 -1.34874527638590624434e+00 1.53917737782889986420e+02 2.70220936283248405752e-02
8.52099390719276428285e-02 4.81356959261979344689e+00 -1.34865368961885634391e+00 1.53913136667465693108e+02 2.86754433818256250499e-02
8.90728616741405659907e-02 4.81801802847218318959e+00 -1.34855844666996205206e+00 1.53908471331990256203e+02 3.03622989011510559243e-02
9.29344175392829291438e-02 4.82248343957397995752e+00 -1.34845951971878585951e+00 1.53903741520460044967e+02 3.20826682063304821635e-02
9.67945474155079421674e-02 4.82696586357172918724e+00 -1.34835687831057571273e+00 1.53898946958216214398e+02 3.38365633234074744684e-02
1.00653192072849326233e-01 4.83146533783825038455e+00 -1.34825049262563312347e+00 1.53894087387685630119e+02 3.56239887243419775520e-02
1.04510292304129906449e-01 4.83598189966484692803e+00 -1.34814033259582388702e+00 1.53889162547258024460e+02 3.74449481472668502247e-02
1.08365788925870357162e-01 4.84051558633493161921e+00 -1.34802636792700836210e+00 1.53884172176086252648e+02 3.92994430249923101806e-02
1.12219622779197156226e-01 4.84506643512290580134e+00 -1.34790856809730219545e+00 1.53879116014124178946e+02 4.11874724540947367846e-02
1.16071734730750303344e-01 4.84963448329321433761e+00 -1.34778690235552089938e+00 1.53873993802177977841e+02 4.31090331538697066338e-02
1.19922065673590871882e-01 4.85421976791122666839e+00 -1.34766133958672962301e+00 1.53868805269963814908e+02 4.50641279079747256175e-02
1.23770556528107589234e-01 4.85882232648984224710e+00 -1.34753184876621667776e+00 1.53863550177438327182e+02 4.70527364366882805413e-02
1.27617148242923722501e-01 4.86344219612391270857e+00 -1.34739839835083552444e+00 1.53858228259744919342e+02 4.90748541141985059055e-02
1.31461781795802923334e-01 4.86807941400858634751e+00 -1.34726095664139267072e+00 1.53852839260372633134e+02 5.11304686870481667205e-02
1.35304398194555003387e-01 4.87273401731868371911e+00 -1.34711949169716649344e+00 1.53847382923588611447e+02 5.32195655850721469071e-02
1.39144938477940960375e-01 4.87740604320673565297e+00 -1.34697397133352492204e+00 1.53841858994440087827e+02 5.53421279268288199282e-02
1.42983343716577865345e-01 4.88209552880089425742e+00 -1.34682436311938591444e+00 1.53836267218746286289e+02 5.74981365355354614999e-02
1.46819555013843056068e-01 4.88680251120273556609e+00 -1.34667063437449252561e+00 1.53830607343089099004e+02 5.96875699622520031196e-02
1.50653513506777553266e-01 4.89152702748481793549e+00 -1.34651275216648858013e+00 1.53824879114788444667e+02 6.19104045249783963012e-02
1.54485160366989643377e-01 4.89626911508403406259e+00 -1.34635068382113987084e+00 1.53819082307102661389e+02 6.41665816025935448197e-02
1.58314436801557489876e-01 4.90102881039711490985e+00 -1.34618439510668053138e+00 1.53813216629869089047e+02 6.64561233325877825928e-02
1.62141284053930911924e-01 4.90580615068286896019e+00 -1.34601385268954909513e+00 1.53807281850856725214e+02 6.87789757682007035777e-02
1.65965643404833329555e-01 4.91060117289750586167e+00 -1.34583902263356347540e+00 1.53801277721693764988e+02 7.11351044862624931620e-02
1.69787456173162598638e-01 4.91541391396146032378e+00 -1.34565987074411852475e+00 1.53795203995014588827e+02 7.35244724723215364870e-02
1.73606663716891373994e-01 4.92024441075748786290e+00 -1.34547636256644098651e+00 1.53789060424488468470e+02 7.59470400747948859443e-02
1.77423207433967000668e-01 4.92509270012909095016e+00 -1.34528846338425767115e+00 1.53782846764866974354e+02 7.84027649355019118360e-02
1.81237028763210711313e-01 4.92995881887836695512e+00 -1.34509613821823226232e+00 1.53776562772003131840e+02 8.08916019299984467850e-02
1.85048069185216018662e-01 4.93484280376465545004e+00 -1.34489935182517506007e+00 1.53770208202918752249e+02 8.34135030615987815850e-02
1.88856270223246969220e-01 4.93974469103282576299e+00 -1.34469806747098363786e+00 1.53763782785923723395e+02 8.59684955604404638096e-02
1.92661573444134981425e-01 4.94466451810527285460e+00 -1.34449225133553640354e+00 1.53757286328536594056e+02 8.85564007830646759967e-02
1.96463920459175961364e-01 4.94960232125144194981e+00 -1.34428186646632608081e+00 1.53750718569228837396e+02 9.11772196853598143607e-02
2.00263252925025725393e-01 4.95455813702124814313e+00 -1.34406687649677936136e+00 1.53744079268881563394e+02 9.38308955064573041449e-02
2.04059512544595450523e-01 4.95953200190814325055e+00 -1.34384724477764372352e+00 1.53737368189501211191e+02 9.65173690044658499909e-02
2.07852641067946264375e-01 4.96452395234668486523e+00 -1.34362293437412683161e+00 1.53730585094238875854e+02 9.92365784743177020699e-02
2.11642580293182863693e-01 4.96953402470988514494e+00 -1.34339390806235092768e+00 1.53723729747398635936e+02 1.01988459807896031384e-01
2.15429272067346772035e-01 4.97456225530668572077e+00 -1.34316012832595887971e+00 1.53716801914459381351e+02 1.04772946543677109021e-01
2.19212658287308292948e-01 4.97960868037918835682e+00 -1.34292155735207452416e+00 1.53709801362082316700e+02 1.07589969955599357165e-01
2.22992680900658574172e-01 4.98467333609997265143e+00 -1.34267815702706805325e+00 1.53702727858128668004e+02 1.10439459154004077091e-01
2.26769281906599701193e-01 4.98975625881051776389e+00 -1.34242989190737604943e+00 1.53695581187010077429e+02 1.13321151505983069852e-01
2.30542403356835262640e-01 4.99485748413105490329e+00 -1.34217671838055441214e+00 1.53688361093292797932e+02 1.16235283524230570418e-01
2.34311987356459305865e-01 4.99997704819416810551e+00 -1.34191859966354543054e+00 1.53681067360316887971e+02 1.19181634441387393486e-01
2.38077976064844459847e-01 5.00511498687080447212e+00 -1.34165549649537041432e+00 1.53673699761197553926e+02 1.22160119450638926519e-01
2.41840311696529752794e-01 5.01027133594833262720e+00 -1.34138736931359736637e+00 1.53666258070350494336e+02 1.25170650762299079384e-01
2.45598936522107014202e-01 5.01544613112761705764e+00 -1.34111417825323853137e+00 1.53658742063514267784e+02 1.28213137499331719660e-01
2.49353792869107054875e-01 5.02063940801965280514e+00 -1.34083588314527069052e+00 1.53651151517750491848e+02 1.31287485613812926477e-01
2.53104823122884181608e-01 5.02585120214229341684e+00 -1.34055244351581159812e+00 1.53643486211454472823e+02 1.34393597760206900960e-01
2.56851969727500406560e-01 5.03108154891654635321e+00 -1.34026381858562460003e+00 1.53635745924339573776e+02 1.37531373147637608900e-01
2.60595175186608463136e-01 5.03633048366318636369e+00 -1.33996996727030004415e+00 1.53627930437449208512e+02 1.40700707348520026585e-01
2.64334382064334627582e-01 5.04159804270299094497e+00 -1.33967084257105928380e+00 1.53620039603490113223e+02 1.43901849642652596151e-01
2.68069532986158931553e-01 5.04688425930644335438e+00 -1.33936641218181540225e+00 1.53612073088976615054e+02 1.47134089338912921185e-01
2.71800570639796568173e-01 5.05218916931953376803e+00 -1.33905662976911532525e+00 1.53604030732969761175e+02 1.50397586219993023571e-01
2.75527437776076689069e-01 5.05751280765496602498e+00 -1.33874145287998547182e+00 1.53595912323718295056e+02 1.53692228896747107303e-01
2.79250077209821145896e-01 5.06285520911274122824e+00 -1.33842083872585893012e+00 1.53587717651197834812e+02 1.57017903357903998440e-01
2.82968431820721455505e-01 5.06821640837736975271e+00 -1.33809474417848406347e+00 1.53579446507187952875e+02 1.60374493042876209437e-01
2.86682444554216209198e-01 5.07359644001465248664e+00 -1.33776312576515610253e+00 1.53571098685322112942e+02 1.63761878955185846696e-01
2.90392058422365262338e-01 5.07899533846907669243e+00 -1.33742593966422473883e+00 1.53562673981183934302e+02 1.67179939757931439459e-01
2.94097216504725145203e-01 5.08441313806152184185e+00 -1.33708314170002839916e+00 1.53554172192426364063e+02 1.70628551904922209914e-01
2.97797861949222197886e-01 5.08984987298622826302e+00 -1.33673468733551104037e+00 1.53545593118850177916e+02 1.74107589917562088910e-01
3.01493937973024594967e-01 5.09530557730973310271e+00 -1.33638053166760051305e+00 1.53536936562610350165e+02 1.77616926484337689374e-01
3.05185387863413981613e-01 5.10078027930508604015e+00 -1.33602064083823113272e+00 1.53528201967825054908e+02 1.81155705036287473231e-01
3.08872154978655832913e-01 5.10627402239748207080e+00 -1.33565494976269816263e+00 1.53519389754270747517e+02 1.84725033550475786770e-01
3.12554182748867592778e-01 5.11178683581696091665e+00 -1.33528342135588484751e+00 1.53510499449356416335e+02 1.88324209807876813416e-01
3.16231414676888089588e-01 5.11731875297373584033e+00 -1.33490600941412917990e+00 1.53501530858262412949e+02 1.91953086775920933604e-01
3.19903794339143177083e-01 5.12286980711476580552e+00 -1.33452266738056168904e+00 1.53492483787719010024e+02 1.95611513778654100282e-01
3.23571265386512540996e-01 5.12844003131612691249e+00 -1.33413334834058416867e+00 1.53483358045827941396e+02 1.99299336583487862740e-01
3.27233771545193397046e-01 5.13402945847857239414e+00 -1.33373800502449291194e+00 1.53474153442092188016e+02 2.03016397029944506425e-01
3.30891256617564633036e-01 5.13963812131932584748e+00 -1.33333658980450686649e+00 1.53464869787213331165e+02 2.06762533012502414120e-01
3.34543664483048841518e-01 5.14526605236500689244e+00 -1.33292905469738487412e+00 1.53455506892965502175e+02 2.10537578108334205718e-01
3.38190939098973242238e-01 5.15091328394407099722e+00 -1.33251535136554188909e+00 1.53446064572044917895e+02 2.14341361298056698459e-01
3.41833024501430049469e-01 5.15657986121870060003e+00 -1.33209541607796988494e+00 1.53436543467611414826e+02 2.18174665346169943669e-01
3.45469864806134951962e-01 5.16226579368602767062e+00 -1.33166922562356759840e+00 1.53426941967611099926e+02 2.22035662673101652498e-01
3.49101404209284427171e-01 5.16797112336943875732e+00 -1.33123671868398574247e+00 1.53417260544297988645e+02 2.25924926843022177980e-01
3.52727586988412222802e-01 5.17369588195119955998e+00 -1.33079784524407340740e+00 1.53407499026783767704e+02 2.29842282923874319245e-01
3.56348357503244450584e-01 5.17944010091824402764e+00 -1.33035255488831505311e+00 1.53397657247022806359e+02 2.33787553259186320354e-01
3.59963660196552959203e-01 5.18520381155799725548e+00 -1.32990079679647910105e+00 1.53387735039913451374e+02 2.37760557528488597478e-01
3.63573439595008318648e-01 5.19098704495669771575e+00 -1.32944251973766980335e+00 1.53377732243565219505e+02 2.41761112910091613415e-01
3.67177640310030473092e-01 5.19678983199717325903e+00 -1.32897767206311523402e+00 1.53367648699537966195e+02 2.45789034319913279880e-01
3.70776207038639005198e-01 5.20261220335799645653e+00 -1.32850620170213296056e+00 1.53357484253176181710e+02 2.49844134449797194986e-01
3.74369084564301513041e-01 5.20845418951254668372e+00 -1.32802805615273045170e+00 1.53347238753943088341e+02 2.53926224144914336467e-01
3.77956217757780987831e-01 5.21431582073055466253e+00 -1.32754318247316249746e+00 1.53336912055919952991e+02 2.58035112718071502069e-01
3.81537551577981803863e-01 5.22019709647709984068e+00 -1.32705154886269083292e+00 1.53326502071951978223e+02 2.62169231087598653129e-01
3.85113031072793543519e-01 5.22609809971572758514e+00 -1.32655306407360895626e+00 1.53316012044089632127e+02 2.66330772212734434579e-01
3.88682601379935599439e-01 5.23201883557897318155e+00 -1.32604769107256093008e+00 1.53305440282755398584e+02 2.70518440526850034722e-01
3.92246207727797613352e-01 5.23795933306248695516e+00 -1.32553537540946120288e+00 1.53294786635478601511e+02 2.74732020952745403797e-01
3.95803795436280247966e-01 5.24391962087546037452e+00 -1.32501606221762258109e+00 1.53284050951267175833e+02 2.78971294264427904785e-01
3.99355309917634848649e-01 5.24989972742757515789e+00 -1.32448969620567713612e+00 1.53273233080226987113e+02 2.83236037368867044073e-01
4.02900696677300329540e-01 5.25589968081859382210e+00 -1.32395622166193915881e+00 1.53262332873356086793e+02 2.87526022794397262405e-01
4.06439901314739726601e-01 5.26191950882561254588e+00 -1.32341558244980816994e+00 1.53251350182199018946e+02 2.91841018748598024501e-01
4.09972869524274474706e-01 5.26795923888824191295e+00 -1.32286772201197244669e+00 1.53240284858378629451e+02 2.96180788613155665523e-01
4.13499547095918296158e-01 5.27401889809259127873e+00 -1.32231258336737367287e+00 1.53229136753059719922e+02 3.00545090898383548961e-01
4.17019879916208535686e-01 5.28009851315352918277e+00 -1.32175010911542423209e+00 1.53217905716312884579e+02 3.04933678733749990997e-01
4.20533813969036496250e-01 5.28619811039386089391e+00 -1.32118024144080892235e+00 1.53206591596291389124e+02 3.09346299321421269735e-01
4.24041295336476609101e-01 5.29231779292548498717e+00 -1.32060289057758861730e+00 1.53195199146775024701e+02 3.13784710619802509335e-01
4.27542270199613438919e-01 5.29845745108065102613e+00 -1.32001805286330187172e+00 1.53183719617009131753e+02 3.18245130963444755601e-01
4.31036684839367689737e-01 5.30461717239020469350e+00 -1.31942564383309290932e+00 1.53172156818986366034e+02 3.22728913044325882442e-01
4.34524485637320267983e-01 5.31079698239289754724e+00 -1.31882560359221190360e+00 1.53160510648168468606e+02 3.27235804835646015842e-01
4.38005619076534846723e-01 5.31699690630739851827e+00 -1.31821787176840365952e+00 1.53148781005304101654e+02 3.31765551178264284093e-01
4.41480031742379597226e-01 5.32321696903315544347e+00 -1.31760238750418001707e+00 1.53136967797038550998e+02 3.36317894026777086669e-01
4.44947670323346589072e-01 5.32945719515251958853e+00 -1.31697908944880914817e+00 1.53125070936615259143e+02 3.40892572712608810104e-01
4.48408481611869302874e-01 5.33571760893102542411e+00 -1.31634791575399190400e+00 1.53113090344469441106e+02 3.45489323970614659043e-01
4.51862412505139754426e-01 5.34199823432655929167e+00 -1.31570880406019252717e+00 1.53101025949396472470e+02 3.50107882561313699110e-01
4.55309410005922676756e-01 5.34829909499629252423e+00 -1.31506169149707874411e+00 1.53088877689590617592e+02 3.54747980993990852383e-01
4.58749421223369369116e-01 5.35462021430748080775e+00 -1.31440651466425229010e+00 1.53076645513938387921e+02 3.59409350503610391936e-01
4.62182393373828603877e-01 5.36096147662085353858e+00 -1.31374323407278015274e+00 1.53064320564063081065e+02 3.64090141351844698292e-01
4.65608273781656922807e-01 5.36732314901502416404e+00 -1.31307174273754423410e+00 1.53051918342979035970e+02 3.68792829282381162681e-01
4.69027009880027045963e-01 5.37370514095446338843e+00 -1.31239199527670558076e+00 1.53039431649258318657e+02 3.73515873102116979787e-01
4.72438549211733671562e-01 5.38010747316875814761e+00 -1.31170392645378819374e+00 1.53026860386994144392e+02 3.78258977963893794350e-01
4.75842839429999664436e-01 5.38653016587715693930e+00 -1.31100747052074617649e+00 1.53014204460189318979e+02 3.83021845233145641352e-01
4.79239828299277970114e-01 5.39297323876638134976e+00 -1.31030256121700827698e+00 1.53001463772026681909e+02 3.87804172281396575261e-01
4.82629463696053917499e-01 5.39943671096424537836e+00 -1.30958913176526459132e+00 1.52988638223884805711e+02 3.92605652486474387963e-01
4.86011693609644690461e-01 5.40592060101452265286e+00 -1.30886711487692730671e+00 1.52975727714449647010e+02 3.97425974615373212018e-01
4.89386466142997689222e-01 5.41242492684124609781e+00 -1.30813644273230389459e+00 1.52962732138159793749e+02 4.02264823811790739327e-01
4.92753729513486060654e-01 5.41894970571910583601e+00 -1.30739704700422576522e+00 1.52949651384064026161e+02 4.07121879819463627914e-01
4.96113432053704617175e-01 5.42549495422306371495e+00 -1.30664885883912673670e+00 1.52936485333361417815e+02 4.11996817905231738077e-01
4.99465522212260704116e-01 5.43206091877272001511e+00 -1.30589181436982304518e+00 1.52923248519258919487e+02 4.16889011868918579751e-01
5.02809948554567842649e-01 5.43864720659377720580e+00 -1.30512583281176874905e+00 1.52909914869379491620e+02 4.21798725187176370977e-01
5.06146659763632045248e-01 5.44525402098657185235e+00 -1.30435084886608532173e+00 1.52896496252803842708e+02 4.26725334897211872054e-01
5.09475604640841184256e-01 5.45188137775316228328e+00 -1.30356679149577758814e+00 1.52882992655816053684e+02 4.31668501288800243731e-01
5.12796732106749808544e-01 5.45852929219541316286e+00 -1.30277358910102281087e+00 1.52869404073467450189e+02 4.36627881227098668671e-01
5.16109991201863405053e-01 5.46519777913784832180e+00 -1.30197116953426106356e+00 1.52855730511866454435e+02 4.41603126932969991536e-01
5.19415331087419551714e-01 5.47188685292221865808e+00 -1.30115946008899907582e+00 1.52841971988680029426e+02 4.46593886425590391731e-01
5.22712701046168959351e-01 5.47859652742649583246e+00 -1.30033838751243835397e+00 1.52828128535210282735e+02 4.51599802457772536712e-01
5.26002050483152849836e-01 5.48532681607565830717e+00 -1.29950787799134692690e+00 1.52814200197957376304e+02 4.56620513150055584717e-01
5.29283328926479668119e-01 5.49207773186923997599e+00 -1.29866785714629151549e+00 1.52800187041267946597e+02 4.61655652098311664044e-01
5.32556486028099573815e-01 5.49884928740932821256e+00 -1.29781825003395656637e+00 1.52786089150029823713e+02 4.66704847969400704599e-01
5.35821471564576490287e-01 5.50564149493246990374e+00 -1.29695898114698748849e+00 1.52771906632633687195e+02 4.71767724256153764273e-01
5.39078235437859709656e-01 5.51245392477575446577e+00 -1.29608988442424788445e+00 1.52757611531775751246e+02 4.76849485429869823783e-01
5.42326727676051723037e-01 5.51928737315847328659e+00 -1.29521104601742598206e+00 1.52743253929721561235e+02 4.81939630586500578069e-01
5.45566898434175162613e-01 5.52614148734253429751e+00 -1.29432231288206067710e+00 1.52728810860858658316e+02 4.87042478853263627325e-01
5.48798697994937745293e-01 5.53301627428342790438e+00 -1.29342360675242695756e+00 1.52714282294400305773e+02 4.92157660669402585718e-01
5.52022076769495328996e-01 5.53991174006402697927e+00 -1.29251484870529487203e+00 1.52699668195737956466e+02 4.97284805657241091303e-01
5.55236985298212415429e-01 5.54682788982893448804e+00 -1.29159595916815184147e+00 1.52684968523315319544e+02 5.02423541796626182965e-01
5.58443374251421431609e-01 5.55376472775848117891e+00 -1.29066685791212010237e+00 1.52670183228036506762e+02 5.07573495584940470593e-01
5.61641194430179235830e-01 5.56072225699487177053e+00 -1.28972746403608051757e+00 1.52655312249649540490e+02 5.12734292740604780114e-01
5.64830396767022624438e-01 5.56770047958202063398e+00 -1.28877769593478408439e+00 1.52640355514015681138e+02 5.17905559924290437301e-01
5.68010932326720507923e-01 5.57469939639534661779e+00 -1.28781747131255785987e+00 1.52625312929776185911e+02 5.23086923557591787493e-01
5.71182752307025198846e-01 5.58171900705440204860e+00 -1.28684670714391580226e+00 1.52610184383931255070e+02 5.28278012008731701066e-01
5.74345808039421146240e-01 5.58875996453268975017e+00 -1.28586557002116275150e+00 1.52595011435182783543e+02 5.33462791159151072939e-01
5.77500050989871893670e-01 5.59582109908301461587e+00 -1.28487352354668749044e+00 1.52579719613251086230e+02 5.38669179693402888631e-01
5.80645432759564483760e-01 5.60290294784875886336e+00 -1.28387069295013955816e+00 1.52564343222534120059e+02 5.43883636054271590865e-01
5.83781905085652308429e-01 5.61000551038782280244e+00 -1.28285699366795991061e+00 1.52548882391419056148e+02 5.49105708371779410726e-01
5.86909419841995516620e-01 5.61712878553294459039e+00 -1.28183234060458106640e+00 1.52533337266569674284e+02 5.54334933089575265797e-01
5.90027929039899312613e-01 5.62427277140671044720e+00 -1.28079664807277349148e+00 1.52517708015148571121e+02 5.59570838501002865151e-01
5.93137384828850811047e-01 5.63143746544446521796e+00 -1.27974982980878482230e+00 1.52501994827597826543e+02 5.64812943540055512059e-01
5.96237739497252783316e-01 5.63862286443118421175e+00 -1.27869179902222906975e+00 1.52486197921348377804e+02 5.70060754371830680221e-01
5.99328945473155960677e-01 5.64582896454281257803e+00 -1.27762246841293980459e+00 1.52470317544828589007e+02 5.75313763089366103642e-01
6.02410955324989116910e-01 5.65305576140221255343e+00 -1.27654175011387072125e+00 1.52454353982395815592e+02 5.80571451120914239219e-01
6.05483721762286153378e-01 5.66030325016167612517e+00 -1.27544955579780849853e+00 1.52438307561057541761e+02 5.85833282245288633483e-01
6.08547197636412851018e-01 5.66757142556902504538e+00 -1.27434579668416847475e+00 1.52422178656138839870e+02 5.91098701954394067926e-01
6.11601335941289292464e-01 5.67485914788791667718e+00 -1.27322975844363850406e+00 1.52405895333365549504e+02 5.96406333894023310549e-01
6.14646089814111729055e-01 5.68216843811452143598e+00 -1.27210248219849075824e+00 1.52389587403633953500e+02 6.01684656731862332890e-01
6.17681412536071339225e-01 5.68949834825067224386e+00 -1.27096335062038012786e+00 1.52373195322618300906e+02 6.06966130116143087747e-01
6.20707257533071432576e-01 5.69684886286073854933e+00 -1.26981226971067973075e+00 1.52356719127307059125e+02 6.12250335141350854329e-01
6.23723578376441656346e-01 5.70421996501353412157e+00 -1.26864914457270883119e+00 1.52340158841017569102e+02 6.17536860945474552764e-01
6.26730328783650536550e-01 5.71161163620356138182e+00 -1.26747387943104694585e+00 1.52323514470016618816e+02 6.22825303186423595569e-01
6.29727462619016020717e-01 5.71902385622272735333e+00 -1.26628637757527751084e+00 1.52306785996983705900e+02 6.28115267299098278819e-01
6.32714933894412689952e-01 5.72645660309632020812e+00 -1.26508654136340314977e+00 1.52289973378619350797e+02 6.33406367988130547531e-01
6.35692696769977860782e-01 5.73390985292687105357e+00 -1.26387427211501357505e+00 1.52273076537373327710e+02 6.38698235682579995576e-01
6.38660705554815355534e-01 5.74138357973991553251e+00 -1.26264947013368811213e+00 1.52256095353386399438e+02 6.43990514774346101134e-01
6.41618914707695386923e-01 5.74887775534004852318e+00 -1.26141203459109640939e+00 1.52239029657046273769e+02 6.49282870648570153982e-01
6.44567278837754553678e-01 5.75639391475476625004e+00 -1.26016300371927369994e+00 1.52221979377856058591e+02 6.54503390841054577542e-01
6.47505752705191617302e-01 5.76392922273417163126e+00 -1.25890020746960695774e+00 1.52204764961797764045e+02 6.59781611157964076320e-01
6.50434291221961835561e-01 5.77148494640276688017e+00 -1.25762450599484343350e+00 1.52187469392328523554e+02 6.65056679513936210846e-01
6.53352849452468964486e-01 5.77906105957316729160e+00 -1.25633579965799313527e+00 1.52170093016781464712e+02 6.70327987182198881122e-01
6.56261382614254484835e-01 5.78665753493641776828e+00 -1.25503398846890168450e+00 1.52152636212874256216e+02 6.75594896722288007496e-01
6.59159846078685274229e-01 5.79427434339344582526e+00 -1.25371897247656494123e+00 1.52135099398356175016e+02 6.80856752516210139703e-01
6.62048195371637282491e-01 5.80191145720898848737e+00 -1.25239064971765468037e+00 1.52117483034866921798e+02 6.86112868491164262785e-01
6.64926386174179318012e-01 5.80956884551386654181e+00 -1.25104891942197959942e+00 1.52099787639568376107e+02 6.91362538391790293346e-01
6.67794374323251838099e-01 5.81724647736526812025e+00 -1.24969368001895753117e+00 1.52082013786855014814e+02 6.96605019459228924639e-01
6.70652115812345961388e-01 5.82494432121983685136e+00 -1.24832482974612735127e+00 1.52064162125504651613e+02 7.01839529528539118886e-01
6.73499566792176929120e-01 5.83266234498256874730e+00 -1.24694226652680018042e+00 1.52046233384019416235e+02 7.07065254730439018971e-01
6.76336683571358565636e-01 5.84040051625954959036e+00 -1.24554588834509138984e+00 1.52028228389311664159e+02 7.12281325713747248685e-01
6.79163422617073186949e-01 5.84815624767895503311e+00 -1.24413333202057541094e+00 1.52009984036145112896e+02 7.17628903165007492326e-01
6.81979740555738733754e-01 5.85593408711406659961e+00 -1.24270860684484585335e+00 1.51991795482928836236e+02 7.22848612618204988678e-01
6.84785594173675460361e-01 5.86373187119754213370e+00 -1.24126969020955613132e+00 1.51973527098555194925e+02 7.28060150364992497707e-01
6.87580940417768404771e-01 5.87154954843438048329e+00 -1.23981646907491804832e+00 1.51955178976888646503e+02 7.33263126110746621400e-01
6.90365736396128082397e-01 5.87938706472389327473e+00 -1.23834882952134472944e+00 1.51936751174437887357e+02 7.38457151413308365839e-01
6.93139939378748737298e-01 5.88724436327407385505e+00 -1.23686665620556768275e+00 1.51918243707064476666e+02 7.43641874109370437651e-01
6.95903506798163817848e-01 5.89512138440240907045e+00 -1.23536983245740317194e+00 1.51899656539961029011e+02 7.48816971908290773818e-01
6.98656396250099120948e-01 5.90301806531451322968e+00 -1.23385824010528510897e+00 1.51880989576061068647e+02 7.53982163233282931536e-01
7.01398565494123937825e-01 5.91093433996960193610e+00 -1.23233175960829144380e+00 1.51862242650246741960e+02 7.59137198626991915873e-01
7.04129972454298314055e-01 5.91887013865350830599e+00 -1.23079026968687843535e+00 1.51843415504606468858e+02 7.64281883838202724668e-01
7.06850575219819421413e-01 5.92682538770458133826e+00 -1.22923364732290574253e+00 1.51824507773730317695e+02 7.69416079521892837256e-01
7.09560332045664265976e-01 5.93480340741815837191e+00 -1.22766531628872854753e+00 1.51805738197202686024e+02 7.74316522985970090431e-01
7.12259201353230508857e-01 5.94279801894202197587e+00 -1.22607868086937910057e+00 1.51786712845967286967e+02 7.79390154590085204589e-01
7.14947141730974067286e-01 5.95081197166177755520e+00 -1.22447663729459876869e+00 1.51767613939502979292e+02 7.84446720083884940777e-01
7.17624111935044939337e-01 5.95884519841578530475e+00 -1.22285907097573121050e+00 1.51748442151490110064e+02 7.89485340945842106741e-01
7.20290070889919697983e-01 5.96689763085534874421e+00 -1.22122586626060591897e+00 1.51729198240867617642e+02 7.94505153378136874665e-01
7.22944977689031653689e-01 5.97496919900213185883e+00 -1.21957690833226095606e+00 1.51709883028629377577e+02 7.99505187132294903307e-01
7.25588791595399018597e-01 5.98305983166321642130e+00 -1.21791208145895812898e+00 1.51690497426228830591e+02 8.04484477469655345772e-01
7.28221472042250406176e-01 5.99116945643825093981e+00 -1.21623127085132232139e+00 1.51671042441204974693e+02 8.09441947039456044521e-01
7.30842978633645223852e-01 5.99929799995087531528e+00 -1.21453436172242690283e+00 1.51651519194783162447e+02 8.14376466157185729955e-01
7.33453271145096175054e-01 6.00744538851967213589e+00 -1.21282123887080661717e+00 1.51631928967997254176e+02 8.19286880251022919808e-01
7.36052309524184211753e-01 6.01561154751429150167e+00 -1.21109178873197520510e+00 1.51612273166414695424e+02 8.24171878813256930663e-01
7.38640053891175041301e-01 6.02379640266399718485e+00 -1.20934589768953926203e+00 1.51592553406003787586e+02 8.29030104563680758645e-01
7.41216464539629305008e-01 6.03199446337254219230e+00 -1.20757724492245155368e+00 1.51572420067543959021e+02 8.34250730598431911034e-01
7.43781501937012756720e-01 6.04021538593457840705e+00 -1.20579707579963213426e+00 1.51552506529091658649e+02 8.39117355120582497641e-01
7.46335126725303221740e-01 6.04845456956682614447e+00 -1.20399996129348352270e+00 1.51532521283652613420e+02 8.43963053737759039130e-01
7.48877299721593336912e-01 6.05671190430235739655e+00 -1.20218576704321367110e+00 1.51512464424535750140e+02 8.48787555566943630048e-01
7.51407981918692846612e-01 6.06498727549168314965e+00 -1.20035435766158826709e+00 1.51492335950675254708e+02 8.53590601266143167436e-01
7.53927134485726568869e-01 6.07328056417827966129e+00 -1.19850559556250146898e+00 1.51472135793480845223e+02 8.58372018566806338491e-01
7.56434718768730363081e-01 6.08159164635554372325e+00 -1.19663934122357629164e+00 1.51451863773810970315e+02 8.63131705164825513421e-01
7.58930696291243989116e-01 6.08992039231188719839e+00 -1.19475545369177948984e+00 1.51431519564898394492e+02 8.67869596148181821071e-01
7.61415028754902523112e-01 6.09826666708910014592e+00 -1.19285378921924101192e+00 1.51411102724410682185e+02 8.72585751994491620742e-01
7.63887678040022333192e-01 6.10663032919169967982e+00 -1.19093420171558705967e+00 1.51390612616806919277e+02 8.77280328793223707073e-01
7.66348606206187388246e-01 6.11501122854553713637e+00 -1.18899654401005672177e+00 1.51370048378675903678e+02 8.81953502861325233653e-01
7.68797775492830681721e-01 6.12340921209842203865e+00 -1.18704066406695019076e+00 1.51349408920426270697e+02 8.86605688133523250904e-01
7.71235148319813990092e-01 6.13183273525752881028e+00 -1.18507666992882021439e+00 1.51329255777788631576e+02 8.90591466483303784152e-01
7.73660687288004522699e-01 6.14026611549180501015e+00 -1.18308555977183726959e+00 1.51308574425991878343e+02 8.95098002609544973751e-01
7.76074355179848351938e-01 6.14871639067727571160e+00 -1.18107601254875582697e+00 1.51287834326933193552e+02 8.99569487711452620005e-01
7.78476114959941845051e-01 6.15718342664676132614e+00 -1.17904790027091954663e+00 1.51267036827355468631e+02 9.04004666963107661459e-01
7.80865929775599765250e-01 6.16566708767687199355e+00 -1.17700109529275231957e+00 1.51246183441416150117e+02 9.08402220991489706137e-01
7.83243762957420930348e-01 6.17416723631679964512e+00 -1.17493547154347965922e+00 1.51225275847208393998e+02 9.12760687926872371634e-01
7.85609578019850984809e-01 6.18268373390895753516e+00 -1.17285090130834701583e+00 1.51204315922212316536e+02 9.17078671134152645372e-01
7.87963338661741508062e-01 6.19121643990405345903e+00 -1.17074726073519874703e+00 1.51183305712617226391e+02 9.21354487198637550627e-01
7.90305008766907790552e-01 6.19976521425825488620e+00 -1.16862442538774446987e+00 1.51162247587778779234e+02 9.25586454815843451271e-01
7.92634552404682946047e-01 6.20832991636655773249e+00 -1.16648227223244060902e+00 1.51141144181217356390e+02 9.29772767764436514071e-01
7.94951933830468693287e-01 6.21691040587551224661e+00 -1.16432068107088260156e+00 1.51119998451595023425e+02 9.33911405693983898146e-01
7.97257117486284361263e-01 6.22550654365836031445e+00 -1.16213953276758519273e+00 1.51098813750204783446e+02 9.38000250568811755336e-01
7.99550068001312008725e-01 6.23410446809126828072e+00 -1.15992269396355229816e+00 1.51076691777271747696e+02 9.43044991366139617739e-01
8.01830750192439767332e-01 6.24272896126809140327e+00 -1.15769929360279455466e+00 1.51055274118970686459e+02 9.47202602115859937371e-01
8.04099129064801410038e-01 6.25136785862558319593e+00 -1.15545623145572395885e+00 1.51033776587790498525e+02 9.51286516396752324098e-01
8.06355169812312477795e-01 6.26002145164635592778e+00 -1.15319246203403946716e+00 1.51012230118667929446e+02 9.55354517734705810383e-01
8.08598837818206295225e-01 6.26868935500816082396e+00 -1.15090811618348398682e+00 1.50990624226262468710e+02 9.59387971261446370619e-01
8.10830098655563102916e-01 6.27737133408813452462e+00 -1.14860304372038513065e+00 1.50968958043205276454e+02 9.63386453998657965592e-01
8.13048918087839522784e-01 6.28606713558379492923e+00 -1.14627709878694283852e+00 1.50947229863133514982e+02 9.67349215731935108131e-01
8.15255262069393138447e-01 6.29477655488541198991e+00 -1.14393006674895270081e+00 1.50925441365104802571e+02 9.71279979919527414189e-01
8.17449096746005965386e-01 6.30349928844259377314e+00 -1.14156183387303933330e+00 1.50903588392328771306e+02 9.75175822674956616076e-01
8.19630388455402592029e-01 6.31223507897093494279e+00 -1.13917221386470557398e+00 1.50881670025818777958e+02 9.79038536999374153780e-01
8.21799103727767876748e-01 6.32098363814496799762e+00 -1.13676104194725202667e+00 1.50859683767124835185e+02 9.82868473529474151462e-01
8.23955209286259315782e-01 6.32974467296906606606e+00 -1.13432814061010223128e+00 1.50837627187695318298e+02 9.86666784774715810435e-01
8.26098672047518967076e-01 6.33853962517716951197e+00 -1.13189671944461056619e+00 1.50816936182747497242e+02 9.88964572795229535096e-01
8.28229459122179711983e-01 6.34732880868121718265e+00 -1.12942323422725254822e+00 1.50795002638533304662e+02 9.92490320514351709313e-01
8.30347537815371183889e-01 6.35613022337477939772e+00 -1.12692793604313989952e+00 1.50773035961622497325e+02 9.95960039816945696955e-01
8.32452875627220700849e-01 6.36494362443856775968e+00 -1.12441068337245053677e+00 1.50751038637146621113e+02 9.99372654774138724498e-01
8.34545440253351977766e-01 6.37376877011685660790e+00 -1.12187135461620890453e+00 1.50729013832373254900e+02 1.00272582067253535065e+00
8.36625199585380951994e-01 6.38260549581073988179e+00 -1.11930966558517241971e+00 1.50706969868138003221e+02 1.00602783203638246334e+00
8.38692121711408611340e-01 6.39145349061055156881e+00 -1.11672564320504763558e+00 1.50684906646417260845e+02 1.00926668421799692332e+00
8.40746174916510269348e-01 6.40031227596365148713e+00 -1.11411913100215298478e+00 1.50662813403856773675e+02 1.01244190892497143430e+00
8.42787327683222509123e-01 6.40918357600211852088e+00 -1.11148937744693698804e+00 1.50640821045050870453e+02 1.01559555593063333134e+00
8.44815548692026907496e-01 6.41806190856389235933e+00 -1.10883893566767355310e+00 1.50618601580561545461e+02 1.01854289815720822077e+00
8.46830806821829651376e-01 6.42695232008548433811e+00 -1.10616441837093160139e+00 1.50596496723401457984e+02 1.02150250492405070268e+00
8.48833071150440821029e-01 6.43585256904947122791e+00 -1.10346620696662878203e+00 1.50574384789396304996e+02 1.02443609236639221471e+00
8.50822310955046900993e-01 6.44474212633939469441e+00 -1.10070960806103190777e+00 1.50550892034103696915e+02 1.02953964163061040260e+00
8.52798495712683735093e-01 6.45364392357813887457e+00 -1.09796935810708684578e+00 1.50527670659724662983e+02 1.03201101918571702676e+00
8.54761595100703930328e-01 6.46256553993313520579e+00 -1.09520422817252360836e+00 1.50505156513101951532e+02 1.03452385286282977361e+00
8.56711578997242706457e-01 6.47149277181792204061e+00 -1.09240149895961646820e+00 1.50482428540714153087e+02 1.03786541449201363818e+00
8.58648417481679637753e-01 6.48043151498923730713e+00 -1.08957667424919968369e+00 1.50459925185236244261e+02 1.04103428027025635139e+00
8.60572080835097841245e-01 6.48937479280297946360e+00 -1.08673446365623993515e+00 1.50437230108255533878e+02 1.04370108863291211065e+00
8.62482539540740500428e-01 6.49832487727999019711e+00 -1.08386704701733371792e+00 1.50414501006199316180e+02 1.04636843249705391301e+00
8.64379764284463170121e-01 6.50728136738487350499e+00 -1.08097472535132532734e+00 1.50391739586491155478e+02 1.04900698243039491864e+00
8.66263725955183860883e-01 6.51624387190830844929e+00 -1.07805609096480847775e+00 1.50368945242452696220e+02 1.05169838086667155608e+00
8.68134395645329126623e-01 6.52521133527501184801e+00 -1.07511331965884848749e+00 1.50346082299008571681e+02 1.05429046833703110586e+00
8.69991744651278930966e-01 6.53418377606745170993e+00 -1.07214518165947225725e+00 1.50323178494833911145e+02 1.05685439277918158396e+00
8.71835744473805518417e-01 6.54315997960961137636e+00 -1.06915241051800702365e+00 1.50300186263286832400e+02 1.05933109806300751465e+00
8.73666366818512285519e-01 6.55219049332109637618e+00 -1.06617363401132592138e+00 1.50280520508064597607e+02 1.05931299335666517791e+00
8.75483583596266101701e-01 6.56118241917206734826e+00 -1.06313372301828379385e+00 1.50257986930099491474e+02 1.06147081939263387973e+00
8.77287366923630518301e-01 6.57017817935598813506e+00 -1.06006848029036326864e+00 1.50235462970365091451e+02 1.06356254735954691704e+00
8.79077689123291206030e-01 6.57917694660392715633e+00 -1.05697845750694319200e+00 1.50212928981853792720e+02 1.06554228541326923008e+00
8.80854522724482724705e-01 6.58817955106993657921e+00 -1.05386268279534811576e+00 1.50190470642127138490e+02 1.06746780612935188159e+00
8.82617840463408520613e-01 6.59718350290096644528e+00 -1.05072023959452787167e+00 1.50167957599960601556e+02 1.06938543389904405778e+00
8.84367615283660701841e-01 6.60619054173906228300e+00 -1.04755028526353144436e+00 1.50145536753802048224e+02 1.07134752040005443163e+00
8.86103820336633374311e-01 6.61520149908901355928e+00 -1.04435241517841026493e+00 1.50123297807802799753e+02 1.07337607951191560396e+00
8.87826428981936643936e-01 6.62420767913449726194e+00 -1.04114254206061884744e+00 1.50100750291809333703e+02 1.07439937438141308590e+00
8.89535414787803402348e-01 6.63321510734901576001e+00 -1.03790454075336757711e+00 1.50078285153792108986e+02 1.07548166026646407900e+00
8.91230751531496778739e-01 6.64222621073506314104e+00 -1.03463821212430673313e+00 1.50056100079662996905e+02 1.07663673811173632444e+00
8.92912413199710819356e-01 6.65123404308765397985e+00 -1.03133939529044837968e+00 1.50033767787914882774e+02 1.07811352218774558764e+00
8.94580373988970722898e-01 6.66024391886243183336e+00 -1.02801335285889550164e+00 1.50011692168440276873e+02 1.07957571293815335345e+00
8.96234608306028635027e-01 6.66916749728785607232e+00 -1.02462066155108133536e+00 1.49983993069242842466e+02 1.08336083084164913615e+00
8.97875090768255890161e-01 6.67816047429339576524e+00 -1.02123957458485059568e+00 1.49961169545735856445e+02 1.08475760028039536209e+00
8.99501796204032810778e-01 6.68715039823307932920e+00 -1.01783157498964382803e+00 1.49938396080071072447e+02 1.08608979275359640582e+00
9.01114699653134842983e-01 6.69613345206671350951e+00 -1.01439745674097170358e+00 1.49915468445612816595e+02 1.08728954139183331407e+00
9.02713776367115805499e-01 6.70511151480626743648e+00 -1.01093825299917483562e+00 1.49892559521798858668e+02 1.08829003542259661330e+00
9.04299001809687252873e-01 6.71408366997234029583e+00 -1.00745137769803050354e+00 1.49869648291830600328e+02 1.08925552639530676124e+00
9.05870351657095174147e-01 6.72304889644935688153e+00 -1.00394290233031036053e+00 1.49846734410604852883e+02 1.08977861189767177841e+00
9.07427801798493138818e-01 6.73199723338593791766e+00 -1.00040445739907379874e+00 1.49823182555294550866e+02 1.09037794092312267935e+00
9.08971328336312445195e-01 6.74095597791349021577e+00 -9.96829781753890031837e-01 1.49800828742593807874e+02 1.09155306973822874284e+00
9.10500907586628160928e-01 6.74989258105028522294e+00 -9.93235217732281516767e-01 1.49777622892649503683e+02 1.09211735540746768258e+00
9.12016516079523720251e-01 6.75882238466676099620e+00 -9.89610708325232457661e-01 1.49754601255453053454e+02 1.09278470865514498733e+00
9.13518130559449748063e-01 6.76774140717227368214e+00 -9.85957706447574744324e-01 1.49731558866636731864e+02 1.09344587001276605243e+00
9.15005727985581884809e-01 6.77664756721335947987e+00 -9.82278667221265333609e-01 1.49708421122000999048e+02 1.09393061049047379818e+00
9.16479285532173615358e-01 6.78553942731225845364e+00 -9.78570553021985589659e-01 1.49685139044784818907e+02 1.09443739293043607042e+00
9.17938780588907099478e-01 6.79456380449805319444e+00 -9.74848086981238259874e-01 1.49671600471542404875e+02 1.09450653285243570956e+00
9.19384190761239561418e-01 6.80344736842442010527e+00 -9.71106141776710396485e-01 1.49649656002041126612e+02 1.09352168417653028420e+00
9.20815493870747459049e-01 6.81231435241612093279e+00 -9.67335918774516301255e-01 1.49627601530188798051e+02 1.09250398303206996964e+00
9.22232667955466323129e-01 6.82116008351168545687e+00 -9.63537481136873652510e-01 1.49605187473416464172e+02 1.09143583642290287194e+00
9.23635691270227932037e-01 6.82999600752480695576e+00 -9.59706959309755025522e-01 1.49583227774226884321e+02 1.09062337420444266378e+00
9.25024542286994155837e-01 6.83882991755351365981e+00 -9.55845554416829279454e-01 1.49562315313079949419e+02 1.09002424327903635337e+00
9.26399199695186803538e-01 6.84763240889770408160e+00 -9.51941989612261840747e-01 1.49540505650930299453e+02 1.09029029424856616082e+00
9.27759642402015138885e-01 6.85642349438147835627e+00 -9.48001956212190743933e-01 1.49519227591462794180e+02 1.09112781661983682113e+00
9.29105849532799177304e-01 6.86519480508634405425e+00 -9.44038257233439814797e-01 1.49498041312562577332e+02 1.09165594308668878476e+00
9.30437800431290207293e-01 6.87394907540674360291e+00 -9.40044553598559873286e-01 1.49477177584832361390e+02 1.09232140049694881334e+00
9.31755474659987315000e-01 6.88265348062073467617e+00 -9.36111988618507750992e-01 1.49454881230927838942e+02 1.08686540883898774545e+00
9.33058852000451910413e-01 6.89139956653330987280e+00 -9.31932191448816671375e-01 1.49436105849132502499e+02 1.09644697294885995476e+00
9.34347912453616813444e-01 6.89998172948186638820e+00 -9.28090090579083648592e-01 1.49409539029780574992e+02 1.08078827671067001504e+00
9.35622636240093785709e-01 6.90857885909613056441e+00 -9.24059342536137195978e-01 1.49385090092772458092e+02 1.07613233968613619673e+00
9.36883003800477065504e-01 6.91709429840460376937e+00 -9.19959472747271633786e-01 1.49356808453860224972e+02 1.07402861564795060190e+00
9.38128995795643128019e-01 6.92572149565532502180e+00 -9.15685717611236404956e-01 1.49337383292658699929e+02 1.08246404764350923067e+00
9.39360593107047781025e-01 6.93432018856899734516e+00 -9.11402409255398282539e-01 1.49318144743682125863e+02 1.08973915493954032208e+00
9.40577776837019263745e-01 6.94284973037858588185e+00 -9.07171955505954530352e-01 1.49296715843219857334e+02 1.09144473454855783778e+00
9.41780528309048348135e-01 6.95128373408149613510e+00 -9.02980490392742529693e-01 1.49271334460246293929e+02 1.08839262192963448506e+00
9.42968829068074665400e-01 6.95977222609262824449e+00 -8.98753599259820123990e-01 1.49251943552474557464e+02 1.08636804477624382415e+00
9.44142660880770479004e-01 6.96820985383981827965e+00 -8.94525099601671036531e-01 1.49231644363890495697e+02 1.08259989429090452973e+00
9.45302005735819794729e-01 6.97656597149115231815e+00 -8.90267628800186838767e-01 1.49208304578834486165e+02 1.07882180697100604760e+00
9.46446845844195028263e-01 6.98492622101271276591e+00 -8.85987988051876396156e-01 1.49187897417525789479e+02 1.07502680270114847616e+00
9.47577163639429898012e-01 6.99322039099043202270e+00 -8.81681124854546638403e-01 1.49165703432332747980e+02 1.07124168130886654460e+00
9.48692941777889098276e-01 7.00147732217283014222e+00 -8.77349038883718290727e-01 1.49143804135124867116e+02 1.06751216509278279432e+00
9.49794163139034308685e-01 7.00970074830361955520e+00 -8.72991761626579654276e-01 1.49122561353764268688e+02 1.06389712184463380851e+00
9.50880810825686872967e-01 7.01789012701023739993e+00 -8.68617211395576127586e-01 1.49102090166224996892e+02 1.05989472368958081994e+00
9.51952868164287147046e-01 7.02598855811227185342e+00 -8.64216812943252477019e-01 1.49078540051845891412e+02 1.05582562367310206497e+00
9.53010318705150072383e-01 7.03408125855318466790e+00 -8.59795765657800026283e-01 1.49057910517899728120e+02 1.05184966556562842221e+00
9.54053146222718195801e-01 7.04213054567131102601e+00 -8.55352914348222137519e-01 1.49037723510740619304e+02 1.04789283812335187740e+00
9.55081334715809804337e-01 7.05039598285368906971e+00 -8.50900725088747589275e-01 1.49036115463458912700e+02 1.04467095260779485599e+00
9.56094868407865283721e-01 7.05830848970389368446e+00 -8.45907027018392820850e-01 1.49010710537908266815e+02 1.07578042031816556445e+00
9.57093731747188369852e-01 7.06625510923681510178e+00 -8.41689017365126579406e-01 1.48996210523246190860e+02 1.05235255171867603252e+00
9.58077909407185845936e-01 7.07400314712929390026e+00 -8.37496411047928379645e-01 1.48972222715686967831e+02 1.02490585901344388731e+00
9.59047386286601133421e-01 7.08183214882076317309e+00 -8.33104691273392039541e-01 1.48956878500952171862e+02 1.01082600942589495574e+00
9.60002147509747882914e-01 7.08954720273540228703e+00 -8.28229404920839962223e-01 1.48934889225718961825e+02 1.02886252257491794815e+00
9.60942178426736681729e-01 7.09732520019141244205e+00 -8.23358733908321260841e-01 1.48921731659534657410e+02 1.04631795263672966456e+00
9.61867464613700540177e-01 7.10496109093305783233e+00 -8.18459643826393690169e-01 1.48903038385464213889e+02 1.06425852410857135766e+00
9.62777991873016381064e-01 7.11241416982766327948e+00 -8.14355406959226368890e-01 1.48881634977531149389e+02 1.02484191640919419797e+00
9.63673746233522310334e-01 7.11980712463706577608e+00 -8.09863527571670460681e-01 1.48858369500158914889e+02 1.01160774662864150208e+00
9.64554713950732445227e-01 7.12730879601851086136e+00 -8.05065395614699697013e-01 1.48845675441670834971e+02 1.02025250728198546568e+00
9.65420881507047634607e-01 7.13472505283313473967e+00 -8.00235397956284066900e-01 1.48831947873851362374e+02 1.03036150916745139483e+00
9.66272235611963070667e-01 7.14203234073561166184e+00 -7.95394904241975120307e-01 1.48815813017000067475e+02 1.04037186295315153828e+00
9.67108763202271903836e-01 7.14925436195138264139e+00 -7.90520988709251692939e-01 1.48798904081047368209e+02 1.05218593074816291200e+00
9.67930451442265749051e-01 7.15633017881486033218e+00 -7.86093824752015279955e-01 1.48780681716106698786e+02 1.03152126659941356657e+00
9.68737287723931861372e-01 7.16329851156723584893e+00 -7.81647140627303671501e-01 1.48760610644791256618e+02 1.01164003647202860314e+00
9.69529259667146536827e-01 7.17009447306424529955e+00 -7.77258748783416386630e-01 1.48734837468759991452e+02 9.86645271080705876798e-01
9.70306355119864738512e-01 7.17705063572019064111e+00 -7.72604871653785219010e-01 1.48724552865017130898e+02 9.82280003452219330207e-01
9.71068562158306947119e-01 7.18390723057052937861e+00 -7.67823128414796607366e-01 1.48712517160708642905e+02 9.86991496914280896924e-01
9.71815869087142014671e-01 7.19043056240857048067e+00 -7.63016109876533676903e-01 1.48683016540221643709e+02 9.91730074360312574555e-01
9.72548264439666687586e-01 7.19695771981013887597e+00 -7.58214393741505010560e-01 1.48660433508884864295e+02 9.97233853356915722621e-01
9.73265736977981354983e-01 7.20366095815027662752e+00 -7.53466324411261156868e-01 1.48657695565311229302e+02 1.00173844553935365020e+00
9.73968275693162355289e-01 7.21006833600573582288e+00 -7.48715111692928259046e-01 1.48640772414282423597e+02 1.00547740678201491527e+00
9.74655869805431618325e-01 7.21635173036264720992e+00 -7.43991651739911219465e-01 1.48622353996707204260e+02 1.00787325709892106040e+00
9.75328508764321089330e-01 7.22257378527304538807e+00 -7.39297644092508865477e-01 1.48607115081187458827e+02 1.00956093829041559928e+00
9.75986182248835265618e-01 7.22859875859458700376e+00 -7.34780757870514000807e-01 1.48586833516754950324e+02 9.98879660847660333367e-01
9.76628880167609847440e-01 7.23458762568267577109e+00 -7.30511179791593523447e-01 1.48573991047068034277e+02 9.72420003064332627574e-01
9.77256592659065281836e-01 7.24046466576859604203e+00 -7.26148998494784647662e-01 1.48560141549612723111e+02 9.54174738880460338031e-01
9.77869310091559640341e-01 7.24621456707232525218e+00 -7.21804170136593037377e-01 1.48545352527727573033e+02 9.36332040297366385850e-01
9.78467023063535390470e-01 7.25186658757786783980e+00 -7.17646742312901486649e-01 1.48533585607751120961e+02 9.07114501623131674890e-01
9.79049722403663946757e-01 7.25746711975504599224e+00 -7.12396925452120965971e-01 1.48515433696516765849e+02 9.60074809622785685370e-01
9.79617399170986558055e-01 7.26276761399624160020e+00 -7.07172169185009913406e-01 1.48483947313368787491e+02 1.01212245864090721881e+00
9.80170044655051198035e-01 7.26859045993656494034e+00 -7.02735579378391483907e-01 1.48507119350114152212e+02 1.01658932232489584990e+00
9.80707650376046569107e-01 7.27332738193746486388e+00 -6.99934005539415315944e-01 1.48477565870683179128e+02 8.94870403204945041864e-01
9.81230208084931665447e-01 7.27830428661784800681e+00 -6.95989842166180205929e-01 1.48462460124607844136e+02 8.63472716566877296351e-01
9.81737709763563226595e-01 7.28340018891501372877e+00 -6.91324551422280886293e-01 1.48457207693036878027e+02 8.91144298853285721229e-01
9.82230147624817750973e-01 7.28820788010253295397e+00 -6.86944349003091758732e-01 1.48443138532423404286e+02 9.00335695327163176849e-01
9.82707514112711733034e-01 7.29295092914374976090e+00 -6.82632884782911397714e-01 1.48434348454476662482e+02 9.09652503082529206857e-01
9.83169801902517237480e-01 7.29747499877909522326e+00 -6.78788498551732399910e-01 1.48424336423041950184e+02 8.88444033100799890335e-01
9.83617003900874475875e-01 7.30187535121363318069e+00 -6.75002942941225758666e-01 1.48415505932362890462e+02 8.68017399289804147955e-01
9.84049113245900386460e-01 7.30616962415458548463e+00 -6.71272616779241326768e-01 1.48409222016937917488e+02 8.49236817268117727409e-01
9.84466123307294216360e-01 7.31041715318276352775e+00 -6.66416972135073226724e-01 1.48395400336919323081e+02 9.20186687937938230242e-01
9.84868027686439440060e-01 7.31458394853719795492e+00 -6.61730224912693953954e-01 1.48387104867203902359e+02 9.85744780451730306936e-01
9.85254820216501125962e-01 7.31850608936246871394e+00 -6.58074125957165634304e-01 1.48383316411896117870e+02 9.80591572423442303652e-01
9.85626494962521304544e-01 7.32202497451032563447e+00 -6.54438140297072590279e-01 1.48359903616005624372e+02 9.77460300652674418664e-01
9.85983046221510006646e-01 7.32579620314980939355e+00 -6.51640157399115738102e-01 1.48375935657844252091e+02 9.24693020314575453433e-01
9.86324468522532193937e-01 7.32895817077272937468e+00 -6.48792754202540122854e-01 1.48356403861867875094e+02 8.77021616957537775150e-01
9.86650756626792246884e-01 7.33190141560965003009e+00 -6.46009298418991240176e-01 1.48331616480769355348e+02 8.31475636327835054828e-01
9.86961905527714344899e-01 7.33516960136354789768e+00 -6.41657386439029919778e-01 1.48319557460859982712e+02 9.16916436291311143236e-01
9.87257910451019071729e-01 7.33804392766467827869e+00 -6.37564361428583081803e-01 1.48291337576888309968e+02 9.88719381234145711090e-01
9.87538766854796246086e-01 7.34155634094363307440e+00 -6.34645755791354293507e-01 1.48336553897392064982e+02 9.93527672160183894512e-01
9.87804470429575864898e-01 7.34422866828830844810e+00 -6.31754848094517096335e-01 1.48329583437955932368e+02 9.96270839332637825336e-01
9.88055017098393051356e-01 7.34617063833144889884e+00 -6.29185583936176517916e-01 1.48282683716519017025e+02 9.76672617376045382187e-01
9.88290403016850893536e-01 7.34878247766632508586e+00 -6.26890427961712126681e-01 1.48299352576628876932e+02 9.58657904256902115847e-01
9.88510624573179952357e-01 7.35056819858886711927e+00 -6.26135282403749826585e-01 1.48286888634524302688e+02 8.26765155972444376609e-01
9.88715678388292773526e-01 7.35243074134572793810e+00 -6.24375255629315395467e-01 1.48275330326883164389e+02 7.83826278885590310708e-01
9.88905561315836734160e-01 7.35482742553510959738e+00 -6.22957278131965552781e-01 1.48318335991560871889e+02 7.36865383247100380615e-01
9.89080270442241449302e-01 7.35664888438060238229e+00 -6.21424373112154149190e-01 1.48326390779560483679e+02 7.03776024009499900913e-01
9.89239803086764180051e-01 7.35583218260610927075e+00 -6.19331811372179297237e-01 1.48138739088626806506e+02 6.86487018700016493611e-01
9.89384156801530467717e-01 7.35903048412460414340e+00 -6.18201946599138407734e-01 1.48274327643756947737e+02 6.72881433253542549089e-01
9.89513329371571881410e-01 7.36077650752210477236e+00 -6.16513711312608680970e-01 1.48302440142441128046e+02 6.93528318364037943411e-01
9.89627318814860101881e-01 7.36152024989054698523e+00 -6.14842076755428235124e-01 1.48265057780463394010e+02 7.12587173557242770094e-01
9.89726123382337119594e-01 7.36244050595980326079e+00 -6.13459499475214387054e-01 1.48254328890442508282e+02 7.27985211990566538631e-01
9.89809741557942324164e-01 7.36334757094487901696e+00 -6.12313372648866427461e-01 1.48255268185315941309e+02 7.40930911184311202788e-01
9.89878172058635374952e-01 7.36382612188828122868e+00 -6.11306835821443184109e-01 1.48235329575218912623e+02 7.52307407914414194572e-01
9.89931413834416518149e-01 7.36502411181334259993e+00 -6.10828249710989257260e-01 1.48286270327197343022e+02 7.51276779746543277305e-01
9.89969466068341796827e-01 7.36538908706326633791e+00 -6.10400322715602960955e-01 1.48284690181901879669e+02 7.49170189084282012182e-01
