00000000000000000000 -4.71992336687323188471e+00 -1.34987402246618759527e+00 00000000000000000154 4.68196938282288277789e-24
3.87796733008385127034e-03 -4.71876394263977427812e+00 -1.34987812665069095708e+00 1.54000902671847256897e+02 2.46173905712620654917e-04
7.75587515650285035801e-03 -4.71761500080601869911e+00 -1.34987918201524226269e+00 1.54001733449727424841e+02 4.47811854924397008230e-04
1.16336639765051742812e-02 -4.71647653302211189441e+00 -1.34987719627644864318e+00 1.54002492441153236769e+02 6.04941090341424127577e-04
1.55112742891650307042e-02 -4.71534853073072124374e+00 -1.34987217704365281001e+00 1.54003179755682111818e+02 7.17591717409267687913e-04
1.93886465962956576481e-02 -4.71423098516878535946e+00 -1.34986413181745312784e+00 1.54003795504984253739e+02 7.85796566187603592532e-04
2.32657214033622598837e-02 -4.71312388736756116003e+00 -1.34985306799121329568e+00 1.54004339802804338433e+02 8.09591241977949634991e-04
2.71424392203948837421e-02 -4.71202722815580088422e+00 -1.34983899285039909977e+00 1.54004812765123773488e+02 7.89014038880563256875e-04
3.10187405629012494246e-02 -4.71094099815342559623e+00 -1.34982191357627945294e+00 1.54005214509720502747e+02 7.24106128772878613470e-04
3.48945659527794757593e-02 -4.70986518777929230595e+00 -1.34980183724319946492e+00 1.54005545156628130599e+02 6.14911342096973682209e-04
3.87698559192307112831e-02 -4.70879978725109182847e+00 -1.34977877082038411061e+00 1.54005804828095364201e+02 4.61476235227438165779e-04
4.26445509996716889956e-02 -4.70774478657739159360e+00 -1.34975272117387623538e+00 1.54005993648047365241e+02 2.63850166418792256209e-04
4.65185917406470347824e-02 -4.70670017556856556951e+00 -1.34972369506529576988e+00 1.54006111742752153759e+02 2.20851685016998938878e-05
5.03919186987416417578e-02 -4.70566594383340497387e+00 -1.34969169915366471457e+00 1.54006159240577005676e+02 -2.63763982959394193556e-04
5.42644724414926629685e-02 -4.70464208077476619962e+00 -1.34965673999545199280e+00 1.54006136271684056283e+02 -5.93639817170122882119e-04
5.81361935483015249138e-02 -4.70362857559696667664e+00 -1.34961882404576116734e+00 1.54006042968478027433e+02 -9.67482141394522369982e-04
6.20070226113456635098e-02 -4.70262541730206518054e+00 -1.34957795765873145299e+00 1.54005879465346311008e+02 -1.38522806686987472180e-03
6.58769002364900102542e-02 -4.70163259469092853493e+00 -1.34953414708827867940e+00 1.54005645898706831076e+02 -1.84681201206762075039e-03
6.97457670441984506349e-02 -4.70065009636716002461e+00 -1.34948739848995047375e+00 1.54005342407238742908e+02 -2.35216563674675192483e-03
7.36135636704448592660e-02 -4.69967791072564544663e+00 -1.34943771791799260740e+00 1.54004969131136562055e+02 -2.90121808096083406980e-03
7.74802307676239754297e-02 -4.69871602596735904456e+00 -1.34938511133069094505e+00 1.54004526213037649995e+02 -3.49389567825008403451e-03
8.13457090054621884123e-02 -4.69776443009105904025e+00 -1.34932958458841301130e+00 1.54004013797479956338e+02 -4.13012213340287117486e-03
8.52099390719276428285e-02 -4.69682311089524251457e+00 -1.34927114345493959213e+00 1.54003432031015421444e+02 -4.80981849240316207406e-03
8.90728616741405659907e-02 -4.69589205597821912619e+00 -1.34920979359819548371e+00 1.54002781062204206819e+02 -5.53290315054223887092e-03
9.29344175392829291438e-02 -4.69497125274439408571e+00 -1.34914554059458935420e+00 1.54002061042006602065e+02 -6.29929163154949612463e-03
9.67945474155079421674e-02 -4.69406068838361090201e+00 -1.34907838991775741455e+00 1.54001272122462381731e+02 -7.10889736157645571457e-03
1.00653192072849326233e-01 -4.69316034989807207012e+00 -1.34900834695505378313e+00 1.54000414458399518480e+02 -7.96163067469400978493e-03
1.04510292304129906449e-01 -4.69227022408642913121e+00 -1.34893541699900865183e+00 1.53999488206418703840e+02 -8.85739941504763358959e-03
1.08365788925870357162e-01 -4.69139029754732828081e+00 -1.34885960525021708634e+00 1.53998493525117368108e+02 -9.79610881081015814897e-03
1.12219622779197156226e-01 -4.69052055667931622196e+00 -1.34878091681813905289e+00 1.53997430575085473947e+02 -1.07776614826037200195e-02
1.16071734730750303344e-01 -4.68966098768683448128e+00 -1.34869935672753227252e+00 1.53996299519287845214e+02 -1.18019570925846379456e-02
1.19922065673590871882e-01 -4.68881157655930103090e+00 -1.34861492989980735757e+00 1.53995100521738379484e+02 -1.28688935937937357079e-02
1.23770556528107589234e-01 -4.68797230909858964054e+00 -1.34852764117982570902e+00 1.53993833749253155929e+02 -1.39783655823901321880e-02
1.27617148242923722501e-01 -4.68714317090230725427e+00 -1.34843749532111001344e+00 1.53992499370394398284e+02 -1.51302653026835747657e-02
1.31461781795802923334e-01 -4.68632414736739022487e+00 -1.34834449699026603930e+00 1.53991097555707852962e+02 -1.63244824277225843157e-02
1.35304398194555003387e-01 -4.68551522368989115108e+00 -1.34824865076783306783e+00 1.53989628477720117417e+02 -1.75609040677819801257e-02
1.39144938477940960375e-01 -4.68471638486878827479e+00 -1.34814996115514462716e+00 1.53988092311192701800e+02 -1.88394143980174719188e-02
1.42983343716577865345e-01 -4.68392761569162008328e+00 -1.34804843255411732628e+00 1.53986489232223306090e+02 -2.01598960097179487339e-02
1.46819555013843056068e-01 -4.68314890075319567586e+00 -1.34794406929666066297e+00 1.53984819419449820543e+02 -2.15222281029708861766e-02
1.50653513506777553266e-01 -4.68238022444378820808e+00 -1.34783687562824261441e+00 1.53983083053317784561e+02 -2.29262875998397508415e-02
1.54485160366989643377e-01 -4.68162157095146991281e+00 -1.34772685571278461047e+00 1.53981280316246539996e+02 -2.43719488983708647278e-02
1.58314436801557489876e-01 -4.68087292426175594073e+00 -1.34761401363361743577e+00 1.53979411392627724808e+02 -2.58590838812578528716e-02
1.62141284053930911924e-01 -4.68013426815724464802e+00 -1.34749835339439338888e+00 1.53977476468823567757e+02 -2.73875619246695123365e-02
1.65965643404833329555e-01 -4.67940558621997215738e+00 -1.34737987892705057824e+00 1.53975475733339919771e+02 -2.89572494615808508078e-02
1.69787456173162598638e-01 -4.67868686182125248507e+00 -1.34725859406764492121e+00 1.53973409376206689103e+02 -3.05680115894203588423e-02
1.73606663716891373994e-01 -4.67797807813449217917e+00 -1.34713450259171940715e+00 1.53971277589816679665e+02 -3.22197098906598297652e-02
1.77423207433967000668e-01 -4.67727921812663272050e+00 -1.34700760819415776837e+00 1.53969080568411555987e+02 -3.39122037861335698383e-02
1.81237028763210711313e-01 -4.67659026455956627899e+00 -1.34687791449509997044e+00 1.53966818508199907001e+02 -3.56453502318649084746e-02
1.85048069185216018662e-01 -4.67591119998961080029e+00 -1.34674542504094407747e+00 1.53964491607356222858e+02 -3.74190037280168960598e-02
1.88856270223246969220e-01 -4.67524200676700818491e+00 -1.34661014330537942563e+00 1.53962100066020383338e+02 -3.92330163282398752811e-02
1.92661573444134981425e-01 -4.67458266703536384767e+00 -1.34647207269041713218e+00 1.53959644086297089416e+02 -4.10872376489172866365e-02
1.96463920459175961364e-01 -4.67393316273253045523e+00 -1.34633121653621601332e+00 1.53957123872345960081e+02 -4.29815143209658148682e-02
2.00263252925025725393e-01 -4.67329347558489782699e+00 -1.34618757809018330107e+00 1.53954539630058860666e+02 -4.49156920300196396689e-02
2.04059512544595450523e-01 -4.67266358711375584534e+00 -1.34604116055226996629e+00 1.53951891567498506674e+02 -4.68896127167487894449e-02
2.07852641067946264375e-01 -4.67204347863039881616e+00 -1.34589196704864821896e+00 1.53949179894629907039e+02 -4.89031163273447172513e-02
2.11642580293182863693e-01 -4.67143313123646031215e+00 -1.34574000063923948645e+00 1.53946404823382664517e+02 -5.09560404157827842586e-02
2.15429272067346772035e-01 -4.67083252582324970348e+00 -1.34558526431882730101e+00 1.53943566567650861998e+02 -5.30482201536393374597e-02
2.19212658287308292948e-01 -4.67024164307105404959e+00 -1.34542776101818195578e+00 1.53940665343293488831e+02 -5.51794883396813165555e-02
2.22992680900658574172e-01 -4.66966046344843199734e+00 -1.34526749360521491461e+00 1.53937701368134639779e+02 -5.73496754100185218705e-02
2.26769281906599701193e-01 -4.66908896721146859932e+00 -1.34510446488613855109e+00 1.53934674861963856074e+02 -5.95586094479986297157e-02
2.30542403356835262640e-01 -4.66852713440256650301e+00 -1.34493867761808405525e+00 1.53931586046506225784e+02 -6.18061154675430962646e-02
2.34311987356459305865e-01 -4.66797494485153752208e+00 -1.34477013446808713049e+00 1.53928435145544227680e+02 -6.40920181024073887244e-02
2.38077976064844459847e-01 -4.66743237817204281725e+00 -1.34459883807321411986e+00 1.53925222384739754489e+02 -6.64161378764887150306e-02
2.41840311696529752794e-01 -4.66689941376259120887e+00 -1.34442479100498601952e+00 1.53921947991751210338e+02 -6.87782935495174913010e-02
2.45598936522107014202e-01 -4.66637603080526019994e+00 -1.34424799577928189009e+00 1.53918612196206055387e+02 -7.11783015776580180178e-02
2.49353792869107054875e-01 -4.66586220826484332491e+00 -1.34406845485759141035e+00 1.53915215229701829003e+02 -7.36159761238620591328e-02
2.53104823122884181608e-01 -4.66535792488797529387e+00 -1.34388617064827520231e+00 1.53911757325807002417e+02 -7.60911290685335611750e-02
2.56851969727500406560e-01 -4.66486315920225269593e+00 -1.34370114550786068364e+00 1.53908238720062314542e+02 -7.86035700200910236735e-02
2.60595175186608463136e-01 -4.66437788951531207005e+00 -1.34351338174233192468e+00 1.53904659649981823577e+02 -8.11531063259050278180e-02
2.64334382064334627582e-01 -4.66390209396287858112e+00 -1.34332288165641111632e+00 1.53901020355052281730e+02 -8.37395430872216461893e-02
2.68069532986158931553e-01 -4.66343575030841606122e+00 -1.34312964738066864534e+00 1.53897321076510536386e+02 -8.63626821888393014781e-02
2.71800570639796568173e-01 -4.66297883624929809798e+00 -1.34293368109685684608e+00 1.53893562058208772214e+02 -8.90223259277607981144e-02
2.75527437776076689069e-01 -4.66253132920086077462e+00 -1.34273498493421183930e+00 1.53889743545378422596e+02 -9.17182719525813788808e-02
2.79250077209821145896e-01 -4.66209320635662116672e+00 -1.34253356096633247319e+00 1.53885865785420065777e+02 -9.44503164569272246620e-02
2.82968431820721455505e-01 -4.66166444468428231573e+00 -1.34232941122447280158e+00 1.53881929027716097380e+02 -9.72182534381631630049e-02
2.86682444554216209198e-01 -4.66124502092469406023e+00 -1.34212253769896316946e+00 1.53877933523633117829e+02 -1.00021874708848879099e-01
2.90392058422365262338e-01 -4.66083491159080409716e+00 -1.34191294234065083835e+00 1.53873879526523325012e+02 -1.02860969908242769200e-01
2.94097216504725145203e-01 -4.66043409296656907514e+00 -1.34170062706236459249e+00 1.53869767291726475378e+02 -1.05735326513972355267e-01
2.97797861949222197886e-01 -4.66004254110588433946e+00 -1.34148559374038423009e+00 1.53865597076572072410e+02 -1.08644729853766303096e-01
3.01493937973024594967e-01 -4.65966023183145594544e+00 -1.34126784421595268704e+00 1.53861369140381214038e+02 -1.11588963117381825829e-01
3.05185387863413981613e-01 -4.65928714072626881659e+00 -1.34104738031300851908e+00 1.53857083743998657610e+02 -1.14567806342654635032e-01
3.08872154978655832913e-01 -4.65892324316049322164e+00 -1.34082420377889710572e+00 1.53852741151572558920e+02 -1.17581040274161649495e-01
3.12554182748867592778e-01 -4.65856851425037543635e+00 -1.34059831637198789700e+00 1.53848341628024996908e+02 -1.20628440932883121417e-01
3.16231414676888089588e-01 -4.65822292888243350006e+00 -1.34036971980891195244e+00 1.53843885440662205610e+02 -1.23709783066246414851e-01
3.19903794339143177083e-01 -4.65788646170621944975e+00 -1.34013841577905945535e+00 1.53839372858793211662e+02 -1.26824839343130379987e-01
3.23571265386512540996e-01 -4.65755908713309541014e+00 -1.33990440594622750581e+00 1.53834804153731738552e+02 -1.29973380366304736011e-01
3.27233771545193397046e-01 -4.65724077933502389470e+00 -1.33966769195024015815e+00 1.53830179598799020368e+02 -1.33155174684993993228e-01
3.30891256617564633036e-01 -4.65693151224333146132e+00 -1.33942827540863351743e+00 1.53825499469326217650e+02 -1.36369988807635816874e-01
3.34543664483048841518e-01 -4.65663125954745549251e+00 -1.33918615791831929762e+00 1.53820764042657174286e+02 -1.39617587214623611880e-01
3.38190939098973242238e-01 -4.65633999469366699486e+00 -1.33894134105731588136e+00 1.53815973598150748103e+02 -1.42897732371392749418e-01
3.41833024501430049469e-01 -4.65605769088380938570e+00 -1.33869382638646139405e+00 1.53811128417183851980e+02 -1.46210184741407012154e-01
3.45469864806134951962e-01 -4.65578432106151129943e+00 -1.33844361546890344705e+00 1.53806228782365792540e+02 -1.49554701680875284930e-01
3.49101404209284427171e-01 -4.65551985795826261949e+00 -1.33819070980499543744e+00 1.53801274980534799397e+02 -1.52931041671770545642e-01
3.52727586988412222802e-01 -4.65526427402436659975e+00 -1.33793511092919037431e+00 1.53796267298480813679e+02 -1.56338958334789807081e-01
3.56348357503244450584e-01 -4.65501754147074997547e+00 -1.33767682035154522602e+00 1.53791206025676132185e+02 -1.59778204249559852013e-01
3.59963660196552959203e-01 -4.65477963225728696983e+00 -1.33741583957396570348e+00 1.53786091453624948144e+02 -1.63248530059800250891e-01
3.63573439595008318648e-01 -4.65455051809143682817e+00 -1.33715217009207054666e+00 1.53780923875866108119e+02 -1.66749684487047439285e-01
3.67177640310030473092e-01 -4.65433017042686003606e+00 -1.33688581339709666729e+00 1.53775703587976067865e+02 -1.70281414344574361097e-01
3.70776207038639005198e-01 -4.65411856046203631365e+00 -1.33661677097782094492e+00 1.53770430887572331358e+02 -1.73843464551457660416e-01
3.74369084564301513041e-01 -4.65391565913886662287e+00 -1.33634504432250733608e+00 1.53765106074316122431e+02 -1.77435578146564965074e-01
3.77956217757780987831e-01 -4.65372143714126185188e+00 -1.33607063492088218304e+00 1.53759729449915823807e+02 -1.81057496303081211231e-01
3.81537551577981803863e-01 -4.65353586489372172963e+00 -1.33579354426612462170e+00 1.53754301318129989795e+02 -1.84708958342916645945e-01
3.85113031072793543519e-01 -4.65335891255989952953e+00 -1.33551377385690384081e+00 1.53748821984770586369e+02 -1.88389701751161209309e-01
3.88682601379935599439e-01 -4.65319055002166770407e+00 -1.33523132521884968504e+00 1.53743291756477958643e+02 -1.92099460968676555295e-01
3.92246207727797613352e-01 -4.65303074695204177402e+00 -1.33494619983297657662e+00 1.53737710945410810837e+02 -1.95837972041516067412e-01
3.95803795436280247966e-01 -4.65287947270696466973e+00 -1.33465839924298279584e+00 1.53732079862521914038e+02 -1.99604966017211615803e-01
3.99355309917634848649e-01 -4.65273669639208709015e+00 -1.33436792499039058590e+00 1.53726398821864421507e+02 -2.03400173174515974672e-01
4.02900696677300329540e-01 -4.65260238684491334027e+00 -1.33407477863276002772e+00 1.53720668139560842747e+02 -2.07223322029385953469e-01
4.06439901314739726601e-01 -4.65247651263328076965e+00 -1.33377896174588661538e+00 1.53714888133806454107e+02 -2.11074139350355932665e-01
4.09972869524274474706e-01 -4.65235904205386852084e+00 -1.33348047592600171818e+00 1.53709059124872453594e+02 -2.14952350174078293810e-01
4.13499547095918296158e-01 -4.65224994313069295515e+00 -1.33317932279203477108e+00 1.53703181435109627273e+02 -2.18857677820929824586e-01
4.17019879916208535686e-01 -4.65214918361360219023e+00 -1.33287550398789345074e+00 1.53697255388951418809e+02 -2.22789843910902479740e-01
4.20533813969036496250e-01 -4.65205673097673422234e+00 -1.33256902118475717423e+00 1.53691281312917709556e+02 -2.26748568379482623447e-01
4.24041295336476609101e-01 -4.65197255241699636485e+00 -1.33225987608343499069e+00 1.53685259535617831261e+02 -2.30733569493783929882e-01
4.27542270199613438919e-01 -4.65189661485254468687e+00 -1.33194807041672280690e+00 1.53679190387754346148e+02 -2.34744563868801131568e-01
4.31036684839367689737e-01 -4.65182888489596635395e+00 -1.33163360610957504093e+00 1.53673074200568720471e+02 -2.38781265416054239159e-01
4.34524485637320267983e-01 -4.65176932894450967382e+00 -1.33131648465939367298e+00 1.53666911311810025609e+02 -2.42843389419814481567e-01
4.38005619076534846723e-01 -4.65171791305370341263e+00 -1.33099670805895153869e+00 1.53660702057147346977e+02 -2.46930646743876158755e-01
4.41480031742379597226e-01 -4.65167460301108892651e+00 -1.33067427819337513739e+00 1.53654446775684277782e+02 -2.51042747554711176416e-01
4.44947670323346589072e-01 -4.65163936431768121338e+00 -1.33034919699209863708e+00 1.53648145808634268406e+02 -2.55179400449565330078e-01
4.48408481611869302874e-01 -4.65161216218643236431e+00 -1.33002146643140983784e+00 1.53641799499323809641e+02 -2.59340312473730627563e-01
4.51862412505139754426e-01 -4.65159296154062396056e+00 -1.32969108853706652340e+00 1.53635408193195729609e+02 -2.63525189137744531021e-01
4.55309410005922676756e-01 -4.65158172701234029489e+00 -1.32935806538688150447e+00 1.53628972237812774893e+02 -2.67733734434920378487e-01
4.58749421223369369116e-01 -4.65157842294088563762e+00 -1.32902239911342823220e+00 1.53622491982860793769e+02 -2.71965650859018526209e-01
4.62182393373828603877e-01 -4.65158301337121216079e+00 -1.32868409190667913222e+00 1.53615967780152260502e+02 -2.76220639422044722533e-01
4.65608273781656922807e-01 -4.65159546205234342153e+00 -1.32834314601677583312e+00 1.53609399983629288045e+02 -2.80498399672259091098e-01
4.69027009880027045963e-01 -4.65161573243583248427e+00 -1.32799956375676386777e+00 1.53602788949367266014e+02 -2.84798629712250672696e-01
4.72438549211733671562e-01 -4.65164378767416053506e+00 -1.32765334750538621655e+00 1.53596135035577873396e+02 -2.89121026217345089560e-01
4.75842839429999664436e-01 -4.65167959058765223546e+00 -1.32730449972504960243e+00 1.53589438600639255128e+02 -2.93465283508347662966e-01
4.79239828299277970114e-01 -4.65172310378411602017e+00 -1.32695302290697880743e+00 1.53582700010684362724e+02 -2.97831097177693349121e-01
4.82629463696053917499e-01 -4.65177428948217297489e+00 -1.32659891965693010896e+00 1.53575919628644498971e+02 -3.02218158930553315589e-01
4.86011693609644690461e-01 -4.65183310962233154129e+00 -1.32624219264516729488e+00 1.53569097821303643059e+02 -3.06626159915273865941e-01
4.89386466142997689222e-01 -4.65189952583823185250e+00 -1.32588284462217842474e+00 1.53562234957597411267e+02 -3.11054789946687559876e-01
4.92753729513486060654e-01 -4.65197349945507987456e+00 -1.32552087842164434406e+00 1.53555331408616353883e+02 -3.15503737525305305578e-01
4.96113432053704617175e-01 -4.65205499148812151589e+00 -1.32515629696352643663e+00 1.53548387547608513160e+02 -3.19972689856853675927e-01
4.99465522212260704116e-01 -4.65214396264107143963e+00 -1.32478910325712173623e+00 1.53541403749982634963e+02 -3.24461332872001573246e-01
5.02809948554567842649e-01 -4.65224037330459783135e+00 -1.32441930040419841852e+00 1.53534380393310897261e+02 -3.28969351246236219044e-01
5.06146659763632045248e-01 -4.65234418355480450202e+00 -1.32404689160214461552e+00 1.53527317857331809137e+02 -3.33496428419884582972e-01
5.09475604640841184256e-01 -4.65245535315170233304e+00 -1.32367188014717052091e+00 1.53520216523952825582e+02 -3.38042246618295461058e-01
5.12796732106749808544e-01 -4.65257384153770470192e+00 -1.32329426943752714863e+00 1.53513076777253161254e+02 -3.42606486872507387531e-01
5.16109991201863405053e-01 -4.65269960783612201993e+00 -1.32291406297679303705e+00 1.53505899003486319998e+02 -3.47188829039517532493e-01
5.19415331087419551714e-01 -4.65283261081534860182e+00 -1.32253126438726753555e+00 1.53498683588941958078e+02 -3.51788951195007804085e-01
5.22712701046168959351e-01 -4.65297280901977217127e+00 -1.32214587737485178565e+00 1.53491430928202191808e+02 -3.56406532050579261117e-01
5.26002050483152849836e-01 -4.65312016057652133583e+00 -1.32175790578762653027e+00 1.53484141412186318121e+02 -3.61041247536426190834e-01
5.29283328926479668119e-01 -4.65327462331770647097e+00 -1.32136735358399071139e+00 1.53476815435864864412e+02 -3.65692773021356165586e-01
5.32556486028099573815e-01 -4.65343615474901817208e+00 -1.32097422484461812786e+00 1.53469453396394357014e+02 -3.70360782805759958247e-01
5.35821471564576490287e-01 -4.65360471187107282987e+00 -1.32057852397700936642e+00 1.53462055693187124916e+02 -3.75044950184940606430e-01
5.39078235437859709656e-01 -4.65378025186898458543e+00 -1.32018025491707358121e+00 1.53454622727647375768e+02 -3.79744947304910762664e-01
5.42326727676051723037e-01 -4.65396273110038283249e+00 -1.31977942233162526264e+00 1.53447154903563188100e+02 -3.84460445433980613217e-01
5.45566898434175162613e-01 -4.65415210575122006986e+00 -1.31937603082578691627e+00 1.53439652626854012851e+02 -3.89191114818689343213e-01
5.48798697994937745293e-01 -4.65434833167412342902e+00 -1.31897008514487534825e+00 1.53432116305634394848e+02 -3.93936624747954156067e-01
5.52022076769495328996e-01 -4.65455136438704197843e+00 -1.31856159017810536938e+00 1.53424546350215706525e+02 -3.98696643575669307236e-01
5.55236985298212415429e-01 -4.65476115907194554211e+00 -1.31815055096235522747e+00 1.53416943173107597431e+02 -4.03470838743810011895e-01
5.58443374251421431609e-01 -4.65497767057353772913e+00 -1.31773697268591671872e+00 1.53409307189019131101e+02 -4.08258876805422943335e-01
5.61641194430179235830e-01 -4.65520085339798317392e+00 -1.31732086069237031012e+00 1.53401638814860234561e+02 -4.13060423447966618138e-01
5.64830396767022624438e-01 -4.65543066167435437563e+00 -1.31690222048951022238e+00 1.53393938467424277405e+02 -4.17875143201118570691e-01
5.68010932326720507923e-01 -4.65566704929777674948e+00 -1.31648105773402090968e+00 1.53386206572353927413e+02 -4.22702700654640384226e-01
5.71182752307025198846e-01 -4.65590996971854664821e+00 -1.31605737826282309655e+00 1.53378443551120227539e+02 -4.27542758782091580905e-01
5.74345808039421146240e-01 -4.65615937607653584962e+00 -1.31563118807969625657e+00 1.53370649829441362044e+02 -4.32394980044024102028e-01
5.77500050989871893670e-01 -4.65641522116714590140e+00 -1.31520249336343542090e+00 1.53362825835240016659e+02 -4.37259026154927787911e-01
5.80645432759564483760e-01 -4.65667745744022631982e+00 -1.31477130047194723517e+00 1.53354971998643492270e+02 -4.42134558107650010861e-01
5.83781905085652308429e-01 -4.65694603699899367655e+00 -1.31433761594633158332e+00 1.53347088751983960719e+02 -4.47021236198228089087e-01
5.86909419841995516620e-01 -4.65722091159900486446e+00 -1.31390144651508067319e+00 1.53339176529798351112e+02 -4.51918720050679845190e-01
5.90027929039899312613e-01 -4.65750203264714102147e+00 -1.31346279909825391918e+00 1.53331235768828406663e+02 -4.56826668642328459491e-01
5.93137384828850811047e-01 -4.65778935120066073239e+00 -1.31302168081170456126e+00 1.53323266908020059418e+02 -4.61744740329060376904e-01
5.96237739497252783316e-01 -4.65808281796624434890e+00 -1.31257809897137156518e+00 1.53315270388523117617e+02 -4.66672592870960634137e-01
5.99328945473155960677e-01 -4.65838238329913156832e+00 -1.31213206109759950024e+00 1.53307246653690413041e+02 -4.71609883457940415319e-01
6.02410955324989116910e-01 -4.65868799720223325522e+00 -1.31168357491948350813e+00 1.53299196149076948359e+02 -4.76556268735975174788e-01
6.05483721762286153378e-01 -4.65899960932536227887e+00 -1.31123264837928243942e+00 1.53291119322438902373e+02 -4.81511404833124545544e-01
6.08547197636412851018e-01 -4.65931716896440573095e+00 -1.31077928963681822339e+00 1.53283016623731981554e+02 -4.86474947385864608940e-01
6.11601335941289292464e-01 -4.65964062453586169710e+00 -1.31032350716343004571e+00 1.53274888502824154557e+02 -4.91446551552979560284e-01
6.14646089814111729055e-01 -4.65996992563638823270e+00 -1.30986530936919964851e+00 1.53266735418347991526e+02 -4.96425872055843597774e-01
6.17681412536071339225e-01 -4.66030502000835333831e+00 -1.30940470519975726837e+00 1.53258557824819632742e+02 -5.01412563234346908558e-01
6.20707257533071432576e-01 -4.66064585552526988721e+00 -1.30894170373019735898e+00 1.53250356180973199116e+02 -5.06406279026193284487e-01
6.23723578376441656346e-01 -4.66099237970358082350e+00 -1.30847631427593480424e+00 1.53242130947732533741e+02 -5.11406673012775869758e-01
6.26730328783650536550e-01 -4.66134453970221684926e+00 -1.30800854639739894125e+00 1.53233882588208473408e+02 -5.16413398446513571827e-01
6.29727462619016020717e-01 -4.66170228232209993280e+00 -1.30753840990474046180e+00 1.53225611567695921167e+02 -5.21426108279125721801e-01
6.32714933894412689952e-01 -4.66206555400578803727e+00 -1.30706591486253720369e+00 1.53217318353670833631e+02 -5.26444455189343685220e-01
6.35692696769977860782e-01 -4.66243430083716248191e+00 -1.30659107159462606340e+00 1.53209003415786412461e+02 -5.31468091611429160892e-01
6.38660705554815355534e-01 -4.66280846854114106037e+00 -1.30611389068883854137e+00 1.53200667225869864296e+02 -5.36496669763488531757e-01
6.41618914707695386923e-01 -4.66318800248347109516e+00 -1.30563438300192546926e+00 1.53192310257918251182e+02 -5.41529841676271939122e-01
6.44567278837754553678e-01 -4.66357284767056867736e+00 -1.30515255966439580604e+00 1.53183932988094142047e+02 -5.46567259222067503011e-01
6.47505752705191617302e-01 -4.66396294874947159315e+00 -1.30466843208541649624e+00 1.53175535894721264185e+02 -5.51608574143730989725e-01
6.50434291221961835561e-01 -4.66435825000772741333e+00 -1.30418201195776561896e+00 1.53167119458279643140e+02 -5.56653438084006246811e-01
6.53352849452468964486e-01 -4.66475869537355691818e+00 -1.30369331126286835953e+00 1.53158684161400344692e+02 -5.61701502615194248058e-01
6.56261382614254484835e-01 -4.66516422841584521564e+00 -1.30320234227570086460e+00 1.53150230488860415790e+02 -5.66752419268474194602e-01
6.59159846078685274229e-01 -4.66557479234438421400e+00 -1.30270911756990703800e+00 1.53141758927576603355e+02 -5.71805839564361373384e-01
6.62048195371637282491e-01 -4.66599032996335782997e+00 -1.30221365001714706189e+00 1.53133269963729446772e+02 -5.76861415392896148546e-01
6.64926386174179318012e-01 -4.66641078385340790646e+00 -1.30171595281484764328e+00 1.53124764093920646246e+02 -5.81918797648587116100e-01
6.67794374323251838099e-01 -4.66683609610669503098e+00 -1.30121603945755870413e+00 1.53116241808865225948e+02 -5.86977638341092511354e-01
6.70652115812345961388e-01 -4.66726620768940136941e+00 -1.30071392336793634215e+00 1.53107703604288303723e+02 -5.92037588958078009327e-01
6.73499566792176929120e-01 -4.66770106160838604836e+00 -1.30020961940686419211e+00 1.53099149977085119190e+02 -5.97098301960408917033e-01
6.76336683571358565636e-01 -4.66814059815110127261e+00 -1.29970314171856582419e+00 1.53090581427175948193e+02 -6.02159429187404615647e-01
6.79163422617073186949e-01 -4.66858475802510763941e+00 -1.29919450511003353732e+00 1.53081998456266290987e+02 -6.07220622935291554079e-01
6.81979740555738733754e-01 -4.66903348158299458248e+00 -1.29868372472810622575e+00 1.53073401568142998030e+02 -6.12281535735425652689e-01
6.84785594173675460361e-01 -4.66948670882331118293e+00 -1.29817081606478645917e+00 1.53064791268666311908e+02 -6.17341820385980510899e-01
6.87580940417768404771e-01 -4.66994437939142947869e+00 -1.29765579496246941105e+00 1.53056168065759919727e+02 -6.22401129983608081275e-01
6.90365736396128082397e-01 -4.67040643258072840638e+00 -1.29713867761925794042e+00 1.53047532469401744493e+02 -6.27459117955473155703e-01
6.93139939378748737298e-01 -4.67087280733358234386e+00 -1.29661948059426035407e+00 1.53038884991613457487e+02 -6.32515438091538317877e-01
6.95903506798163817848e-01 -4.67134344224275555035e+00 -1.29609822081292502816e+00 1.53030226146450615943e+02 -6.37569744576601538100e-01
6.98656396250099120948e-01 -4.67181827555265005714e+00 -1.29557491557232062895e+00 1.53021556449991038562e+02 -6.42621692022879553718e-01
7.01398565494123937825e-01 -4.67229724516068767315e+00 -1.29504958254654511940e+00 1.53012876420324175797e+02 -6.47670935502846489840e-01
7.04129972454298314055e-01 -4.67278028861893979240e+00 -1.29452223979202574178e+00 1.53004186577539002201e+02 -6.52717130581652815735e-01
7.06850575219819421413e-01 -4.67326734313564884360e+00 -1.29399290575288095084e+00 1.52995487443711937203e+02 -6.57759933350255843187e-01
7.09560332045664265976e-01 -4.67375834553039837260e+00 -1.29346159925490988840e+00 1.52986779540046370585e+02 -6.62799001152646671819e-01
7.12259201353230508857e-01 -4.67425323241771373262e+00 -1.29292833955579244964e+00 1.52978063397963580883e+02 -6.67833989880491585289e-01
7.14947141730974067286e-01 -4.67475193912498809823e+00 -1.29239314501981472638e+00 1.52969339543069111187e+02 -6.72864557273398999904e-01
7.17624111935044939337e-01 -4.67525440315745655084e+00 -1.29185603807216042860e+00 1.52960608504763428073e+02 -6.77890363343571777932e-01
7.20290070889919697983e-01 -4.67576055920760857987e+00 -1.29131703805162212362e+00 1.52951870815112954460e+02 -6.82911066602909899714e-01
7.22944977689031653689e-01 -4.67627034246254336125e+00 -1.29077616584052123905e+00 1.52943127007833794551e+02 -6.87926326996789017088e-01
7.25588791595399018597e-01 -4.67678368778005548734e+00 -1.29023344274627871364e+00 1.52934377618531016196e+02 -6.92935805230832646551e-01
7.28221472042250406176e-01 -4.67730052969112986005e+00 -1.28968889050685397990e+00 1.52925623184682336841e+02 -6.97939162805096380282e-01
7.30842978633645223852e-01 -4.67782080240257069903e+00 -1.28914253129595612890e+00 1.52916864245622122098e+02 -7.02936062048175491768e-01
7.33453271145096175054e-01 -4.67834443979972824934e+00 -1.28859438772836210063e+00 1.52908101342523735866e+02 -7.07926166151227720391e-01
7.36052309524184211753e-01 -4.67887137544921571930e+00 -1.28804448286515449418e+00 1.52899335018382487306e+02 -7.12909139202609232200e-01
7.38640053891175041301e-01 -4.67940154260221596871e+00 -1.28749284021900423092e+00 1.52890565817997241993e+02 -7.17884646221967459567e-01
7.41216464539629305008e-01 -4.67993487419717713038e+00 -1.28693948375934397177e+00 1.52881794287951663591e+02 -7.22852353194978758388e-01
7.43781501937012756720e-01 -4.68047130286329871041e+00 -1.28638443791749024214e+00 1.52873020976595171305e+02 -7.27811927107652745228e-01
7.46335126725303221740e-01 -4.68101076092377699212e+00 -1.28582772759181418465e+00 1.52864246434023101529e+02 -7.32763035981244925665e-01
7.48877299721593336912e-01 -4.68155318039935419705e+00 -1.28526937815293229583e+00 1.52855471212056272634e+02 -7.37705348906748659132e-01
7.51407981918692846612e-01 -4.68209849286446200267e+00 -1.28470941295967344686e+00 1.52846695863883837774e+02 -7.42638534615928658233e-01
7.53927134485726568869e-01 -4.68264663020191829190e+00 -1.28414786309424200361e+00 1.52837920945252278671e+02 -7.47562267257055879099e-01
7.56434718768730363081e-01 -4.68319752326861493685e+00 -1.28358475310065811570e+00 1.52829147012808022055e+02 -7.52476217987539053311e-01
7.58930696291243989116e-01 -4.68375110291616802982e+00 -1.28302011028907725354e+00 1.52820374625056189188e+02 -7.57380060526488874117e-01
7.61415028754902523112e-01 -4.68430729966101733197e+00 -1.28245396244897791327e+00 1.52811604338936490421e+02 -7.62273470919362150511e-01
7.63887678040022333192e-01 -4.68486604389367844448e+00 -1.28188633792437789438e+00 1.52802836722234900435e+02 -7.67156123304167936183e-01
7.66348606206187388246e-01 -4.68542726558217470512e+00 -1.28131726551437385986e+00 1.52794072335309834898e+02 -7.72027696260576434817e-01
7.68797775492830681721e-01 -4.68599089447325045654e+00 -1.28074677454639052065e+00 1.52785311742977029326e+02 -7.76887868693376670848e-01
7.71235148319813990092e-01 -4.68655686004866822714e+00 -1.28017489486374924645e+00 1.52776555511566925816e+02 -7.81736320890980107556e-01
7.73660687288004522699e-01 -4.68712509153042056198e+00 -1.27960165683007498494e+00 1.52767804208898184015e+02 -7.86572734560050390584e-01
7.76074355179848351938e-01 -4.68769551788536542603e+00 -1.27902709133408842845e+00 1.52759058404250339436e+02 -7.91396792860633468969e-01
7.78476114959941845051e-01 -4.68826806783076044383e+00 -1.27845122979342429304e+00 1.52750318668336234396e+02 -7.96208180440502566455e-01
7.80865929775599765250e-01 -4.68884266983929887118e+00 -1.27787410415917834783e+00 1.52741585573272971033e+02 -8.01006583470204369668e-01
7.83243762957420930348e-01 -4.68941925410700832799e+00 -1.27729574306331694622e+00 1.52732859690609501513e+02 -8.05791687603090167613e-01
7.85609578019850984809e-01 -4.68999774518458778516e+00 -1.27671618702891476183e+00 1.52724141598716727231e+02 -8.10563186240857991294e-01
7.87963338661741508062e-01 -4.69057807239578306024e+00 -1.27613546600691574184e+00 1.52715431872114578482e+02 -8.15320768339124368751e-01
7.90305008766907790552e-01 -4.69116016329753904301e+00 -1.27555361412721812719e+00 1.52706731088235216021e+02 -8.20064126508290414108e-01
7.92634552404682946047e-01 -4.69174394523149285163e+00 -1.27497066607323272791e+00 1.52698039825761782140e+02 -8.24792955053850418423e-01
7.94951933830468693287e-01 -4.69232934533010137557e+00 -1.27438665708562948176e+00 1.52689358664595630444e+02 -8.29506950010498123049e-01
7.97257117486284361263e-01 -4.69291629052313563619e+00 -1.27380162296545984546e+00 1.52680688185823015601e+02 -8.34205809175725510052e-01
7.99550068001312008725e-01 -4.69350470754429771603e+00 -1.27321560007772882628e+00 1.52672028971680560971e+02 -8.38889232144024332705e-01
8.01830750192439767332e-01 -4.69409452293795848021e+00 -1.27262862535412746290e+00 1.52663381605520129369e+02 -8.43556920339913030027e-01
8.04099129064801410038e-01 -4.69468566306575230129e+00 -1.27204073629630820541e+00 1.52654746671773580147e+02 -8.48208577051426382276e-01
8.06355169812312477795e-01 -4.69527805411405463332e+00 -1.27145197097836248901e+00 1.52646124755915565174e+02 -8.52843907463358141818e-01
8.08598837818206295225e-01 -4.69587162772014199419e+00 -1.27086236385807582749e+00 1.52637516439822007897e+02 -8.57462616951352951666e-01
8.10830098655563102916e-01 -4.69646629941392834695e+00 -1.27027196255673002767e+00 1.52628922319508376404e+02 -8.62064418243019270349e-01
8.13048918087839522784e-01 -4.69706199964888959641e+00 -1.26968080272446393053e+00 1.52620342975904804916e+02 -8.66649022020614556716e-01
8.15255262069393138447e-01 -4.69765865409918870199e+00 -1.26908892481152046905e+00 1.52611779004857822883e+02 -8.71216138557162955713e-01
8.17449096746005965386e-01 -4.69825618813919820838e+00 -1.26849636978341684390e+00 1.52603230993304578078e+02 -8.75765484405525262979e-01
8.19630388455402592029e-01 -4.69885452706641615350e+00 -1.26790317921591633166e+00 1.52594699532165549272e+02 -8.80296776826314797404e-01
8.21799103727767876748e-01 -4.69945359605685641924e+00 -1.26730939527310093595e+00 1.52586185213126583449e+02 -8.84809735202523817144e-01
8.23955209286259315782e-01 -4.70005332017382215781e+00 -1.26671506070893702400e+00 1.52577688628597030629e+02 -8.89304081070560581423e-01
8.26098672047518967076e-01 -4.70065362437633549320e+00 -1.26612021886818215677e+00 1.52569210371665377579e+02 -8.93779538150512364858e-01
8.28229459122179711983e-01 -4.70125443352808058961e+00 -1.26552491368674768779e+00 1.52560751036054966789e+02 -8.98235832376410470168e-01
8.30347537815371183889e-01 -4.70185568353557492571e+00 -1.26492918743603688370e+00 1.52552311207676552840e+02 -9.02672692580584912214e-01
8.32452875627220700849e-01 -4.70245727826744097655e+00 -1.26433309041923114258e+00 1.52543891497259266998e+02 -9.07089848677960164380e-01
8.34545440253351977766e-01 -4.70305915217277714646e+00 -1.26373666561296582600e+00 1.52535492492632471340e+02 -9.11487033470118612755e-01
8.36625199585380951994e-01 -4.70366122982673839914e+00 -1.26313995935155931605e+00 1.52527114789602364908e+02 -9.15863982063778836462e-01
8.38692121711408611340e-01 -4.70426343575515470974e+00 -1.26254301856354866906e+00 1.52518758984376233911e+02 -9.20220431926196513750e-01
8.40746174916510269348e-01 -4.70486569444433300191e+00 -1.26194589077100260965e+00 1.52510425673513623224e+02 -9.24556122912513655976e-01
8.42787327683222509123e-01 -4.70546793035144084172e+00 -1.26134862408809644840e+00 1.52502115453875177309e+02 -9.28870797292621119823e-01
8.44815548692026907496e-01 -4.70607006791524185019e+00 -1.26075126721937613716e+00 1.52493828922571481144e+02 -9.33164199777514302703e-01
8.46830806821829651376e-01 -4.70667203156714375467e+00 -1.26015386945850260680e+00 1.52485566676910508477e+02 -9.37436077545800383604e-01
8.48833071150440821029e-01 -4.70727376341578906960e+00 -1.25955648447678258961e+00 1.52477329301932343242e+02 -9.41686186846296346964e-01
8.50822310955046900993e-01 -4.70787515434747838583e+00 -1.25895915713261818958e+00 1.52469117419021301885e+02 -9.45914268605646868515e-01
8.52798495712683735093e-01 -4.70847614478883613742e+00 -1.25836194067943463182e+00 1.52460931614353938812e+02 -9.50120082564439250028e-01
8.54761595100703930328e-01 -4.70907665923465490465e+00 -1.25776488679500819678e+00 1.52452772485513804668e+02 -9.54303386058374836232e-01
8.56711578997242706457e-01 -4.70967662222585126131e+00 -1.25716804773657475636e+00 1.52444640630011633675e+02 -9.58463939014354893153e-01
8.58648417481679637753e-01 -4.71027595836219692416e+00 -1.25657147633741783643e+00 1.52436536645226823339e+02 -9.62601503973264827074e-01
8.60572080835097841245e-01 -4.71087459231560856665e+00 -1.25597522600168298723e+00 1.52428461128348686771e+02 -9.66715846111275478592e-01
8.62482539540740500428e-01 -4.71147244884270666176e+00 -1.25537935069998685123e+00 1.52420414676316681835e+02 -9.70806733260514032047e-01
8.64379764284463170121e-01 -4.71206947592648095480e+00 -1.25478392023069806882e+00 1.52412397867499805670e+02 -9.74873954656099828142e-01
8.66263725955183860883e-01 -4.71266555386693042351e+00 -1.25418896316878147879e+00 1.52404411334010404744e+02 -9.78917249687613955089e-01
8.68134395645329126623e-01 -4.71326062917505073102e+00 -1.25359454707187367717e+00 1.52396455654299614935e+02 -9.82936409896049467783e-01
8.69991744651278930966e-01 -4.71385462702615942732e+00 -1.25300072820524466266e+00 1.52388531423756376171e+02 -9.86931213992540690150e-01
8.71835744473805518417e-01 -4.71444747274322750741e+00 -1.25240756337911696150e+00 1.52380639237214353443e+02 -9.90901443443523266552e-01
8.73666366818512285519e-01 -4.71503909181389602168e+00 -1.25181510994165101636e+00 1.52372779688885088945e+02 -9.94846882487667616424e-01
8.75483583596266101701e-01 -4.71562940990648549189e+00 -1.25122342577185419188e+00 1.52364953372290699463e+02 -9.98767318152292915556e-01
8.77287366923630518301e-01 -4.71621835288942126141e+00 -1.25063256927262944629e+00 1.52357160880193362118e+02 -1.00266254026965673241e+00
8.79077689123291206030e-01 -4.71680587222350666821e+00 -1.25004263781772739783e+00 1.52349402792758553460e+02 -1.00653237817979457347e+00
8.80854522724482724705e-01 -4.71739184339833350634e+00 -1.24945362147925576046e+00 1.52341679726271706841e+02 -1.01037656023855282328e+00
8.82617840463408520613e-01 -4.71797621778967979367e+00 -1.24886561214695035460e+00 1.52333992258094298222e+02 -1.01419491598832212098e+00
8.84367615283660701841e-01 -4.71855892208643545871e+00 -1.24827867034461759133e+00 1.52326340977403901888e+02 -1.01798724668289874984e+00
8.86103820336633374311e-01 -4.71913988325377697919e+00 -1.24769285708435107018e+00 1.52318726472275187689e+02 -1.02175335645101528215e+00
8.87826428981936643936e-01 -4.71971902855895120155e+00 -1.24710823386106373079e+00 1.52311149329600965530e+02 -1.02549305231244503034e+00
8.89535414787803402348e-01 -4.72029628559222214079e+00 -1.24652486264202000399e+00 1.52303610135015048854e+02 -1.02920614418739275742e+00
8.91230751531496778739e-01 -4.72087159885365803547e+00 -1.24594287605532172414e+00 1.52296109475287750001e+02 -1.03289250693626888378e+00
8.92912413199710819356e-01 -4.72144485933753088602e+00 -1.24536220826401966555e+00 1.52288647934534225215e+02 -1.03655184125342469947e+00
8.94580373988970722898e-01 -4.72201601489117361865e+00 -1.24478298251501606764e+00 1.52281226092128093796e+02 -1.04018401972193075267e+00
8.96234608306028635027e-01 -4.72258499433708056614e+00 -1.24420526268097875189e+00 1.52273844528157923151e+02 -1.04378886400299042414e+00
8.97875090768255890161e-01 -4.72315172692446516578e+00 -1.24362911306877599316e+00 1.52266503821067061608e+02 -1.04736619871227931711e+00
8.99501796204032810778e-01 -4.72371614236376036189e+00 -1.24305459841532051080e+00 1.52259204547563115284e+02 -1.05091585143531918156e+00
9.01114699653134842983e-01 -4.72427816455002957952e+00 -1.24248188823793537239e+00 1.52251947312444997351e+02 -1.05443773983201749544e+00
9.02713776367115805499e-01 -4.72483772588376549351e+00 -1.24191085463078909612e+00 1.52244732641862668743e+02 -1.05793153399980921492e+00
9.04299001809687252873e-01 -4.72539475926693786079e+00 -1.24134165415592523374e+00 1.52237561126692014568e+02 -1.06139714747597224687e+00
9.05870351657095174147e-01 -4.72594919605988827982e+00 -1.24077435324667395555e+00 1.52230433336275979173e+02 -1.06483441976018355923e+00
9.07427801798493138818e-01 -4.72650096821804233116e+00 -1.24020901874160105471e+00 1.52223349837796746442e+02 -1.06824319337637785310e+00
9.08971328336312445195e-01 -4.72705000834328981085e+00 -1.23964571789023714210e+00 1.52216311196169101549e+02 -1.07162331389764009515e+00
9.10500907586628160928e-01 -4.72759619158110044879e+00 -1.23908466759373547816e+00 1.52209318060153464103e+02 -1.07497474552747340759e+00
9.12016516079523720251e-01 -4.72813954448896467397e+00 -1.23852565566705052902e+00 1.52202370842744329593e+02 -1.07829711944138639801e+00
9.13518130559449748063e-01 -4.72867996204442420094e+00 -1.23796888260366499956e+00 1.52195470167463696498e+02 -1.08159039508391208173e+00
9.15005727985581884809e-01 -4.72921737903390404512e+00 -1.23741441719385480980e+00 1.52188616589887629971e+02 -1.08485443010191118240e+00
9.16479285532173615358e-01 -4.72975173101852064406e+00 -1.23686232863619394173e+00 1.52181810659014843168e+02 -1.08808908732537279462e+00
9.17938780588907099478e-01 -4.73028282670748634331e+00 -1.23631286789470462573e+00 1.52175053089273490059e+02 -1.09129435562967946893e+00
9.19384190761239561418e-01 -4.73081082021635168644e+00 -1.23576576040421337588e+00 1.52168344149561306722e+02 -1.09446985300482646508e+00
9.20815493870747459049e-01 -4.73133555308544462292e+00 -1.23522124003692712613e+00 1.52161684508708418662e+02 -1.09761557000356457792e+00
9.22232667955466323129e-01 -4.73185696367764929704e+00 -1.23467937756047385633e+00 1.52155074708453497578e+02 -1.10073137970485945836e+00
9.23635691270227932037e-01 -4.73237499144855089384e+00 -1.23414024432068947235e+00 1.52148515287269503915e+02 -1.10381715854114359487e+00
9.25024542286994155837e-01 -4.73288933118271071265e+00 -1.23360411901975353111e+00 1.52142007051759577507e+02 -1.10687291136515630896e+00
9.26399199695186803538e-01 -4.73340035303990624982e+00 -1.23307067266878123135e+00 1.52135550051258945814e+02 -1.10989826695554616443e+00
9.27759642402015138885e-01 -4.73390780554261159097e+00 -1.23254017039168917158e+00 1.52129145035013266352e+02 -1.11289323589372313172e+00
9.29105849532799177304e-01 -4.73441163160144906641e+00 -1.23201268540162178766e+00 1.52122792528550689894e+02 -1.11585770740157874670e+00
9.30437800431290207293e-01 -4.73491177554250874948e+00 -1.23148829185511043960e+00 1.52116493053596911977e+02 -1.11879157448110744255e+00
9.31755474659987315000e-01 -4.73540774096727812292e+00 -1.23096726821515667361e+00 1.52110247581658171612e+02 -1.12169480906379903651e+00
9.33058852000451910413e-01 -4.73590025902188926921e+00 -1.23044927779397816892e+00 1.52104055810833813212e+02 -1.12456713120042128828e+00
9.34347912453616813444e-01 -4.73638891949879869969e+00 -1.22993459874749699878e+00 1.52097918627162670191e+02 -1.12740853876659574695e+00
9.35622636240093785709e-01 -4.73687367109018797606e+00 -1.22942330820299616789e+00 1.52091836537559288445e+02 -1.13021893880365920104e+00
9.36883003800477065504e-01 -4.73735383525521580594e+00 -1.22891563718775076453e+00 1.52085810662965883466e+02 -1.13299822505197544942e+00
9.38128995795643128019e-01 -4.73783048819799912366e+00 -1.22841132825045362686e+00 1.52079840382265274457e+02 -1.13574628473060612599e+00
9.39360593107047781025e-01 -4.73830306685582147708e+00 -1.22791063280643242273e+00 1.52073926707353763277e+02 -1.13846306431630850398e+00
9.40577776837019263745e-01 -4.73877152498727749474e+00 -1.22741363259157743038e+00 1.52068070129054206063e+02 -1.14114848659296530542e+00
9.41780528309048348135e-01 -4.73923492870027995849e+00 -1.22692044409036116193e+00 1.52062271971354107336e+02 -1.14380228406052042445e+00
9.42968829068074665400e-01 -4.73969483751694653506e+00 -1.22643100888371026080e+00 1.52056531188167753044e+02 -1.14642466083663840948e+00
9.44142660880770479004e-01 -4.74015047173840819994e+00 -1.22594550180349837198e+00 1.52050848965875445629e+02 -1.14901544814079015211e+00
9.45302005735819794729e-01 -4.74060179078992405266e+00 -1.22546401232275292692e+00 1.52045225778408934048e+02 -1.15157458762739683955e+00
9.46446845844195028263e-01 -4.74104750770931993031e+00 -1.22498641748030867582e+00 1.52039663216257764589e+02 -1.15410150444662096270e+00
9.47577163639429898012e-01 -4.74148985082201690489e+00 -1.22451308353723620215e+00 1.52034159682307887351e+02 -1.15659698526008014596e+00
9.48692941777889098276e-01 -4.74192773684222235175e+00 -1.22404401400618478846e+00 1.52028716597792993070e+02 -1.15906063226603928129e+00
9.49794163139034308685e-01 -4.74236113091580335777e+00 -1.22357931180583379138e+00 1.52023334420171551074e+02 -1.16149241153759619216e+00
9.50880810825686872967e-01 -4.74278826980049483808e+00 -1.22311838666117722596e+00 1.52018015069351491775e+02 -1.16389118633570509687e+00
9.51952868164287147046e-01 -4.74321228632697433625e+00 -1.22266244464365159139e+00 1.52012756268892673006e+02 -1.16625879170768409487e+00
9.53010318705150072383e-01 -4.74363168031227733223e+00 -1.22221114242309969455e+00 1.52007559741193063019e+02 -1.16859440056716823442e+00
9.54053146222718195801e-01 -4.74404439853601722632e+00 -1.22176344816683868366e+00 1.52002427568774635347e+02 -1.17089637818095204658e+00
9.55081334715809804337e-01 -4.74445413006392513466e+00 -1.22132136970585736258e+00 1.51997357118544272225e+02 -1.17316749078281445939e+00
9.56094868407865283721e-01 -4.74485911430904927499e+00 -1.22088422911756033784e+00 1.51992350272857009941e+02 -1.17540652641003040557e+00
9.57093731747188369852e-01 -4.74525696686701703442e+00 -1.22045035171638027727e+00 1.51987409265876294739e+02 -1.17761114102816755178e+00
9.58077909407185845936e-01 -4.74565201477475628877e+00 -1.22002291748355062850e+00 1.51982531120698212135e+02 -1.17978542192287494395e+00
9.59047386286601133421e-01 -4.74604219197608845349e+00 -1.21960075772934861682e+00 1.51977717884164206907e+02 -1.18192760522527295919e+00
9.60002147509747882914e-01 -4.74642475580485800890e+00 -1.21918125923008369149e+00 1.51972971892537998428e+02 -1.18403433479537412154e+00
9.60942178426736681729e-01 -4.74680472868594272029e+00 -1.21876931993353676553e+00 1.51968289907714449782e+02 -1.18611157932312671903e+00
9.61867464613700540177e-01 -4.74717969976661802178e+00 -1.21836304971308395650e+00 1.51963674120673999823e+02 -1.18815678250562206664e+00
9.62777991873016381064e-01 -4.74754657605148899790e+00 -1.21795846255848960737e+00 1.51959126848852292824e+02 -1.19016514227996705877e+00
9.63673746233522310334e-01 -4.74791106982092969702e+00 -1.21756297814216507547e+00 1.51954644806232579413e+02 -1.19214531349515362457e+00
9.64554713950732445227e-01 -4.74827040588978377400e+00 -1.21717364467349975499e+00 1.51950230259294670532e+02 -1.19409360138800324513e+00
9.65420881507047634607e-01 -4.74862122280840193156e+00 -1.21678446506528370463e+00 1.51945885257379529776e+02 -1.19600313656262380313e+00
9.66272235611963070667e-01 -4.74896978261360480644e+00 -1.21640656457937601509e+00 1.51941606915768772978e+02 -1.19788641501966530711e+00
9.67108763202271903836e-01 -4.74930980735502661361e+00 -1.21602815396286212390e+00 1.51937398613359363253e+02 -1.19973008857963669982e+00
9.67930451442265749051e-01 -4.74964738810949427261e+00 -1.21566210784515527088e+00 1.51933258073472899241e+02 -1.20154838288746912411e+00
9.68737287723931861372e-01 -4.74997943802623279197e+00 -1.21530317929710829361e+00 1.51929187256233717562e+02 -1.20333524093105270758e+00
9.69529259667146536827e-01 -4.75030284415033676737e+00 -1.21494097630629016571e+00 1.51925186799208489674e+02 -1.20507944717816606328e+00
9.70306355119864738512e-01 -4.75062349790976057307e+00 -1.21459476057138271443e+00 1.51921256286703794558e+02 -1.20680158935043380097e+00
9.71068562158306947119e-01 -4.75093574714346100762e+00 -1.21424391212281168606e+00 1.51917396133247564194e+02 -1.20847961076520360457e+00
9.71815869087142014671e-01 -4.75124470476703386623e+00 -1.21391096783879604004e+00 1.51913607559148289283e+02 -1.21013722069466989062e+00
9.72548264439666687586e-01 -4.75154742150728193195e+00 -1.21358660256610195738e+00 1.51909891301010674169e+02 -1.21176430522408340451e+00
9.73265736977981354983e-01 -4.75184255161004820422e+00 -1.21325266082624749764e+00 1.51906244126713744436e+02 -1.21334228384113096411e+00
9.73968275693162355289e-01 -4.75213281989274261008e+00 -1.21294281990992525166e+00 1.51902672610343472570e+02 -1.21490548284156729686e+00
9.74655869805431618325e-01 -4.75241644569183208091e+00 -1.21262077663143519324e+00 1.51899169072380288981e+02 -1.21641701579761418728e+00
9.75328508764321089330e-01 -4.75269370431386573017e+00 -1.21232627008833304671e+00 1.51895744173164104041e+02 -1.21791673908445696739e+00
9.75986182248835265618e-01 -4.75296567513237988578e+00 -1.21201634391758417131e+00 1.51892385546229661486e+02 -1.21936174689750154165e+00
9.76628880167609847440e-01 -4.75322921019469468717e+00 -1.21173809607427962476e+00 1.51889109287612768640e+02 -1.22079849661404549188e+00
9.77256592659065281836e-01 -4.75348936726065751657e+00 -1.21144049582255819431e+00 1.51885896811161273945e+02 -1.22217690245929566650e+00
9.77869310091559640341e-01 -4.75373826645691277548e+00 -1.21117956007845495314e+00 1.51882771415842597662e+02 -1.22355127587300582803e+00
9.78467023063535390470e-01 -4.75398644017173577225e+00 -1.21089447961157237188e+00 1.51879706295057587795e+02 -1.22486299924366126568e+00
9.79049722403663946757e-01 -4.75421953958259280171e+00 -1.21065205102957063055e+00 1.51876734243612190767e+02 -1.22617568724196868146e+00
9.79617399170986558055e-01 -4.75445555019985111045e+00 -1.21037965598682140111e+00 1.51873817644726301523e+02 -1.22742063015384439417e+00
9.80170044655051198035e-01 -4.75467137847454335287e+00 -1.21015707316448395403e+00 1.51871001734371446901e+02 -1.22867240399831012532e+00
9.80707650376046569107e-01 -4.75489504235277316013e+00 -1.20989748395580543061e+00 1.51868234773237873014e+02 -1.22985043473113475621e+00
9.81230208084931665447e-01 -4.75509176666832189539e+00 -1.20969621992312648118e+00 1.51865578172067898777e+02 -1.23104212182501693285e+00
9.81737709763563226595e-01 -4.75530291499633150920e+00 -1.20944948122209705588e+00 1.51862961886181722093e+02 -1.23215304809070236303e+00
9.82230147624817750973e-01 -4.75547830885706268589e+00 -1.20927110573576834796e+00 1.51860468157401385270e+02 -1.23328548408842131323e+00
9.82707514112711733034e-01 -4.75567682637448374550e+00 -1.20903714536841144778e+00 1.51858003454237319829e+02 -1.23432902050422166340e+00
9.83169801902517237480e-01 -4.75582827135446351008e+00 -1.20888325539345431459e+00 1.51855676536626248208e+02 -1.23540297749886174294e+00
9.83617003900874475875e-01 -4.75601416615878314076e+00 -1.20866182229525409575e+00 1.51853364103847326305e+02 -1.23637869979540293564e+00
9.84049113245900386460e-01 -4.75619374414485118763e+00 -1.20844794292409041248e+00 1.51851128403356824492e+02 -1.23732173867091743702e+00
9.84466123307294216360e-01 -4.75631224590191603596e+00 -1.20832451338352520054e+00 1.51849048367489700695e+02 -1.23830208221308635252e+00
9.84868027686439440060e-01 -4.75647954761974123272e+00 -1.20812260569236062935e+00 1.51846965482860866814e+02 -1.23917659495243848156e+00
9.85254820216501125962e-01 -4.75656864931550149578e+00 -1.20802560380989509881e+00 1.51845060245383393749e+02 -1.24009862482627197799e+00
9.85626494962521304544e-01 -4.75672446621486777474e+00 -1.20783473284000208992e+00 1.51843129751231600721e+02 -1.24090372051397590525e+00
9.85983046221510006646e-01 -4.75678178396348094736e+00 -1.20776451977910648239e+00 1.51841402536639918708e+02 -1.24176703877368277418e+00
9.86324468522532193937e-01 -4.75692757253378672999e+00 -1.20758331006747354763e+00 1.51839623148229605931e+02 -1.24250156123398314278e+00
9.86650756626792246884e-01 -4.75695164155216687618e+00 -1.20753935944214263465e+00 1.51838075943666524381e+02 -1.24330511178274605300e+00
9.86961905527714344899e-01 -4.75708974957113195359e+00 -1.20736594757525539379e+00 1.51836445265390523218e+02 -1.24396765121615038296e+00
9.87257910451019071729e-01 -4.75708070255204340526e+00 -1.20734654345009428944e+00 1.51835078028507012959e+02 -1.24470959061410302304e+00
9.87538766854796246086e-01 -4.75721451333729383748e+00 -1.20717860956636258152e+00 1.51833592408211785596e+02 -1.24529855485465490439e+00
9.87804470429575864898e-01 -4.75717477573076497066e+00 -1.20718063205149328532e+00 1.51832402278929578188e+02 -1.24597621866803276447e+00
9.88055017098393051356e-01 -4.75730868176524523960e+00 -1.20701556185987146641e+00 1.51831056875401600337e+02 -1.24648999350720579571e+00
9.88290403016850893536e-01 -4.75724349548294433987e+00 -1.20703444247162949843e+00 1.51830037610977484519e+02 -1.24709999233601487312e+00
9.88510624573179952357e-01 -4.75738253188143023209e+00 -1.20686964956833975293e+00 1.51828826860053084147e+02 -1.24753717557066279298e+00
9.88715678388292773526e-01 -4.75730001916964262421e+00 -1.20689960943149099393e+00 1.51827968825885704973e+02 -1.24807565921739205272e+00
9.88905561315836734160e-01 -4.75744908626105456051e+00 -1.20673303464860137701e+00 1.51826887385292849331e+02 -1.24843536636283181096e+00
9.89080270442241449302e-01 -4.75735961174974963939e+00 -1.20676766276308944370e+00 1.51826178371566925307e+02 -1.24889844921507275899e+00
9.89239803086764180051e-01 -4.75725271174382768891e+00 -1.20681361727626268454e+00 1.51825560916664016986e+02 -1.24932928882095772849e+00
9.89384156801530467717e-01 -4.75743701124219153797e+00 -1.20663149240012668173e+00 1.51824649487463943842e+02 -1.24956487449865183414e+00
9.89513329371571881410e-01 -4.75734239546912451857e+00 -1.20667121545605149358e+00 1.51824158422056711970e+02 -1.24991418702298995314e+00
9.89627318814860101881e-01 -4.75724253185990075821e+00 -1.20671507711489400805e+00 1.51823744445057855046e+02 -1.25022710135096404294e+00
9.89726123382337119594e-01 -4.75746997620643252702e+00 -1.20651624944635527115e+00 1.51822994878229792448e+02 -1.25033938421834411869e+00
9.89809741557942324164e-01 -4.75739905309941679690e+00 -1.20654582799665011095e+00 1.51822687988211015409e+02 -1.25056690778239865125e+00
9.89878172058635374952e-01 -4.75733422732035649005e+00 -1.20657355810253030803e+00 1.51822444839256718296e+02 -1.25075490616551787681e+00
9.89931413834416518149e-01 -4.75727925630537740176e+00 -1.20659746476206941601e+00 1.51822261001332435626e+02 -1.25090235501080693226e+00
9.89969466068341796827e-01 -4.75723739507362353152e+00 -1.20661585846782126730e+00 1.51822132639603125881e+02 -1.25100838984832707368e+00
