00000000000000000000 3.21238745654827839715e+00 -1.91341402046261793712e-01 00000000000000000070 4.65935736561525522655e-20
7.81443485547565069860e-03 3.21240064596966501398e+00 -1.91340547427135604375e-01 6.99999293120067136442e+01 8.45077416075288684024e-06
1.56283925121375351364e-02 3.21244021320209371950e+00 -1.91337983442909864706e-01 6.99997172583786948508e+01 3.38009663376650265252e-05
2.34413958003126705887e-02 3.21250615515076543005e+00 -1.91333709713693733701e-01 6.99993638702135285712e+01 7.60441592215297925078e-05
3.12529676086078303521e-02 3.21259846664256309978e+00 -1.91327725599408943191e-01 6.99988691987678350870e+01 1.35169964183211739053e-04
3.90626309130450363738e-02 3.21271714045083589539e+00 -1.91320030214396696877e-01 6.99982333166572487926e+01 2.11163398720557029609e-04
4.68699088061915875025e-02 3.21286216725522644211e+00 -1.91310622408027042329e-01 6.99974563162885488055e+01 3.04005740603315803127e-04
5.46743245262831176201e-02 3.21303353572424521545e+00 -1.91299500817733225677e-01 6.99965383136665764141e+01 4.13672249066741805779e-04
6.24754014863376089250e-02 3.21323123233198071347e+00 -1.91286663760776076693e-01 6.99954794407177445237e+01 5.40136875756214813668e-04
7.02726633032589032002e-02 3.21345524154776418513e+00 -1.91272109356321190488e-01 6.99942798538431674160e+01 6.83367003549970801306e-04
7.80656338269275495989e-02 3.21370554573295708067e+00 -1.91255835468506857344e-01 6.99929397298162854213e+01 8.43325943822795980401e-04
8.58538371692776497435e-02 3.21398212493423374170e+00 -1.91237839563605988014e-01 6.99914592572436902174e+01 1.01997915742115148607e-03
9.36367977333575213228e-02 3.21428495748698539458e+00 -1.91218119149800913625e-01 6.99898386632113869155e+01 1.21327524863303211865e-03
1.01414040242372674450e-01 3.21461401927267909073e+00 -1.91196671255414812896e-01 6.99880781816024608588e+01 1.42316860626307667946e-03
1.09185089768709248093e-01 3.21496928410435822698e+00 -1.91173492713803655496e-01 6.99861780703950842053e+01 1.64960711378192115099e-03
1.16949471762936074715e-01 3.21535072361763107907e+00 -1.91148580095485326469e-01 6.99841386075636364694e+01 1.89253514156042797027e-03
1.24706712082783596762e-01 3.21575830783901084331e+00 -1.91121930192950761906e-01 6.99819601163921021225e+01 2.15187262105875258891e-03
1.32456337022098163958e-01 3.21619200336590482792e+00 -1.91093538529866019404e-01 6.99796428873146538763e+01 2.42757963707842432458e-03
1.40197873339769407686e-01 3.21665177559998216594e+00 -1.91063401223186740685e-01 6.99771872755086548068e+01 2.71957589150220334015e-03
1.47930848288629207543e-01 3.21713758744441991055e+00 -1.91031513924430906837e-01 6.99745936452564905039e+01 3.02778660590897292712e-03
1.55654789644321001063e-01 3.21764939957421303163e+00 -1.90997872061733187099e-01 6.99718623825490624313e+01 3.35213212230086069973e-03
1.63369225734136341854e-01 3.21818717042578894549e+00 -1.90962470851769844371e-01 6.99689938955731633996e+01 3.69252747160828034140e-03
1.71073685465818581264e-01 3.21875085465523280703e+00 -1.90925303847232191723e-01 6.99659885489439545836e+01 4.04894526701949763331e-03
1.78767698356330495546e-01 3.21934040810671540100e+00 -1.90886367707251203285e-01 6.99628468798954941121e+01 4.42120951664071951820e-03
1.86450794560585164650e-01 3.21995578134175497453e+00 -1.90845656046233019820e-01 6.99595693191632790331e+01 4.80926172327491435743e-03
1.94122504900137410333e-01 3.22059692339635805780e+00 -1.90803163043435641821e-01 6.99561563548421929681e+01 5.21300489316932780942e-03
2.01782360891835127470e-01 3.22126378089882337008e+00 -1.90758882628689258043e-01 6.99526084953858457993e+01 5.63233886196911736483e-03
2.09429894776427566461e-01 3.22195629803208793973e+00 -1.90712808473982114998e-01 6.99489262692353293005e+01 6.06716077566386152720e-03
2.17064639547129734076e-01 3.22267441895578787836e+00 -1.90664936695248310450e-01 6.99451103308620076859e+01 6.51724855773237396472e-03
2.24686128978140969847e-01 3.22341807944786884477e+00 -1.90615256699309204569e-01 6.99411611006695466131e+01 6.98265629624486832555e-03
2.32293897653115311019e-01 3.22418721785501993793e+00 -1.90563763250682055572e-01 6.99370792400002585509e+01 7.46319327258348260562e-03
2.39887480993583035449e-01 3.22498176850791340442e+00 -1.90510449283111144014e-01 6.99328653678186782372e+01 7.95873456081232048820e-03
2.47466415287320606886e-01 3.22580166317990579827e+00 -1.90455307541851415198e-01 6.99285201253333781324e+01 8.46915025505358930180e-03
2.55030237716668051196e-01 3.22664683105925931272e+00 -1.90398330596996484543e-01 6.99240441763815425702e+01 8.99430505848579885109e-03
2.62578486386791154494e-01 3.22751719872311326753e+00 -1.90339510860901589551e-01 6.99194382079452338985e+01 9.53405770486891353255e-03
2.70110700353888233405e-01 3.22841268544978499122e+00 -1.90278834684406317201e-01 6.99147027295500436139e+01 1.00885155233783226081e-02
2.77626419653337785931e-01 3.22933321939269024625e+00 -1.90216302932040587370e-01 6.99098387731001196244e+01 1.06571479499103696081e-02
2.85125185327787133982e-01 3.23027871579053948992e+00 -1.90151903412953654504e-01 6.99048469541525605564e+01 1.12399748908304508710e-02
2.92606539455178948916e-01 3.23124909007761607072e+00 -1.90085627547411595284e-01 6.98997280397186671053e+01 1.18368485927446594197e-02
3.00070025176715493576e-01 3.23224425481820132333e+00 -1.90017466542956342535e-01 6.98944828178588863921e+01 1.24476186725901716290e-02
3.07515186724756528491e-01 3.23326411965457216624e+00 -1.89947411387870801480e-01 6.98891120974298019064e+01 1.30721326209848574817e-02
3.14941569450651825957e-01 3.23430859125078029592e+00 -1.89875452840919667352e-01 6.98836167077100327560e+01 1.37102364749919491960e-02
3.22348719852504905781e-01 3.23537757322062446974e+00 -1.89801581420065590411e-01 6.98779974978958193788e+01 1.43617757084179131083e-02
3.29736185602866604949e-01 3.23647097603357147833e+00 -1.89725801983221392666e-01 6.98722557636328502895e+01 1.50259684000596301784e-02
3.37103515576356982386e-01 3.23758868163438640053e+00 -1.89648081895946146735e-01 6.98663917292792859826e+01 1.57036336919270103074e-02
3.44450259877213949000e-01 3.23873059140669905531e+00 -1.89568421519055563262e-01 6.98604066129324792200e+01 1.63941623057769977900e-02
3.51775969866767013183e-01 3.23989659677377694891e+00 -1.89486811135285065921e-01 6.98543013636310092807e+01 1.70973681598856619424e-02
3.59080198190833532745e-01 3.24108658593927367875e+00 -1.89403240932394412166e-01 6.98480769539613248753e+01 1.78130596127727101885e-02
3.66362498807037251236e-01 3.24230044383994142621e+00 -1.89317701024788898057e-01 6.98417343804890293768e+01 1.85410388603324850776e-02
3.73622427012046509631e-01 3.24353805210025969430e+00 -1.89230181480284725959e-01 6.98352746643340225319e+01 1.92811011287140274262e-02
3.80859539468730579070e-01 3.24479928898784253377e+00 -1.89140672352734767747e-01 6.98286988518402722548e+01 2.00330336333143302352e-02
3.88073394233232560335e-01 3.24608401294795312353e+00 -1.89049135608735124903e-01 6.98220073109609984385e+01 2.07978178159100995925e-02
3.95263550781957240243e-01 3.24739212173925384519e+00 -1.88955606361945666061e-01 6.98152022709501665076e+01 2.15732949186018020671e-02
4.02429570038472572691e-01 3.24872347103530545454e+00 -1.88860053890910012386e-01 6.98082843326648259108e+01 2.23601182425179068058e-02
4.09571014400322008786e-01 3.25007792450175037047e+00 -1.88762467284442680970e-01 6.98012546202137826867e+01 2.31580854731959426274e-02
4.16687447765747620565e-01 3.25145534204472719253e+00 -1.88662835498742215146e-01 6.97941142795718008074e+01 2.39669932966674464891e-02
4.23778435560320965170e-01 3.25285557973435057733e+00 -1.88561147349409707896e-01 6.97868644782726192943e+01 2.47866381793841530912e-02
4.30843544763481300919e-01 3.25427848972548705575e+00 -1.88457391499467719065e-01 6.97795064050517197529e+01 2.56168173349529126881e-02
4.37882343934978157662e-01 3.25572392017263423369e+00 -1.88351556441220341354e-01 6.97720412693039691021e+01 2.64573299696370112244e-02
4.44894403241217928358e-01 3.25719171514108163379e+00 -1.88243630471715411856e-01 6.97644703004492328091e+01 2.73079788163700272474e-02
4.51879294481512761017e-01 3.25868174527438725363e+00 -1.88133663348418633809e-01 6.97567960609713537679e+01 2.81659431491636039202e-02
4.58836591114228031785e-01 3.26019379545628318340e+00 -1.88021541349736642790e-01 6.97490176507882324586e+01 2.90353671980453122148e-02
4.65765868282830897140e-01 3.26172772035733027352e+00 -1.87907298956868668016e-01 6.97411373562197667297e+01 2.99140736597778601757e-02
4.72666702841833874515e-01 3.26328334771751338295e+00 -1.87790925413463927196e-01 6.97331565207696257858e+01 3.08018116231568057917e-02
4.79538673382635505238e-01 3.26486050095562241324e+00 -1.87672410077016432739e-01 6.97250765147555142676e+01 3.16983234619669512755e-02
4.86381360259253436862e-01 3.26645899894996549762e+00 -1.87551742441406543715e-01 6.97168987295058144582e+01 3.26033445215844902565e-02
4.93194345613951257157e-01 3.26807865618163262411e+00 -1.87428912200217373529e-01 6.97086245870465859298e+01 3.35166011147593895236e-02
4.99977213402755082949e-01 3.26971928263490596578e+00 -1.87303909293713793938e-01 6.97002555395061023091e+01 3.44378092361843426983e-02
5.06729549420860458930e-01 3.27138068339815424324e+00 -1.87176723937610672843e-01 6.96917930558735889690e+01 3.53666740710638777268e-02
5.13450941327925791668e-01 3.27306261168770040726e+00 -1.87047234393965117194e-01 6.96832366289888085475e+01 3.63076486050618249535e-02
5.20140978673252485365e-01 3.27476494320627420365e+00 -1.86915620580889646485e-01 6.96745911922431702124e+01 3.72523960328906486583e-02
5.26799252920849836457e-01 3.27648743200168413026e+00 -1.86781786950362793664e-01 6.96658567422604875219e+01 3.82042662352305231743e-02
5.33425357474382799694e-01 3.27822986292171458800e+00 -1.86645722835063920808e-01 6.96570348273921382543e+01 3.91630119645407087647e-02
5.40018887702001348927e-01 3.27999201578751975461e+00 -1.86507417676481629387e-01 6.96481270235461948914e+01 4.01283872896164087174e-02
5.46579440961049822789e-01 3.28177366487309507548e+00 -1.86366860936304556962e-01 6.96391349227725413584e+01 4.11001499923300400718e-02
5.53106616622654478910e-01 3.28357457904670679838e+00 -1.86224042132625056123e-01 6.96300601390997542239e+01 4.20780623613689480633e-02
5.59600016096189367687e-01 3.28539452191227576705e+00 -1.86078950838697521064e-01 6.96209043197517161161e+01 4.30618918666995573186e-02
5.66059242853615862678e-01 3.28723325112034325812e+00 -1.85931576607988729988e-01 6.96116691202784068082e+01 4.40514152750805382253e-02
5.72483902453697401924e-01 3.28909051864620982641e+00 -1.85781908975067466816e-01 6.96023562206245287598e+01 4.50464196292269525301e-02
5.78873602566086775667e-01 3.29096615115917323635e+00 -1.85630164734297720130e-01 6.95929707257099181561e+01 4.60371301346343617111e-02
5.85227952995284295135e-01 3.29285975051845181127e+00 -1.85475943528652348347e-01 6.95835085106132567034e+01 4.70397868911081179499e-02
5.91546565704465288071e-01 3.29477111430241675905e+00 -1.85319414129428094995e-01 6.95739740026607051959e+01 4.80466584875183788661e-02
5.97829054839176476932e-01 3.29669997156692895501e+00 -1.85160569627150134453e-01 6.95643690136910777255e+01 4.90574326297552806841e-02
6.04075036750898464177e-01 3.29864604523201432329e+00 -1.84999403668231809927e-01 6.95546953826396077147e+01 5.00717891392125219463e-02
6.10284130020473547518e-01 3.30060905198364018531e+00 -1.84835910515620399641e-01 6.95449549759666467708e+01 5.10893987206577082638e-02
6.16455955481398198970e-01 3.30258870217692290794e+00 -1.84670085115844762047e-01 6.95351496881847310760e+01 5.21099215140472318830e-02
6.22590136242976655012e-01 3.30458469974113366874e+00 -1.84501923175780652153e-01 6.95252814424962934936e+01 5.31330052940665042982e-02
6.28686297713336617043e-01 3.30659674208727771827e+00 -1.84331421247491189508e-01 6.95153521915709404766e+01 5.41582833893088019805e-02
6.34744067622304508625e-01 3.30862452001560658488e+00 -1.84158576824670933147e-01 6.95053639183476263952e+01 5.51853721762797858053e-02
6.40763076044137847020e-01 3.31066760337777488132e+00 -1.83983000334659252406e-01 6.94953138391051226108e+01 5.62301009535647530746e-02
6.46742955420115839260e-01 3.31272586828328474695e+00 -1.83805367459571822319e-01 6.94852123545797155657e+01 5.72637536295615701132e-02
6.52683340580984761026e-01 3.31479889349829015543e+00 -1.83625367383417725797e-01 6.94750576898093186173e+01 5.82989298185686080633e-02
6.58583868769257452236e-01 3.31688634089706413377e+00 -1.83442997247344280476e-01 6.94648518940438890468e+01 5.93353623742479824310e-02
6.64444179661365486034e-01 3.31898786505082821208e+00 -1.83258254812718068827e-01 6.94545970401998715715e+01 6.03727903116188305277e-02
6.70263915389663011979e-01 3.32110311306868544179e+00 -1.83071138424513335519e-01 6.94442952244334179568e+01 6.14109603043833524039e-02
6.76042720564280052997e-01 3.32323172447617753988e+00 -1.82881647017335002836e-01 6.94339485658458670514e+01 6.24496282598611535120e-02
6.81780242294825367111e-01 3.32537333108610866361e+00 -1.82689780112635036247e-01 6.94235592058609967125e+01 6.34885613134374554578e-02
6.87476130211935876346e-01 3.32752755687074364133e+00 -1.82495537812956187818e-01 6.94131293076484041649e+01 6.45275399982792041698e-02
6.93130036488672218731e-01 3.32969401783300167352e+00 -1.82298920788954016414e-01 6.94026610554871012937e+01 6.55663607675865678370e-02
6.98741615861759757244e-01 3.33187232186904536135e+00 -1.82099930256954201102e-01 6.93921566537463831992e+01 6.66048389605935764468e-02
7.04310525652672048125e-01 3.33406223874941565199e+00 -1.81899270202517837625e-01 6.93816254190680012925e+01 6.76136836528242607391e-02
7.09836425788557545680e-01 3.33626305951203772082e+00 -1.81695700362869722033e-01 6.93710570676967392956e+01 6.86443223958574100241e-02
7.15318978823006101919e-01 3.33847450579225002443e+00 -1.81489798153067732889e-01 6.93604596522283571858e+01 6.96727926937995151180e-02
7.20757849956655149981e-01 3.34069615344438153315e+00 -1.81281573190880007651e-01 6.93498355191105844142e+01 7.06987478454446094389e-02
7.26152707057636237487e-01 3.34292756986958483623e+00 -1.81071036909597193887e-01 6.93391870417318898490e+01 7.17218338301650326638e-02
7.31503220681855470531e-01 3.34516831384231805302e+00 -1.80858201965643200504e-01 6.93285166205407819007e+01 7.27416879802099680674e-02
7.36809064093112420224e-01 3.34741793547091859296e+00 -1.80643082772400709324e-01 6.93178266833661069768e+01 7.37579378122162759857e-02
7.42069913283051829644e-01 3.34967597608941414222e+00 -1.80425695494606130875e-01 6.93071196856786428953e+01 7.47701994901891764389e-02
7.47285446990950896762e-01 3.35194196816738765321e+00 -1.80206058154672915661e-01 6.92963981108591013935e+01 7.57780761764054039409e-02
7.52455346723336027104e-01 3.35421543522970821982e+00 -1.79984190749594846759e-01 6.92856644707458428911e+01 7.67811560228224693203e-02
7.57579296773433497059e-01 3.35649589177368179449e+00 -1.79760115371317835686e-01 6.92749213059321959918e+01 7.77790100968117487090e-02
7.62656984240447144430e-01 3.35878284319686493120e+00 -1.79533856339152086967e-01 6.92641711863491593704e+01 7.87711898888892037007e-02
7.67688099048667194069e-01 3.36107553203661346686e+00 -1.79304164562988616050e-01 6.92534062174949127666e+01 7.98096418731324835916e-02
7.72672333966404556449e-01 3.36337389924508167738e+00 -1.79073361677133280345e-01 6.92426478145359851624e+01 8.07996222870084601642e-02
7.77609384624753152693e-01 3.36567721178899548207e+00 -1.78840415020600218554e-01 6.92318899215708682959e+01 8.17843913169957886788e-02
7.82498949536175603114e-01 3.36798493626678263624e+00 -1.78605351104602044776e-01 6.92211351570972510672e+01 8.27637159588874848914e-02
7.87340730112915498928e-01 3.37029652954820102551e+00 -1.78368198474737449377e-01 6.92103861608231767377e+01 8.37373739299428349048e-02
7.92134430685228929647e-01 3.37261143877182512085e+00 -1.78128987578213188181e-01 6.91996455932195289051e+01 8.47051546633288549026e-02
7.96879758519442038533e-01 3.37492910128028089645e+00 -1.77887750808247757650e-01 6.91889161349062220552e+01 8.56668607340704130193e-02
8.01576423835826168407e-01 3.37724894456450597247e+00 -1.77644522553001615872e-01 6.91782004861192518774e+01 8.66223091426568114759e-02
8.06224139826293373368e-01 3.37957038620209937463e+00 -1.77399339236705200218e-01 6.91675013656274160212e+01 8.75713329560455638889e-02
8.10822622671911297232e-01 3.38189283411985419647e+00 -1.77152239109136661055e-01 6.91568215104079371258e+01 8.85137826630457841270e-02
8.15371591560234865170e-01 3.38421568545217965607e+00 -1.76903263301774166250e-01 6.91461636750772754567e+01 8.94495284342843588465e-02
8.19870768702454344456e-01 3.38653832803995546996e+00 -1.76652454360485655638e-01 6.91355306298336671489e+01 9.03784613155410310181e-02
8.24319879350358997172e-01 3.38886013946924169460e+00 -1.76399857275113286503e-01 6.91249251610835955262e+01 9.13004953650877748572e-02
8.28718651813114437488e-01 3.39118084778491901687e+00 -1.76147703790911297483e-01 6.91143648571495248234e+01 9.21267492737855853147e-02
8.33066817473854914766e-01 3.39349915683876801609e+00 -1.75892054991372837058e-01 6.91038257077085376068e+01 9.30194377394030769146e-02
8.37364110806085748528e-01 3.39581471859009642600e+00 -1.75634825973761649065e-01 6.90933230403400386876e+01 9.39027405043343504909e-02
8.41610269389898024706e-01 3.39812687279295788656e+00 -1.75376078711268118537e-01 6.90828597613879793471e+01 9.47763633923221077149e-02
8.45805033927994553977e-01 3.40043494758715914017e+00 -1.75115879053823975120e-01 6.90724387969181492508e+01 9.56400113144053459768e-02
8.49948148261523095393e-01 3.40273826307509486000e+00 -1.74854295533853260070e-01 6.90620630897604712573e+01 9.64933872146310073203e-02
8.54039359385720064921e-01 3.40503612917632070278e+00 -1.74591400335023488877e-01 6.90517356006767215604e+01 9.73361922726469902534e-02
8.58078417465359621907e-01 3.40732784625870843698e+00 -1.74327269168576493019e-01 6.90414593079547813659e+01 9.81681251709592000987e-02
8.62065075850010797964e-01 3.40961270520693648933e+00 -1.74061981348445138362e-01 6.90312372053561915664e+01 9.89888823518624699771e-02
8.65999091089099670704e-01 3.41188998875821214440e+00 -1.73795620028798086798e-01 6.90210723022882177702e+01 9.97981572244682618722e-02
8.69880222946775583104e-01 3.41415896713825839370e+00 -1.73528271931722433141e-01 6.90109676249190044928e+01 1.00595640042629788646e-01
8.73708234416581186466e-01 3.41641890462692909836e+00 -1.73260027735781391156e-01 6.90009262122686521934e+01 1.01381017539107026737e-01
8.77482891735926751053e-01 3.41866905564135636908e+00 -1.72990982056724695859e-01 6.89909511170573068739e+01 1.02153973091483801783e-01
8.81203964400363526366e-01 3.42090866593323283951e+00 -1.72721233530443940563e-01 6.89810454056670323553e+01 1.02914186005223659559e-01
8.84871225177661369088e-01 3.42313697447351428238e+00 -1.72450885728961333943e-01 6.89712121549175947166e+01 1.03661332318617821491e-01
8.88484450121684310453e-01 3.42535267368050799774e+00 -1.72176311560215927754e-01 6.89614327825774324765e+01 1.04545080340265134078e-01
8.92043418586065284259e-01 3.42755596828998365666e+00 -1.71904560635184777695e-01 6.89517503153660840098e+01 1.05286165421686533916e-01
8.95547913237682013943e-01 3.42974561107694730921e+00 -1.71632479226134282424e-01 6.89421491365213796598e+01 1.06015711778918136909e-01
8.98997720069926953279e-01 3.43192080862582393763e+00 -1.71360182716788461699e-01 6.89326323088037611342e+01 1.06733618618506956310e-01
9.02392628415777386941e-01 3.43408075442629945329e+00 -1.71087785652748042287e-01 6.89232029002717752064e+01 1.07439792928611957401e-01
9.05732430960658807528e-01 3.43622464072242150834e+00 -1.70815410761368746684e-01 6.89138639782493811481e+01 1.08134154426767020718e-01
9.09016923755105676896e-01 3.43835165349688809400e+00 -1.70543186205872054906e-01 6.89046186097073984911e+01 1.08816634208464074751e-01
9.12245906227215463957e-01 3.44046096659571931653e+00 -1.70271237146276094299e-01 6.88954698635752293967e+01 1.09487169447698262648e-01
9.15419181194897180198e-01 3.44255175398543666887e+00 -1.69999698967693957385e-01 6.88864208031978648705e+01 1.10145711353296454904e-01
9.18536554877912303496e-01 3.44462318252023802501e+00 -1.69728709175930914110e-01 6.88774744886326004689e+01 1.10792220287952061786e-01
9.21597836909708201247e-01 3.44667441594153567408e+00 -1.69458414801313850262e-01 6.88686339733736474500e+01 1.11426670115521569970e-01
9.24602840349043497703e-01 3.44870460828684555210e+00 -1.69188952143861287558e-01 6.88599023074908842545e+01 1.12049034533421548732e-01
9.27551381691403054042e-01 3.45071291541605829067e+00 -1.68920474633423217670e-01 6.88512825276619793158e+01 1.12659305492076158850e-01
9.30443280880205225714e-01 3.45269848856698802209e+00 -1.68653143810363198574e-01 6.88427776630592518359e+01 1.13257486365362036729e-01
9.33278361317795623897e-01 3.45466047395149278287e+00 -1.68387102969615287673e-01 6.88343907305730766666e+01 1.13843574264636232529e-01
9.36056449876232710139e-01 3.45659801823468582072e+00 -1.68122528448890723451e-01 6.88261247327438070442e+01 1.14417593931746802705e-01
9.38777376907859784083e-01 3.45851026585371768007e+00 -1.67859569167996769412e-01 6.88179826566298231683e+01 1.14979555935074334583e-01
9.41440976255663586336e-01 3.46039636160460339909e+00 -1.67598400281115333943e-01 6.88099674722001424243e+01 1.15529492501730002285e-01
9.44047085263422514068e-01 3.46225621914535341972e+00 -1.67344998019834656500e-01 6.88021132763991403181e+01 1.15837653183023345238e-01
9.46595544785638676188e-01 3.46408753350276832350e+00 -1.67088516108125084703e-01 6.87943644045036961643e+01 1.16340639131017456465e-01
9.49086199197256008553e-01 3.46589013006326718269e+00 -1.66834409908379888154e-01 6.87867515569856067259e+01 1.16830041879175006159e-01
9.51518896403164227138e-01 3.46766317189308592717e+00 -1.66582833786964479295e-01 6.87792776233560658738e+01 1.17305837338076354714e-01
9.53893487847486953868e-01 3.46940579052254571835e+00 -1.66334005017564234841e-01 6.87719454920475783410e+01 1.17768051991041358684e-01
9.56209828522652460769e-01 3.47111715044072077774e+00 -1.66088096082431274647e-01 6.87647579996141757874e+01 1.18216689040848962899e-01
9.58467776978249696995e-01 3.47279642743772232194e+00 -1.65845281480387185535e-01 6.87577179449492206231e+01 1.18651761106939257484e-01
9.60667195329666046000e-01 3.47444275302615679379e+00 -1.65605788244428842049e-01 6.87508281331126909208e+01 1.19073323567441283211e-01
9.62807949266506812869e-01 3.47605531464652983686e+00 -1.65369793803153308787e-01 6.87440912931094203486e+01 1.19481406580381921412e-01
9.64889908060797774070e-01 3.47763332205857755852e+00 -1.65137477484479627821e-01 6.87375101045706315972e+01 1.19876049843528259542e-01
9.66912944574967681000e-01 3.47917590105736618256e+00 -1.64909072478631402170e-01 6.87310872766922074106e+01 1.20257336368153985862e-01
9.68876935269612826751e-01 3.48068227705322108534e+00 -1.64684759313834166994e-01 6.87248254046480155921e+01 1.20625323318045624132e-01
9.70781760211040012365e-01 3.48215165609786359013e+00 -1.64464737544754158183e-01 6.87187270637157752162e+01 1.20980087650586806691e-01
9.72627303078591576302e-01 3.48358325552635728073e+00 -1.64249207227626869976e-01 6.87127947763447224361e+01 1.21321715828656320757e-01
9.74413451171748379309e-01 3.48497630532762237010e+00 -1.64038368831091074806e-01 6.87070310182016044109e+01 1.21650302145336078330e-01
9.76140095417011188772e-01 3.48633004918491185009e+00 -1.63832423225554357771e-01 6.87014382079779011292e+01 1.21965949929866021573e-01
9.77807130374562571973e-01 3.48764374596736770329e+00 -1.63631572013586690240e-01 6.86960187110846902669e+01 1.22268770167164211871e-01
9.79414454244705079411e-01 3.48891667099907643035e+00 -1.63436018238752950316e-01 6.86907748301838836369e+01 1.22558884546044646879e-01
9.80961968874077938629e-01 3.49014811781869838114e+00 -1.63245968110911715554e-01 6.86857088110569407036e+01 1.22836422972611936100e-01
9.82449579761650593213e-01 3.49133724452546134742e+00 -1.63061548733613115303e-01 6.86808229454549348247e+01 1.23101459480314659456e-01
9.83877196064494197181e-01 3.49248365876797084439e+00 -1.62883097275257016090e-01 6.86761191429612836146e+01 1.23354248153823162215e-01
9.85244730603328400242e-01 3.49358639812330418195e+00 -1.62710633415962424575e-01 6.86715996801678016936e+01 1.23594789870956359157e-01
9.86552099867845533332e-01 3.49464498020273195422e+00 -1.62544441644358550469e-01 6.86672664261618734827e+01 1.23823307871782001266e-01
9.87799224021809973983e-01 3.49565879066720563983e+00 -1.62384729528580323832e-01 6.86631212916114890277e+01 1.24039968381273568721e-01
9.88986026907933468699e-01 3.49662723783410900324e+00 -1.62231722473474004875e-01 6.86591661103455663806e+01 1.24244957909387152006e-01
9.90112436052526190267e-01 3.49754974964673426285e+00 -1.62085682408478315431e-01 6.86554026482723998015e+01 1.24438495207475616211e-01
9.91178382669921864689e-01 3.49842555676380051466e+00 -1.61946391489392216290e-01 6.86518327449876011315e+01 1.24620428444036882021e-01
9.92183801666678522047e-01 3.49925433256100237855e+00 -1.61814464413980896307e-01 6.86484578693611382505e+01 1.24791262171655412128e-01
9.93128631645553539009e-01 3.50003539311678979473e+00 -1.61689537940592958920e-01 6.86452796670327956008e+01 1.24950740392750253571e-01
9.94012814909252973017e-01 3.50076840807887057494e+00 -1.61572467290567123310e-01 6.86422994934489167917e+01 1.25099559940080706788e-01
9.94836297463954966069e-01 3.50145278844759166859e+00 -1.61463759588370225906e-01 6.86395188241746296853e+01 1.25238145370904691012e-01
9.95599029022606440975e-01 3.50208792333208585035e+00 -1.61362965007477987545e-01 6.86369390590368340099e+01 1.25366177447585824822e-01
9.96300963007994866416e-01 3.50267329546709316190e+00 -1.61270442584469070324e-01 6.86345614846137692666e+01 1.25483967532123513733e-01
9.96942056555591649136e-01 3.50320878087570353188e+00 -1.61185141033479195638e-01 6.86323869696991692990e+01 1.25590738670677076749e-01
9.97522270516170261878e-01 3.50369225689273022795e+00 -1.61111550122495894577e-01 6.86304180587035688177e+01 1.25689972195431237667e-01
9.98041569458196886622e-01 3.50412304924728346123e+00 -1.61036662026886212562e-01 6.86286029460057704910e+01 1.26135543095172053540e-01
9.98499921669993795170e-01 3.50450196556227266953e+00 -1.60980676570745079301e-01 6.86270462967876824223e+01 1.26221709619858596385e-01
9.98897299161676022194e-01 3.50482442596321552841e+00 -1.60936929694985741968e-01 6.86257007147860775831e+01 1.26299957220291497739e-01
9.99233677666860997668e-01 3.50509136242549779183e+00 -1.60902143223565413654e-01 6.86245658238202622670e+01 1.26367746508367045921e-01
9.99509036644149584383e-01 3.50528827829820466278e+00 -1.60885654793926829997e-01 6.86236534767080428310e+01 1.26431738298937140774e-01
9.99723359278381296100e-01 3.50539622707080100739e+00 -1.60891757584460864949e-01 6.86229778337835938373e+01 1.26494229445278827395e-01
9.99876632481660587715e-01 3.50533848146433602011e+00 -1.60943008553694894003e-01 6.86225838150977978103e+01 1.26565580186969173226e-01
