00000000000000000000 3.99357558819840408049e+00 -1.91727744305619923759e-01 00000000000000000108 -1.58108327189646847869e-24
2.58315720529896097890e-03 3.99698614582928968275e+00 -1.91726298805959843863e-01 1.07996616327189130402e+02 1.62530336534852723604e-04
5.16629682395841009074e-03 4.00040565661510960638e+00 -1.91724660115962647344e-01 1.07993217596711360784e+02 3.25949494688150054941e-04
7.74940126945856955221e-03 4.00383413993692283128e+00 -1.91722826861229017625e-01 1.07989803759632863489e+02 4.90258357962144552915e-04
1.03324529555191297475e-02 4.00727161512621599115e+00 -1.91720797690774574784e-01 1.07986374766932996749e+02 6.55457790244700429401e-04
1.29154342962189676997e-02 4.01071810190240629623e+00 -1.91718571156869965755e-01 1.07982930569510543251e+02 8.21548632626390904453e-04
1.54983277061159028382e-02 4.01417361971251818176e+00 -1.91716145893731315653e-01 1.07979471118169172428e+02 9.88531709634960561311e-04
1.80811156003663868475e-02 4.01763818817471118905e+00 -1.91713520499371931072e-01 1.07975996363634436648e+02 1.15640782243487880154e-03
2.06637803948452533631e-02 4.02111182696675584225e+00 -1.91710693564799916633e-01 1.07972506256545116798e+02 1.32517775193101319635e-03
2.32463045062654173611e-02 4.02459455582623082393e+00 -1.91707663674001355103e-01 1.07969000747455496025e+02 1.49484225780279270102e-03
2.58286703522975918945e-02 4.02808639455037109656e+00 -1.91704429403775938878e-01 1.07965479786819557262e+02 1.66540208495506280445e-03
2.84108603516900135033e-02 4.03158736299711328854e+00 -1.91700989324065401709e-01 1.07961943325039158026e+02 1.83685794379873654561e-03
3.09928569243880722150e-02 4.03509748108416488321e+00 -1.91697341997473541531e-01 1.07958391312405822760e+02 2.00921053381149933292e-03
3.35746424916540803229e-02 4.03861676878976538774e+00 -1.91693485979475830572e-01 1.07954823699133783066e+02 2.18246053007668501869e-03
3.61561994761869162640e-02 4.04214524615270232033e+00 -1.91689419818325712530e-01 1.07951240435352943337e+02 2.35660858603950040119e-03
3.87375103022416650278e-02 4.04568293327246752966e+00 -1.91685142055018215013e-01 1.07947641471108994438e+02 2.53165533338957533804e-03
4.13185573957493418318e-02 4.04922985030940196793e+00 -1.91680651223248704751e-01 1.07944026756363555819e+02 2.70760138196108387371e-03
4.38993231844364839578e-02 4.05278601748484845757e+00 -1.91675945849370227281e-01 1.07940396240994104460e+02 2.88444731965575547686e-03
4.64797900979448119774e-02 4.05635145508213668109e+00 -1.91671024452745669686e-01 1.07936749874839080121e+02 3.06219369143812805353e-03
4.90599405679508632216e-02 4.05992618344393374485e+00 -1.91665885544401337626e-01 1.07933087607547065545e+02 3.24084106934248135715e-03
5.16397570282855211676e-02 4.06351022297606601086e+00 -1.91660527628694316027e-01 1.07929409388774601553e+02 3.42038996051576655796e-03
5.42192219150537807471e-02 4.06710359414549138535e+00 -1.91654949202262864238e-01 1.07925715168069217498e+02 3.60084086149021391846e-03
5.67983176667541181382e-02 4.07070631748095479452e+00 -1.91649148754209686096e-01 1.07922004894896119254e+02 3.78219424571812250571e-03
5.93770267243982005634e-02 4.07431841357313384577e+00 -1.91643124766069289366e-01 1.07918278518638473429e+02 3.96445056338219636860e-03
6.19553315316303740423e-02 4.07793990307479781166e+00 -1.91636875711761883734e-01 1.07914535988597705796e+02 4.14761024120382289920e-03
6.45332145348472135948e-02 4.08157080670096306108e+00 -1.91630400057557381821e-01 1.07910777253993714453e+02 4.33167368224033916962e-03
6.71106581833170040552e-02 4.08521114522904671418e+00 -1.91623696262032627846e-01 1.07907002263965310362e+02 4.51664126567331934009e-03
6.96876449292992278250e-02 4.08886093949902473810e+00 -1.91616762776033566773e-01 1.07903210967570544199e+02 4.70251334657950052082e-03
7.22641572281641081377e-02 4.09252021041359093090e+00 -1.91609598042632889303e-01 1.07899403313787004777e+02 4.88929025569651790756e-03
7.48401775385119094608e-02 4.09618897893595157456e+00 -1.91602200495855523599e-01 1.07895579251385271391e+02 5.07697236580341264289e-03
7.74156883222925085164e-02 4.09986726609839724489e+00 -1.91594568565049416797e-01 1.07891738729382637985e+02 5.26555985368058494106e-03
7.99906720449247571336e-02 4.10355509299099363574e+00 -1.91586700668827852878e-01 1.07887881696425210976e+02 5.45505302416952886357e-03
8.25651111754157757128e-02 4.10725248076874738246e+00 -1.91578595218710096004e-01 1.07884008101166742222e+02 5.64545211144010152665e-03
8.51389881864804548561e-02 4.11095945065014944930e+00 -1.91570250618227883033e-01 1.07880117892181203842e+02 5.83675732480432203630e-03
8.77122855546606100541e-02 4.11467602391731634981e+00 -1.91561665262879959881e-01 1.07876211017963058225e+02 6.02896884855491470290e-03
9.02849857604444694381e-02 4.11840222191615445979e+00 -1.91552837540090947765e-01 1.07872287426927485399e+02 6.22208684180758451326e-03
9.28570712883857868336e-02 4.12213806605650656678e+00 -1.91543765829165490988e-01 1.07868347067410638829e+02 6.41611143834662587399e-03
9.54285246272232184905e-02 4.12588357781231174215e+00 -1.91534448501246484797e-01 1.07864389887669844370e+02 6.61104274647478489663e-03
9.79993282699994638918e-02 4.12963877872176077233e+00 -1.91524883919268584798e-01 1.07860415835883941327e+02 6.80688084886842126320e-03
1.00569464714180475950e-01 4.13340369038743737917e+00 -1.91515070437915824186e-01 1.07856424860153282452e+02 7.00362580244059777790e-03
1.03138916461774601818e-01 4.13717833447649052658e+00 -1.91505006403573097007e-01 1.07852416908500174486e+02 7.20127763821162315827e-03
1.05707666019451862471e-01 4.14096273272077208816e+00 -1.91494690154284413763e-01 1.07848391928868934997e+02 7.39983636118937172788e-03
1.08275695898662718819e-01 4.14475690692222364930e+00 -1.91484120022771098224e-01 1.07844349869407963638e+02 7.59930178496967968088e-03
1.10842988615757503945e-01 4.14856087893381086928e+00 -1.91473294325108706060e-01 1.07840290677433571886e+02 7.79967413940906104802e-03
1.13409526692105272483e-01 4.15237467068645571544e+00 -1.91462211376397628548e-01 1.07836214300874402738e+02 8.00095322346720122519e-03
1.15975292654212733257e-01 4.15619830417249946919e+00 -1.91450869480918828280e-01 1.07832120687371485701e+02 8.20313893312987242601e-03
1.18540269033843417845e-01 4.16003180144977768862e+00 -1.91439266934391588704e-01 1.07828009784490021161e+02 8.40623113706212392315e-03
1.21104438368136405058e-01 4.16387518464177919242e+00 -1.91427402023927856201e-01 1.07823881539719906186e+02 8.61022967640653370813e-03
1.23667783199725281329e-01 4.16772847593779971476e+00 -1.91415273027985749499e-01 1.07819735900475848211e+02 8.81513436458010272989e-03
1.26230286076857156630e-01 4.17159169759309822467e+00 -1.91402878216325011973e-01 1.07815572814098118215e+02 9.02094498705932959504e-03
1.28791929553511097506e-01 4.17546487192905235730e+00 -1.91390215849958189587e-01 1.07811392227852564929e+02 9.22766130117727220727e-03
1.31352696189517337277e-01 4.17934802133331562146e+00 -1.91377284181107415462e-01 1.07807194088931183273e+02 9.43528303589688185915e-03
1.33912568550675792345e-01 4.18324116825997105451e+00 -1.91364081453154699641e-01 1.07802978344452625947e+02 9.64380989158147329532e-03
1.36471529208874592376e-01 4.18714433522968310086e+00 -1.91350605900596493214e-01 1.07798744941462189217e+02 9.85324153977971614604e-03
1.39029560742209123969e-01 4.19105754482986547771e+00 -1.91336855748997808346e-01 1.07794493826932807679e+02 1.00635776229642572022e-02
1.41586645735100435939e-01 4.19498081971482417174e+00 -1.91322829214942646825e-01 1.07790224947765082675e+02 1.02748177542942402407e-02
1.44142766778413616846e-01 4.19891418259715099026e+00 -1.91308524500283072545e-01 1.07785938250314913489e+02 1.04869618249190318937e-02
1.46697906469576699884e-01 4.20285765628064034161e+00 -1.91293939813408336859e-01 1.07781633682161185561e+02 1.07000088546662548705e-02
1.49252047412698846118e-01 4.20681126361421586779e+00 -1.91279073339118227404e-01 1.07777311189612674980e+02 1.09139586130983633899e-02
1.51805172218688999575e-01 4.21077502752121635154e+00 -1.91263923257525614297e-01 1.07772970719279484797e+02 1.11288105976997068330e-02
1.54357263505374042722e-01 4.21474897099263667855e+00 -1.91248487739515443673e-01 1.07768612217701104328e+02 1.13445642760436043311e-02
1.56908303897617312783e-01 4.21873311708727882774e+00 -1.91232764946687699981e-01 1.07764235631346252831e+02 1.15612190856282173734e-02
1.59458276027436895994e-01 4.22272748893190819075e+00 -1.91216753031312330924e-01 1.07759840906613675315e+02 1.17787744336731742961e-02
1.62007162534123755337e-01 4.22673210972140367403e+00 -1.91200450136276789426e-01 1.07755427989832256230e+02 1.19972296969511078163e-02
1.64554946064359886027e-01 4.23074700271891046555e+00 -1.91183854395034436013e-01 1.07750996827261602107e+02 1.22165842215934579429e-02
1.67101609272336831813e-01 4.23477219125599457783e+00 -1.91166963931555938805e-01 1.07746547365092183668e+02 1.24368373229211855169e-02
1.69647134819873285361e-01 4.23880769873279117377e+00 -1.91149776860273512558e-01 1.07742079549446046371e+02 1.26579882852643106628e-02
1.72191505376533410265e-01 4.24285354861815466876e+00 -1.91132291286032318656e-01 1.07737593326376867253e+02 1.28800363617912125291e-02
1.74734703619744774494e-01 4.24690976444981238558e+00 -1.91114505304036452760e-01 1.07733088641870494939e+02 1.31029807743491925887e-02
1.77276712234916367095e-01 4.25097636983451288017e+00 -1.91096416999796653302e-01 1.07728565441845262285e+02 1.33268207132904575873e-02
1.79817513915556254078e-01 4.25505338844817959654e+00 -1.91078024449077538138e-01 1.07724023672152469544e+02 1.35515553373337944293e-02
1.82357091363389622884e-01 4.25914084403605563978e+00 -1.91059325717841066439e-01 1.07719463278576611742e+02 1.37771837734049096974e-02
1.84895427288476549288e-01 4.26323876036389393107e+00 -1.91040318936746916778e-01 1.07714884207726143472e+02 1.40037044878204321174e-02
1.87432504409329458994e-01 4.26734716141953374091e+00 -1.91021002005317824812e-01 1.07710286403670892241e+02 1.42311176590685182358e-02
1.89968305453031172103e-01 4.27146607110324350032e+00 -1.91001373032443438893e-01 1.07705669812730292279e+02 1.44594218015927696713e-02
1.92502813155352114904e-01 4.27559551343917920718e+00 -1.90981430044442290761e-01 1.07701034380433313231e+02 1.46886159082357022759e-02
1.95036010260868170052e-01 4.27973551252157591307e+00 -1.90961171057576345467e-01 1.07696380052244919057e+02 1.49186989384997858998e-02
1.97567879523077832848e-01 4.28388609251490493079e+00 -1.90940594077994713063e-01 1.07691706773567162259e+02 1.51496698182722860232e-02
2.00098403704520089175e-01 4.28804727765401594297e+00 -1.90919697101679081142e-01 1.07687014489739283363e+02 1.53815274396395060968e-02
2.02627565576891321975e-01 4.29221909224428621599e+00 -1.90898478114389091864e-01 1.07682303146038236719e+02 1.56142706606323660584e-02
2.05155347921162689584e-01 4.29640156066177336669e+00 -1.90876935091610827611e-01 1.07677572687679628416e+02 1.58478983049549042306e-02
2.07681733527697698349e-01 4.30059470735336013547e+00 -1.90855065998496026269e-01 1.07672823059817815761e+02 1.60824091617863887405e-02
2.10206705196368998090e-01 4.30479855683689560664e+00 -1.90832868789811593846e-01 1.07668054207546589396e+02 1.63178019854972114477e-02
2.12730245736675399604e-01 4.30901313370134975145e+00 -1.90810341409883094110e-01 1.07663266075899912266e+02 1.65540754953944803385e-02
2.15252337967859502799e-01 4.31323846260695997756e+00 -1.90787481792536239844e-01 1.07658458609852331733e+02 1.67912283754625031584e-02
2.17772964719024048064e-01 4.31747456828536968487e+00 -1.90764287861044101735e-01 1.07653631754319647484e+02 1.70292592740965455234e-02
2.20292108829248989288e-01 4.32172147553977925583e+00 -1.90740757528070598026e-01 1.07648785454159408914e+02 1.72681668038065089243e-02
2.22809753147708622389e-01 4.32597920924509526941e+00 -1.90716888695613345783e-01 1.07643919654171952516e+02 1.75079495409214760948e-02
2.25325880533787908933e-01 4.33024779434806283973e+00 -1.90692679254946428902e-01 1.07639034299100359249e+02 1.77486060253212417359e-02
2.27840473857199465879e-01 4.33452725583834297396e+00 -1.90668127063834208501e-01 1.07634129332061505124e+02 1.79901359866910803831e-02
2.30353515998100027984e-01 4.33881761885921335420e+00 -1.90643230032915000915e-01 1.07629204700516822868e+02 1.82325356799870573477e-02
2.32864989847207326523e-01 4.34311890854944060436e+00 -1.90617986001882788738e-01 1.07624260347726291798e+02 1.84758045629187482584e-02
2.35374878305916024335e-01 4.34743115014440828503e+00 -1.90592392818413003397e-01 1.07619296218202507021e+02 1.87199410339573338313e-02
2.37883164286414594546e-01 4.35175436895204192922e+00 -1.90566448319154480018e-01 1.07614312256403593437e+02 1.89649434545922958295e-02
2.40389830711801560925e-01 4.35608859035294404549e+00 -1.90540150329665564088e-01 1.07609308406733461538e+02 1.92108101491765791147e-02
2.42894860516201405165e-01 4.36043383980052201565e+00 -1.90513496664356435373e-01 1.07604284613542105831e+02 1.94575394046909433410e-02
2.45398236644881417856e-01 4.36479014282113819689e+00 -1.90486485126426546843e-01 1.07599240821126628020e+02 1.97051294705461108037e-02
2.47899942054367217192e-01 4.36915752501423249043e+00 -1.90459113507804589371e-01 1.07594176973731435965e+02 1.99535785583709046609e-02
2.50399959712559072589e-01 4.37353601205247244366e+00 -1.90431379589085347792e-01 1.07589093015549266852e+02 2.02028848417994330577e-02
2.52898272598847562165e-01 4.37792562968187315420e+00 -1.90403281139469332528e-01 1.07583988890721272469e+02 2.04530464562978839260e-02
2.55394863704230257184e-01 4.38232640372193849032e+00 -1.90374815916698775231e-01 1.07578864543337957116e+02 2.07040614989509701160e-02
2.57889716031426352583e-01 4.38673836006579431768e+00 -1.90345981666994873427e-01 1.07573719917439760252e+02 2.09559280282797522066e-02
2.60382812594993184874e-01 4.39116152468031195610e+00 -1.90316776124995062913e-01 1.07568554957017411766e+02 2.12086440640603425545e-02
2.62874136421441917388e-01 4.39559592360624229457e+00 -1.90287197013687625624e-01 1.07563369606012528834e+02 2.14622075871577257244e-02
2.65363670549352448358e-01 4.40004158295835079429e+00 -1.90257242044347879562e-01 1.07558163808318639099e+02 2.17166165393326490718e-02
2.67851398029489484731e-01 4.40449852892553561645e+00 -1.90226908916474729550e-01 1.07552937507781294357e+02 2.19718688231045101988e-02
2.70337301924917894347e-01 4.40896678781500561684e+00 -1.90196195355107039449e-01 1.07547690650579511384e+02 2.22279602827707943591e-02
2.72821365311117669528e-01 4.41344638588415882907e+00 -1.90165098967943341224e-01 1.07542423176133127072e+02 2.24848924162956778638e-02
2.75303571276099334764e-01 4.41793734958251516076e+00 -1.90133617450552877548e-01 1.07537135030172109396e+02 2.27426612903909031171e-02
2.77783902920519187862e-01 4.42243970539697439648e+00 -1.90101748454840707714e-01 1.07531826156367571912e+02 2.30012646394439738973e-02
2.80262343357794374565e-01 4.42695347988923959548e+00 -1.90069489620627002369e-01 1.07526496498348166142e+02 2.32607001564468368615e-02
2.82738875714217352542e-01 4.43147869969591035044e+00 -1.90036838575581928934e-01 1.07521145999699427875e+02 2.35209654928392186690e-02
2.85213483129071798672e-01 4.43601539152862756055e+00 -1.90003792935159399047e-01 1.07515774603965553524e+02 2.37820582581609873962e-02
2.87686148754746129352e-01 4.44056358217418001288e+00 -1.89970350302531121311e-01 1.07510382254649329070e+02 2.40439760198210769615e-02
2.90156855756849185735e-01 4.44512329849463494469e+00 -1.89936508268522541432e-01 1.07504968895213906421e+02 2.43067163027387844743e-02
2.92625587314324475674e-01 4.44969456742744373656e+00 -1.89902264411545090850e-01 1.07499534469082419719e+02 2.45702765891257744746e-02
2.95092326619564693235e-01 4.45427741598557602742e+00 -1.89867616297528074565e-01 1.07494078919639875380e+02 2.48346543181229319208e-02
2.97557056878526016153e-01 4.45887187125761919049e+00 -1.89832561479854805553e-01 1.07488602190233379474e+02 2.50998468855431755564e-02
3.00019761310842958402e-01 4.46347796040791244820e+00 -1.89797097499294770140e-01 1.07483104224173501962e+02 2.53658516434497639802e-02
3.02480423149941946015e-01 4.46809571067664190736e+00 -1.89761221883933656196e-01 1.07477584964734319328e+02 2.56326659000111201081e-02
3.04939025643155781076e-01 4.47272514937996579221e+00 -1.89724932149110153690e-01 1.07472044355155347262e+02 2.59002869189407826378e-02
3.07395552051837939178e-01 4.47736630391012280228e+00 -1.89688225797345844104e-01 1.07466482338641682759e+02 2.61687119193258002636e-02
3.09849985651476145243e-01 4.48201920173554047011e+00 -1.89651100318276755186e-01 1.07460898858365354158e+02 2.64379380751393368298e-02
3.12302309731806226889e-01 4.48668387040094973628e+00 -1.89613553188587552478e-01 1.07455293857466188001e+02 2.67079625149598542944e-02
3.14752507596926411892e-01 4.49136033745600737888e+00 -1.89575581806486925807e-01 1.07449667275185007043e+02 2.69787858599614162325e-02
3.17200562565410182359e-01 4.49604863072935767576e+00 -1.89537183742562453936e-01 1.07444019061688280203e+02 2.72503986590589414307e-02
3.19646457970420572181e-01 4.50074877793383976154e+00 -1.89498356377950399887e-01 1.07438349156701448806e+02 2.75228009444546534157e-02
3.22090177159823132236e-01 4.50546080692016026603e+00 -1.89459097136585041810e-01 1.07432657503230331031e+02 2.77959896728279462486e-02
3.24531703496299839262e-01 4.51018474561580973159e+00 -1.89419403429071070422e-01 1.07426944044251513333e+02 2.80699617552309411972e-02
3.26971020357461672479e-01 4.51492062202515143099e+00 -1.89379272652609231820e-01 1.07421208722712918870e+02 2.83447140568720695741e-02
3.29408111135962355931e-01 4.51966846422951995521e+00 -1.89338702190924496049e-01 1.07415451481535072276e+02 2.86202433969189699858e-02
3.31842959239611323685e-01 4.52442830038732779485e+00 -1.89297689414191561141e-01 1.07409672263612279153e+02 2.88965465481534726500e-02
3.34275548091486185420e-01 4.52920015873413817076e+00 -1.89256231678959552234e-01 1.07403871011813137670e+02 2.91736202368525002204e-02
3.36705861130046413265e-01 4.53398406758275029915e+00 -1.89214326328078663586e-01 1.07398047668980922253e+02 2.94514611425469585715e-02
3.39133881809245474326e-01 4.53878005532330419669e+00 -1.89171970690623664213e-01 1.07392202177935672580e+02 2.97300658977212167722e-02
3.41559593598643573831e-01 4.54358815042334640566e+00 -1.89129162081818402719e-01 1.07386334481474079894e+02 3.00094310876960410073e-02
3.43982979983520398282e-01 4.54840838142792414089e+00 -1.89085897802957536573e-01 1.07380444522370879668e+02 3.02895532505049920602e-02
3.46404024464987525533e-01 4.55324077695965190316e+00 -1.89042175141332147170e-01 1.07374532243379448460e+02 3.05704288764446427407e-02
3.48822710560100557320e-01 4.55808536571879763244e+00 -1.88997991370149914792e-01 1.07368597587232827095e+02 3.08520544081750530685e-02
3.51239021801971362802e-01 4.56294217648334665682e+00 -1.88953343748456570328e-01 1.07362640496644416999e+02 3.11344262403950855500e-02
3.53652941739880488647e-01 4.56781123810909850391e+00 -1.88908229521057735578e-01 1.07356660914309841814e+02 3.14175407197191114417e-02
3.56064453939388791959e-01 4.57269257962368769199e+00 -1.88862646010882456737e-01 1.07350658787999648780e+02 3.17013891403651812406e-02
3.58473541982449628307e-01 4.57758622986562624391e+00 -1.88816590263706257646e-01 1.07344634050995878738e+02 3.19859769711368785439e-02
3.60880189467520207103e-01 4.58249221800582784425e+00 -1.88770059561190167718e-01 1.07338586650350549689e+02 3.22712960801937731592e-02
3.63284380009673946166e-01 4.58741057321225831345e+00 -1.88723051090687737874e-01 1.07332516528711366277e+02 3.25573426034888174785e-02
3.65686097240711160961e-01 4.59234132473102363292e+00 -1.88675562024945286943e-01 1.07326423628713143898e+02 3.28441126262099189481e-02
3.68085324809271363655e-01 4.59728450188645343388e+00 -1.88627589522027627744e-01 1.07320307892980551401e+02 3.31316021821853878837e-02
3.70482046380943785824e-01 4.60224013408115251167e+00 -1.88579130725236188137e-01 1.07314169264128523196e+02 3.34198072537603349530e-02
3.72876245638379399949e-01 4.60720825079606388641e+00 -1.88530182763035097926e-01 1.07308007684764262990e+02 3.37087237711656342865e-02
3.75267906281401164570e-01 4.61218888159049100750e+00 -1.88480742748961815902e-01 1.07301823097486504821e+02 3.39983476126160533148e-02
3.77657012027115768227e-01 4.61718205610218301871e+00 -1.88430807781559600533e-01 1.07295615444889008927e+02 3.42886746034342868028e-02
3.80043546610023985632e-01 4.62218780404736673262e+00 -1.88380374944288331296e-01 1.07289384669560419638e+02 3.45797005160733209039e-02
3.82427493782131422417e-01 4.62720615522077416415e+00 -1.88329441305447042865e-01 1.07283130714085245927e+02 3.48714210696151397095e-02
3.84808837313059592944e-01 4.63223713949572513116e+00 -1.88278003918096903391e-01 1.07276853521046987794e+02 3.51638319291925904864e-02
3.87187560990155776874e-01 4.63728078682412903078e+00 -1.88226059819976559995e-01 1.07270553033027482570e+02 3.54569287058215665276e-02
3.89563648618604152496e-01 4.64233712723652303112e+00 -1.88173606033420010020e-01 1.07264229192608496533e+02 3.57507069559895584998e-02
3.91937084021535264711e-01 4.64740619084212802647e+00 -1.88120639565282743444e-01 1.07257881942374396544e+02 3.60451621809121519613e-02
3.94307851040136658760e-01 4.65248800782885574279e+00 -1.88067157406852147883e-01 1.07251511224912121634e+02 3.63402898264696197494e-02
3.96675933533762792305e-01 4.65758260846334692928e+00 -1.88013156533772485268e-01 1.07245116982813300410e+02 3.66360852824442681519e-02
3.99041315380044780969e-01 4.66269002295145096326e+00 -1.87958633759468418667e-01 1.07238699151098813900e+02 3.69325518264638427701e-02
4.01403980475000310424e-01 4.66781028197526826062e+00 -1.87903586299027397510e-01 1.07232257686378545714e+02 3.72296700405937083800e-02
4.03763912733143492950e-01 4.67294341591627482302e+00 -1.87848010953013982993e-01 1.07225792524671632577e+02 3.75274420656198579027e-02
4.06121096087593724810e-01 4.67808945535577880293e+00 -1.87791904633241496514e-01 1.07219303608579025422e+02 3.78258630859439268224e-02
4.08475514490185875882e-01 4.68324843095386089686e+00 -1.87735264235413756850e-01 1.07212790880711295927e+02 3.81249282302475803186e-02
4.10827151911578702936e-01 4.68842037344935214094e+00 -1.87678086639040120343e-01 1.07206254283689446538e+02 3.84246325713044692418e-02
4.13175992341364761717e-01 4.69360531365984368080e+00 -1.87620368707343304626e-01 1.07199693760146217869e+02 3.87249711258213571985e-02
4.15522019788178931243e-01 4.69880328248166012628e+00 -1.87562107287171014880e-01 1.07193109252726770819e+02 3.90259388541331353473e-02
4.17865218279807715263e-01 4.70401431088987287410e+00 -1.87503299208909429696e-01 1.07186500704091116631e+02 3.93275306598550450365e-02
4.20205571863297211443e-01 4.70923842993826635706e+00 -1.87443941286388499057e-01 1.07179868056914500585e+02 3.96297413898795344855e-02
4.22543064605062523853e-01 4.71447567075932738589e+00 -1.87384030316793848137e-01 1.07173211253889178352e+02 3.99325658339660938267e-02
4.24877680590995954191e-01 4.71972606456422560939e+00 -1.87323563080575489215e-01 1.07166530237726078667e+02 4.02359987245483469165e-02
4.27209403926575026489e-01 4.72498964264275844727e+00 -1.87262536341351648606e-01 1.07159824951154760697e+02 4.05400347367630142781e-02
4.29538218736971288969e-01 4.73026643636335109022e+00 -1.87200946845821197817e-01 1.07153095336926313053e+02 4.08446684879131063917e-02
4.31864109167158116698e-01 4.73555647717300143285e+00 -1.87138791323666009436e-01 1.07146341337814078543e+02 4.11498945375677327441e-02
4.34187059382018403220e-01 4.74085979659722500656e+00 -1.87076066487455255904e-01 1.07139562896614251031e+02 4.14557073874739570596e-02
4.36507053566452751792e-01 4.74617642624003543972e+00 -1.87012769032554787563e-01 1.07132759956148547076e+02 4.17621014810894281011e-02
4.38824075925487055994e-01 4.75150639778386807421e+00 -1.86948895637028128514e-01 1.07125932459264888053e+02 4.20690712037791875177e-02
4.41138110684379691762e-01 4.75684974319367626094e+00 -1.86884443189085230896e-01 1.07119080359950714865e+02 4.23765985144604617751e-02
4.43449142088729597599e-01 4.76220649393002926075e+00 -1.86819407909656454159e-01 1.07112203580507028278e+02 4.26847006302691137081e-02
4.45757154404582744966e-01 4.76757668208881835170e+00 -1.86753786623560652513e-01 1.07105302073585463063e+02 4.29933609329335025828e-02
4.48062131918540051956e-01 4.77296033966609023480e+00 -1.86687575939274208459e-01 1.07098375782181420846e+02 4.33025735415444520959e-02
4.50364058937863631638e-01 4.77835749873607262828e+00 -1.86620772447556704243e-01 1.07091424649328502028e+02 4.36123325124735880531e-02
4.52662919790584206137e-01 4.78376819145101439545e+00 -1.86553372721347393570e-01 1.07084448618096132577e+02 4.39226318394668052703e-02
4.54958698825607410487e-01 4.78919245004115623487e+00 -1.86485373315678187867e-01 1.07077447631594267818e+02 4.42334654528820370167e-02
4.57251380412820318533e-01 4.79463030681465340876e+00 -1.86416770767580786128e-01 1.07070421632975879334e+02 4.45448272191472510739e-02
4.59540948943198301890e-01 4.80008179415741853546e+00 -1.86347561595987198935e-01 1.07063370565435477033e+02 4.48567109407008238198e-02
4.61827388828911278296e-01 4.80554694453309938496e+00 -1.86277742301642096345e-01 1.07056294372214964028e+02 4.51691103550559969193e-02
4.64110684503429071768e-01 4.81102579048287104513e+00 -1.86207309366996059952e-01 1.07049192996600510241e+02 4.54820191349973521056e-02
4.66390820421628160553e-01 4.81651836462544480355e+00 -1.86136259256129615869e-01 1.07042066381930766283e+02 4.57954308871204862630e-02
4.68667781059897148310e-01 4.82202469965682123387e+00 -1.86064588414641685077e-01 1.07034914471592159657e+02 4.61093391521802120625e-02
4.70941550916242568370e-01 4.82754482835025910958e+00 -1.85992293269559016977e-01 1.07027737209025659126e+02 4.64237374043372924559e-02
4.73212114510394632472e-01 4.83307878356308773249e+00 -1.85919370297417035909e-01 1.07020534537725467317e+02 4.67386190671302478861e-02
4.75479456383912424400e-01 4.83862659820929952303e+00 -1.85845815750923737397e-01 1.07013306401246580890e+02 4.70539774452499934276e-02
4.77743561100288705035e-01 4.84418830529932176177e+00 -1.85771626069565209960e-01 1.07006052743199632005e+02 4.73698058260452609103e-02
4.80004413245055938653e-01 4.84976393791391746646e+00 -1.85696797605143515408e-01 1.06998773507256856874e+02 4.76860974106401644401e-02
4.82261997425890265312e-01 4.85535352891199423198e+00 -1.85621326339417275220e-01 1.06991468620863642514e+02 4.80028644629386588849e-02
4.84516298272717305107e-01 4.86095711208165770501e+00 -1.85545209238924868611e-01 1.06984138058093520840e+02 4.83200644576930113394e-02
4.86767300437815575442e-01 4.86657472047078520916e+00 -1.85468442289518392618e-01 1.06976781748518732229e+02 4.86377071996283300015e-02
4.89014988595922406311e-01 4.87220638746439060895e+00 -1.85391021765406727173e-01 1.06969399636037707069e+02 4.89557856528271620467e-02
4.91259347444337080013e-01 4.87785214652320320283e+00 -1.85312943921271594538e-01 1.06961991664616434150e+02 4.92742927143217171460e-02
4.93500361703025469673e-01 4.88351203118346166576e+00 -1.85234204992167944548e-01 1.06954557778290521242e+02 4.95932212135966818400e-02
4.95738016114724178163e-01 4.88918607505667779378e+00 -1.85154801193410906146e-01 1.06947097921165337198e+02 4.99125639127087003533e-02
4.97972295445044454976e-01 4.89487431182949883635e+00 -1.85074728720484221745e-01 1.06939612037422605795e+02 5.02323135053662980787e-02
5.00203184482575280434e-01 4.90057677526336110674e+00 -1.84993983748913598530e-01 1.06932100071315616674e+02 5.05524626176863459137e-02
5.02430668038987948698e-01 4.90629349919435675531e+00 -1.84912562434173699533e-01 1.06924561967176828148e+02 5.08730038073144028021e-02
5.04654730949138929930e-01 4.91202451753295576964e+00 -1.84830460911581812011e-01 1.06916997669418051942e+02 5.11939295630751828314e-02
5.06875358071172565921e-01 4.91776986426371731653e+00 -1.84747675296171448567e-01 1.06909407122530538459e+02 5.15152323057981378907e-02
5.09092534286625153506e-01 4.92352957344510411275e+00 -1.84664201682602335808e-01 1.06901790271091172713e+02 5.18369043870944151697e-02
5.11306244500527418140e-01 4.92930367920908629742e+00 -1.84580036145028242300e-01 1.06894147059757443685e+02 5.21589380903707475201e-02
5.13516473641507098513e-01 4.93509221576102508067e+00 -1.84495174737011352617e-01 1.06886477433278884064e+02 5.24813256294502511468e-02
5.15723206661891864222e-01 4.94089521737920822630e+00 -1.84409613491379992256e-01 1.06878781336489240061e+02 5.28040591499691278066e-02
5.17926428537812011399e-01 4.94671271841467508068e+00 -1.84323348420133786840e-01 1.06871058714315651628e+02 5.31271307284193125553e-02
5.20126124269301826075e-01 4.95254475367667357233e+00 -1.84236375991418233067e-01 1.06863309532918194122e+02 5.34505062812850040288e-02
5.22322278880402501855e-01 4.95839135694249311115e+00 -1.84148691286229626574e-01 1.06855533698063766224e+02 5.37742263580777909993e-02
5.24514877419263836344e-01 4.96425256311887252991e+00 -1.84060290673877718914e-01 1.06847731173562380036e+02 5.40982598369687123219e-02
5.26703904958246260648e-01 4.97012840684534396019e+00 -1.83971170082960489012e-01 1.06839901904774052355e+02 5.44225984594684589202e-02
5.28889346594021980685e-01 4.97601892283252400517e+00 -1.83881325420773511503e-01 1.06832045837162269208e+02 5.47472338922629780944e-02
5.31071187447676895665e-01 4.98192414586187393155e+00 -1.83790752573227744726e-01 1.06824162916303123438e+02 5.50721577253629954174e-02
5.33249412664811961449e-01 4.98784411078525113936e+00 -1.83699447404727878030e-01 1.06816253087883168860e+02 5.53973614723578047792e-02
5.35424007415643554708e-01 4.99377885252451214626e+00 -1.83607405758055730605e-01 1.06808316297701466624e+02 5.57228365703491129723e-02
5.37594956895105391403e-01 4.99972840607120083689e+00 -1.83514623454289871329e-01 1.06800352491676335376e+02 5.60485743779172707058e-02
5.39762246322948779920e-01 5.00569280648606440565e+00 -1.83421096292672225481e-01 1.06792361615843717004e+02 5.63745661760091110182e-02
5.41925860943843207274e-01 5.01167208889872650701e+00 -1.83326820050516842153e-01 1.06784343616364651552e+02 5.67008031663546324674e-02
5.44085786027477369409e-01 5.01766628850715612487e+00 -1.83231790483098261335e-01 1.06776298439522321360e+02 5.70272764711480389943e-02
5.46242006868658758201e-01 5.02367544057728565576e+00 -1.83136003323538576470e-01 1.06768226031727991199e+02 5.73539771326988523370e-02
5.48394508787414136641e-01 5.02969958044264231489e+00 -1.83039454282721975042e-01 1.06760126339528525818e+02 5.76808961114857604580e-02
5.50543277129089347888e-01 5.03573874350370243036e+00 -1.82942139049160512609e-01 1.06751999309599341359e+02 5.80080242870745499406e-02
5.52688297264449235335e-01 5.04179296522756015264e+00 -1.82844053288912761213e-01 1.06743844888755077704e+02 5.83353524558237607200e-02
5.54829554589777229623e-01 5.04786228114744695006e+00 -1.82745192645475978965e-01 1.06735663023953705419e+02 5.86628713303894017139e-02
5.56967034526974602571e-01 5.05394672635391195570e+00 -1.82645552083094520057e-01 1.06727453634328156795e+02 5.89906075880997221583e-02
5.59100722523659832142e-01 5.06004633745788456878e+00 -1.82545128424949687496e-01 1.06719216719230743706e+02 5.93184845170275226733e-02
5.61230604053267856379e-01 5.06616114973970699253e+00 -1.82443916666214983602e-01 1.06710952201408886708e+02 5.96465244106453226780e-02
5.63356664615148439168e-01 5.07229119899060609811e+00 -1.82341912357639107656e-01 1.06702660028347807497e+02 5.99747177177032270157e-02
5.65478889734665535194e-01 5.07843652106514564792e+00 -1.82239111026732930609e-01 1.06694340147683817577e+02 6.03030548070415742257e-02
5.67597264963295100593e-01 5.08459715188050154211e+00 -1.82135508177617644332e-01 1.06685992507199699730e+02 6.06315259691274296983e-02
5.69711775878724790978e-01 5.09077312741611009983e+00 -1.82031099290945963531e-01 1.06677617054840695232e+02 6.09601214137706556850e-02
5.71822408084950328799e-01 5.09696448371282873069e+00 -1.81925879823758462894e-01 1.06669213738706076811e+02 6.12888312711561689117e-02
5.73929147212374757281e-01 5.10317125687239681042e+00 -1.81819845209351488302e-01 1.06660782507056509871e+02 6.16176455924397556418e-02
5.76031978917906362092e-01 5.10939348305679352791e+00 -1.81712990857193557037e-01 1.06652323308317448891e+02 6.19465543474787411204e-02
5.78130888885055260751e-01 5.11563119848747316354e+00 -1.81605312152751580124e-01 1.06643836091077290007e+02 6.22755474277256193538e-02
5.80225862824032101450e-01 5.12188443944484728121e+00 -1.81496804457416949230e-01 1.06635320804098910230e+02 6.26046146433412858956e-02
5.82316886471844319395e-01 5.12815324226737700997e+00 -1.81387463108345914353e-01 1.06626777396311851476e+02 6.29337457252827497944e-02
5.84403945592394169495e-01 5.13443764335105434782e+00 -1.81277283418357637590e-01 1.06618205816826218779e+02 6.32629303240714035983e-02
5.86487025976574760655e-01 5.14073767914847845617e+00 -1.81166260675793056034e-01 1.06609606014925589079e+02 6.35921580106612455152e-02
5.88566113442367422337e-01 5.14705338616820107234e+00 -1.81054390144390869866e-01 1.06600977940076177219e+02 6.39214182765159288913e-02
5.90641193834937960894e-01 5.15338480097392093171e+00 -1.80941667063160005480e-01 1.06592321541927816497e+02 6.42507005336746955804e-02
5.92712253026733248973e-01 5.15973196086742369459e+00 -1.80828087563372957858e-01 1.06583636808133206841e+02 6.45799435217599832049e-02
5.94779276917577259809e-01 5.16609490124469505901e+00 -1.80713645120802707256e-01 1.06574923618184072893e+02 6.49092309972249537076e-02
5.96842251434767101514e-01 5.17247365943373349495e+00 -1.80598335711200819187e-01 1.06566181955681528848e+02 6.52385073700062073643e-02
5.98901162533168496260e-01 5.17886827221208001504e+00 -1.80482154475260420101e-01 1.06557411771123227595e+02 6.55677616317574540883e-02
6.00955996195312258656e-01 5.18527877640838941176e+00 -1.80365096528498330963e-01 1.06548613015215551059e+02 6.58969826847467243791e-02
6.03006738431488664709e-01 5.19170520890147191295e+00 -1.80247156961150595267e-01 1.06539785638874164420e+02 6.62261593408679516415e-02
6.05053375279843597134e-01 5.19814760661938013442e+00 -1.80128330838042471918e-01 1.06530929593227767782e+02 6.65552803218200095259e-02
6.07095892806472914316e-01 5.20460600653870208987e+00 -1.80008613198533784505e-01 1.06522044829634864982e+02 6.68843342551849601163e-02
6.09134277105518040507e-01 5.21108044568309658473e+00 -1.79887999056297764877e-01 1.06513131299659832507e+02 6.72133096797210699558e-02
6.11168514299259779676e-01 5.21757096112291307577e+00 -1.79766483399334986437e-01 1.06504188955110222992e+02 6.75421950377459168191e-02
6.13198590538213572643e-01 5.22407758997378302013e+00 -1.79644061189778825316e-01 1.06495217748018973225e+02 6.78709786788245644784e-02
6.15224492001223088877e-01 5.23060036939578054671e+00 -1.79520727363835452817e-01 1.06486217630658615008e+02 6.81996488562649494369e-02
6.17246204895555039549e-01 5.23713933659223496164e+00 -1.79396476831630985460e-01 1.06477188555538916148e+02 6.85281937285621423062e-02
6.19263715456992658304e-01 5.24369452880872621847e+00 -1.79271304477137488620e-01 1.06468130475414625380e+02 6.88566013566231094334e-02
6.21277009949929293064e-01 5.25026598333199423507e+00 -1.79145205158058318240e-01 1.06459043343291639871e+02 6.91848597031553824710e-02
6.23286074667462219878e-01 5.25685373748884110512e+00 -1.79018173705731808987e-01 1.06449927112432334297e+02 6.95129566310650065519e-02
6.25290895931486012671e-01 5.26345782864487787833e+00 -1.78890204925019863369e-01 1.06440781736355759790e+02 6.98408799027173121665e-02
6.27291460092785357894e-01 5.27007829326176580054e+00 -1.78761292292025447681e-01 1.06431607116450777539e+02 7.01686894213516682006e-02
6.29287753531128202233e-01 5.27671517053739336234e+00 -1.78631432993635069773e-01 1.06422403304572853244e+02 7.04962376686665836978e-02
6.31279762655358012147e-01 5.28336849711412348540e+00 -1.78500620600259729542e-01 1.06413170208735166966e+02 7.08235761210345149408e-02
6.33267473903487365661e-01 5.29003831049889949867e+00 -1.78368849807249763018e-01 1.06403907783429588108e+02 7.11506922711898082134e-02
6.35250873742789323728e-01 5.29672464823129374167e+00 -1.78236115282749157940e-01 1.06394615983429872585e+02 7.14775735175365301011e-02
6.37229948669889467716e-01 5.30342754788162107360e+00 -1.78102411667432569686e-01 1.06385294763765941184e+02 7.18042071719947744279e-02
6.39204685210858825073e-01 5.31014704705028517395e+00 -1.77967733574560305065e-01 1.06375944079767734252e+02 7.21305804500922687073e-02
6.41175069921305018639e-01 5.31688318336592757873e+00 -1.77832075589720528530e-01 1.06366563887045657566e+02 7.24566804785035517567e-02
6.43141089386463082889e-01 5.32363599448379165580e+00 -1.77695432270725095503e-01 1.06357154141483633225e+02 7.27824942940797636748e-02
6.45102730221288278578e-01 5.33040551808495166597e+00 -1.77557798147564754876e-01 1.06347714799282670128e+02 7.31080088395533733703e-02
6.47059979070545909785e-01 5.33719179187406211895e+00 -1.77419167722186410519e-01 1.06338245816924299447e+02 7.34332109692329149109e-02
6.49012822608903250376e-01 5.34399485357824843845e+00 -1.77279535468428922629e-01 1.06328747151198953702e+02 7.37580874459243945873e-02
6.50961247541019139007e-01 5.35081474094528530827e+00 -1.77138895831853160345e-01 1.06319218759197212876e+02 7.40826249436052630681e-02
6.52905240601636016606e-01 5.35765149174209920346e+00 -1.76997243229638001605e-01 1.06309660598320974145e+02 7.44068100466708515217e-02
6.54844788555668411156e-01 5.36450514375329312600e+00 -1.76854572050503533465e-01 1.06300072626298018008e+02 7.47306292476259959034e-02
6.56779878198294642111e-01 5.37137573477886220985e+00 -1.76710876654439269506e-01 1.06290454801153529729e+02 7.50540689555791867837e-02
6.58710496355045971306e-01 5.37826330380699069167e+00 -1.76566153039047102347e-01 1.06280807147007536173e+02 7.53770224601122279529e-02
6.60636629881896420002e-01 5.38516788647143052060e+00 -1.76420392388169616771e-01 1.06271129499750671243e+02 7.56996500517461007318e-02
6.62558265665352030815e-01 5.39208952164791188721e+00 -1.76273590454096934499e-01 1.06261421876567638378e+02 7.60218553408557040640e-02
6.64475390622540684760e-01 5.39902824718444840357e+00 -1.76125741484223996558e-01 1.06251684236955256324e+02 7.63436242060394482101e-02
6.66387991701300586023e-01 5.40598410093607739668e+00 -1.75976839697025877474e-01 1.06241916540771015320e+02 7.66649424205164409241e-02
6.68296055880269523897e-01 5.41295712076255597367e+00 -1.75826879281901382601e-01 1.06232118748217175153e+02 7.69857956545198368614e-02
6.70199570168973357553e-01 5.41994734452703497141e+00 -1.75675854399146291751e-01 1.06222290819882644541e+02 7.73061694705259316862e-02
6.72098521607914500819e-01 5.42695481009365732206e+00 -1.75523759179858768187e-01 1.06212432716727363413e+02 7.76260493222302033756e-02
6.73992897268660184906e-01 5.43397955532527721090e+00 -1.75370587725743820595e-01 1.06202544400075368003e+02 7.79454205593353988135e-02
6.75882684253930277052e-01 5.44102161808217221761e+00 -1.75216334109197013902e-01 1.06192625831667243119e+02 7.82642684167556557107e-02
6.77767869697685210184e-01 5.44808103621886541390e+00 -1.75060992373041818260e-01 1.06182676973608366211e+02 7.85825780231806936271e-02
6.79648440765214134629e-01 5.45515784758294497436e+00 -1.74904556530602023345e-01 1.06172697788432557786e+02 7.89003343910239934855e-02
6.81524384653221182440e-01 5.46225209001171840839e+00 -1.74747020565422600535e-01 1.06162688239047199090e+02 7.92175224261673777137e-02
6.83395688589913286037e-01 5.46936380133110588986e+00 -1.74588378431443563832e-01 1.06152648288806503274e+02 7.95341269122871175057e-02
6.85262339835087441742e-01 5.47649301935238419503e+00 -1.74428624052708286518e-01 1.06142577901467504375e+02 7.98501325213998580654e-02
6.87124325680216641032e-01 5.48363978187017675481e+00 -1.74267751323399028296e-01 1.06132477041219161151e+02 8.01655238061783625980e-02
6.88981633448537245101e-01 5.49080412515740157176e+00 -1.74105751933879671078e-01 1.06122345587857481064e+02 8.04804074629074522873e-02
6.90834250495134805092e-01 5.49798608977635527850e+00 -1.73942623789485356633e-01 1.06112183664959118801e+02 8.07945389010610304226e-02
6.92682164207029549274e-01 5.50518571212574592266e+00 -1.73778358762807033644e-01 1.06101991162943534164e+02 8.11080108921480996687e-02
6.94525362003264090660e-01 5.51240302990517694326e+00 -1.73612950623722867016e-01 1.06091768047609605219e+02 8.14208077324291151777e-02
6.96363831334987137822e-01 5.51963808078468254337e+00 -1.73446393111467811465e-01 1.06081514285219739691e+02 8.17329136159430230668e-02
6.98197559685539759222e-01 5.52689090240155245226e+00 -1.73278679934538215601e-01 1.06071229842483290895e+02 8.20443126347156492795e-02
7.00026534570540759361e-01 5.53416153235756080875e+00 -1.73109804770553737940e-01 1.06060914686565823217e+02 8.23549887815239189948e-02
7.01850743537971277775e-01 5.54145000821642597089e+00 -1.72939761266228980707e-01 1.06050568785115785886e+02 8.26649259466455121892e-02
7.03670174168260054159e-01 5.54875636750008194298e+00 -1.72768543037181282473e-01 1.06040192106227351587e+02 8.29741079237975853733e-02
7.05484814074367139192e-01 5.55608064768658671539e+00 -1.72596143667990892245e-01 1.06029784618499704152e+02 8.32825184021774578280e-02
7.07294650901869381698e-01 5.56342288620666014509e+00 -1.72422556711987640110e-01 1.06019346291022998230e+02 8.35901409739388812081e-02
7.09099672329043584362e-01 5.57078312043994028357e+00 -1.72247775691107718465e-01 1.06008877093351998155e+02 8.38969591378479068178e-02
7.10899866066950880672e-01 5.57816138771274605546e+00 -1.72071794095998292784e-01 1.05998376995569486780e+02 8.42029562891060540109e-02
7.12695219859520112671e-01 5.58555772529394545245e+00 -1.71894605385733673097e-01 1.05987845968246489292e+02 8.45081157313726238911e-02
7.14485721483631763817e-01 5.59297217039236826963e+00 -1.71716202987894112075e-01 1.05977283982493858616e+02 8.48124206682272924196e-02
7.16271358749200004468e-01 5.60040476015216270866e+00 -1.71536580298208229944e-01 1.05966691009902760356e+02 8.51158542196780026901e-02
7.18052119499257623936e-01 5.60785553362528155219e+00 -1.71355733569467511002e-01 1.05956067135132542489e+02 8.54182355290291212002e-02
7.19827991610036854730e-01 5.61532452412566840394e+00 -1.71173650720796377556e-01 1.05945412120589438132e+02 8.57198545077491047550e-02
7.21598962991052972349e-01 5.62281177033425461076e+00 -1.70990327621566462479e-01 1.05934726039129671449e+02 8.60205483310224616744e-02
7.23365021585186451780e-01 5.63031730910738925644e+00 -1.70805757545319930601e-01 1.05924008864743555591e+02 8.63202994483277252780e-02
7.25126155368765124010e-01 5.63784117716558252908e+00 -1.70619933714549365522e-01 1.05913260572039447993e+02 8.66190901809853613935e-02
7.26882352351645444344e-01 5.64538341130478471541e+00 -1.70432849379016482239e-01 1.05902481136131200401e+02 8.69169027593019588585e-02
7.28633600577295093004e-01 5.65294404806962891286e+00 -1.70244497697693536464e-01 1.05891670532799196280e+02 8.72137192665820293325e-02
7.30379888122873355272e-01 5.66052312396468249034e+00 -1.70054871817834157843e-01 1.05880828738432668956e+02 8.75095216691556820887e-02
7.32121203099313277995e-01 5.66812067539548714024e+00 -1.69863964854971516427e-01 1.05869955729998196148e+02 8.78042918147819984043e-02
7.33857533651401716668e-01 5.67573673866591832393e+00 -1.69671769893136287211e-01 1.05859051485143254467e+02 8.80980114184547330458e-02
7.35588867957860936819e-01 5.68337134997231352429e+00 -1.69478279984603907860e-01 1.05848115982122052969e+02 8.83906620748681343125e-02
7.37315194231428105986e-01 5.69102454539973390268e+00 -1.69283488150088506918e-01 1.05837149199848212788e+02 8.86822252458719512136e-02
7.39036500718936339993e-01 5.69869636091701270431e+00 -1.69087387378566378349e-01 1.05826151117884521113e+02 8.89726822691749297256e-02
7.40752775701394416963e-01 5.70638683237279575877e+00 -1.68889970627559060645e-01 1.05815121716495397663e+02 8.92620143412471422906e-02
7.42464007494066491333e-01 5.71409599548965907445e+00 -1.68691230822902882291e-01 1.05804060976595849297e+02 8.95502025294740572336e-02
7.44170184446551918889e-01 5.72182388586054280211e+00 -1.68491160858995264737e-01 1.05792968879838966245e+02 8.98372277577794836612e-02
7.45871294942864193622e-01 5.72957053628066148576e+00 -1.68289749693983803347e-01 1.05781845255283954543e+02 9.01232945749840391736e-02
7.47567327401510439699e-01 5.73733598704530489698e+00 -1.68086997480667604821e-01 1.05770690372543839430e+02 9.04079642350809342677e-02
7.49258270275569682184e-01 5.74512027096518540503e+00 -1.67882893542829619848e-01 1.05759504079593497750e+02 9.06914163170575854389e-02
7.50944112052772227983e-01 5.75292342305522819146e+00 -1.67677430642196145794e-01 1.05748286360678733331e+02 9.09736315754038765702e-02
7.52624841255577603505e-01 5.76074547817283733053e+00 -1.67470601508363403642e-01 1.05737037200746982535e+02 9.12545906635826853393e-02
7.54300446441252492313e-01 5.76858647101253296796e+00 -1.67262398838840503634e-01 1.05725756585474258031e+02 9.15342741330749526396e-02
7.55970916201949338920e-01 5.77644643610083186047e+00 -1.67052815299302603869e-01 1.05714444501312712532e+02 9.18126624206697383723e-02
7.57636239164782954170e-01 5.78432540779032056122e+00 -1.66841843523498872814e-01 1.05703100935500884816e+02 9.20897358558459694367e-02
7.59296403991909008013e-01 5.79222342025114045327e+00 -1.66629476112785585018e-01 1.05691725875931510359e+02 9.23654746901185486063e-02
7.60951399380600634892e-01 5.80014050746918652379e+00 -1.66415705637151023488e-01 1.05680319311415317429e+02 9.26398590412359779211e-02
7.62601214063325594239e-01 5.80807670323587466044e+00 -1.66200524634321222806e-01 1.05668881231466386339e+02 9.29128689477674435393e-02
7.64245836807822653824e-01 5.81603204114362348776e+00 -1.65983925610202837087e-01 1.05657411626426466000e+02 9.31844843474958772767e-02
7.65885256417178750254e-01 5.82400655457768134937e+00 -1.65765901038680329993e-01 1.05645910487386046839e+02 9.34546850932899408892e-02
7.67519461729904151071e-01 5.83200027671244836114e+00 -1.65546443362291351153e-01 1.05634377806375439945e+02 9.37234509189588116396e-02
7.69148441620009615249e-01 5.84001324050127301746e+00 -1.65325544991448109000e-01 1.05622813576186516116e+02 9.39907614891600795559e-02
7.70772184997081555302e-01 5.84804548192487505531e+00 -1.65103203072604509671e-01 1.05611217980012099815e+02 9.42563201402667194539e-02
7.72390680806357088350e-01 5.85609702738716197956e+00 -1.64879401009321246985e-01 1.05599590657883481981e+02 9.45206243020616093675e-02
7.74003918028800530493e-01 5.86416791202562581731e+00 -1.64654135364628917415e-01 1.05587931773187747808e+02 9.47834074640767493269e-02
7.75611885681177226637e-01 5.87225816784848309027e+00 -1.64427398431000654222e-01 1.05576241322569373438e+02 9.50446484525744039740e-02
7.77214572816129045663e-01 5.88036782660698342795e+00 -1.64199182470202847961e-01 1.05564519303567919906e+02 9.53043259740359305354e-02
7.78811968522248321278e-01 5.88849691978876155218e+00 -1.63969479713854504599e-01 1.05552765714707007305e+02 9.55624185909459272770e-02
7.80404061924152570029e-01 5.89664547860900434273e+00 -1.63738282363198234259e-01 1.05540980555466845203e+02 9.58189047436260044055e-02
7.81990842182558654194e-01 5.90481353400121555808e+00 -1.63505582589361375678e-01 1.05529163826244840152e+02 9.60737627442627417640e-02
7.83572298494356056509e-01 5.91300111661114513595e+00 -1.63271372533858039056e-01 1.05517315528512924061e+02 9.63269707578264938741e-02
7.85148420092680932036e-01 5.92120825678609907783e+00 -1.63035644308424154669e-01 1.05505435664715847111e+02 9.65785068219723319416e-02
7.86719196246989271870e-01 5.92943498456738016245e+00 -1.62798389995753356452e-01 1.05493524238366276791e+02 9.68283488153540150556e-02
7.88284616263129733760e-01 5.93768132968012807282e+00 -1.62559601649033880211e-01 1.05481581253998754732e+02 9.70764744964637688041e-02
7.89844669483416361722e-01 5.94594732152446692197e+00 -1.62319271292783423588e-01 1.05469606717214617220e+02 9.73228614673774250488e-02
7.91399345286702082802e-01 5.95423298916634635702e+00 -1.62077390922893499470e-01 1.05457600634720677135e+02 9.75674871845400304426e-02
7.92948633088449872375e-01 5.96253836132627679234e+00 -1.61833952506746980848e-01 1.05445563014258780754e+02 9.78103289656209601288e-02
7.94492522340805029657e-01 5.97086346229855102763e+00 -1.61588942074198521626e-01 1.05433493624347093487e+02 9.80517107455981390407e-02
7.96031002532667897320e-01 5.97920832771017529694e+00 -1.61342362628947882941e-01 1.05421392924811897274e+02 9.82909590076121025826e-02
7.97564063189764360651e-01 5.98757298157372730429e+00 -1.61094200786384866841e-01 1.05409260713674086674e+02 9.85283595194478001300e-02
7.99091693874717567958e-01 5.99595745112412803479e+00 -1.60844448393989869484e-01 1.05397097002896046547e+02 9.87638895620838314082e-02
8.00613884187118873825e-01 6.00436176319774261856e+00 -1.60593097271365919942e-01 1.05384901805523711005e+02 9.89975263256151760682e-02
8.02130623763599115428e-01 6.01278594422435208600e+00 -1.60340139211129772967e-01 1.05372675135895931930e+02 9.92292468765278989906e-02
8.03641902277898334539e-01 6.02123002021331910072e+00 -1.60085565978803301412e-01 1.05360417009527566279e+02 9.94590281841294943099e-02
8.05147709440937053849e-01 6.02969401674086480369e+00 -1.59829369312872948683e-01 1.05348127443074687903e+02 9.96868471383109411299e-02
8.06648035000885443857e-01 6.03817795893975262089e+00 -1.59571540925486060614e-01 1.05335806454458307257e+02 9.99126805310640020430e-02
8.08142868743233711015e-01 6.04668187148698521582e+00 -1.59312072503019069858e-01 1.05323454062890320415e+02 1.00136505046412360720e-01
8.09632200490861042574e-01 6.05520577858945419081e+00 -1.59050955705778485072e-01 1.05311070288794354610e+02 1.00358297302382520888e-01
8.11116020104105994726e-01 6.06374970397281742862e+00 -1.58788182169109420849e-01 1.05298655153937090745e+02 1.00578033811396821973e-01
8.12594317480834105183e-01 6.07231367086505358088e+00 -1.58523743502879677081e-01 1.05286208681263943276e+02 1.00795691037359580466e-01
8.14067082556508059277e-01 6.08089770198826151670e+00 -1.58257631293253653304e-01 1.05273730895242138672e+02 1.01011245319299183820e-01
8.15534305304254858449e-01 6.08950181953838942661e+00 -1.57989837101490226967e-01 1.05261221821508883068e+02 1.01224672971273937927e-01
8.16995975734935098167e-01 6.09812605038344646147e+00 -1.57720359884669591999e-01 1.05248681799278472226e+02 1.01435508431538215501e-01
8.18452083897210691532e-01 6.10677040588120778608e+00 -1.57449177225990083473e-01 1.05236110273093459000e+02 1.01644556925998566510e-01
8.19902619877612370836e-01 6.11543491119598492389e+00 -1.57176287237835471400e-01 1.05223507549673200856e+02 1.01851400723084323241e-01
8.21347573800607411165e-01 6.12411958629366104390e+00 -1.56901681402155573908e-01 1.05210873660842210597e+02 1.02056015126264498782e-01
8.22786935828667020942e-01 6.13282445054581604182e+00 -1.56625351181042593574e-01 1.05198208640130729918e+02 1.02258375278216406823e-01
8.24220696162332733259e-01 6.14154952270787912738e+00 -1.56347288016530694410e-01 1.05185512522459816864e+02 1.02458456209325213249e-01
8.25648845040284129482e-01 6.15029482090260160021e+00 -1.56067483330806389130e-01 1.05172785344167692756e+02 1.02656232864368424096e-01
8.27071372739403898322e-01 6.15906036261299494328e+00 -1.55785928529442091461e-01 1.05160027143631964464e+02 1.02851679951051433459e-01
8.28488269574845448417e-01 6.16784616464989454698e+00 -1.55502614998581117911e-01 1.05147237960392061495e+02 1.03044772148629143471e-01
8.29899525900098078424e-01 6.17665224314679495166e+00 -1.55217534108729904307e-01 1.05134417835938350549e+02 1.03235483926645638109e-01
8.31305132107052369150e-01 6.18547861353386618788e+00 -1.54930677213577894236e-01 1.05121566813276658081e+02 1.03423789660313750205e-01
8.32705078626066685921e-01 6.19432529052437175210e+00 -1.54642035652284265401e-01 1.05108684937267000237e+02 1.03609663541577801116e-01
8.34099355926031127417e-01 6.20319228809225542420e+00 -1.54351600749287221070e-01 1.05095772254459944861e+02 1.03793079639626514843e-01
8.35487954514433028841e-01 6.21207961945317244101e+00 -1.54059363815644806417e-01 1.05082828813170465310e+02 1.03974011871831528708e-01
8.36870864937421798935e-01 6.22098729704499397997e+00 -1.53765316149924280431e-01 1.05069854663550358964e+02 1.04152434003741134472e-01
8.38248077779872757809e-01 6.22991532572499373543e+00 -1.53469439633840659676e-01 1.05056849443978620684e+02 1.04328889281185235860e-01
8.39619583665451307830e-01 6.23886372901345609421e+00 -1.53171743216767991536e-01 1.05043813982409190544e+02 1.04502281573755240185e-01
8.40985373256677326559e-01 6.24783251086561364218e+00 -1.52872209765459621256e-01 1.05030747967783142371e+02 1.04673092362011596612e-01
8.42345437254987894349e-01 6.25682168037830344076e+00 -1.52570830522631845083e-01 1.05017651456826996537e+02 1.04841295776427465003e-01
8.43699766400801687283e-01 6.26583124576889538559e+00 -1.52267596724712905853e-01 1.05004524508706751362e+02 1.05006865727721401815e-01
8.45048351473580483528e-01 6.27486121433765209332e+00 -1.51962499598497363662e-01 1.04991367184201408236e+02 1.05169776175769572046e-01
8.46391183291893445251e-01 6.28391159245186869953e+00 -1.51655530365366025825e-01 1.04978179546241136677e+02 1.05330000945101420751e-01
8.47728252713479291103e-01 6.29298238551761279780e+00 -1.51346680240887210278e-01 1.04964961659727350707e+02 1.05487513821821851656e-01
8.49059550635307469513e-01 6.30207359795254173918e+00 -1.51035940435883947464e-01 1.04951713591459608210e+02 1.05642288564676292695e-01
8.50385067993641552420e-01 6.31118523317075919010e+00 -1.50723302159801342270e-01 1.04938435410840611439e+02 1.05794298780240395019e-01
8.51704795764099964472e-01 6.32031729353743454425e+00 -1.50408756618417543960e-01 1.04925127188770332509e+02 1.05943518141831630186e-01
8.53018724961718044497e-01 6.32946978035580976041e+00 -1.50092295017541815794e-01 1.04911788998569662112e+02 1.06089920251274338892e-01
8.54326846641008552652e-01 6.33864269383632006338e+00 -1.49773908564310359592e-01 1.04898420915853847646e+02 1.06233478647342990953e-01
8.55629151896023509849e-01 6.34783603306487709261e+00 -1.49453588467897052761e-01 1.04885023018398840122e+02 1.06374166853516471942e-01
8.56925631860413927754e-01 6.35704980393739660371e+00 -1.49131336657349122810e-01 1.04871595881124434868e+02 1.06511297414854794186e-01
8.58216277707490537985e-01 6.36628398828414798771e+00 -1.48807124203655743999e-01 1.04858138660023982425e+02 1.06646085428975204157e-01
8.59501080650284077223e-01 6.37553858872065237762e+00 -1.48480951912542902260e-01 1.04844651879283290441e+02 1.06777914209887067609e-01
8.60780031941604684143e-01 6.38481359954628224784e+00 -1.48152811032813608305e-01 1.04831135626785354020e+02 1.06906756224318014170e-01
8.62053122874101962481e-01 6.39410901378693274921e+00 -1.47822692826149432177e-01 1.04817589993258764025e+02 1.07032583763381330955e-01
8.63320344780323600808e-01 6.40342482315028771467e+00 -1.47490588566708047402e-01 1.04804015071648379376e+02 1.07155369079264525811e-01
8.64581689032775213555e-01 6.41276101800174558321e+00 -1.47156489544835289429e-01 1.04790410957826679805e+02 1.07275084275172988280e-01
8.65837147043978516692e-01 6.42211758728533954610e+00 -1.46820387106722211046e-01 1.04776777750481699059e+02 1.07391701345673121204e-01
8.67086710266529503421e-01 6.43149451863915899708e+00 -1.46482272503212357373e-01 1.04763115550517028396e+02 1.07505192218987757902e-01
8.68330370193157397019e-01 6.44089179813382717299e+00 -1.46142137121242465803e-01 1.04749424462293063698e+02 1.07615528647563962750e-01
8.69568118356782493450e-01 6.45030941037606098121e+00 -1.45799972332255611818e-01 1.04735704592482349540e+02 1.07722682387331306075e-01
8.70799946330572671727e-01 6.45974733844020398976e+00 -1.45455769534488799088e-01 1.04721956050843971298e+02 1.07826625042799717491e-01
8.72025845728002679813e-01 6.46920556383147182800e+00 -1.45109520156631560672e-01 1.04708178950536719753e+02 1.07927327984996129784e-01
8.73245808202909201690e-01 6.47868406642616001534e+00 -1.44761215655116348699e-01 1.04694373407055024927e+02 1.08024762669971824414e-01
8.74459825449549366105e-01 6.48818282444712579604e+00 -1.44410847521797558457e-01 1.04680539539457953424e+02 1.08118900318381061521e-01
8.75667889202656035685e-01 6.49770180375127726080e+00 -1.44058393556954794645e-01 1.04666676791963496385e+02 1.08210577984279784913e-01
8.76869991237495205461e-01 6.50724099908843722773e+00 -1.43703871157082302412e-01 1.04652786559616714612e+02 1.08298138858935036333e-01
8.78066123369920736863e-01 6.51680037394130362571e+00 -1.43347259641360968985e-01 1.04638868368733923830e+02 1.08382327846586440367e-01
8.79256277456431312167e-01 6.52637989941904539393e+00 -1.42988550643608686164e-01 1.04624922350397639548e+02 1.08463116967129097334e-01
8.80440445394225390530e-01 6.53597954472282260951e+00 -1.42627735839995856137e-01 1.04610948638279054990e+02 1.08540478453306526996e-01
8.81618619121255608917e-01 6.54559927712736921990e+00 -1.42264806960815559655e-01 1.04596947370773591501e+02 1.08614384207842015750e-01
8.82790790616284959391e-01 6.55523906188229599223e+00 -1.41899755781769415508e-01 1.04582918688113494454e+02 1.08684806550814000436e-01
8.83956951898940523904e-01 6.56489886220751017731e+00 -1.41532574139519612411e-01 1.04568862735580196954e+02 1.08751717452917728846e-01
8.85117095029768430337e-01 6.57457863919947893550e+00 -1.41163253924843579146e-01 1.04554779661124626955e+02 1.08815089181939217422e-01
8.86271212110287143204e-01 6.58427835178797771221e+00 -1.40791787090819908723e-01 1.04540669616313650181e+02 1.08874894011569259278e-01
8.87419295283041753564e-01 6.59399795669091393080e+00 -1.40418165658072580104e-01 1.04526532757267503371e+02 1.08931104124221439511e-01
8.88561336731657602783e-01 6.60373740833001043882e+00 -1.40042381713710029079e-01 1.04512369243191272972e+02 1.08983691917875352706e-01
8.89697328680893129160e-01 6.61349665878517622986e+00 -1.39664427418641184930e-01 1.04498179237506377603e+02 1.09032629794363594700e-01
8.90827263396692936581e-01 6.62327565772259774235e+00 -1.39284295009203945570e-01 1.04483962907408752585e+02 1.09077890315651973574e-01
8.91951133186240308071e-01 6.63307436512935044703e+00 -1.38901992519346567656e-01 1.04469721258460864988e+02 1.09118430409127484260e-01
8.93068930398010163429e-01 6.64289270165920164857e+00 -1.38517482758405974241e-01 1.04455452903656620833e+02 1.09156133202712363195e-01
8.94180647421820240517e-01 6.65273062074575260993e+00 -1.38130772304191989930e-01 1.04441158764596707442e+02 1.09190062791586064983e-01
8.95286276688883719821e-01 6.66258806175420215112e+00 -1.37741853764043270525e-01 1.04426839026461294679e+02 1.09220190643268266761e-01
8.96385810671860183696e-01 6.67246496130029864702e+00 -1.37350719845577590172e-01 1.04412493879457514367e+02 1.09246488235726066374e-01
8.97479241884907241733e-01 6.68236125316871465429e+00 -1.36957363362828349329e-01 1.04398123518544863941e+02 1.09268926981644975971e-01
8.98566562883731378975e-01 6.69227686823384360082e+00 -1.36561777240253034993e-01 1.04383728143463756055e+02 1.09287478304097837589e-01
8.99647766265638582084e-01 6.70221173436641581844e+00 -1.36163954515155005698e-01 1.04369307957987587088e+02 1.09302113825785543466e-01
9.00722844669584632449e-01 6.71216577638936762185e+00 -1.35763888351363659623e-01 1.04354863172572933649e+02 1.09312804846310646090e-01
9.01791790776225510307e-01 6.72213891594415002828e+00 -1.35361572036398147834e-01 1.04340394001289865855e+02 1.09319522890651624203e-01
9.02854597307967132735e-01 6.73213107143276001665e+00 -1.34956998990430704355e-01 1.04325900663899588494e+02 1.09322239520056083140e-01
9.03911257029014647557e-01 6.74214215792519855341e+00 -1.34550162774561804513e-01 1.04311383385843328142e+02 1.09320926190385775412e-01
9.04961762745422060306e-01 6.75217208705911264843e+00 -1.34141057095721633052e-01 1.04296842397893797738e+02 1.09315554345878987452e-01
9.06006107305140861996e-01 6.76222076693906970490e+00 -1.33729675809539982900e-01 1.04282277935968920701e+02 1.09306095664470609430e-01
9.07044283598068878938e-01 6.77228810205970610525e+00 -1.33316012935710270781e-01 1.04267690242736449591e+02 1.09292521496427416650e-01
9.08076284556099455614e-01 6.78237397588003254612e+00 -1.32900042678504137772e-01 1.04253078403213095271e+02 1.09276133820060059043e-01
9.09102103153167639960e-01 6.79247831779721700229e+00 -1.32481797055598926605e-01 1.04238444851282650916e+02 1.09254399386000414229e-01
9.10121732405300032376e-01 6.80260100537917633545e+00 -1.32061252666684364465e-01 1.04223788812755159938e+02 1.09228481835402679856e-01
9.11135165370661193052e-01 6.81274192752248808347e+00 -1.31638404206735948332e-01 1.04209110551440048198e+02 1.09198354915624004646e-01
9.12142395149601159510e-01 6.82290096897845010915e+00 -1.31213246572390140887e-01 1.04194410339079269079e+02 1.09163992079825300507e-01
9.13143414884702742107e-01 6.83307801018028104778e+00 -1.30785774854591668737e-01 1.04179688451862176635e+02 1.09125367530181566211e-01
9.14138217760827709313e-01 6.84327292718267177207e+00 -1.30355984418222548005e-01 1.04164945175303955693e+02 1.09082455157806387791e-01
9.15126797005163528098e-01 6.85348559149234581866e+00 -1.29923870680225012064e-01 1.04150180799375874585e+02 1.09035229391578489255e-01
9.16109145887269216146e-01 6.86371586992802473759e+00 -1.29489429445904358218e-01 1.04135395621181245929e+02 1.08983665067741569699e-01
9.17085257719121638154e-01 6.87396362453335640907e+00 -1.29052656709486013309e-01 1.04120589946232371403e+02 1.08927737024487478190e-01
9.18055125855160469861e-01 6.88422871238689104700e+00 -1.28613548709174435603e-01 1.04105764085661306240e+02 1.08867420659808950001e-01
9.19018743692333606177e-01 6.89451098551153140903e+00 -1.28172101946420674556e-01 1.04090918359987966824e+02 1.08802691342464924462e-01
9.19976104670142347253e-01 6.90481029067423879297e+00 -1.27728313186009245772e-01 1.04076053095708402907e+02 1.08733525123064722617e-01
9.20927202270686140473e-01 6.91512646925810958720e+00 -1.27282179471941120363e-01 1.04061168627154174260e+02 1.08659898419000408576e-01
9.21872030018706323240e-01 6.92545937786208032350e+00 -1.26833720639610264547e-01 1.04046266738932160933e+02 1.08580240288716919905e-01
9.22810581481630642919e-01 6.93580880764412999184e+00 -1.26382891859768309306e-01 1.04031345077283376099e+02 1.08497444716073448978e-01
9.23742850269617443715e-01 6.94617460139110054484e+00 -1.25929711323740506357e-01 1.04016405284990568703e+02 1.08410100328070788112e-01
9.24668830035598299233e-01 6.95655657738793031797e+00 -1.25474177344033016590e-01 1.04001447734247790322e+02 1.08318182628727263661e-01
9.25588514475321866293e-01 6.96695454765016375376e+00 -1.25016288563764121911e-01 1.03986472802919664105e+02 1.08221668178974647634e-01
9.26501897327396517490e-01 6.97736831781432798039e+00 -1.24556043988540227074e-01 1.03971480879974706113e+02 1.08120533361780041259e-01
9.27408972373333306827e-01 6.98779768690905722650e+00 -1.24093442988416499673e-01 1.03956472363048504803e+02 1.08014755221631800208e-01
9.28309733437587714100e-01 6.99824244719056309805e+00 -1.23628485324873291229e-01 1.03941447660949521037e+02 1.07904310618020707335e-01
9.29204174387602388485e-01 7.00870238389189026407e+00 -1.23161171148587295088e-01 1.03926407190568696137e+02 1.07789177434321328808e-01
9.30092289133848337812e-01 7.01917727507239863627e+00 -1.22691501035920400020e-01 1.03911351381325303578e+02 1.07669333144573164951e-01
9.30974071629866561928e-01 7.02966689132797295514e+00 -1.22219475981961894773e-01 1.03896280670280432901e+02 1.07544756430935320446e-01
9.31849515872309464015e-01 7.04017099564994364158e+00 -1.21745097439604085809e-01 1.03881195508286296558e+02 1.07415425652205950846e-01
9.32718615900981373734e-01 7.05068934312219219862e+00 -1.21268367319870562504e-01 1.03866096355210672186e+02 1.07281320037345098695e-01
9.33581365798879514450e-01 7.06122168074657441394e+00 -1.20789288024655994125e-01 1.03850983684832272047e+02 1.07142418676402326194e-01
9.34437759692233416153e-01 7.07176772245381979332e+00 -1.20307837555304913968e-01 1.03835856199350558882e+02 1.07000479223698180542e-01
9.35287791750546215752e-01 7.08232724467983487671e+00 -1.19824066394592573803e-01 1.03820717740899581827e+02 1.06852127074412772689e-01
9.36131456186633403860e-01 7.09289994644261145851e+00 -1.19337956048001861409e-01 1.03805567227422656629e+02 1.06698942052508280454e-01
9.36968747256662348732e-01 7.10348553968948603909e+00 -1.18849511011558342521e-01 1.03790405179080593712e+02 1.06540907495464215460e-01
9.37799659260191820209e-01 7.11408372687931667144e+00 -1.18358736356584073879e-01 1.03775232125446024156e+02 1.06378007819281569790e-01
9.38624186540210181384e-01 7.12469420077818416104e+00 -1.17865637761943198303e-01 1.03760048612177328664e+02 1.06210227855853281409e-01
9.39442323483174468457e-01 7.13531664415782440614e+00 -1.17370221542110783619e-01 1.03744855201429587055e+02 1.06037552508474505752e-01
9.40254064519048693427e-01 7.14595072932447550329e+00 -1.16872494682202607286e-01 1.03729652458969482609e+02 1.05859969546517704297e-01
9.41059404121340592475e-01 7.15659611801230433059e+00 -1.16372464725693000598e-01 1.03714440976701126829e+02 1.05677465272541432073e-01
9.41858336807141038882e-01 7.16725246093219237054e+00 -1.15870140046024625025e-01 1.03699221354996168998e+02 1.05490028060618981631e-01
9.42650857137159903232e-01 7.17791939746123830446e+00 -1.15365529699844482359e-01 1.03683994211888446557e+02 1.05297646828525992557e-01
9.43436959715763689971e-01 7.18859655522990781407e+00 -1.14858643489508360780e-01 1.03668760177783795484e+02 1.05100312038362411760e-01
9.44216639191012285792e-01 7.19928354987303098511e+00 -1.14349492017765466678e-01 1.03653519904787586370e+02 1.04898013846304982710e-01
9.44989890254695485972e-01 7.20997998449355481654e+00 -1.13838086678425001730e-01 1.03638274055666002482e+02 1.04690744965132961908e-01
9.45756707642368521505e-01 7.22068544938292866675e+00 -1.13324439717380168191e-01 1.03623023312856972211e+02 1.04478498502120861757e-01
9.46517086133388918512e-01 7.23139955364727970988e+00 -1.12808593887134753220e-01 1.03607770803245571756e+02 1.04259052112612604635e-01
9.47271020550951026173e-01 7.24212180018631190848e+00 -1.12290507073834838758e-01 1.03592512678733882581e+02 1.04036592529685154029e-01
9.48018505762121987956e-01 7.25285176703382550301e+00 -1.11770221066361488682e-01 1.03577251847511575988e+02 1.03809116540733215039e-01
9.48759536677876158528e-01 7.26358898891795767838e+00 -1.11247751841598851996e-01 1.03561989069313810319e+02 1.03576619422673987803e-01
9.49494108253130075781e-01 7.27433298547704332293e+00 -1.10723116376552591089e-01 1.03546725119249714453e+02 1.03339098729881742611e-01
9.50222215486776988769e-01 7.28508326095095082309e+00 -1.10196332730257182120e-01 1.03531460801708902864e+02 1.03096551081072254630e-01
9.50943853421720053376e-01 7.29583930343976394539e+00 -1.09667420023060416256e-01 1.03516196932546691301e+02 1.02848976686195331398e-01
9.51659017144907415364e-01 7.30660058464119188670e+00 -1.09136398539664100649e-01 1.03500934359210830848e+02 1.02596374759676312038e-01
9.52367701787364628885e-01 7.31736655908233135648e+00 -1.08603289716941608933e-01 1.03485673943487171300e+02 1.02338747649347847068e-01
9.53069902524227741125e-01 7.32813666369382943344e+00 -1.08068116217579571203e-01 1.03470416571953563789e+02 1.02076098671798190520e-01
9.53765614574776932066e-01 7.33891031728887544006e+00 -1.07530901985926824471e-01 1.03455163160724296745e+02 1.01808431378453953520e-01
9.54454833202468377884e-01 7.34968691977744992272e+00 -1.06991672255861564045e-01 1.03439914641092698844e+02 1.01535752577060017776e-01
9.55137553714966891505e-01 7.36046585178777590386e+00 -1.06450453641866268906e-01 1.03424671978500825276e+02 1.01258069217124394013e-01
9.55813771464177897030e-01 7.37124647388611453636e+00 -1.05907274167825152245e-01 1.03409436161874907611e+02 1.00975390077925816779e-01
9.56483481846278404959e-01 7.38202812590682810878e+00 -1.05362163314013573823e-01 1.03394208203181023009e+02 1.00687726261368709624e-01
9.57146680301749208652e-01 7.39281008628341052002e+00 -1.04815118503733220590e-01 1.03378985936647254107e+02 1.00397744851566939062e-01
9.57803362315405748539e-01 7.40359172725604430809e+00 -1.04266236127691785951e-01 1.03363776486744384897e+02 1.00100427110938819397e-01
9.58453523416427977111e-01 7.41437228633526945742e+00 -1.03715519860807667274e-01 1.03348578070336714063e+02 9.97981944785612112847e-02
9.59097159178392222323e-01 7.42515101362470897328e+00 -1.03163005593494797041e-01 1.03333391815440876371e+02 9.94910668059487968140e-02
9.59734265219300386462e-01 7.43592713489486456524e+00 -1.02608730954147506220e-01 1.03318218879093265627e+02 9.91790674932104404649e-02
9.60364837201609811146e-01 7.44669985085804508884e+00 -1.02052735417071258062e-01 1.03303060454297394699e+02 9.88622201214315737827e-02
9.60988870832263142319e-01 7.45746833625188099148e+00 -1.01495060321194430220e-01 1.03287917763659535808e+02 9.85405523749260658928e-02
9.61606361862717418099e-01 7.46823173901223924531e+00 -1.00935748968345548326e-01 1.03272792062454641382e+02 9.82140937973593475263e-02
9.62217306088972823552e-01 7.47898917949300834351e+00 -1.00374846696646147226e-01 1.03257684647910096487e+02 9.78828757721698500260e-02
9.62821699351601556494e-01 7.48973974940832487590e+00 -9.98124009388217242611e-02 1.03242596848161809930e+02 9.75469328197254015311e-02
9.63419537535776138171e-01 7.50048251087940975879e+00 -9.92484612844715397006e-02 1.03227530022031416479e+02 9.72063038768879450480e-02
9.64010816571297390887e-01 7.51121649574590843912e+00 -9.86830796266377346937e-02 1.03212485583372242104e+02 9.68610269583950467265e-02
9.64595532432621638463e-01 7.52194070420871696570e+00 -9.81163101580842939020e-02 1.03197464972593635935e+02 9.65111461314274721168e-02
9.65173681138889238973e-01 7.53265410395911150232e+00 -9.75482094992650289322e-02 1.03182469670987657651e+02 9.61567081093354092403e-02
9.65745258753950674979e-01 7.54335562923511115940e+00 -9.69788368030520542273e-02 1.03167501211963937635e+02 9.57977609256681350569e-02
9.66310261386393642979e-01 7.55404422681581078081e+00 -9.64082894246123534021e-02 1.03152565197063523783e+02 9.54313615736631232211e-02
9.66868685189569476712e-01 7.56471867066547520864e+00 -9.58365638679299497449e-02 1.03137655611418878721e+02 9.50632638134071422664e-02
9.67420526361620347622e-01 7.57537783052504032355e+00 -9.52637599515045591092e-02 1.03122777760932208935e+02 9.46907980654281555832e-02
9.67965781145503245675e-01 7.58602049488777652186e+00 -9.46899477755784035882e-02 1.03107933354186442898e+02 9.43140253874698852865e-02
9.68504445829016735736e-01 7.59664541316782848668e+00 -9.41152004732244973351e-02 1.03093124160810177159e+02 9.39330095218890714914e-02
9.69036516744826603720e-01 7.60725129392274990181e+00 -9.35395942337547275924e-02 1.03078351985863179152e+02 9.35478201003572540362e-02
9.69561990270489948429e-01 7.61783680396919571365e+00 -9.29632084830156746325e-02 1.03063618702393469562e+02 9.31585275849809157922e-02
9.70080862828479939530e-01 7.62840056675532629527e+00 -9.23861259277226204434e-02 1.03048926227013325274e+02 9.27652089294409010201e-02
9.70593130886211241659e-01 7.63894116117746335703e+00 -9.18084327147022094540e-02 1.03034276536905764488e+02 9.23679438165656702120e-02
9.71098790956062218882e-01 7.64945712016791468102e+00 -9.12302185300366413889e-02 1.03019671669943178927e+02 9.19668162518901682878e-02
9.71597839595400469825e-01 7.65994692903542517826e+00 -9.06515766875166106864e-02 1.03005113705637256771e+02 9.15619172832123212613e-02
9.72090273406605143158e-01 7.67040902454259487797e+00 -9.00726043424720790309e-02 1.02990604814335952710e+02 9.11533372999772661949e-02
9.72576089037090585343e-01 7.68084179276799439151e+00 -8.94934025003391725450e-02 1.02976147201225614936e+02 9.07411760877126355451e-02
9.73055283179328878163e-01 7.69124356800466735251e+00 -8.89140762075012053289e-02 1.02961743145024101409e+02 9.03255376033526985458e-02
9.73527852570872820337e-01 7.70161263120628802881e+00 -8.83347347016043837886e-02 1.02947394999229118184e+02 8.99065282434358264974e-02
9.73993793994377243806e-01 7.71194720822017565354e+00 -8.77554914834614424590e-02 1.02933105176218049337e+02 8.94842623220150901187e-02
9.74453104277621995344e-01 7.72224541234566430603e+00 -8.71764272749184221389e-02 1.02918870997723089999e+02 8.90622406285779127932e-02
9.74905780293532697733e-01 7.73250546129622673419e+00 -8.65977359093587778505e-02 1.02904704827599331907e+02 8.86341246642884245110e-02
9.75351818960202621156e-01 7.74272535526711180864e+00 -8.60195102559833252309e-02 1.02890604609214463494e+02 8.82031482458349447295e-02
9.75791217240913111297e-01 7.75290308372243153201e+00 -8.54418823544753625043e-02 1.02876573033599768792e+02 8.77694506684918579476e-02
9.76223972144155016650e-01 7.76303657342950259590e+00 -8.48649892423687934873e-02 1.02862612897248098420e+02 8.73331731298241792372e-02
9.76650080723648006398e-01 7.77312368598128156094e+00 -8.42889730436179179796e-02 1.02848727047466340423e+02 8.68944676397862686423e-02
9.77069540078361775670e-01 7.78316221668178176429e+00 -8.37139811844509335037e-02 1.02834918430910093434e+02 8.64534896489181636792e-02
9.77482347352534808316e-01 7.79314989259706525360e+00 -8.31401664819959584918e-02 1.02821190068394216155e+02 8.60104030994765372808e-02
9.77888499735694360915e-01 7.80308437109788499697e+00 -8.25676873221416474102e-02 1.02807545074894079562e+02 8.55653773580932336396e-02
9.78287994462675891683e-01 7.81296323810301984736e+00 -8.19967077821135426063e-02 1.02793986649442445014e+02 8.51185890592189159376e-02
9.78680828813640935060e-01 7.82278400646397109597e+00 -8.14273977618510808041e-02 1.02780518075732814509e+02 8.46702230671685790453e-02
9.79067000114096308572e-01 7.83254411443185638575e+00 -8.08599331332359588798e-02 1.02767142727209815689e+02 8.42204715252979352336e-02
9.79446505734912542529e-01 7.84224092432287989141e+00 -8.02944959030501975716e-02 1.02753864087273910854e+02 8.37695313175650657644e-02
9.79819343092340866441e-01 7.85187172062944238604e+00 -7.97312742655816586446e-02 1.02740685709794945524e+02 8.33176115022024599277e-02
9.80185509648031860763e-01 7.86143370903288030149e+00 -7.91704628080133337997e-02 1.02727611260955214334e+02 8.28649259300190121902e-02
9.80545002909051777173e-01 7.87092401486121229226e+00 -7.86122625525879498154e-02 1.02714644494625247262e+02 8.24116977954852253374e-02
9.80897820427900302143e-01 7.88033968192623213156e+00 -7.80568812180254534283e-02 1.02701789276679022578e+02 8.19581570259936414979e-02
9.81243959802526766190e-01 7.88967773309359365896e+00 -7.75045687897571999869e-02 1.02689055811490490555e+02 8.15009875539358524810e-02
9.81583418676346575182e-01 7.89893492756898130125e+00 -7.69554775500147641987e-02 1.02676436205488272435e+02 8.10472781231082878284e-02
9.81916194738257197550e-01 7.90810811525053392046e+00 -7.64098687904431889129e-02 1.02663940344351530598e+02 8.05939857417383026528e-02
9.82242285722654373536e-01 7.91719400435932563198e+00 -7.58679775145534168734e-02 1.02651572522530415199e+02 8.01413699377750143871e-02
9.82561689409446659127e-01 7.92618921703604950579e+00 -7.53300456548535446455e-02 1.02639337094334479161e+02 7.96897059513542865838e-02
9.82874403624071413255e-01 7.93509028970336149911e+00 -7.47963222255032811336e-02 1.02627238541314525833e+02 7.92392738757270592709e-02
9.83180426237509119680e-01 7.94389367278793745442e+00 -7.42670633005511338087e-02 1.02615281450973967026e+02 7.87903631191985975857e-02
9.83479755166297819891e-01 7.95259573059280189256e+00 -7.37425319952334790141e-02 1.02603470483806987090e+02 7.83432745333132729559e-02
9.83772388372547657021e-01 7.96119274240341567861e+00 -7.32229985075603662104e-02 1.02591810440068911703e+02 7.78983146465565268191e-02
9.84058323863954753641e-01 7.96968090254591032817e+00 -7.27087400151197882359e-02 1.02580306184808605963e+02 7.74558014925116888882e-02
9.84337559693814090345e-01 7.97805632231834227497e+00 -7.22000406346005874081e-02 1.02568962732021418560e+02 7.70160577829125392313e-02
9.84610093961033494558e-01 7.98631503033594558616e+00 -7.16971913997479087799e-02 1.02557785136366675260e+02 7.65794198091200861711e-02
9.84875924810146630151e-01 7.99445297538844901197e+00 -7.12004899668487040154e-02 1.02546778581932429120e+02 7.61462294324590227568e-02
9.85135050431324765796e-01 8.00246602836993048413e+00 -7.07102406035914204940e-02 1.02535948355680361033e+02 7.57168351602452993632e-02
9.85387469060390319697e-01 8.01034998476099424636e+00 -7.02267539255492512229e-02 1.02525299816681467746e+02 7.52915946195335389346e-02
9.85633178978827628747e-01 8.01810056765616785412e+00 -6.97503466104433672568e-02 1.02514838374006160393e+02 7.48708798569850814131e-02
9.85872178513795716093e-01 8.02571343243480050944e+00 -6.92813412949180029710e-02 1.02504569589186729672e+02 7.44550590135033413253e-02
9.86104466038138838258e-01 8.03318417008258123246e+00 -6.88200661051468348672e-02 1.02494499071548872848e+02 7.40445117891745940852e-02
9.86330039970398142479e-01 8.04050831182892444815e+00 -6.83668542854921207352e-02 1.02484632453622197090e+02 7.36396299798861286856e-02
9.86548898774822102808e-01 8.04768133553157127835e+00 -6.79220439142912274511e-02 1.02474975495419656113e+02 7.32408038113013387660e-02
9.86761040961377400293e-01 8.05469867077706069836e+00 -6.74859773347234320751e-02 1.02465533976740289290e+02 7.28484328727010549409e-02
9.86966465085758248854e-01 8.06155570588152414757e+00 -6.70590006943029698361e-02 1.02456313729284829606e+02 7.24629202644505449049e-02
9.87165169749397164445e-01 8.06824772598575279403e+00 -6.66414296957362067841e-02 1.02447312694456499571e+02 7.20884630440029594567e-02
9.87357153599473957861e-01 8.07477019393664718905e+00 -6.62336820934040226838e-02 1.02438552160505651045e+02 7.17180850603529457254e-02
9.87542415328925060614e-01 8.08111835506860742839e+00 -6.58360797432727545830e-02 1.02430030578489663640e+02 7.13558019539705656875e-02
9.87720953676452295689e-01 8.08728751193962303034e+00 -6.54489777138099332321e-02 1.02421753854927175098e+02 7.10020327592567196406e-02
9.87892767426531648312e-01 8.09327296903404302952e+00 -6.50727315872783040884e-02 1.02413727897335064654e+02 7.06571939049505104435e-02
9.88057855409421592618e-01 8.09907004360406368448e+00 -6.47076965660729613861e-02 1.02405958621973653067e+02 7.03216999016133548217e-02
9.88216216501170752196e-01 8.10467407639313286438e+00 -6.43542265376267075272e-02 1.02398451872159697018e+02 6.99959674904562928477e-02
9.88367849623625893685e-01 8.11008044398213456816e+00 -6.40126731694222600444e-02 1.02391213452047438182e+02 6.96804112078577980727e-02
9.88512753744439143233e-01 8.11528457134999037237e+00 -6.36833849411620328551e-02 1.02384249116530156698e+02 6.93754402576278739190e-02
9.88650927877074869876e-01 8.12028194476378217814e+00 -6.33667061020943139793e-02 1.02377564534765014059e+02 6.90814587216811853976e-02
9.88782371080816346876e-01 8.12506812513869824954e+00 -6.30629755654707330192e-02 1.02371165249781782336e+02 6.87988684543580364394e-02
9.88907082460772635102e-01 8.12963876264733364962e+00 -6.27725258741189118261e-02 1.02365056735492402140e+02 6.85280599785189903361e-02
9.89025061167884578239e-01 8.13398961059656677719e+00 -6.24956820399821255663e-02 1.02359244323518794317e+02 6.82694138532136118869e-02
9.89136306398929687766e-01 8.13811653970831727634e+00 -6.22327603027192019503e-02 1.02353733143871735933e+02 6.80233092197374406007e-02
9.89240817396528693273e-01 8.14201555404169852181e+00 -6.19840671383320163113e-02 1.02348528241743693457e+02 6.77901015820673580325e-02
9.89338593449150427439e-01 8.14568280450772164158e+00 -6.17498978643364407337e-02 1.02343634393260458637e+02 6.75701461584753138023e-02
9.89429633891116377953e-01 8.14911460514786512022e+00 -6.15305356910285511374e-02 1.02339056259002319393e+02 6.73637698452753813649e-02
9.89513938102605350444e-01 8.15230744612556357254e+00 -6.13262502910537701806e-02 1.02334798154936308379e+02 6.71713001647246676917e-02
9.89591505509657798356e-01 8.15525801022276830565e+00 -6.11372969207304300943e-02 1.02330864282983171165e+02 6.69930328216576803646e-02
9.89662335584179708725e-01 8.15796318529574548961e+00 -6.09639150625464060207e-02 1.02327258516617959572e+02 6.68292524383845287783e-02
9.89726427843945932850e-01 8.16042007850172090855e+00 -6.08063276020833834434e-02 1.02323984461505617105e+02 6.66802233526878340708e-02
9.89783781852604072071e-01 8.16262602912553525414e+00 -6.06647395108038112177e-02 1.02321045433406411007e+02 6.65461898792867601049e-02
9.89834397219676587198e-01 8.16457862091543695726e+00 -6.05393371099729182827e-02 1.02318444462128255168e+02 6.64273695134979386134e-02
9.89878273600564240198e-01 8.16627569291283172959e+00 -6.04302870346161841164e-02 1.02316184225001705954e+02 6.63239630935622548336e-02
9.89915410696548092595e-01 8.16771535032757434180e+00 -6.03377355320714389708e-02 1.02314267111359754381e+02 6.62361401937160143572e-02
9.89945808254791503877e-01 8.16889597314159310315e+00 -6.02618076445989928058e-02 1.02312695145584484635e+02 6.61640489355583838460e-02
9.89969466068341796827e-01 8.16981622387114470030e+00 -6.02026065700755341759e-02 1.02311469958300108374e+02 6.61078162451698841950e-02
