00000000000000000000 3.98329490310164580080e+00 -5.75823888774856573747e-01 00000000000000000108 9.38547152247210564304e-24
2.58315720529896097890e-03 3.98443827077704559869e+00 -5.75821801847504644023e-01 1.07998865934577708003e+02 1.65588375323976854780e-04
5.16629682395841009074e-03 3.98558582591848331589e+00 -5.75819144649536207581e-01 1.07997708695368984877e+02 3.37822058647205681996e-04
7.74940126945856955221e-03 3.98673757231712277971e+00 -5.75815915427253410819e-01 1.07996528249211777961e+02 5.16704005688710019638e-04
1.03324529555191297475e-02 3.98789351374051914689e+00 -5.75812112415708066138e-01 1.07995324563234063930e+02 7.02237017952016370943e-04
1.29154342962189676997e-02 3.98905365393294486509e+00 -5.75807733839170943213e-01 1.07994097604878319885e+02 8.94423714131762389971e-04
1.54983277061159028382e-02 3.99021799661548559612e+00 -5.75802777911778806974e-01 1.07992847341913545733e+02 1.09326649181264168309e-03
1.80811156003663868475e-02 3.99138654548540650069e+00 -5.75797242836224243412e-01 1.07991573742408249359e+02 1.29876759464238864840e-03
2.06637803948452533631e-02 3.99255930421631344274e+00 -5.75791126804308439624e-01 1.07990276774746277511e+02 1.51092907902282825965e-03
2.32463045062654173611e-02 3.99373627645794471164e+00 -5.75784427996599790234e-01 1.07988956407622765710e+02 1.72975282921060879646e-03
2.58286703522975918945e-02 3.99491746583723950081e+00 -5.75777144587011124877e-01 1.07987612610109323441e+02 1.95524030775615174221e-03
2.84108603516900135033e-02 3.99610287595481583622e+00 -5.75769274729601043816e-01 1.07986245351471424669e+02 2.18739326173891714816e-03
3.09928569243880722150e-02 3.99729251038889676906e+00 -5.75760816574146350177e-01 1.07984854601387866069e+02 2.42621288220720970202e-03
3.35746424916540803229e-02 3.99848637269294160390e+00 -5.75751768257474316748e-01 1.07983440329830642668e+02 2.67170026675175907929e-03
3.61561994761869162640e-02 3.99968446639600827552e+00 -5.75742127905329303950e-01 1.07982002507092460064e+02 2.92385631580782722264e-03
3.87375103022416650278e-02 4.00088679500263566524e+00 -5.75731893632420832496e-01 1.07980541103788155510e+02 3.18268172673444186063e-03
4.13185573957493418318e-02 4.00209336199271970003e+00 -5.75721063542522948353e-01 1.07979056090856175842e+02 3.44817698509519840119e-03
4.38993231844364839578e-02 4.00330417081954959002e+00 -5.75709635708866573900e-01 1.07977547439460551004e+02 3.72034341554888705467e-03
4.64797900979448119774e-02 4.00451922491569245466e+00 -5.75697608237497826522e-01 1.07976015121317701073e+02 3.99917977194888182857e-03
4.90599405679508632216e-02 4.00573852768511606826e+00 -5.75684979186106282611e-01 1.07974459108278381336e+02 4.28468659836054189399e-03
5.16397570282855211676e-02 4.00696208250758978409e+00 -5.75671746611274626204e-01 1.07972879372574524837e+02 4.57686368530072287819e-03
5.42192219150537807471e-02 4.00818989273753167879e+00 -5.75657908557831832219e-01 1.07971275886765596397e+02 4.87571063883129700300e-03
5.67983176667541181382e-02 4.00942196170386555565e+00 -5.75643463058735149751e-01 1.07969648623739516324e+02 5.18122688357801255282e-03
5.93770267243982005634e-02 4.01065829270989482325e+00 -5.75628408134933433615e-01 1.07967997556714763618e+02 5.49341166688208874108e-03
6.19553315316303740423e-02 4.01189888903315150515e+00 -5.75612741795189397642e-01 1.07966322659241384940e+02 5.81226406486801735335e-03
6.45332145348472135948e-02 4.01314375392254429897e+00 -5.75596462077471504593e-01 1.07964623905058260789e+02 6.13778075388239641175e-03
6.71106581833170040552e-02 4.01439289060740822634e+00 -5.75579566906122996883e-01 1.07962901268583209458e+02 6.46996368665433193440e-03
6.96876449292992278250e-02 4.01564630228521668442e+00 -5.75562054281594237537e-01 1.07961154724269363214e+02 6.80880988767407126921e-03
7.22641572281641081377e-02 4.01690399212866378065e+00 -5.75543922166423582709e-01 1.07959384246990737211e+02 7.15431758043687335974e-03
7.48401775385119094608e-02 4.01816596328384623149e+00 -5.75525168511192064535e-01 1.07957589811955287473e+02 7.50648478872541647516e-03
7.74156883222925085164e-02 4.01943221887011414850e+00 -5.75505791254509402322e-01 1.07955771394706601995e+02 7.86530933400788646870e-03
7.99906720449247571336e-02 4.02070276197987297451e+00 -5.75485788323005786893e-01 1.07953928971122877556e+02 8.23078883274746923859e-03
8.25651111754157757128e-02 4.02197759567841295336e+00 -5.75465157631344537137e-01 1.07952062517418212906e+02 8.60292069236697279355e-03
8.51389881864804548561e-02 4.02325672300372971790e+00 -5.75443897082258626341e-01 1.07950172010142594559e+02 8.98170210615097802664e-03
8.77122855546606100541e-02 4.02454014696630402170e+00 -5.75422004566597533604e-01 1.07948257426180660445e+02 9.36713004751624049582e-03
9.02849857604444694381e-02 4.02582787054891788614e+00 -5.75399477963424388349e-01 1.07946318742752097819e+02 9.75920126152893425975e-03
9.28570712883857868336e-02 4.02711989673846559867e+00 -5.75376315001977500785e-01 1.07944355939126239718e+02 1.01579196824241064362e-02
9.54285246272232184905e-02 4.02841622841136182132e+00 -5.75352513756623995533e-01 1.07942368990494003356e+02 1.05632698222304279717e-02
9.79993282699994638918e-02 4.02971686848947019399e+00 -5.75328071969907539618e-01 1.07940357876331745501e+02 1.09752531600363478076e-02
1.00569464714180475950e-01 4.03102181984423957317e+00 -5.75302987468165882845e-01 1.07938322575276828275e+02 1.13938657954808716943e-02
1.03138916461774601818e-01 4.03233108531872819214e+00 -5.75277258064964103212e-01 1.07936263066318218762e+02 1.18191036369623570651e-02
1.05707666019451862471e-01 4.03364466772737984002e+00 -5.75250881560989912877e-01 1.07934179328796162167e+02 1.22509624039239418264e-02
1.08275695898662718819e-01 4.03496256985805956674e+00 -5.75223855737017286671e-01 1.07932071342407482462e+02 1.26894376281382458699e-02
1.10842988615757503945e-01 4.03628479446326338120e+00 -5.75196178381614076081e-01 1.07929939087205838177e+02 1.31345246581323973900e-02
1.13409526692105272483e-01 4.03761134427290269144e+00 -5.75167847249242969454e-01 1.07927782543606952004e+02 1.35862186611125888847e-02
1.15975292654212733257e-01 4.03894222198545982394e+00 -5.75138860087965997359e-01 1.07925601692388880792e+02 1.40445146297876084784e-02
1.18540269033843417845e-01 4.04027743027008234833e+00 -5.75109214632325116412e-01 1.07923396514699845739e+02 1.45094073868159163104e-02
1.21104438368136405058e-01 4.04161697176636991458e+00 -5.75078908603123051257e-01 1.07921166992059141876e+02 1.49808915935573123274e-02
1.23667783199725281329e-01 4.04296084895394614023e+00 -5.75047940024645432011e-01 1.07918913099375529896e+02 1.54589446983923791551e-02
1.26230286076857156630e-01 4.04430906462930206402e+00 -5.75016306060712079073e-01 1.07916634830528849420e+02 1.59435894886500138801e-02
1.28791929553511097506e-01 4.04566162124302231007e+00 -5.74984004633104839321e-01 1.07914332162842782736e+02 1.64348071062497755324e-02
1.31352696189517337277e-01 4.04701852131166628368e+00 -5.74951033413950485240e-01 1.07912005079183913381e+02 1.69325911986748546545e-02
1.33912568550675792345e-01 4.04837976732078264064e+00 -5.74917390062247180005e-01 1.07909653562773840463e+02 1.74369352038242254876e-02
1.36471529208874592376e-01 4.04974536172473875695e+00 -5.74883072223871804951e-01 1.07907277597192830854e+02 1.79478323465611759591e-02
1.39029560742209123969e-01 4.05111530694643917627e+00 -5.74848077531570411658e-01 1.07904877166377843878e+02 1.84652756361236777827e-02
1.41586645735100435939e-01 4.05248960537706270912e+00 -5.74812403604963328974e-01 1.07902452254621806560e+02 1.89892578627893111876e-02
1.44142766778413616846e-01 4.05386825937579509116e+00 -5.74776048050558041602e-01 1.07900002846572590443e+02 1.95197715942464836147e-02
1.46697906469576699884e-01 4.05525127126958651047e+00 -5.74739008461803146943e-01 1.07897528927233551599e+02 2.00568091695693499765e-02
1.49252047412698846118e-01 4.05663864335280788254e+00 -5.74701282419126546763e-01 1.07895030481958812629e+02 2.06003626942288901869e-02
1.51805172218688999575e-01 4.05803037788690801335e+00 -5.74662867489988737901e-01 1.07892507496448772031e+02 2.11504240342170989064e-02
1.54357263505374042722e-01 4.05942647710018622575e+00 -5.74623761229033025444e-01 1.07889959956752065295e+02 2.17069848049092628539e-02
1.56908303897617312783e-01 4.06082694355816187226e+00 -5.74583960573398222493e-01 1.07887387869138422047e+02 2.22700688514115181793e-02
1.59458276027436895994e-01 4.06223177878568630916e+00 -5.74543464092250211195e-01 1.07884791186230785343e+02 2.28396114008205357304e-02
1.62007162534123755337e-01 4.06364098520214689358e+00 -5.74502268823546713428e-01 1.07882169910786856803e+02 2.34156289901980944890e-02
1.64554946064359886027e-01 4.06505456490588468199e+00 -5.74460372261654583781e-01 1.07879524030532820689e+02 2.39981126865858179764e-02
1.67101609272336831813e-01 4.06647251996153258347e+00 -5.74417771886881145527e-01 1.07876853533585432388e+02 2.45870533582783976079e-02
1.69647134819873285361e-01 4.06789485239969916819e+00 -5.74374465165334524563e-01 1.07874158408450583124e+02 2.51824416794268063358e-02
1.72191505376533410265e-01 4.06932156421672797109e+00 -5.74330449548837496110e-01 1.07871438644025062104e+02 2.57842681317546548736e-02
1.74734703619744774494e-01 4.07075265737463798388e+00 -5.74285722474864868126e-01 1.07868694229609147328e+02 2.63925230049861375692e-02
1.77276712234916367095e-01 4.07218813380072219843e+00 -5.74240281366377502970e-01 1.07865925154900537564e+02 2.70071964029058968204e-02
1.79817513915556254078e-01 4.07362799538748454609e+00 -5.74194123631713737588e-01 1.07863131410006474198e+02 2.76282782462514038546e-02
1.82357091363389622884e-01 4.07507224399237610868e+00 -5.74147246664480026546e-01 1.07860312985445716549e+02 2.82557582756490927034e-02
1.84895427288476549288e-01 4.07652088143767166173e+00 -5.74099647843354210508e-01 1.07857469872157949453e+02 2.88896260594128095889e-02
1.87432504409329458994e-01 4.07797390951017213467e+00 -5.74051324531906437265e-01 1.07854602061503939581e+02 2.95298710002750847137e-02
1.89968305453031172103e-01 4.07943132996134760759e+00 -5.74002274078488583520e-01 1.07851709545289779157e+02 3.01764823383542622748e-02
1.92502813155352114904e-01 4.08089314450685591851e+00 -5.73952493815874764671e-01 1.07848792315757705751e+02 3.08294491677660077722e-02
1.95036010260868170052e-01 4.08235935371748226430e+00 -5.73901982351371575675e-01 1.07845850306170447652e+02 3.14886911762271501369e-02
1.97567879523077832848e-01 4.08382996118563923460e+00 -5.73850734715188881552e-01 1.07842883614107421408e+02 3.21543190994813057881e-02
2.00098403704520089175e-01 4.08530496761927430782e+00 -5.73798749241796302023e-01 1.07839892184974047495e+02 3.28262652905149110438e-02
2.02627565576891321975e-01 4.08678437457774990094e+00 -5.73746023213397959850e-01 1.07836876012228032096e+02 3.35045176014810291987e-02
2.05155347921162689584e-01 4.08826818358225896333e+00 -5.73692553897838686261e-01 1.07833835089722768430e+02 3.41890636592976360220e-02
2.07681733527697698349e-01 4.08975639611525565442e+00 -5.73638338548562942698e-01 1.07830769411694490145e+02 3.48798908648911762387e-02
2.10206705196368998090e-01 4.09124901362011961226e+00 -5.73583374404564638738e-01 1.07827678972762569742e+02 3.55769863934933469607e-02
2.12730245736675399604e-01 4.09274603750080512299e+00 -5.73527658690447528222e-01 1.07824563767928253810e+02 3.62803371883844011370e-02
2.15252337967859502799e-01 4.09424746912127712761e+00 -5.73471188616381466474e-01 1.07821423792563251709e+02 3.69899299606986295408e-02
2.17772964719024048064e-01 4.09575330980551299831e+00 -5.73413961378309244843e-01 1.07818259042428209682e+02 3.77057511756989441332e-02
2.20292108829248989288e-01 4.09726356083653087126e+00 -5.73355974157762293686e-01 1.07815069513639414822e+02 3.84277870598358356480e-02
2.22809753147708622389e-01 4.09877822345456355180e+00 -5.73297224128849869373e-01 1.07811855202684029109e+02 3.91560235861899696985e-02
2.25325880533787908933e-01 4.10029729886342231282e+00 -5.73237708431310277746e-01 1.07808616106403889034e+02 3.98904464666498398406e-02
2.27840473857199465879e-01 4.10182078821958295833e+00 -5.73177424211111063990e-01 1.07805352221994041884e+02 4.06310411467420903864e-02
2.30353515998100027984e-01 4.10334869263837020981e+00 -5.73116368593472924609e-01 1.07802063546978089903e+02 4.13777928003850950511e-02
2.32864989847207326523e-01 4.10488101319202325357e+00 -5.73054538689979353627e-01 1.07798750079217967368e+02 4.21306863082850507896e-02
2.35374878305916024335e-01 4.10641775090879423971e+00 -5.72991931598688775118e-01 1.07795411816886002043e+02 4.28897062493865249833e-02
2.37883164286414594546e-01 4.10795891029321413868e+00 -5.72928541425165249734e-01 1.07792048946929071462e+02 4.36549966761799745907e-02
2.40389830711801560925e-01 4.10950448598658546473e+00 -5.72864370577295445308e-01 1.07788661130989240178e+02 4.44262552974401120354e-02
2.42894860516201405165e-01 4.11105448180513466383e+00 -5.72799413635041498871e-01 1.07785248524610423715e+02 4.52035986626420152601e-02
2.45398236644881417856e-01 4.11260889862144463081e+00 -5.72733667622598585645e-01 1.07781811128492719831e+02 4.59870111770102896198e-02
2.47899942054367217192e-01 4.11416773726495588193e+00 -5.72667129548443010201e-01 1.07778348943794583192e+02 4.67764770490249198742e-02
2.50399959712559072589e-01 4.11573099852170987134e+00 -5.72599796405268812727e-01 1.07774861972139930799e+02 4.75719802912675446271e-02
2.52898272598847562165e-01 4.11729868313397506796e+00 -5.72531665169780934477e-01 1.07771350215619619917e+02 4.83735047292040143407e-02
2.55394863704230257184e-01 4.11887079180001691725e+00 -5.72462732802629825635e-01 1.07767813676800656708e+02 4.91810340020886679890e-02
2.57889716031426352583e-01 4.12044732517409517669e+00 -5.72392996248423102656e-01 1.07764252358748294114e+02 4.99945515601031564845e-02
2.60382812594993184874e-01 4.12202828386571429320e+00 -5.72322452435163997464e-01 1.07760666265007571951e+02 5.08140406919968742883e-02
2.62874136421441917388e-01 4.12361366844005772236e+00 -5.72251098274616509798e-01 1.07757055399649289029e+02 5.16394845032466728862e-02
2.65363670549352448358e-01 4.12520347941732357100e+00 -5.72178930661778828437e-01 1.07753419767256687578e+02 5.24708659417977493766e-02
2.67851398029489484731e-01 4.12679771727298216888e+00 -5.72105946474768312093e-01 1.07749759372962273574e+02 5.33081678021551097491e-02
2.70337301924917894347e-01 4.12839638243741724466e+00 -5.72032142574792734635e-01 1.07746074222451241553e+02 5.41513727243360526442e-02
2.72821365311117669528e-01 4.12999947529596944662e+00 -5.71957515805592842106e-01 1.07742364321987579956e+02 5.50004632217158742624e-02
2.75303571276099334764e-01 4.13160699618886084750e+00 -5.71882062993472217727e-01 1.07738629678432971559e+02 5.58554216770387745861e-02
2.77783902920519187862e-01 4.13321894541105550047e+00 -5.71805780946541331033e-01 1.07734870299263263860e+02 5.67162303807118364785e-02
2.80262343357794374565e-01 4.13483531482123467526e+00 -5.71728671583553227364e-01 1.07731085744018315609e+02 5.75825966954059131897e-02
2.82738875714217352542e-01 4.13645611981508753985e+00 -5.71650722379482778557e-01 1.07727276833632743092e+02 5.84550009217444307974e-02
2.85213483129071798672e-01 4.13808135346909811147e+00 -5.71571934424363936600e-01 1.07723443198903652274e+02 5.93331926679754942389e-02
2.87686148754746129352e-01 4.13971101585184264593e+00 -5.71492304479501278536e-01 1.07719584847585778675e+02 6.02171524445176825635e-02
2.90156855756849185735e-01 4.14134510698022584307e+00 -5.71411829290330075537e-01 1.07715701787828194824e+02 6.11068605347315080278e-02
2.92625587314324475674e-01 4.14298362681912024641e+00 -5.71330505586609582735e-01 1.07711794028180477767e+02 6.20022969823182668048e-02
2.95092326619564693235e-01 4.14462657528115130390e+00 -5.71248330082742894476e-01 1.07707861577606493597e+02 6.29034415724357143240e-02
2.97557056878526016153e-01 4.14627395222503203343e+00 -5.71165299477089605240e-01 1.07703904445421443370e+02 6.38102738663489377213e-02
3.00019761310842958402e-01 4.14792575745624247929e+00 -5.71081410453110671632e-01 1.07699922641354362440e+02 6.47227731383702570289e-02
3.02480423149941946015e-01 4.14958199072533151508e+00 -5.70996659678414175687e-01 1.07695916175483162647e+02 6.56409184248666760508e-02
3.04939025643155781076e-01 4.15124265172720008366e+00 -5.70911043805169771126e-01 1.07691885058223689953e+02 6.65646885003389754409e-02
3.07395552051837939178e-01 4.15290774010096885860e+00 -5.70824559470612613588e-01 1.07687829300349136474e+02 6.74940618485956184136e-02
3.09849985651476145243e-01 4.15457725542870015545e+00 -5.70737203296876272063e-01 1.07683748912948900056e+02 6.84290166698603152806e-02
3.12302309731806226889e-01 4.15625119723431879493e+00 -5.70648971890724276967e-01 1.07679643907398642000e+02 6.93695308934436372095e-02
3.14752507596926411892e-01 4.15792956498329502324e+00 -5.70559861844724180990e-01 1.07675514295371115736e+02 7.03155821131355163178e-02
3.17200562565410182359e-01 4.15961235808077489651e+00 -5.70469869736196621979e-01 1.07671360088763961471e+02 7.12671476418033494893e-02
3.19646457970420572181e-01 4.16129957587105181460e+00 -5.70378992128489081814e-01 1.07667181299700402519e+02 7.22242044415562362003e-02
3.22090177159823132236e-01 4.16299121763601753798e+00 -5.70287225570539790809e-01 1.07662977940474732463e+02 7.31867291455150226209e-02
3.24531703496299839262e-01 4.16468730188543556636e+00 -5.70194558456286082482e-01 1.07658751053042152535e+02 7.41551339375548929089e-02
3.26971020357461672479e-01 4.16638779252114055396e+00 -5.70101002204175477672e-01 1.07654498768528640085e+02 7.51285970256938412382e-02
3.29408111135962355931e-01 4.16809270513603724595e+00 -5.70006546343796882681e-01 1.07650221980463797422e+02 7.61074676064170674294e-02
3.31842959239611323685e-01 4.16980203883349176408e+00 -5.69911187337038160905e-01 1.07645920705900977055e+02 7.70917225531985300657e-02
3.34275548091486185420e-01 4.17151579266002503488e+00 -5.69814921629312576279e-01 1.07641594962506843558e+02 7.80813385132804876898e-02
3.36705861130046413265e-01 4.17323396560339965333e+00 -5.69717745647875362103e-01 1.07637244768489310331e+02 7.90762919960667359787e-02
3.39133881809245474326e-01 4.17495655659298048334e+00 -5.69619655803415891882e-01 1.07632870142647192324e+02 8.00765592867610370709e-02
3.41559593598643573831e-01 4.17668356450070366037e+00 -5.69520648489346359433e-01 1.07628471104452955842e+02 8.10821164831696666875e-02
3.43982979983520398282e-01 4.17841498813894496323e+00 -5.69420720081417974789e-01 1.07624047673969627681e+02 8.20929395147805135435e-02
3.46404024464987525533e-01 4.18015082626180944914e+00 -5.69319866938068908091e-01 1.07619599871951152181e+02 8.31090041230725523613e-02
3.48822710560100557320e-01 4.18189107756346523104e+00 -5.69218085399326723106e-01 1.07615127719785121485e+02 8.41302859187872953406e-02
3.51239021801971362802e-01 4.18363574068030796838e+00 -5.69115371788351032123e-01 1.07610631239640014201e+02 8.51567602985494331858e-02
3.53652941739880488647e-01 4.18538481418946961554e+00 -5.69011722410175724285e-01 1.07606110454418057998e+02 8.61884025110562362881e-02
3.56064453939388791959e-01 4.18713829660829084389e+00 -5.68907133551021071405e-01 1.07601565387759379178e+02 8.72251876924160784998e-02
3.58473541982449628307e-01 4.18889618639549432544e+00 -5.68801601479100749081e-01 1.07596996064137414351e+02 8.82670908223109756952e-02
3.60880189467520207103e-01 4.19065848195155243872e+00 -5.68695122444178191579e-01 1.07592402508911902714e+02 8.93140867467747678887e-02
3.63284380009673946166e-01 4.19242518161770494345e+00 -5.68587692676599920638e-01 1.07587784748309360339e+02 9.03661502287437246039e-02
3.65686097240711160961e-01 4.19419628367845653827e+00 -5.68479308388362136739e-01 1.07583142809590384559e+02 9.14232558904614078799e-02
3.68085324809271363655e-01 4.19597174875029210739e+00 -5.68369975613890021648e-01 1.07578474717842567543e+02 9.24848511783127325003e-02
3.70482046380943785824e-01 4.19775164421769542145e+00 -5.68259672390858727731e-01 1.07573784189216368645e+02 9.35518818576303590184e-02
3.72876245638379399949e-01 4.19953593567612770698e+00 -5.68148403396052881220e-01 1.07569069522071103506e+02 9.46238658012299727051e-02
3.75267906281401164570e-01 4.20132462105197568292e+00 -5.68036164793852993427e-01 1.07564330741180455675e+02 9.57007756818106375407e-02
3.77657012027115768227e-01 4.20311769820114289331e+00 -5.67922952733478925147e-01 1.07559567871796801342e+02 9.67825838577641567317e-02
3.80043546610023985632e-01 4.20491516490434236175e+00 -5.67808763345100442343e-01 1.07554780939436284370e+02 9.78692625795158505086e-02
3.82427493782131422417e-01 4.20671701887013327337e+00 -5.67693592744276442907e-01 1.07549969970077313519e+02 9.89607837528552469752e-02
3.84808837313059592944e-01 4.20852325773048629998e+00 -5.67577437028536579966e-01 1.07545134989961141514e+02 1.00057119120443266391e-01
3.87187560990155776874e-01 4.21033387904400235868e+00 -5.67460292280790312702e-01 1.07540276025800423554e+02 1.01158240080140307549e-01
3.89563648618604152496e-01 4.21214888029029133065e+00 -5.67342154566345069355e-01 1.07535393104517609686e+02 1.02264117843309271239e-01
3.91937084021535264711e-01 4.21396825886997028476e+00 -5.67223019934160355149e-01 1.07530486253282489884e+02 1.03374723367734108748e-01
3.94307851040136658760e-01 4.21579201210478160533e+00 -5.67102884417008401563e-01 1.07525555499557441408e+02 1.04490027349127864720e-01
3.96675933533762792305e-01 4.21762013723575091007e+00 -5.66981744032474144213e-01 1.07520600871037700585e+02 1.05610000167711562402e-01
3.99041315380044780969e-01 4.21945263142016013802e+00 -5.66859594780729114660e-01 1.07515622395529433675e+02 1.06734612006660234407e-01
4.01403980475000310424e-01 4.22128949173134682127e+00 -5.66736432647434007492e-01 1.07510620100978997016e+02 1.07863832697579112296e-01
4.03763912733143492950e-01 4.22313071515726079497e+00 -5.66612253601406767878e-01 1.07505594015435676170e+02 1.08997631844852574390e-01
4.06121096087593724810e-01 4.22497629859558809784e+00 -5.66487053595796763439e-01 1.07500544166833037707e+02 1.10135978763045705442e-01
4.08475514490185875882e-01 4.22682623885636221672e+00 -5.66360828568906904401e-01 1.07495470583168639678e+02 1.11278842433660540845e-01
4.10827151911578702936e-01 4.22868053265737131596e+00 -5.66233574444433007677e-01 1.07490373292301001129e+02 1.12426191492613083978e-01
4.13175992341364761717e-01 4.23053917662054601578e+00 -5.66105287129502143806e-01 1.07485252321799393371e+02 1.13577994334847692803e-01
4.15522019788178931243e-01 4.23240225272048675720e+00 -5.65975952351518984962e-01 1.07480112238897916654e+02 1.14734766341841196158e-01
4.17865218279807715263e-01 4.23426959909961908579e+00 -5.65845584835965698112e-01 1.07474944660093953530e+02 1.15895460378346429331e-01
4.20205571863297211443e-01 4.23614128669212597345e+00 -5.65714171558316158972e-01 1.07469753576372767156e+02 1.17060522371951789000e-01
4.22543064605062523853e-01 4.23801731195424036258e+00 -5.65581708343039779585e-01 1.07464539026094385576e+02 1.18229920647578562454e-01
4.24877680590995954191e-01 4.23989767125964256422e+00 -5.65448190994514265917e-01 1.07459301048243645482e+02 1.19403623481106696547e-01
4.27209403926575026489e-01 4.24178236090654969814e+00 -5.65313615303911554122e-01 1.07454039682850833515e+02 1.20581598735165398950e-01
4.29538218736971288969e-01 4.24367137710906572323e+00 -5.65177977040671741804e-01 1.07448754970574910317e+02 1.21763814312237025894e-01
4.31864109167158116698e-01 4.24556471600467855154e+00 -5.65041271961275293201e-01 1.07443446953147230261e+02 1.22950237690951508229e-01
4.34187059382018403220e-01 4.24746237365157952581e+00 -5.64903495806244215771e-01 1.07438115673272847062e+02 1.24140836086020764362e-01
4.36507053566452751792e-01 4.24936434602443213748e+00 -5.64764644294799778024e-01 1.07432761174451059105e+02 1.25335576733273307282e-01
4.38824075925487055994e-01 4.25127062901933161498e+00 -5.64624713131753219741e-01 1.07427383501284126055e+02 1.26534426525542947894e-01
4.41138110684379691762e-01 4.25318121845491248223e+00 -5.64483698005761591610e-01 1.07421982699581988641e+02 1.27737352107127860590e-01
4.43449142088729597599e-01 4.25509611006756038876e+00 -5.64341594586849404358e-01 1.07416558816154164901e+02 1.28944320006397911138e-01
4.45757154404582744966e-01 4.25701529951738422142e+00 -5.64198398530280753604e-01 1.07411111899173221218e+02 1.30155296432938188955e-01
4.48062131918540051956e-01 4.25893878238395107161e+00 -5.64054105471605504718e-01 1.07405641997995317638e+02 1.31370247541704926464e-01
4.50364058937863631638e-01 4.26086655416942505781e+00 -5.63908711030698062139e-01 1.07400149163374166505e+02 1.32589139221134244551e-01
4.52662919790584206137e-01 4.26279861030509366060e+00 -5.63762210816150077797e-01 1.07394633447855397890e+02 1.33811936863154484767e-01
4.54958698825607410487e-01 4.26473494613707782008e+00 -5.63614600408724131242e-01 1.07389094905065363150e+02 1.35038606241276920583e-01
4.57251380412820318533e-01 4.26667555694401823274e+00 -5.63465875381471636985e-01 1.07383533590699215665e+02 1.36269112448117957204e-01
4.59540948943198301890e-01 4.26862043793130840896e+00 -5.63316031285979401666e-01 1.07377949562262500649e+02 1.37503420626444106123e-01
4.61827388828911278296e-01 4.27056941375542375994e+00 -5.63165061723823079376e-01 1.07372333846095514787e+02 1.38741581493779797540e-01
4.64110684503429071768e-01 4.27252279689496905490e+00 -5.63012965851134916662e-01 1.07366703324214483928e+02 1.39983397896663336324e-01
4.66390820421628160553e-01 4.27448043230254182134e+00 -5.62859737444344587765e-01 1.07361050108898268718e+02 1.41228911245300570165e-01
4.68667781059897148310e-01 4.27644231452239331759e+00 -5.62705371987105129605e-01 1.07355374245971972869e+02 1.42478085915284130580e-01
4.70941550916242568370e-01 4.27840843798959724609e+00 -5.62549864946781164043e-01 1.07349675781432267740e+02 1.43730886067551050234e-01
4.73212114510394632472e-01 4.28037879703374279927e+00 -5.62393211773091983297e-01 1.07343954761695513866e+02 1.44987275723496761293e-01
4.75479456383912424400e-01 4.28235338586824365592e+00 -5.62235407896332417543e-01 1.07338211233085047525e+02 1.46247218861494776565e-01
4.77743561100288705035e-01 4.28433219859903058335e+00 -5.62076448734541989083e-01 1.07332445242346054215e+02 1.47510679041541387102e-01
4.80004413245055938653e-01 4.28631522921331598042e+00 -5.61916329685439808195e-01 1.07326656836104575632e+02 1.48777619834480179239e-01
4.82261997425890265312e-01 4.28830247158467070534e+00 -5.61755046131929614006e-01 1.07320846061192071375e+02 1.50048004534871881610e-01
4.84516298272717305107e-01 4.29029391946412541614e+00 -5.61592593435242815048e-01 1.07315012964229083536e+02 1.51321796526527385662e-01
4.86767300437815575442e-01 4.29228956648174886368e+00 -5.61428966942432383647e-01 1.07309157591766165751e+02 1.52598958890013514100e-01
4.89014988595922406311e-01 4.29428940614588761093e+00 -5.61264161985580489755e-01 1.07303279990300310942e+02 1.53879454448639041431e-01
4.91259347444337080013e-01 4.29629343183005296680e+00 -5.61098173871720007355e-01 1.07297380205637594486e+02 1.55163246304104218698e-01
4.93500361703025469673e-01 4.29830163678454457710e+00 -5.60930997896588179330e-01 1.07291458283567791909e+02 1.56450297114658049003e-01
4.95738016114724178163e-01 4.30031401412314728816e+00 -5.60762629337949736197e-01 1.07285514269218637651e+02 1.57740569451193829442e-01
4.97972295445044454976e-01 4.30233055682112741636e+00 -5.60593063451934714436e-01 1.07279548207008801342e+02 1.59034025995150901656e-01
5.00203184482575280434e-01 4.30435125771405946438e+00 -5.60422295479863663559e-01 1.07273560140647006733e+02 1.60330629182178358016e-01
5.02430668038987948698e-01 4.30637610949132287885e+00 -5.60250320643789212482e-01 1.07267550112848141453e+02 1.61630341441980851513e-01
5.04654730949138929930e-01 4.30840510469140980376e+00 -5.60077134147698441069e-01 1.07261518165147052173e+02 1.62933125139072348952e-01
5.06875358071172565921e-01 4.31043854201927256753e+00 -5.59902772122339520422e-01 1.07255480522133808563e+02 1.64236814964161897956e-01
5.09092534286625153506e-01 4.31247584094890790141e+00 -5.59727152997989585437e-01 1.07249406958479482910e+02 1.65545361543342539612e-01
5.11306244500527418140e-01 4.31451726494478116081e+00 -5.59550308323673029065e-01 1.07243311852938944639e+02 1.66856835030614103488e-01
5.13516473641507098513e-01 4.31656280648422541191e+00 -5.59372233294464615838e-01 1.07237195271465367341e+02 1.68171194332466522603e-01
5.15723206661891864222e-01 4.31861245794359049910e+00 -5.59192923101852867873e-01 1.07231057281764094569e+02 1.69488397563719417338e-01
5.17926428537812011399e-01 4.32066621157284380672e+00 -5.59012372912144450687e-01 1.07224897952012113933e+02 1.70808403190941815453e-01
5.20126124269301826075e-01 4.32272405951817884073e+00 -5.58830577884009693790e-01 1.07218717352117636210e+02 1.72131169115385895818e-01
5.22322278880402501855e-01 4.32478599381757344844e+00 -5.58647533168325050035e-01 1.07212515553548982439e+02 1.73456652687917184386e-01
5.24514877419263836344e-01 4.32685200639387801402e+00 -5.58463233901420608163e-01 1.07206292629033853814e+02 1.74784811071600210131e-01
5.26703904958246260648e-01 4.32892208906252573541e+00 -5.58277675212102808544e-01 1.07200048653032041557e+02 1.76115600879349049057e-01
5.28889346594021980685e-01 4.33099623352565998857e+00 -5.58090852213018462358e-01 1.07193783701490318094e+02 1.77448978636364329553e-01
5.31071187447676895665e-01 4.33307443137562842139e+00 -5.57902760009635789729e-01 1.07187497852093969186e+02 1.78784900314538197641e-01
5.33249412664811961449e-01 4.33515667410428928719e+00 -5.57713393699274084803e-01 1.07181191184824058382e+02 1.80123321392789997875e-01
5.35424007415643554708e-01 4.33724295310145002702e+00 -5.57522748382248578558e-01 1.07174863781943329855e+02 1.81464196277965450488e-01
5.37594956895105391403e-01 4.33933325963025584571e+00 -5.57330819127613286135e-01 1.07168515726762578311e+02 1.82807480115955128808e-01
5.39762246322948779920e-01 4.34142758486935864681e+00 -5.57137601012680394597e-01 1.07162147105936682578e+02 1.84153126722490373401e-01
5.41925860943843207274e-01 4.34352591988913250276e+00 -5.56943089102889699049e-01 1.07155758008276862370e+02 1.85501089650437295253e-01
5.44085786027477369409e-01 4.34562825567713861830e+00 -5.56747278475936413500e-01 1.07149348526164700957e+02 1.86851320931375436407e-01
5.46242006868658758201e-01 4.34773458309459304161e+00 -5.56550164174932526784e-01 1.07142918753322518910e+02 1.88203773546922525917e-01
5.48394508787414136641e-01 4.34984489293850273839e+00 -5.56351741258149345981e-01 1.07136468788163000454e+02 1.89558398826412344285e-01
5.50543277129089347888e-01 4.35195917589426972683e+00 -5.56152004772030972291e-01 1.07129998731360117858e+02 1.90915147872438295540e-01
5.52688297264449235335e-01 4.35407685605568950393e+00 -5.55950808269902063685e-01 1.07123478851311617177e+02 1.92281341500384950205e-01
5.54829554589777229623e-01 4.35619898731554489046e+00 -5.55748412993200435750e-01 1.07116965266490012709e+02 1.93643060272940592537e-01
5.56967034526974602571e-01 4.35832505506884348989e+00 -5.55544687419129434858e-01 1.07110431486645410359e+02 1.95006848282289063645e-01
5.59100722523659832142e-01 4.36045504878478595856e+00 -5.55339626374079964322e-01 1.07103877580965061611e+02 1.96372663790193163758e-01
5.61230604053267856379e-01 4.36258895775929733674e+00 -5.55133224710855799344e-01 1.07097303619482033810e+02 1.97740464261235648902e-01
5.63356664615148439168e-01 4.36472677110668172418e+00 -5.54925477224775143270e-01 1.07090709670803619247e+02 1.99110208911083441663e-01
5.65478889734665535194e-01 4.36686847780097764371e+00 -5.54716378741505700134e-01 1.07084095804848189459e+02 2.00481854571494977346e-01
5.67597264963295100593e-01 4.36901406662209534915e+00 -5.54505924027035357327e-01 1.07077462090078697088e+02 2.01855360428939867301e-01
5.69711775878724790978e-01 4.37116352619051529160e+00 -5.54294107858928519761e-01 1.07070808595417261699e+02 2.03230684293729813028e-01
5.71822408084950328799e-01 4.37331684493139682957e+00 -5.54080924972609301093e-01 1.07064135388431964202e+02 2.04607785430989397302e-01
5.73929147212374757281e-01 4.37547401109625067051e+00 -5.53866370108763717006e-01 1.07057442536564167312e+02 2.05986622084149528789e-01
5.76031978917906362092e-01 4.37763501274605282276e+00 -5.53650437966983877125e-01 1.07050730106317075752e+02 2.07367153920837266057e-01
5.78130888885055260751e-01 4.37979983773865289010e+00 -5.53433123232339063691e-01 1.07043998162681575081e+02 2.08749340647097714196e-01
5.80225862824032101450e-01 4.38196847375708475880e+00 -5.53214420589747457591e-01 1.07037246770709785437e+02 2.10133141269855661104e-01
5.82316886471844319395e-01 4.38414090826153302061e+00 -5.52994324676579052102e-01 1.07030475993070254503e+02 2.11518516592343053251e-01
5.84403945592394169495e-01 4.38631712849715516001e+00 -5.52772830106219692503e-01 1.07023685890549089095e+02 2.12905427990007778405e-01
5.86487025976574760655e-01 4.38849712151401494253e+00 -5.52549931490286749813e-01 1.07016876523186837744e+02 2.14293836261386455577e-01
5.88566113442367422337e-01 4.39068087412917051893e+00 -5.52325623402347920532e-01 1.07010047948370655035e+02 2.15683703540620747008e-01
5.90641193834937960894e-01 4.39286837293257370618e+00 -5.52099900397487353132e-01 1.07003200221236326684e+02 2.17074992285426954242e-01
5.92712253026733248973e-01 4.39505960428546682550e+00 -5.51872756995993918316e-01 1.06996333394671992778e+02 2.18467666146823280560e-01
5.94779276917577259809e-01 4.39725455427200540015e+00 -5.51644187684063092014e-01 1.06989447516871507560e+02 2.19861689938964571800e-01
5.96842251434767101514e-01 4.39945320877676859794e+00 -5.51414186936649342030e-01 1.06982542635496358230e+02 2.21257028467424482487e-01
5.98901162533168496260e-01 4.40165662631954202055e+00 -5.51183135195391415984e-01 1.06975675105920998931e+02 2.22633583580772398403e-01
6.00955996195312258656e-01 4.40386277112366109066e+00 -5.50950298008114569548e-01 1.06968738877139287524e+02 2.24029214653369168619e-01
6.03006738431488664709e-01 4.40607259030238740394e+00 -5.50716017179675554338e-01 1.06961784486212806655e+02 2.25425825813643454509e-01
6.05053375279843597134e-01 4.40828607006936312729e+00 -5.50480287467447482186e-01 1.06954812038346858571e+02 2.26823365214908395648e-01
6.07095892806472914316e-01 4.41050319650270505889e+00 -5.50243103688917489791e-01 1.06947821642001727582e+02 2.28221777378250278989e-01
6.09134277105518040507e-01 4.41272395551370610889e+00 -5.50004460650550641709e-01 1.06940813407333791929e+02 2.29621006935812943528e-01
6.11168514299259779676e-01 4.41494833284043330934e+00 -5.49764353122683457897e-01 1.06933787445949505468e+02 2.31020999963303885760e-01
6.13198590538213572643e-01 4.41717631411153810461e+00 -5.49522775955854414498e-01 1.06926743874361250164e+02 2.32421697917779751519e-01
6.15224492001223088877e-01 4.41940788473645262968e+00 -5.49279723933721597540e-01 1.06919682808306760080e+02 2.33823045343207441826e-01
6.17246204895555039549e-01 4.42164303002942471466e+00 -5.49035191921913301449e-01 1.06912604369365382695e+02 2.35224982118078296267e-01
6.19263715456992658304e-01 4.42388173510341164985e+00 -5.48789174697944526216e-01 1.06905508679469647859e+02 2.36627452363204260344e-01
6.21277009949929293064e-01 4.42612398497836423417e+00 -5.48541667179441305713e-01 1.06898395866709989832e+02 2.38030392536801999048e-01
6.23286074667462219878e-01 4.42836976448386909766e+00 -5.48292664203147039892e-01 1.06891266060298221419e+02 2.39433743007175015016e-01
6.25290895931486012671e-01 4.43061905834443869878e+00 -5.48042160696376567941e-01 1.06884119395159174815e+02 2.40837439119053031700e-01
6.27291460092785357894e-01 4.43287185111511927715e+00 -5.47790151538189329372e-01 1.06876956008635971784e+02 2.42241418469421765369e-01
6.29287753531128202233e-01 4.43512812721711568997e+00 -5.47536631636404425016e-01 1.06869776042467606203e+02 2.43645616908632622888e-01
6.31279762655358012147e-01 4.43738787096475739702e+00 -5.47281595989149383108e-01 1.06862579644309690252e+02 2.45049965353644816357e-01
6.33267473903487365661e-01 4.43965106656963293119e+00 -5.47025039619517094991e-01 1.06855366968039149356e+02 2.46454393233141971775e-01
6.35250873742789323728e-01 4.44191769802192926164e+00 -5.46766957445990131603e-01 1.06848138167629798545e+02 2.47858835263123411519e-01
6.37229948669889467716e-01 4.44418774930502102904e+00 -5.46507344595603572479e-01 1.06840893408528373243e+02 2.49263215146221461804e-01
6.39204685210858825073e-01 4.44646120427058200164e+00 -5.46246196144695606023e-01 1.06833632861180518603e+02 2.50667459127418557063e-01
6.41175069921305018639e-01 4.44873804662108618402e+00 -5.45983507185470062772e-01 1.06826356700233603192e+02 2.52071492538935904015e-01
6.43141089386463082889e-01 4.45101639772227741787e+00 -5.45718408808931410015e-01 1.06818967705549908942e+02 2.53519997240476691047e-01
6.45102730221288278578e-01 4.45329976013730632900e+00 -5.45452533350001877999e-01 1.06811650144795564188e+02 2.54928072487584034267e-01
6.47059979070545909785e-01 4.45558643889069472266e+00 -5.45185093940563025861e-01 1.06804316413088017157e+02 2.56336161444223331607e-01
6.49012822608903250376e-01 4.45787641524795130721e+00 -5.44916085106521896897e-01 1.06796966607382287862e+02 2.57744218215882059386e-01
6.50961247541019139007e-01 4.46016967016821475056e+00 -5.44645501243614216236e-01 1.06789600821212246728e+02 2.59152203692399774049e-01
6.52905240601636016606e-01 4.46246618438758524405e+00 -5.44373336860687007110e-01 1.06782219149203527309e+02 2.60560072896077299376e-01
6.54844788555668411156e-01 4.46476593829825585402e+00 -5.44099586301975524094e-01 1.06774821680828807757e+02 2.61967789477961343625e-01
6.56779878198294642111e-01 4.46706891212258394575e+00 -5.43824244051739347228e-01 1.06767408509667006911e+02 2.63375309889125941432e-01
6.58710496355045971306e-01 4.46937508575179975878e+00 -5.43547304488375737641e-01 1.06759979725058798294e+02 2.64782596206085463209e-01
6.60636629881896420002e-01 4.47168443876402843529e+00 -5.43268761975079339521e-01 1.06752535413186450342e+02 2.66189611434592132699e-01
6.62558265665352030815e-01 4.47399695047137324622e+00 -5.42988610841310892496e-01 1.06745075659646388999e+02 2.67596320516238384002e-01
6.64475390622540684760e-01 4.47631259989382890296e+00 -5.42706845486824018820e-01 1.06737600548232506981e+02 2.69002684934002145312e-01
6.66387991701300586023e-01 4.47863136571734354874e+00 -5.42423460197806850402e-01 1.06730110158836495771e+02 2.70408672318428022763e-01
6.68296055880269523897e-01 4.48095322633775339227e+00 -5.42138449270977762495e-01 1.06722604569888090964e+02 2.71814250021502890053e-01
6.70199570168973357553e-01 4.48327815977236365796e+00 -5.41851806948340231074e-01 1.06715083853861756324e+02 2.73219388530758111600e-01
6.72098521607914500819e-01 4.48560614373144694866e+00 -5.41563527442746939222e-01 1.06707548081134888207e+02 2.74624060185457541383e-01
6.73992897268660184906e-01 4.48793715558188210935e+00 -5.41273605028321558308e-01 1.06699997319477830615e+02 2.76028234735155808544e-01
6.75882684253930277052e-01 4.49027117226527927585e+00 -5.40982033697376074599e-01 1.06692431624947616342e+02 2.77431896242594289159e-01
6.77767869697685210184e-01 4.49260817048307803390e+00 -5.40688807713823660350e-01 1.06684851059064001788e+02 2.78835015840190103553e-01
6.79648440765214134629e-01 4.49494812643415642128e+00 -5.40393921148057843062e-01 1.06677255670365511264e+02 2.80237574910764120073e-01
6.81524384653221182440e-01 4.49729101594335745062e+00 -5.40097367933700778231e-01 1.06669645502442449470e+02 2.81639562449474190053e-01
6.83395688589913286037e-01 4.49963681444494500994e+00 -5.39799142149698929494e-01 1.06662020593274149860e+02 2.83040960421309328865e-01
6.85262339835087441742e-01 4.50198848231027337619e+00 -5.39500912940288124275e-01 1.06654536587343301335e+02 2.84355331276096356952e-01
6.87124325680216641032e-01 4.50434033696741309427e+00 -5.39199490344601461977e-01 1.06646898593904637664e+02 2.85746957426111114486e-01
6.88981633448537245101e-01 4.50669505581972273944e+00 -5.38896392522045131201e-01 1.06639247562566410465e+02 2.87137170005995479016e-01
6.90834250495134805092e-01 4.50905261552707692374e+00 -5.38591614574047694575e-01 1.06631583654406284722e+02 2.88525901664493267251e-01
6.92682164207029549274e-01 4.51141299244326443585e+00 -5.38285151817301632526e-01 1.06623907029896088261e+02 2.89913074689297778352e-01
6.94525362003264090660e-01 4.51377616276894766401e+00 -5.37976999127475208340e-01 1.06616217856832378175e+02 2.91298635192242971748e-01
6.96363831334987137822e-01 4.51614210241419655745e+00 -5.37667152102134338065e-01 1.06608516303602385733e+02 2.92682492701606178365e-01
6.98197559685539759222e-01 4.51851078713457887659e+00 -5.37355605941234770739e-01 1.06600802546127624737e+02 2.94064578411871446750e-01
7.00026534570540759361e-01 4.52088219248255462901e+00 -5.37042356114078911489e-01 1.06593076765632289948e+02 2.95444810574269967063e-01
7.01850743537971277775e-01 4.52325629366214787552e+00 -5.36727397965942487623e-01 1.06585339141143265351e+02 2.96823114943623511675e-01
7.03670174168260054159e-01 4.52563306580930557743e+00 -5.36410727004349108249e-01 1.06577589864254903773e+02 2.98199410033268053066e-01
7.05484814074367139192e-01 4.52801248381063814463e+00 -5.36092338873571327973e-01 1.06569829129851839866e+02 2.99573608454330564399e-01
7.07294650901869381698e-01 4.53039452223275773690e+00 -5.35772229153198775720e-01 1.06562057132536253334e+02 3.00945627407037008538e-01
7.09099672329043584362e-01 4.53277915557977184591e+00 -5.35450393486057052428e-01 1.06554274080162826976e+02 3.02315382159979328947e-01
7.10899866066950880672e-01 4.53516635820399827139e+00 -5.35126827812801186823e-01 1.06546480189403979466e+02 3.03682773920756654551e-01
7.12695219859520112671e-01 4.53755610412724497138e+00 -5.34801527981363822306e-01 1.06538675676527034852e+02 3.05047710111417291756e-01
7.14485721483631763817e-01 4.53994836718010308374e+00 -5.34474489725852541788e-01 1.06530860764759623294e+02 3.06410105549139610837e-01
7.16271358749200004468e-01 4.54234312124344707939e+00 -5.34145709435274396171e-01 1.06523035697149907719e+02 3.07769842718932262748e-01
7.18052119499257623936e-01 4.54474033972212865251e+00 -5.33815182982488534158e-01 1.06515200709127341838e+02 3.09126832413214092110e-01
7.19827991610036854730e-01 4.54713999618604791664e+00 -5.33482906938801293428e-01 1.06507356062192954482e+02 3.10480951004731664522e-01
7.21598962991052972349e-01 4.54954206381595049891e+00 -5.33148877440148161178e-01 1.06499502015047653458e+02 3.11832099131173434703e-01
7.23365021585186451780e-01 4.55194651567233954381e+00 -5.32813090917797715917e-01 1.06491638837869103895e+02 3.13180163962733126848e-01
7.25126155368765124010e-01 4.55435332497464351320e+00 -5.32475544354872210029e-01 1.06483766826986510523e+02 3.14525006073931745476e-01
7.26882352351645444344e-01 4.55675757863602370890e+00 -5.32133082286264103011e-01 1.06475632470189722767e+02 3.16028363937076228751e-01
7.28633600577295093004e-01 4.55916853400027211052e+00 -5.31791711293410740424e-01 1.06467718428274324083e+02 3.17381460365972034587e-01
7.30379888122873355272e-01 4.56158171868052342290e+00 -5.31448544804190570190e-01 1.06459794077522545308e+02 3.18732273631292306604e-01
7.32121203099313277995e-01 4.56399710115909940100e+00 -5.31103577850390529136e-01 1.06451859542334787534e+02 3.20080771382793172197e-01
7.33857533651401716668e-01 4.56641464951333642119e+00 -5.30756805651717011862e-01 1.06443914944867415784e+02 3.21426913624259513735e-01
7.35588867957860936819e-01 4.56883433140975547815e+00 -5.30408223241268572679e-01 1.06435960404793618750e+02 3.22770672161617644402e-01
7.37315194231428105986e-01 4.57125611399623110742e+00 -5.30057825583267305802e-01 1.06427996033925865049e+02 3.24112024544959798078e-01
7.39036500718936339993e-01 4.57367996420798661461e+00 -5.29705607883090956456e-01 1.06420021952298725409e+02 3.25450938194140559911e-01
7.40752775701394416963e-01 4.57610584841513201582e+00 -5.29351565367892074043e-01 1.06412038270047645483e+02 3.26787381723969594383e-01
7.42464007494066491333e-01 4.57853373246311523559e+00 -5.28995692821479623902e-01 1.06404045089542364622e+02 3.28121349068649037495e-01
7.44170184446551918889e-01 4.58096358189124774896e+00 -5.28637985608788496528e-01 1.06396042517151499851e+02 3.29452806660994523824e-01
7.45871294942864193622e-01 4.58339536159387961334e+00 -5.28278438593602794882e-01 1.06388030647717556576e+02 3.30781748561285893206e-01
7.47567327401510439699e-01 4.58582903633616911776e+00 -5.27917047076672085737e-01 1.06380009583210139112e+02 3.32108151282309305152e-01
7.49258270275569682184e-01 4.58826456996687515044e+00 -5.27553806038185246763e-01 1.06371979404590263130e+02 3.33432008294757165068e-01
7.50944112052772227983e-01 4.59070192603822935240e+00 -5.27188710377560543208e-01 1.06363940195757649576e+02 3.34753320799570264210e-01
7.52624841255577603505e-01 4.59314106757823470417e+00 -5.26821755320313833693e-01 1.06355892034156283898e+02 3.36072076028476718346e-01
7.54300446441252492313e-01 4.59558195717190809404e+00 -5.26452936038956931242e-01 1.06347834995037956674e+02 3.37388266935579661521e-01
7.55970916201949338920e-01 4.59802455653816632974e+00 -5.26082247109641798488e-01 1.06339769129636948719e+02 3.38701920189618754797e-01
7.57636239164782954170e-01 4.60046882703440740414e+00 -5.25709683598847066222e-01 1.06331694491738105057e+02 3.40013040317288239844e-01
7.59296403991909008013e-01 4.60291472971401560699e+00 -5.25335240876272813182e-01 1.06323611140767027905e+02 3.41321619486839533675e-01
7.60951399380600634892e-01 4.60536222445956688887e+00 -5.24958913411634142676e-01 1.06315519096881018868e+02 3.42627699397996365871e-01
7.62601214063325594239e-01 4.60781127094179954184e+00 -5.24580696267870627558e-01 1.06307418391105201749e+02 3.43931294628574246719e-01
7.64245836807822653824e-01 4.61026182793911587510e+00 -5.24200583913703610506e-01 1.06299309030044540236e+02 3.45232453762532864872e-01
7.65885256417178750254e-01 4.61271385378690190748e+00 -5.23818571586034953391e-01 1.06291191019686905861e+02 3.46531189369084280383e-01
7.67519461729904151071e-01 4.61517537005580802401e+00 -5.23440374435876543124e-01 1.06283481827751444371e+02 3.47535358943722116898e-01
7.69148441620009615249e-01 4.61763096489560176394e+00 -5.23055042827229588198e-01 1.06275385697217785719e+02 3.48804119998715023154e-01
7.70772184997081555302e-01 4.62008796721415038178e+00 -5.22667835517680479107e-01 1.06267284347976584513e+02 3.50068566490840782368e-01
7.72390680806357088350e-01 4.62254633794790770196e+00 -5.22278749871150416162e-01 1.06259178008901457702e+02 3.51328619954447252116e-01
7.74003918028800530493e-01 4.62500603819350786239e+00 -5.21887784067522231268e-01 1.06251066940152540496e+02 3.52584164353593743080e-01
7.75611885681177226637e-01 4.62746702810827947872e+00 -5.21494935468326925587e-01 1.06242951376180613465e+02 3.53835130015281995597e-01
7.77214572816129045663e-01 4.62992926764988066424e+00 -5.21100201834221454789e-01 1.06234831564427139483e+02 3.55081431269648473137e-01
7.78811968522248321278e-01 4.63239271714552458548e+00 -5.20703582064364955961e-01 1.06226707795065109963e+02 3.56322928721791554185e-01
7.80404061924152570029e-01 4.63485733541047295603e+00 -5.20305073581567301133e-01 1.06218580303432432288e+02 3.57559563345095199338e-01
7.81990842182558654194e-01 4.63732308188002573246e+00 -5.19904675389247117323e-01 1.06210449381027260074e+02 3.58791199967583462893e-01
7.83572298494356056509e-01 4.63978991553865505182e+00 -5.19502385935132870998e-01 1.06202315319830319140e+02 3.60017737001398940855e-01
7.85148420092680932036e-01 4.64225779450812936489e+00 -5.19098203599625107607e-01 1.06194178391483049495e+02 3.61239081271164108600e-01
7.86719196246989271870e-01 4.64472667730575405898e+00 -5.18692127726048335390e-01 1.06186038912578936788e+02 3.62455095597053023049e-01
7.88284616263129733760e-01 4.64719652169828112420e+00 -5.18284157117970933903e-01 1.06177897185364159327e+02 3.63665675824538681127e-01
7.89844669483416361722e-01 4.64966728538806517435e+00 -5.17874291340300052511e-01 1.06169753533690865765e+02 3.64870684285359514476e-01
7.91399345286702082802e-01 4.65213892550376062474e+00 -5.17462529475079646701e-01 1.06161608276575464060e+02 3.66070013730764809434e-01
7.92948633088449872375e-01 4.65461139920647593016e+00 -5.17048871283280142563e-01 1.06153461759976934786e+02 3.67263527959227953357e-01
7.94492522340805029657e-01 4.65708466335979665018e+00 -5.16633316718903001785e-01 1.06145314339850799001e+02 3.68451086831022733836e-01
7.96031002532667897320e-01 4.65955867470998885693e+00 -5.16215866179289273319e-01 1.06137166394254833790e+02 3.69632530497616129672e-01
7.97564063189764360651e-01 4.66203338924800192444e+00 -5.15796519799019970165e-01 1.06129018280289216136e+02 3.70807727864134351048e-01
7.99091693874717567958e-01 4.66450876353359866755e+00 -5.15375278509059397969e-01 1.06120870418012671621e+02 3.71976504756138470764e-01
8.00613884187118873825e-01 4.66698475255371647563e+00 -5.14952141538535190790e-01 1.06112723169512577215e+02 3.73138783391447736992e-01
8.02130623763599115428e-01 4.66946131301474487429e+00 -5.14527112013010268221e-01 1.06104577012847627770e+02 3.74294293415807777237e-01
8.03641902277898334539e-01 4.67193839976104197120e+00 -5.14100189957099940052e-01 1.06096432355663083058e+02 3.75442930008885900062e-01
8.05147709440937053849e-01 4.67441596847216089827e+00 -5.13671376062822759856e-01 1.06088289675306626236e+02 3.76584561555307562042e-01
8.06648035000885443857e-01 4.67689397445084331650e+00 -5.13240676583035293490e-01 1.06080149458736997303e+02 3.77718778298083701639e-01
8.08142868743233711015e-01 4.67935798687875426083e+00 -5.12797418414142724963e-01 1.06071269972452128627e+02 3.79387279699381185782e-01
8.09632200490861042574e-01 4.68183546684729634535e+00 -5.12362097974714214565e-01 1.06063071042989193415e+02 3.80549368688420264206e-01
8.11116020104105994726e-01 4.68431314333621262591e+00 -5.11924833710934779063e-01 1.06054870716937557518e+02 3.81706742526239262148e-01
8.12594317480834105183e-01 4.68679096295582642284e+00 -5.11485624260668014784e-01 1.06046669143584352923e+02 3.82859407038655064071e-01
8.14067082556508059277e-01 4.68926887240078382746e+00 -5.11044470211762247303e-01 1.06038466505286450570e+02 3.84007276107130701703e-01
8.15534305304254858449e-01 4.69174681595521114730e+00 -5.10601368284580692247e-01 1.06030262887401036664e+02 3.85150469071612655547e-01
8.16995975734935098167e-01 4.69422473872192913547e+00 -5.10156319159434046284e-01 1.06022058447265919767e+02 3.86288910929772744129e-01
8.18452083897210691532e-01 4.69670258452135502836e+00 -5.09709321354155808770e-01 1.06013853304182447346e+02 3.87422645517971064866e-01
8.19902619877612370836e-01 4.69918029735531028734e+00 -5.09260375676547694113e-01 1.06005647616497327590e+02 3.88551608112978341669e-01
8.21347573800607411165e-01 4.70165781887799472116e+00 -5.08809479656625041066e-01 1.05997441449903590183e+02 3.89675909823007093902e-01
8.22786935828667020942e-01 4.70413509222678172250e+00 -5.08356634470788160129e-01 1.05989234976831909307e+02 3.90795484655910740912e-01
8.24220696162332733259e-01 4.70661205777376689952e+00 -5.07901839404787835974e-01 1.05981028256699275403e+02 3.91910371564969939318e-01
8.25648845040284129482e-01 4.70908865667525233789e+00 -5.07445104494336551859e-01 1.05972821423414515607e+02 3.93020068951332790519e-01
8.27071372739403898322e-01 4.71156482728271441829e+00 -5.06986397377201525316e-01 1.05964614478612219273e+02 3.94126254149693378004e-01
8.28488269574845448417e-01 4.71404051018948511143e+00 -5.06525750494940973923e-01 1.05956407597058316128e+02 3.95227297782128395021e-01
8.29899525900098078424e-01 4.71651564275381840474e+00 -5.06063153596014503321e-01 1.05948200799547691986e+02 3.96323764746010831495e-01
8.31305132107052369150e-01 4.71899016424553785498e+00 -5.05598611043673207277e-01 1.05939994243074721680e+02 3.97415476532777922625e-01
8.32705078626066685921e-01 4.72146400657694353953e+00 -5.05132108532788115518e-01 1.05931787725918511001e+02 3.98503235892179175082e-01
8.34099355926031127417e-01 4.72393710999197313782e+00 -5.04663661225229209784e-01 1.05923581521500011604e+02 3.99586333838220231218e-01
8.35487954514433028841e-01 4.72640940897953854005e+00 -5.04193267549673751482e-01 1.05915375630788631156e+02 4.00664931936009161006e-01
8.36870864937421798935e-01 4.72888083422793581434e+00 -5.03720919477917195017e-01 1.05907169888740995134e+02 4.01739531154806039925e-01
8.38248077779872757809e-01 4.73135132220125687041e+00 -5.03246625734536712216e-01 1.05898964464904395300e+02 4.02809789807264562178e-01
8.39619583665451307830e-01 4.73382080403547256253e+00 -5.02770384483689269928e-01 1.05890759283262497092e+02 4.03875915323988254890e-01
8.40985373256677326559e-01 4.73628921033169092425e+00 -5.02292196076765229407e-01 1.05882554273440774750e+02 4.04938014809906376978e-01
8.42345437254987894349e-01 4.73875647219895324014e+00 -5.01812062656498136803e-01 1.05874349424033553646e+02 4.05996116092532666197e-01
8.43699766400801687283e-01 4.74122251691271845431e+00 -5.01329980111504314166e-01 1.05866144557124272296e+02 4.07050576964851085204e-01
8.45048351473580483528e-01 4.74371005435659132132e+00 -5.00862961041377841021e-01 1.05859111469300628983e+02 4.07243655371642754304e-01
8.46391183291893445251e-01 4.74617531531257430544e+00 -5.00378245116894659894e-01 1.05851002103279910216e+02 4.08227866568037611739e-01
8.47728252713479291103e-01 4.74863926538661917931e+00 -4.99891596108791080866e-01 1.05842898731282915037e+02 4.09208232301288388211e-01
8.49059550635307469513e-01 4.75110187594495059216e+00 -4.99403152006300421473e-01 1.05834803625842624797e+02 4.10177930345533625633e-01
8.50385067993641552420e-01 4.75356306944005435611e+00 -4.98912865361835489164e-01 1.05826716503883574205e+02 4.11139598312501186594e-01
8.51704795764099964472e-01 4.75602275142224151239e+00 -4.98420690581979297651e-01 1.05818636253567149197e+02 4.12095782844662639199e-01
8.53018724961718044497e-01 4.75848088936588986542e+00 -4.97926706952550812701e-01 1.05810565020127967273e+02 4.13042701688829838602e-01
8.54326846641008552652e-01 4.76093740596047432234e+00 -4.97430885817245815872e-01 1.05802502642328150273e+02 4.13982074545913902863e-01
8.55629151896023509849e-01 4.76339223246344989349e+00 -4.96933253962525356418e-01 1.05794449458313820855e+02 4.14912810771029205714e-01
8.56925631860413927754e-01 4.76584530927479121942e+00 -4.96433945846842583638e-01 1.05786406362942230430e+02 4.15828348208533593588e-01
8.58216277707490537985e-01 4.76829654304160133194e+00 -4.95932544329370006420e-01 1.05778372277071284202e+02 4.16750257737219742538e-01
8.59501080650284077223e-01 4.77074588863405146810e+00 -4.95429487236563492747e-01 1.05770349057019785732e+02 4.17656530859409347300e-01
8.60780031941604684143e-01 4.77319327267830040284e+00 -4.94924650520307374268e-01 1.05762336869224398583e+02 4.18553852593570252516e-01
8.62053122874101962481e-01 4.77563862012959283732e+00 -4.94418031499137544671e-01 1.05754335885448568888e+02 4.19442700753046626705e-01
8.63320344780323600808e-01 4.77808178818016671130e+00 -4.93909482211910555449e-01 1.05746342782507014135e+02 4.20330948065291309934e-01
8.64581689032775213555e-01 4.78052293299486752431e+00 -4.93399503337436762251e-01 1.05738369860561988389e+02 4.21193585028343642218e-01
8.65837147043978516692e-01 4.78296180596383457839e+00 -4.92887718742139324668e-01 1.05730408351370741116e+02 4.22050093565341621904e-01
8.67086710266529503421e-01 4.78539824969978511149e+00 -4.92373970102449598496e-01 1.05722454288774926567e+02 4.22908912472333364807e-01
8.68330370193157397019e-01 4.78783237083036627979e+00 -4.91858626170375179409e-01 1.05714517483676445408e+02 4.23751789818543111998e-01
8.69568118356782493450e-01 4.79026402283536079096e+00 -4.91341561615636746030e-01 1.05706594613450448605e+02 4.24585528514482613005e-01
8.70799946330572671727e-01 4.79269309580291302808e+00 -4.90822950580309447233e-01 1.05698684424511526458e+02 4.25401714868412494930e-01
8.72025845728002679813e-01 4.79511959717034219608e+00 -4.90302260363435771229e-01 1.05690791276697495960e+02 4.26228016015326338639e-01
8.73245808202909201690e-01 4.79754488835326764473e+00 -4.89784827521435262021e-01 1.05682991847189938994e+02 4.26794069713865020788e-01
8.74459825449549366105e-01 4.79996453360294683677e+00 -4.89256448050632342106e-01 1.05675056530675604449e+02 4.27821056112479558564e-01
8.75667889202656035685e-01 4.80238281630755459162e+00 -4.88731647878147823505e-01 1.05667216109374862754e+02 4.28572501965823915437e-01
8.76869991237495205461e-01 4.80479797381831108538e+00 -4.88204200775719798777e-01 1.05659381698218183487e+02 4.29364973203234912003e-01
8.78066123369920736863e-01 4.80721078327020823195e+00 -4.87675792940179764212e-01 1.05651598286851225339e+02 4.30113743042374485626e-01
8.79256277456431312167e-01 4.80962016413111648205e+00 -4.87146526308498917235e-01 1.05643815455162638273e+02 4.30813664140225316412e-01
8.80440445394225390530e-01 4.81202613067432594107e+00 -4.86611987903153520030e-01 1.05636035827041240509e+02 4.31689907347588219810e-01
8.81618619121255608917e-01 4.81438967952593888100e+00 -4.86052092474355990070e-01 1.05626268026840421044e+02 4.33741170417548227434e-01
8.82790790616284959391e-01 4.81678317757045526548e+00 -4.85512109854503881579e-01 1.05618224902714331392e+02 4.34708922359017313486e-01
8.83956951898940523904e-01 4.81917966144566545239e+00 -4.84976793613190959586e-01 1.05610530319713078029e+02 4.35353550411685386035e-01
8.85117095029768430337e-01 4.82156918615968255182e+00 -4.84435271758106744677e-01 1.05602676581717872750e+02 4.36222652672690058839e-01
8.86271212110287143204e-01 4.82395599545903319694e+00 -4.83897457753174553563e-01 1.05594890307922952388e+02 4.36815567556738615362e-01
8.87419295283041753564e-01 4.82633717902086978313e+00 -4.83352096407956399737e-01 1.05587021328866427439e+02 4.37703493230959417293e-01
8.88561336731657602783e-01 4.82871843265809186363e+00 -4.82813131434775943962e-01 1.05579372665171604240e+02 4.38182070261797340649e-01
8.89697328680893129160e-01 4.83108921829674997639e+00 -4.82259874334968641207e-01 1.05571400526152615384e+02 4.39296975727704208659e-01
8.90827263396692936581e-01 4.83345918217511005821e+00 -4.81712358915316829489e-01 1.05563612677882076696e+02 4.40037034648023739347e-01
8.91951133186240308071e-01 4.83582522690856375647e+00 -4.81163523943171134167e-01 1.05555852152349231687e+02 4.40760081278669002547e-01
8.93068930398010163429e-01 4.83818691326253347285e+00 -4.80612904999546342033e-01 1.05548101276424930006e+02 4.41490369119615699844e-01
8.94180647421820240517e-01 4.84054395727677100325e+00 -4.80060480618592355651e-01 1.05540350591165122296e+02 4.42229762861920006056e-01
8.95286276688883719821e-01 4.84289668133065731581e+00 -4.79506543106322957737e-01 1.05532621679209839272e+02 4.42964614572534831627e-01
8.96385810671860183696e-01 4.84524475541602583917e+00 -4.78951106335305187844e-01 1.05524902844190251017e+02 4.43695022728513355226e-01
8.97479241884907241733e-01 4.84758813501974028526e+00 -4.78394127692600479307e-01 1.05517196866419070034e+02 4.44424154136963955875e-01
8.98566562883731378975e-01 4.84992682901349603242e+00 -4.77835590931254938774e-01 1.05509509360586960725e+02 4.45153940869852327022e-01
8.99647766265638582084e-01 4.85226067385127812770e+00 -4.77276555820951409181e-01 1.05501837887469520183e+02 4.45831568194276273154e-01
9.00722844669584632449e-01 4.85458952327948978223e+00 -4.76715632844477821273e-01 1.05494179290654543024e+02 4.46528609765257877839e-01
9.01791790776225510307e-01 4.85691327525375271534e+00 -4.76153340796198143448e-01 1.05486533984810606057e+02 4.47219821231745306989e-01
9.02854597307967132735e-01 4.85923182926379393365e+00 -4.75589598035771332629e-01 1.05478902093277582708e+02 4.47910467895230923752e-01
9.03911257029014647557e-01 4.86154510520955263075e+00 -4.75024569744793290216e-01 1.05471284983682878078e+02 4.48593334042751479274e-01
9.04961762745422060306e-01 4.86385300841552759010e+00 -4.74458240546842546781e-01 1.05463683197284638027e+02 4.49270387622530742444e-01
9.06006107305140861996e-01 4.86615538885851961481e+00 -4.73890658129093422790e-01 1.05456094549612544142e+02 4.49940388452997830360e-01
9.07044283598068878938e-01 4.86845221908251257759e+00 -4.73321862315328301118e-01 1.05448523106492302759e+02 4.50602613771076576654e-01
9.08076284556099455614e-01 4.87074332295103840096e+00 -4.72751930143748777535e-01 1.05440965456830326730e+02 4.51254379984694253825e-01
9.09102103153167639960e-01 4.87302868052243276509e+00 -4.72180765786639089487e-01 1.05433426024642855623e+02 4.51901914495581757958e-01
9.10121732405300032376e-01 4.87530813736618728882e+00 -4.71608471239242599271e-01 1.05425902592863963037e+02 4.52541347922375825075e-01
9.11135165370661193052e-01 4.87758132622178397497e+00 -4.71034868629324476874e-01 1.05418381946300726781e+02 4.53182870694828099367e-01
9.12142395149601159510e-01 4.87984858787863551299e+00 -4.70460245077314764828e-01 1.05410887268159527252e+02 4.53813669691591647926e-01
9.13143414884702742107e-01 4.88211026857252239353e+00 -4.69885815995907563103e-01 1.05403442626589125553e+02 4.54373913686154151659e-01
9.14138217760827709313e-01 4.88436412180137935479e+00 -4.69307470905309220832e-01 1.05395936764675298036e+02 4.55071815491602083004e-01
9.15126797005163528098e-01 4.88661168189531736061e+00 -4.68728655055445198041e-01 1.05388455749576337439e+02 4.55735466784015053054e-01
9.16109145887269216146e-01 4.88892219212937462203e+00 -4.68194326833306306845e-01 1.05384548344793927299e+02 4.54141363890575744389e-01
9.17085257719121638154e-01 4.89116462288407749526e+00 -4.67630935732662178506e-01 1.05377524659607487933e+02 4.53918598301141618112e-01
9.18055125855160469861e-01 4.89339355076239890252e+00 -4.67040058625533105463e-01 1.05370157123203142646e+02 4.55029881872338004545e-01
9.19018743692333606177e-01 4.89561755401232012730e+00 -4.66455275722283568829e-01 1.05362912024591466320e+02 4.55782088289205356002e-01
9.19976104670142347253e-01 4.89783159552781377499e+00 -4.65869352187001706245e-01 1.05355534523403122193e+02 4.56539617747787729307e-01
9.20927202270686140473e-01 4.90004833412754514654e+00 -4.65294068593349430252e-01 1.05348681052866595564e+02 4.56717617628618843817e-01
9.21872030018706323240e-01 4.90225590721719584053e+00 -4.64723795959790852983e-01 1.05341752400328573458e+02 4.56593860076841939755e-01
9.22810581481630642919e-01 4.90445258722535459839e+00 -4.64136063409931964863e-01 1.05334649086738281198e+02 4.57306762445689685137e-01
9.23742850269617443715e-01 4.90663979739276534531e+00 -4.63541461158675227594e-01 1.05327457669450851085e+02 4.58322872442244400037e-01
9.24668830035598299233e-01 4.90882323540832210540e+00 -4.62952562849848148208e-01 1.05320482795020822664e+02 4.59012126328966374444e-01
9.25588514475321866293e-01 4.91099827174987613176e+00 -4.62373432566078046424e-01 1.05313499605797701975e+02 4.59167149899477267105e-01
9.26501897327396517490e-01 4.91316852837423301281e+00 -4.61793292661995480319e-01 1.05306688846125055647e+02 4.59338665262171985670e-01
9.27408972373333306827e-01 4.91532911876350464553e+00 -4.61210406053402466320e-01 1.05299807862582355256e+02 4.59612656969587363154e-01
9.28309733437587714100e-01 4.91748094514336209215e+00 -4.60620292516673746075e-01 1.05292904738362139483e+02 4.60218694383663251557e-01
9.29204174387602388485e-01 4.91962864248135822720e+00 -4.60040892786121091707e-01 1.05286235313883523190e+02 4.60254881166330898079e-01
9.30092289133848337812e-01 4.92177005543565737611e+00 -4.59463260312141852371e-01 1.05279689318623681515e+02 4.60174517493178780736e-01
9.30974071629866561928e-01 4.92389121995337575299e+00 -4.58861104779890283112e-01 1.05272543984594207700e+02 4.61298143414353489788e-01
9.31849515872309464015e-01 4.92600508793676183927e+00 -4.58259707803183147234e-01 1.05265482359720905947e+02 4.62359725090163264927e-01
9.32718615900981373734e-01 4.92812857784372404524e+00 -4.57711225120451425941e-01 1.05259412190339844528e+02 4.60737836660565613922e-01
9.33581365798879514450e-01 4.93020996123893517904e+00 -4.57124485007583569729e-01 1.05251644053503810028e+02 4.61002394093045608781e-01
9.34437759692233416153e-01 4.93227996634899845674e+00 -4.56462031519318411910e-01 1.05243705228946112129e+02 4.65076318283186407321e-01
9.35287791750546215752e-01 4.93441349953534480477e+00 -4.55860527218952760187e-01 1.05239510608842522288e+02 4.66115996532560472598e-01
9.36131456186633403860e-01 4.93645788947306662919e+00 -4.55280299548177780355e-01 1.05231310647736890473e+02 4.65995647635138843246e-01
9.36968747256662348732e-01 4.93854388118224463256e+00 -4.54687259564221069041e-01 1.05225693888016564870e+02 4.66558279196724601245e-01
9.37799659260191820209e-01 4.94060975411403813240e+00 -4.54153305094358250571e-01 1.05219610465033241553e+02 4.64115859270281261306e-01
9.38624186540210181384e-01 4.94266106083549416894e+00 -4.53565492271615300357e-01 1.05213245658584199305e+02 4.64387032364602492240e-01
9.39442323483174468457e-01 4.94470289405432428254e+00 -4.52984278509320104078e-01 1.05206918090575712199e+02 4.64322094673048357816e-01
9.40254064519048693427e-01 4.94673575786133934429e+00 -4.52416529643897336044e-01 1.05200666481455144208e+02 4.63577078897055905315e-01
9.41059404121340592475e-01 4.94874405829617813879e+00 -4.51786284863082865382e-01 1.05193638488984205992e+02 4.65980212636759372202e-01
9.41858336807141038882e-01 4.95077340082981365299e+00 -4.51233489476529747719e-01 1.05188276283963304536e+02 4.64502675569812284451e-01
9.42650857137159903232e-01 4.95275807661387812431e+00 -4.50604065117387486694e-01 1.05181120909568790012e+02 4.66874005681899684195e-01
9.43436959715763689971e-01 4.95475266920265333681e+00 -4.50031414169204668774e-01 1.05175063510841425796e+02 4.66405761023427845036e-01
9.44216639191012285792e-01 4.95674331152283098589e+00 -4.49463207262999986380e-01 1.05169360712537724112e+02 4.65733066722662791825e-01
9.44989890254695485972e-01 4.95871348905551823094e+00 -4.48871655024710991544e-01 1.05163157910823585439e+02 4.66247419420484476849e-01
9.45756707642368521505e-01 4.96067138197235735220e+00 -4.48279963470071873832e-01 1.05156897347881027827e+02 4.66786878922778813994e-01
9.46517086133388918512e-01 4.96262696057040830766e+00 -4.47704437361881646407e-01 1.05151105395962915168e+02 4.66540704457940380578e-01
9.47271020550951026173e-01 4.96456929044396400030e+00 -4.47124522170396387910e-01 1.05145216517930563782e+02 4.66539730948636821584e-01
9.48018505762121987956e-01 4.96639321497088914725e+00 -4.46508612536692328643e-01 1.05133893736085525461e+02 4.68279556731137469594e-01
9.48759536677876158528e-01 4.96830240532077382909e+00 -4.45903334522821770403e-01 1.05127478985298935754e+02 4.69609099263303186866e-01
9.49494108253130075781e-01 4.97020409947741281798e+00 -4.45313082017882166941e-01 1.05121297248055057594e+02 4.70218539972129034865e-01
9.50222215486776988769e-01 4.97209689386878572748e+00 -4.44724093516546681304e-01 1.05115270756477102054e+02 4.70805115705807575299e-01
9.50943853421720053376e-01 4.97397144975943650280e+00 -4.44144196408490843364e-01 1.05108942648747046178e+02 4.70967482379402946346e-01
9.51659017144907415364e-01 4.97583640780176139629e+00 -4.43563519933945715756e-01 1.05102746208751540280e+02 4.71216418661313696248e-01
9.52367701787364628885e-01 4.97770325899714016771e+00 -4.42983177511603432031e-01 1.05097269613134059796e+02 4.71511419638624029727e-01
9.53069902524227741125e-01 4.97952615848453916669e+00 -4.42382085578471750953e-01 1.05090182763252130371e+02 4.72872735453637227376e-01
9.53765614574776932066e-01 4.98134066021740373742e+00 -4.41777947733446751943e-01 1.05083306025572895237e+02 4.74446728035399278856e-01
9.54454833202468377884e-01 4.98317466413175136353e+00 -4.41208487620396605511e-01 1.05078094534719113540e+02 4.74361915454752813837e-01
9.55137553714966891505e-01 4.98500110793106099294e+00 -4.40664435688614963826e-01 1.05073179451968144349e+02 4.73062228842248355676e-01
9.55813771464177897030e-01 4.98680443530693651155e+00 -4.40118450665803517818e-01 1.05067753550048479383e+02 4.71915415947414040865e-01
9.56483481846278404959e-01 4.98859651654681890420e+00 -4.39571227370451955707e-01 1.05062423675840989290e+02 4.70902735505705660746e-01
9.57146680301749208652e-01 4.99037668945977763713e+00 -4.39000766217026217042e-01 1.05057139485293390635e+02 4.71138239823972904130e-01
9.57803362315405748539e-01 4.99211731373806966161e+00 -4.38399982345124950012e-01 1.05050504337944943245e+02 4.72952473835574926930e-01
9.58453523416427977111e-01 4.99390188356281328197e+00 -4.37901874932595025491e-01 1.05046884481585152571e+02 4.69727485079939222068e-01
9.59097159178392222323e-01 4.99564261229341166626e+00 -4.37382069954669272516e-01 1.05041720730263364203e+02 4.67649746642919861284e-01
9.59734265219300386462e-01 4.99732072276105476760e+00 -4.36720273465131092472e-01 1.05033938749763194664e+02 4.72772717165281852747e-01
9.60364837201609811146e-01 4.99902269766255802352e+00 -4.36149179238479012266e-01 1.05028166624140837371e+02 4.73451804655028063440e-01
9.60988870832263142319e-01 5.00071291269232087728e+00 -4.35573440651750631858e-01 1.05022508220661549672e+02 4.74464580827873072533e-01
9.61606361862717418099e-01 5.00238522184128342474e+00 -4.35003196939924785536e-01 1.05016671199509985968e+02 4.75295762246889685887e-01
9.62217306088972823552e-01 5.00401929116777477446e+00 -4.34436779019920449318e-01 1.05009634699039693828e+02 4.76011041667741829908e-01
9.62821699351601556494e-01 5.00580138834415855342e+00 -4.34012954777915183069e-01 1.05010962656209130728e+02 4.69825605974764859418e-01
9.63419537535776138171e-01 5.00741534676263722048e+00 -4.33476145262944367875e-01 1.05004417868444008377e+02 4.69279226473272859099e-01
9.64010816571297390887e-01 5.00901454831230186215e+00 -4.32902378424677658497e-01 1.04997832103556930861e+02 4.70714075727997394161e-01
9.64595532432621638463e-01 5.01059758773044894298e+00 -4.32310555262418183542e-01 1.04991162348647122826e+02 4.73179075910084900869e-01
9.65173681138889238973e-01 5.01219059934568633707e+00 -4.31737635687527376849e-01 1.04985777035475834396e+02 4.74845200473237138983e-01
9.65745258753950674979e-01 5.01375039581581916082e+00 -4.31156185927049240281e-01 1.04979471288574330856e+02 4.77049401561338737299e-01
9.66310261386393642979e-01 5.01528888481708001734e+00 -4.30599465737827702405e-01 1.04972892146155970750e+02 4.78132710122589676960e-01
9.66868685189569476712e-01 5.01684568282739817846e+00 -4.30021785106179554869e-01 1.04967990462104282301e+02 4.80451565475607578204e-01
9.67420526361620347622e-01 5.01847243252104657785e+00 -4.29729366272971313734e-01 1.04967744268119332673e+02 4.68627817132951984824e-01
9.67965781145503245675e-01 5.01993950366879193581e+00 -4.29051632572927998943e-01 1.04959775662321447953e+02 4.76214400394786352422e-01
9.68504445829016735736e-01 5.02148078763015348613e+00 -4.28745189791727099315e-01 1.04956796431093309252e+02 4.65334429406666250095e-01
9.69036516744826603720e-01 5.02304088108288038228e+00 -4.28379271378738546439e-01 1.04955501092411893183e+02 4.57653872897230751260e-01
9.69561990270489948429e-01 5.02445032311280215254e+00 -4.27589983347330671037e-01 1.04946903451429108145e+02 4.71321845993590948787e-01
9.70080862828479939530e-01 5.02589523474958888016e+00 -4.27010028759584270297e-01 1.04941166782485979070e+02 4.74660612091116929090e-01
9.70593130886211241659e-01 5.02734682213589056943e+00 -4.26507070135471122452e-01 1.04936685820811632652e+02 4.74315025254332223170e-01
9.71098790956062218882e-01 5.02878152440061576556e+00 -4.26004621967266572380e-01 1.04932186079985797278e+02 4.74118712932070418553e-01
9.71597839595400469825e-01 5.03019597314415989331e+00 -4.25528701591759539458e-01 1.04927534438021609731e+02 4.72759187201596930983e-01
9.72090273406605143158e-01 5.03160781569001347435e+00 -4.25015224894794207966e-01 1.04923547679979449754e+02 4.73495350984230178870e-01
9.72576089037090585343e-01 5.03297093886728408307e+00 -4.24488477119362106471e-01 1.04917936934199119037e+02 4.75049241270730615572e-01
9.73055283179328878163e-01 5.03434794402387097989e+00 -4.24025545991122465583e-01 1.04913962663099994188e+02 4.73618240871396645186e-01
9.73527852570872820337e-01 5.03569271738635748648e+00 -4.23523605010084402966e-01 1.04909177150013789515e+02 4.74333612281375216480e-01
9.73993793994377243806e-01 5.03702467034357415088e+00 -4.23026933316559106135e-01 1.04904618268999783481e+02 4.74991493082366933454e-01
9.74453104277621995344e-01 5.03834837934926138558e+00 -4.22557561393451464049e-01 1.04900552737177179097e+02 4.74492734556452855355e-01
9.74905780293532697733e-01 5.03965054777760457227e+00 -4.22082744627248651614e-01 1.04896274077612616793e+02 4.74475948394455060431e-01
9.75351818960202621156e-01 5.04093792336346435690e+00 -4.21616428295792489145e-01 1.04892146448113535939e+02 4.74251823619564083501e-01
9.75791217240913111297e-01 5.04220832131311258451e+00 -4.21150764985472880753e-01 1.04888057660043031660e+02 4.74218247966533723581e-01
9.76223972144155016650e-01 5.04345866904469009029e+00 -4.20688945801817149039e-01 1.04883858560423007589e+02 4.74214831387064050805e-01
9.76650080723648006398e-01 5.04468866510020497174e+00 -4.20228834230583325748e-01 1.04879538883943055794e+02 4.74354062566981538041e-01
9.77069540078361775670e-01 5.04590784374995227068e+00 -4.19774860352820688991e-01 1.04875590762337864703e+02 4.74430289694746487594e-01
9.77482347352534808316e-01 5.04710805937381934427e+00 -4.19328639448781681498e-01 1.04871614173683283866e+02 4.74356119514961260819e-01
9.77888499735694360915e-01 5.04828701795796153107e+00 -4.18873591169338366225e-01 1.04867471781716318446e+02 4.74969242743124298034e-01
9.78287994462675891683e-01 5.04944486210943921378e+00 -4.18425716152445670293e-01 1.04863200068075244076e+02 4.75468298058095817371e-01
9.78680828813640935060e-01 5.05077661836165692222e+00 -4.17998114683401700287e-01 1.04868651234544387307e+02 4.75463001787863381864e-01
9.79067000114096308572e-01 5.05190511341278281066e+00 -4.17587969449868701144e-01 1.04864818157584494429e+02 4.74589065981420421547e-01
9.79446505734912542529e-01 5.05303039530211606234e+00 -4.17185495597962530123e-01 1.04861778773753187011e+02 4.73614436867328236769e-01
9.79819343092340866441e-01 5.05414345414226318098e+00 -4.16786739675876538591e-01 1.04859072066749575924e+02 4.72732828067215615775e-01
9.80185509648031860763e-01 5.05522791709534136118e+00 -4.16394279038977688234e-01 1.04855884832585459776e+02 4.71796058374334970065e-01
9.80545002909051777173e-01 5.05629457053690511970e+00 -4.16008681471594476964e-01 1.04852766571149089714e+02 4.70795223091568459939e-01
9.80897820427900302143e-01 5.05733506567603452453e+00 -4.15589797372649949470e-01 1.04849249825229463795e+02 4.71744911162084890055e-01
9.81243959802526766190e-01 5.05835493119096213377e+00 -4.15180236897176424549e-01 1.04845669289176100847e+02 4.72513491376595540228e-01
9.81583418676346575182e-01 5.05935560410067353132e+00 -4.14777129268625477376e-01 1.04842102014552125411e+02 4.73251070226717251987e-01
9.81916194738257197550e-01 5.06033901389254747727e+00 -4.14386302606546241822e-01 1.04838658274500133416e+02 4.73671515641995444224e-01
9.82242285722654373536e-01 5.06129890940955018408e+00 -4.13998920813891890802e-01 1.04835020122338377746e+02 4.74213036285919042889e-01
9.82561689409446659127e-01 5.06226586143844414778e+00 -4.13720689823981246924e-01 1.04832873878734631035e+02 4.69602973433374093482e-01
9.82874403624071413255e-01 5.06322184641426886742e+00 -4.13316245338327559189e-01 1.04830985879488920887e+02 4.71677339900974545994e-01
9.83180426237509119680e-01 5.06414375700866870034e+00 -4.12969629534044868624e-01 1.04828457921340202574e+02 4.71134783828778103132e-01
9.83479755166297819891e-01 5.06504521125179874019e+00 -4.12626198184192549689e-01 1.04825908032147566473e+02 4.70748097433545287238e-01
9.83772388372547657021e-01 5.06592191953857007292e+00 -4.12286286357119780011e-01 1.04823114854466027168e+02 4.70506629210413140907e-01
9.84058323863954753641e-01 5.06677976653633788118e+00 -4.11947837122260018816e-01 1.04820380883039121045e+02 4.70523384361842877954e-01
9.84337559693814090345e-01 5.06762608046639417836e+00 -4.11615439516264891573e-01 1.04818086056797426409e+02 4.70582285135646982699e-01
9.84610093961033494558e-01 5.06844063992569093813e+00 -4.11285984623054989839e-01 1.04815216773529016336e+02 4.70808769479678701497e-01
9.84875924810146630151e-01 5.06923964113692981925e+00 -4.10964014637915209249e-01 1.04812588713723897627e+02 4.71013117687701432512e-01
9.85135050431324765796e-01 5.07002089056598492789e+00 -4.10649273623063804095e-01 1.04810100128594115176e+02 4.71204201423210899957e-01
9.85387469060390319697e-01 5.07077720244433116648e+00 -4.10336469641629009164e-01 1.04807385051530516762e+02 4.71642284889422613858e-01
9.85633178978827628747e-01 5.07151826862411159169e+00 -4.10030067221132554778e-01 1.04804947776647381374e+02 4.72112479284948871605e-01
9.85872178513795716093e-01 5.07224057672918604567e+00 -4.09732292927628916068e-01 1.04802606927524479374e+02 4.72516868635047271319e-01
9.86104466038138838258e-01 5.07294226336188192050e+00 -4.09437320992150799448e-01 1.04800269061120260972e+02 4.73143103021174737943e-01
9.86330039970398142479e-01 5.07359426681617087240e+00 -4.09141016759950293391e-01 1.04796467517565574212e+02 4.74160055204010111307e-01
9.86548898774822102808e-01 5.07427795845183471357e+00 -4.08876867020046219636e-01 1.04795360182249424952e+02 4.73995257612615572551e-01
9.86761040961377400293e-01 5.07492259657622657443e+00 -4.08613476489705917949e-01 1.04793328805757226974e+02 4.74148437813161183207e-01
9.86966465085758248854e-01 5.07561294573390586748e+00 -4.08499363623846534210e-01 1.04794874737704404311e+02 4.67260197669639165685e-01
9.87165169749397164445e-01 5.07624754853470427918e+00 -4.08406157251620716142e-01 1.04794698684386659693e+02 4.59648283141220137527e-01
9.87357153599473957861e-01 5.07655962950122585653e+00 -4.08798325623410618856e-01 1.04780064730801612427e+02 4.27520932988021518106e-01
9.87542415328925060614e-01 5.07769684856793990235e+00 -4.08305910319603282410e-01 1.04806728556663131258e+02 4.41593635627584302217e-01
9.87720953676452295689e-01 5.07796089569726305513e+00 -4.07683939578333820464e-01 1.04790269394520237256e+02 4.61314073797912116426e-01
9.87892767426531648312e-01 5.07830312582786103093e+00 -4.07056398636023664128e-01 1.04778800869331760737e+02 4.81855466992638481472e-01
9.88057855409421592618e-01 5.07865203083449667787e+00 -4.06506435936927701391e-01 1.04768850410799302608e+02 4.98926188316096697051e-01
9.88216216501170752196e-01 5.07936193845422057080e+00 -4.06525274040777762075e-01 1.04779024480722327439e+02 4.88316256803275672294e-01
9.88367849623625893685e-01 5.07978522759637041162e+00 -4.06520138648889195476e-01 1.04775794572249964176e+02 4.78926477633294767067e-01
9.88512753744439143233e-01 5.08031006325143952296e+00 -4.06515149247017759659e-01 1.04778754315988848589e+02 4.70123087950744644736e-01
9.88650927877074869876e-01 5.08083083915420186116e+00 -4.06509917891519134692e-01 1.04782586403318589419e+02 4.61766725401021427277e-01
9.88782371080816346876e-01 5.08133106510152909863e+00 -4.06538455153554523225e-01 1.04786514469774616032e+02 4.52121671690083992701e-01
9.88907082460772635102e-01 5.08155816073548294298e+00 -4.06103987240740871290e-01 1.04777059531498792921e+02 4.65801492968904495839e-01
9.89025061167884578239e-01 5.08159163849924144785e+00 -4.05463945321275220923e-01 1.04758613038643346727e+02 4.90000192466184369966e-01
9.89136306398929687766e-01 5.08166977750187864871e+00 -4.04790453022123575266e-01 1.04743443874463352472e+02 5.16397841200616602997e-01
9.89240817396528693273e-01 5.08252517174396434285e+00 -4.05551546133505080860e-01 1.04770726747223477560e+02 4.72209514465239288405e-01
9.89338593449150427439e-01 5.08279952252235656118e+00 -4.05247059060616920956e-01 1.04768184584846792973e+02 4.81237516887379035424e-01
9.89429633891116377953e-01 5.08323690839735586877e+00 -4.05637806883694274074e-01 1.04776018876650596212e+02 4.55961101000224577895e-01
9.89513938102605350444e-01 5.08349086616283329931e+00 -4.05486435334495853855e-01 1.04774866219910833820e+02 4.58160789199706430797e-01
9.89591505509657798356e-01 5.08369376624812829846e+00 -4.05333117112789020897e-01 1.04772231395786590724e+02 4.60813235891678107947e-01
9.89662335584179708725e-01 5.08391680758009645302e+00 -4.05289952913147233371e-01 1.04771872513526702164e+02 4.58434236478912904289e-01
9.89726427843945932850e-01 5.08427230979886868312e+00 -4.05213089890047173380e-01 1.04779225771034418813e+02 4.58420360724971054367e-01
9.89783781852604072071e-01 5.08430834781374674236e+00 -4.05039421994008275174e-01 1.04771434002888483406e+02 4.63248864094098988797e-01
9.89834397219676587198e-01 5.08440470871648386719e+00 -4.04893948289147265207e-01 1.04767819040593352042e+02 4.67215356704241968622e-01
9.89878273600564240198e-01 5.08451434863258988628e+00 -4.04772285846683288479e-01 1.04766005605639932696e+02 4.70468691100822622442e-01
9.89915410696548092595e-01 5.08459320251461743823e+00 -4.04666168133923143113e-01 1.04763762399779764678e+02 4.73357402461591414422e-01
9.89945808254791503877e-01 5.08465296630952945378e+00 -4.04558028266332414535e-01 1.04761651582750062062e+02 4.76785069549186979465e-01
9.89969466068341796827e-01 5.08478676737491497306e+00 -4.04605207769854091637e-01 1.04764609211645833398e+02 4.72974222975653835199e-01
