00000000000000000000 -2.73471185124396232169e+00 -1.35469813061995925096e+00 00000000000000000054 -4.44452209479440106159e-20
7.81443485547565069860e-03 -2.72632927250907242112e+00 -1.35487846597241579083e+00 5.40106375998654684167e+01 5.27433548577266927276e-03
1.56283925121375351364e-02 -2.71801263913812274353e+00 -1.35504622000680829963e+00 5.40211805384874637070e+01 1.05110276652863373487e-02
2.34413958003126705887e-02 -2.70976150774942681210e+00 -1.35520164866290371286e+00 5.40316296838734260177e+01 1.57100719735438071334e-02
3.12529676086078303521e-02 -2.70157543953585665975e+00 -1.35534500402775703876e+00 5.40419858931876149200e+01 2.08714701038252223309e-02
3.90626309130450363738e-02 -2.69345400021608005758e+00 -1.35547653439734738789e+00 5.40522500128635954297e+01 2.59952298355687200226e-02
4.68699088061915875025e-02 -2.68539675998651139466e+00 -1.35559648433713486604e+00 5.40624228787158429554e+01 3.10813648658299426786e-02
5.46743245262831176201e-02 -2.67740329347394512283e+00 -1.35570509474155298513e+00 5.40725053160502682204e+01 3.61298946442506346832e-02
6.24754014863376089250e-02 -2.66947317968887976036e+00 -1.35580260289245435601e+00 5.40824981397737971633e+01 4.11408442114491942898e-02
7.02726633032589032002e-02 -2.66160600197949470669e+00 -1.35588924251653453190e+00 5.40924021545030413449e+01 4.61142440407679848891e-02
7.80656338269275495989e-02 -2.65380134798630251680e+00 -1.35596524384174843547e+00 5.41022181546719735934e+01 5.10501298833015634826e-02
8.58538371692776497435e-02 -2.64605880959742467695e+00 -1.35603083365274490468e+00 5.41119469246386870509e+01 5.59485426161308377346e-02
9.36367977333575213228e-02 -2.63837798290451486238e+00 -1.35608623534533223598e+00 5.41215892387911665651e+01 6.08095280937044416203e-02
1.01414040242372674450e-01 -2.63075846815929237366e+00 -1.35613166897999404270e+00 5.41311458616521790077e+01 6.56331370022865540070e-02
1.09185089768709248093e-01 -2.62319986973069596559e+00 -1.35616735133447785522e+00 5.41406175479832114661e+01 7.04194247174177168080e-02
1.16949471762936074715e-01 -2.61570179606262653849e+00 -1.35619349595547045162e+00 5.41500050428874715180e+01 7.51684511643170155670e-02
1.24706712082783596762e-01 -2.60826385963228757348e+00 -1.35621031320936902276e+00 5.41593090819120135393e+01 7.98802806811638732576e-02
1.32456337022098163958e-01 -2.60088567690909844288e+00 -1.35621801033218880583e+00 5.41685303911489270945e+01 8.45549818852017742721e-02
1.40197873339769407686e-01 -2.59356686831417926342e+00 -1.35621679147859119929e+00 5.41776696873356158335e+01 8.91926275415974439964e-02
1.47930848288629207543e-01 -2.58630705818039796640e+00 -1.35620685777007810024e+00 5.41867276779542379472e+01 9.37932944350101799325e-02
1.55654789644321001063e-01 -2.57910587471295604800e+00 -1.35618840734234757939e+00 5.41957050613301731801e+01 9.83570632437956449134e-02
1.63369225734136341854e-01 -2.57196294995052898713e+00 -1.35616163539183398612e+00 5.42046025267296514016e+01 1.02884018416805916862e-01
1.71073685465818581264e-01 -2.56487791972692491527e+00 -1.35612673422145513236e+00 5.42134207544565569492e+01 1.07374248052720569491e-01
1.78767698356330495546e-01 -2.55785042363327752568e+00 -1.35608389328556211417e+00 5.42221604159482737373e+01 1.11827843781863459083e-01
1.86450794560585164650e-01 -2.55088010498074213572e+00 -1.35603329923412752045e+00 5.42308221738707203485e+01 1.16244900650444030199e-01
1.94122504900137410333e-01 -2.54396661076370422805e+00 -1.35597513595616847581e+00 5.42394066822125395788e+01 1.20625517007187224583e-01
2.01782360891835127470e-01 -2.53710959162348226315e+00 -1.35590958462243271754e+00 5.42479145863783855930e+01 1.24969794392283312101e-01
2.09429894776427566461e-01 -2.53030870181251321682e+00 -1.35583682372735059296e+00 5.42563465232814650108e+01 1.29277837428630359984e-01
2.17064639547129734076e-01 -2.52356359915903505353e+00 -1.35575702913027007490e+00 5.42647031214351258654e+01 1.33549753715300423274e-01
2.24686128978140969847e-01 -2.51687394503222527931e+00 -1.35567037409598789566e+00 5.42729850010437218089e+01 1.37785653723213996624e-01
2.32293897653115311019e-01 -2.51023940430781600242e+00 -1.35557702933459456318e+00 5.42811927740926023489e+01 1.41985650692934312067e-01
2.39887480993583035449e-01 -2.50365964533415841231e+00 -1.35547716304063237125e+00 5.42893270444373072792e+01 1.46149860534584341565e-01
2.47466415287320606886e-01 -2.49713433989874777907e+00 -1.35537094093159260488e+00 5.42973884078919297735e+01 1.50278401729808913645e-01
2.55030237716668051196e-01 -2.49066316319518588074e+00 -1.35525852628575549375e+00 5.43053774523167049892e+01 1.54371395235761349474e-01
2.62578486386791154494e-01 -2.48424579379058352302e+00 -1.35514007997938867867e+00 5.43132947577048170729e+01 1.58428964391056054106e-01
2.70110700353888233405e-01 -2.47788191359338716424e+00 -1.35501576052331351718e+00 5.43211408962683606205e+01 1.62451234823669077301e-01
2.77626419653337785931e-01 -2.47157120782163808315e+00 -1.35488572409885343895e+00 5.43289164325236058062e+01 1.66438334360723583227e-01
2.85125185327787133982e-01 -2.46531336497164499377e+00 -1.35475012459316479507e+00 5.43366219233753895423e+01 1.70390392940141160993e-01
2.92606539455178948916e-01 -2.45910807678705634061e+00 -1.35460911363398284202e+00 5.43442579182007889926e+01 1.74307542524112540905e-01
3.00070025176715493576e-01 -2.45295503822836113983e+00 -1.35446284062376509638e+00 5.43518249589320916471e+01 1.78189917014352633418e-01
3.07515186724756528491e-01 -2.44685394744276063506e+00 -1.35431145277327003029e+00 5.43593235801388914297e+01 1.82037652169102365241e-01
3.14941569450651825957e-01 -2.44080450573445473239e+00 -1.35415509513455689650e+00 5.43667543091095097907e+01 1.85850885521858771865e-01
3.22348719852504905781e-01 -2.43480641753529747362e+00 -1.35399391063344065600e+00 5.43741176659316565178e+01 1.89629756301758434223e-01
3.29736185602866604949e-01 -2.42885939037584908107e+00 -1.35382804010138446671e+00 5.43814141635723586887e+01 1.93374405355642930981e-01
3.37103515576356982386e-01 -2.42296313485678771471e+00 -1.35365762230686792478e+00 5.43886443079571293424e+01 1.97084975071710050143e-01
3.44450259877213949000e-01 -2.41711736462070181375e+00 -1.35348279398621551550e+00 5.43958085980484327138e+01 2.00761609304759641725e-01
3.51775969866767013183e-01 -2.41132179632424481497e+00 -1.35330368987391480573e+00 5.44029075259234531359e+01 2.04404453303000110953e-01
3.59080198190833532745e-01 -2.40557614961064070158e+00 -1.35312044273241527392e+00 5.44099415768510681346e+01 2.08013653636364759247e-01
3.66362498807037251236e-01 -2.39988014708256036656e+00 -1.35293318338143131463e+00 5.44169112293682530890e+01 2.11589358126317184094e-01
3.73622427012046509631e-01 -2.39423351427532482560e+00 -1.35274204072675141575e+00 5.44238169553555692914e+01 2.15131715777137216827e-01
3.80859539468730579070e-01 -2.38863597963046947470e+00 -1.35254714178856150220e+00 5.44306592201121830499e+01 2.18640876708625281344e-01
3.88073394233232560335e-01 -2.38308727446964274677e+00 -1.35234861172928910733e+00 5.44374384824300463492e+01 2.22116992090218706712e-01
3.95263550781957240243e-01 -2.37758713296883028576e+00 -1.35214657388098724589e+00 5.44441551946674167084e+01 2.25560214076486686974e-01
4.02429570038472572691e-01 -2.37213529213292906306e+00 -1.35194114977224577601e+00 5.44508098028217375486e+01 2.28970695743988317261e-01
4.09571014400322008786e-01 -2.36673149177061548087e+00 -1.35173245915467132860e+00 5.44574027466017653865e+01 2.32348591029435169730e-01
4.16687447765747620565e-01 -2.36137547446957096753e+00 -1.35152062002889694625e+00 5.44639344594991072768e+01 2.35694054669180003136e-01
4.23778435560320965170e-01 -2.35606698557199223387e+00 -1.35130574867017094753e+00 5.44704053688590548177e+01 2.39007242139969433570e-01
4.30843544763481300919e-01 -2.35080577315042615894e+00 -1.35108795965351635715e+00 5.44768158959507147188e+01 2.42288309600944024025e-01
4.37882343934978157662e-01 -2.34559158798391820255e+00 -1.35086736587846623081e+00 5.44831664560365638295e+01 2.45537413836874857109e-01
4.44894403241217928358e-01 -2.34042418353445702550e+00 -1.35064407859336510498e+00 5.44894574584412865192e+01 2.48754712202607586313e-01
4.51879294481512761017e-01 -2.33530331592371220850e+00 -1.35041820741930762573e+00 5.44956893066199583586e+01 2.51940362568677023170e-01
4.58836591114228031785e-01 -2.33022874391008638639e+00 -1.35018986037361754526e+00 5.45018623982256684712e+01 2.55094523268087569612e-01
4.65765868282830897140e-01 -2.32520022886603783263e+00 -1.34995914389299143110e+00 5.45079771251764029216e+01 2.58217353044232988957e-01
4.72666702841833874515e-01 -2.32021753475570369218e+00 -1.34972616285620383714e+00 5.45140338737213241416e+01 2.61309010999927093799e-01
4.79538673382635505238e-01 -2.31528042811281231650e+00 -1.34949102060645453882e+00 5.45200330245065245549e+01 2.64369656547532638768e-01
4.86381360259253436862e-01 -2.31038867801885183795e+00 -1.34925381897335538994e+00 5.45259749526399133401e+01 2.67399449360153196320e-01
4.93194345613951257157e-01 -2.30554205608154383356e+00 -1.34901465829451394640e+00 5.45318600277557692380e+01 2.70398549323904335839e-01
4.99977213402755082949e-01 -2.30074033641358255409e+00 -1.34877363743678091446e+00 5.45376886140784691293e+01 2.73367116491185502269e-01
5.06729549420860458930e-01 -2.29598329561161840218e+00 -1.34853085381713277968e+00 5.45434610704856268626e+01 2.76305311034989731223e-01
5.13450941327925791668e-01 -2.29127071273555493747e+00 -1.34828640342320005274e+00 5.45491777505707986506e+01 2.79213293204199686226e-01
5.20140978673252485365e-01 -2.28660236928806659407e+00 -1.34804038083346133803e+00 5.45548390027052931828e+01 2.82091223279863412277e-01
5.26799252920849836457e-01 -2.28197804919439839466e+00 -1.34779287923708057662e+00 5.45604451700996762042e+01 2.84939261532418997014e-01
5.33425357474382799694e-01 -2.27739753878241923957e+00 -1.34754399045343231656e+00 5.45659965908644153387e+01 2.87757568179870304448e-01
5.40018887702001348927e-01 -2.27286062676291544804e+00 -1.34729380495127881723e+00 5.45714935980701554286e+01 2.90546303346884193797e-01
5.46579440961049822789e-01 -2.26836710421016540806e+00 -1.34704241186764317462e+00 5.45769365198072264889e+01 2.93305627024779413947e-01
5.53106616622654478910e-01 -2.26391676454272783303e+00 -1.34678989902634338449e+00 5.45823256792447111252e+01 2.96035699032418497811e-01
5.59600016096189367687e-01 -2.25950940350448847838e+00 -1.34653635295623907986e+00 5.45876613946887729867e+01 2.98736678977970682158e-01
5.66059242853615862678e-01 -2.25514481914595865675e+00 -1.34628185890915186285e+00 5.45929439796405588936e+01 3.01408726221508105336e-01
5.72483902453697401924e-01 -2.25082281180579446556e+00 -1.34602650087748365593e+00 5.45981737428534330547e+01 3.04051999838473308024e-01
5.78873602566086775667e-01 -2.24654318409256470446e+00 -1.34577036161155638716e+00 5.46033509883896357451e+01 3.06666658583948370520e-01
5.85227952995284295135e-01 -2.24230574086675193968e+00 -1.34551352263664636411e+00 5.46084760156764374983e+01 3.09252860857728240074e-01
5.91546565704465288071e-01 -2.23811028922296717525e+00 -1.34525606426971555685e+00 5.46135491195616893378e+01 3.11810764670210238680e-01
5.97829054839176476932e-01 -2.23395663847241898736e+00 -1.34499806563589929809e+00 5.46185705903687477303e+01 3.14340527609026310074e-01
6.04075036750898464177e-01 -2.22984460012559138065e+00 -1.34473960468467645946e+00 5.46235407139510016350e+01 3.16842306806481566195e-01
6.10284130020473547518e-01 -2.22577398787514590950e+00 -1.34448075820578072381e+00 5.46284597717456108512e+01 3.19316258907686278956e-01
6.16455955481398198970e-01 -2.22174461757904140313e+00 -1.34422160184485739443e+00 5.46333280408269246209e+01 3.21762540039483846410e-01
6.22590136242976655012e-01 -2.21775630724388905790e+00 -1.34396221011882066598e+00 5.46381457939592536377e+01 3.24181305780048056864e-01
6.28686297713336617043e-01 -2.21380887700850070843e+00 -1.34370265643098707464e+00 5.46429132996489883567e+01 3.26572711129202830627e-01
6.34744067622304508625e-01 -2.20990214912765781108e+00 -1.34344301308592517508e+00 5.46476308221963549272e+01 3.28936910479470823176e-01
6.40763076044137847020e-01 -2.20603594795610380430e+00 -1.34318335130406762978e+00 5.46522986217465103209e+01 3.31274057587731984853e-01
6.46742955420115839260e-01 -2.20221009993273009187e+00 -1.34292374123606217395e+00 5.46569169543401400801e+01 3.33584305547608872544e-01
6.52683340580984761026e-01 -2.19842443356496541895e+00 -1.34266425197688832327e+00 5.46614860719635657915e+01 3.35867806762491449835e-01
6.58583868769257452236e-01 -2.19467877941339439829e+00 -1.34240495157972650198e+00 5.46660062225981420170e+01 3.38124712919178838089e-01
6.64444179661365486034e-01 -2.19097297007653901701e+00 -1.34214590706960223976e+00 5.46704776502693334805e+01 3.40355174962186368681e-01
6.70263915389663011979e-01 -2.18730684017588927759e+00 -1.34188718445677124258e+00 5.46749005950952238209e+01 3.42559343068654709175e-01
6.76042720564280052997e-01 -2.18368022634107239455e+00 -1.34162884874990240291e+00 5.46792752933342995902e+01 3.44737366623848906499e-01
6.81780242294825367111e-01 -2.18009296719528578024e+00 -1.34137096396901522866e+00 5.46836019774330281962e+01 3.46889394197287204147e-01
6.87476130211935876346e-01 -2.17654490334085926051e+00 -1.34111359315821343507e+00 5.46878808760726258242e+01 3.49015573519419974868e-01
6.93130036488672218731e-01 -2.17303587734505088136e+00 -1.34085679839817606407e+00 5.46921122142154771950e+01 3.51116051458884859127e-01
6.98741615861759757244e-01 -2.16956573372602079530e+00 -1.34060064081843699491e+00 5.46962962131510437302e+01 3.53190974000357760243e-01
7.04310525652672048125e-01 -2.16613431893899788250e+00 -1.34034518060949148222e+00 5.47004330905410824926e+01 3.55240486222897555724e-01
7.09836425788557545680e-01 -2.16274148136261468167e+00 -1.34009047703462225165e+00 5.47045230604646093298e+01 3.57264732278865959625e-01
7.15318978823006101919e-01 -2.15938707128544615799e+00 -1.33983658844158859402e+00 5.47085663334621443710e+01 3.59263855373372242852e-01
7.20757849956655149981e-01 -2.15607094089273232385e+00 -1.33958357227406166245e+00 5.47125631165795240918e+01 3.61237997744219552221e-01
7.26152707057636237487e-01 -2.15279294425326828133e+00 -1.33933148508289123768e+00 5.47165136134112799482e+01 3.63187300642376531545e-01
7.31503220681855470531e-01 -2.14955293730647545303e+00 -1.33908038253716243915e+00 5.47204180241433917331e+01 3.65111904312933110983e-01
7.36809064093112420224e-01 -2.14635077784967354120e+00 -1.33883031943506436434e+00 5.47242765455956856613e+01 3.67011947976606522914e-01
7.42069913283051829644e-01 -2.14318632552549059866e+00 -1.33858134971455311479e+00 5.47280893712632661163e+01 3.68887569811405413578e-01
7.47285446990950896762e-01 -2.14005944180946450217e+00 -1.33833352646385517204e+00 5.47318566913586224132e+01 3.70738906935576817414e-01
7.52455346723336027104e-01 -2.13696998999784870676e+00 -1.33808690193175716665e+00 5.47355786928515612999e+01 3.72566095389784746050e-01
7.57579296773433497059e-01 -2.13391783519553390747e+00 -1.33784152753772578315e+00 5.47392555595100418486e+01 3.74369270120868125051e-01
7.62656984240447144430e-01 -2.13090284430417309380e+00 -1.33759745388184470016e+00 5.47428874719401079574e+01 3.76148564965548271033e-01
7.67688099048667194069e-01 -2.12792488601046514418e+00 -1.33735473075459077030e+00 5.47464746076248331974e+01 3.77904112634377564728e-01
7.72672333966404556449e-01 -2.12498383077463559587e+00 -1.33711340714638993177e+00 5.47500171409635498776e+01 3.79636044696536278931e-01
7.77609384624753152693e-01 -2.12207955081900268013e+00 -1.33687353125707186763e+00 5.47535152433098346592e+01 3.81344491564628351732e-01
7.82498949536175603114e-01 -2.11921192011680759038e+00 -1.33663515050508885373e+00 5.47569690830099844447e+01 3.83029582480457819749e-01
7.87340730112915498928e-01 -2.11638081438111669286e+00 -1.33639831153660915142e+00 5.47603788254398864410e+01 3.84691445500469519914e-01
7.92134430685228929647e-01 -2.11358611105398574992e+00 -1.33616306023441544504e+00 5.47637446330422577034e+01 3.86330207482121157359e-01
7.96879758519442038533e-01 -2.11082768929566988447e+00 -1.33592944172665806235e+00 5.47670666653630604515e+01 3.87945994070449773350e-01
8.01576423835826168407e-01 -2.10810542997408623123e+00 -1.33569750039546786269e+00 5.47703450790874128984e+01 3.89538929684983936674e-01
8.06224139826293373368e-01 -2.10541921565435163899e+00 -1.33546727988537239362e+00 5.47735800280751661262e+01 3.91109137507100135256e-01
8.10822622671911297232e-01 -2.10276893058857838881e+00 -1.33523882311161212755e+00 5.47767716633960191075e+01 3.92656739467695858892e-01
8.15371591560234865170e-01 -2.10015446070571609738e+00 -1.33501217226816160100e+00 5.47799201333638521305e+01 3.94181856235073180272e-01
8.19870768702454344456e-01 -2.09757569360162454686e+00 -1.33478736883585669126e+00 5.47830255835711312784e+01 3.95684607203503901918e-01
8.24319879350358997172e-01 -2.09503251852929039956e+00 -1.33456445359011177665e+00 5.47860881569224815735e+01 3.97165110481872973835e-01
8.28718651813114437488e-01 -2.09252482638908299251e+00 -1.33434346660861180567e+00 5.47891079936675922113e+01 3.98623482882504875935e-01
8.33066817473854914766e-01 -2.09005250971940848004e+00 -1.33412444727888601648e+00 5.47920852314342425871e+01 4.00059839910701320331e-01
8.37364110806085748528e-01 -2.08761546268719433428e+00 -1.33390743430570979378e+00 5.47950200052605325141e+01 4.01474295754409404857e-01
8.41610269389898024706e-01 -2.08521358107882948119e+00 -1.33369246571823496517e+00 5.47979124476264729537e+01 4.02866963273988742955e-01
8.45805033927994553977e-01 -2.08284676229097964750e+00 -1.33347957887733192806e+00 5.48007626884854346372e+01 4.04237953992642895518e-01
8.49948148261523095393e-01 -2.08051490532178684489e+00 -1.33326881048228962356e+00 5.48035708552950211470e+01 4.05587378086800676158e-01
8.54039359385720064921e-01 -2.07821791076197737169e+00 -1.33306019657786367638e+00 5.48063370730475227788e+01 4.06915344377103249673e-01
8.58078417465359621907e-01 -2.07595568078639391985e+00 -1.33285377256091597253e+00 5.48090614642998090744e+01 4.08221960319407661810e-01
8.62065075850010797964e-01 -2.07372811914538734968e+00 -1.33264957318695498323e+00 5.48117441492028945049e+01 4.09507331996171619615e-01
8.65999091089099670704e-01 -2.07153513115650644849e+00 -1.33244763257668541456e+00 5.48143852455309783522e+01 4.10771564108138920179e-01
8.69880222946775583104e-01 -2.06937662369633335047e+00 -1.33224798422212176163e+00 5.48169848687099943163e+01 4.12014759966132959601e-01
8.73708234416581186466e-01 -2.06725250519241310343e+00 -1.33205066099300317717e+00 5.48195431318459398540e+01 4.13237021483370436936e-01
8.77482891735926751053e-01 -2.06516268561527116532e+00 -1.33185569514285240267e+00 5.48220601457524523425e+01 4.14438449167729983103e-01
8.81203964400363526366e-01 -2.06310707647073598991e+00 -1.33166311831460837389e+00 5.48245360189780441829e+01 4.15619142114388107068e-01
8.84871225177661369088e-01 -2.06108559079216391297e+00 -1.33147296154685901293e+00 5.48269708578329968418e+01 4.16779197998727701791e-01
8.88484450121684310453e-01 -2.05909814313307704126e+00 -1.33128525527930308137e+00 5.48293647664158854127e+01 4.17918713069529879078e-01
8.92043418586065284259e-01 -2.05714464955966258586e+00 -1.33110002935832993920e+00 5.48317178466391368374e+01 4.19037782142071602021e-01
8.95547913237682013943e-01 -2.05522502764357906102e+00 -1.33091731304264770941e+00 5.48340301982549505055e+01 4.20136498591902829425e-01
8.98997720069926953279e-01 -2.05333919645485574179e+00 -1.33073713500842050195e+00 5.48363019188800890902e+01 4.21214954348470116408e-01
9.02392628415777386941e-01 -2.05148707655490403212e+00 -1.33055952335468319347e+00 5.48385331040206054354e+01 4.22273239889116303036e-01
9.05732430960658807528e-01 -2.04966858998966650063e+00 -1.33038450560834120573e+00 5.48407238470959228493e+01 4.23311444233187061936e-01
9.09016923755105676896e-01 -2.04788366028286406006e+00 -1.33021210872921469281e+00 5.48428742394626880241e+01 4.24329654936465849868e-01
9.12245906227215463957e-01 -2.04613221242964815616e+00 -1.33004235911505275247e+00 5.48449843704381478915e+01 4.25327958085744028960e-01
9.15419181194897180198e-01 -2.04441417288977422828e+00 -1.32987528260608245390e+00 5.48470543273227804093e+01 4.26306438293405476347e-01
9.18536554877912303496e-01 -2.04272946958151191410e+00 -1.32971090448995976629e+00 5.48490841954229679800e+01 4.27265178692537328509e-01
9.21597836909708201247e-01 -2.04107803187538472400e+00 -1.32954924950613273538e+00 5.48510740580729176941e+01 4.28204260931903446519e-01
9.24602840349043497703e-01 -2.03945979058821480479e+00 -1.32939034185031634827e+00 5.48530239966562618292e+01 4.29123765171196491774e-01
9.27551381691403054042e-01 -2.03787467797700649896e+00 -1.32923420517926160755e+00 5.48549340906271751805e+01 4.30023770076606637325e-01
9.30443280880205225714e-01 -2.03632262773315009241e+00 -1.32908086261433977526e+00 5.48568044175312152788e+01 4.30904352816287528061e-01
9.33278361317795623897e-01 -2.03480357497687913693e+00 -1.32893033674627125684e+00 5.48586350530254094338e+01 4.31765589056142928825e-01
9.36056449876232710139e-01 -2.03331745625168558433e+00 -1.32878264963902803508e+00 5.48604260708984057260e+01 4.32607552955795504612e-01
9.38777376907859784083e-01 -2.03186420951865098772e+00 -1.32863782283340747803e+00 5.48621775430897002934e+01 4.33430317164531841989e-01
9.41440976255663586336e-01 -2.03044377415122978547e+00 -1.32849587735161223101e+00 5.48638895397086443495e+01 4.34233952817654589307e-01
9.44047085263422514068e-01 -2.02905609093034966506e+00 -1.32835683370047452634e+00 5.48655621290533233037e+01 4.35018529532730569009e-01
9.46595544785638676188e-01 -2.02770110203894171619e+00 -1.32822071187550427851e+00 5.48671953776283913840e+01 4.35784115406164018758e-01
9.49086199197256008553e-01 -2.02637875105731080083e+00 -1.32808753136378276949e+00 5.48687893501630696846e+01 4.36530777009594750382e-01
9.51518896403164227138e-01 -2.02508898295770745079e+00 -1.32795731114832360475e+00 5.48703441096282560352e+01 4.37258579387006296457e-01
9.53893487847486953868e-01 -2.02383174410049049285e+00 -1.32783006971105388416e+00 5.48718597172536988182e+01 4.37967586051358381827e-01
9.56209828522652460769e-01 -2.02260698222889745423e+00 -1.32770582503572898148e+00 5.48733362325443323471e+01 4.38657858981551351807e-01
9.58467776978249696995e-01 -2.02141464646497093227e+00 -1.32758459461173661253e+00 5.48747737132963777640e+01 4.39329458619690693677e-01
9.60667195329666046000e-01 -2.02025468730467050449e+00 -1.32746639543675004624e+00 5.48761722156129536643e+01 4.39982443868228101369e-01
9.62807949266506812869e-01 -2.01912705661444791261e+00 -1.32735124402053017434e+00 5.48775317939195375061e+01 4.40616872087505662137e-01
9.64889908060797774070e-01 -2.01803170762602368526e+00 -1.32723915638649936355e+00 5.48788525009783683117e+01 4.41232799092857286283e-01
9.66912944574967681000e-01 -2.01696859493332736335e+00 -1.32713014807598828071e+00 5.48801343879033041162e+01 4.41830279152560179146e-01
9.68876935269612826751e-01 -2.01593767448919480856e+00 -1.32702423415010550833e+00 5.48813775041738551863e+01 4.42409364985153208405e-01
9.70781760211040012365e-01 -2.01493890359907901200e+00 -1.32692142919304090221e+00 5.48825818976480661604e+01 4.42970107757645503721e-01
9.72627303078591576302e-01 -2.01397224092043014565e+00 -1.32682174731283897273e+00 5.48837476145764853186e+01 4.43512557082529068619e-01
9.74413451171748379309e-01 -2.01303764645777727438e+00 -1.32672520214702949204e+00 5.48848746996147909272e+01 4.44036761016889880427e-01
9.76140095417011188772e-01 -2.01213508155763820540e+00 -1.32663180686206172432e+00 5.48859631958352593983e+01 4.44542766059624394615e-01
9.77807130374562571973e-01 -2.01126450890899244328e+00 -1.32654157415824447419e+00 5.48870131447402087588e+01 4.45030617150114937708e-01
9.79414454244705079411e-01 -2.01042589253687875583e+00 -1.32645451626957977531e+00 5.48880245862722873085e+01 4.45500357665964352716e-01
9.80961968874077938629e-01 -2.00961919780087194809e+00 -1.32637064496623824361e+00 5.48889975588260341510e+01 4.45952029421255169428e-01
9.82449579761650593213e-01 -2.00884439139233617055e+00 -1.32628997155969097221e+00 5.48899320992590418200e+01 4.46385672665953470162e-01
9.83877196064494197181e-01 -2.00810144132948931173e+00 -1.32621250690034431230e+00 5.48908282429011009640e+01 4.46801326083121230770e-01
9.85244730603328400242e-01 -2.00739031695754421847e+00 -1.32613826138113988229e+00 5.48916860235651853372e+01 4.47199026787802156324e-01
9.86552099867845533332e-01 -2.00671098894401600532e+00 -1.32606724494043581863e+00 5.48925054735563975328e+01 4.47578810326134002295e-01
9.87799224021809973983e-01 -2.00606342927883352090e+00 -1.32599946706299709476e+00 5.48932866236818242101e+01 4.47940710673588871060e-01
9.88986026907933468699e-01 -2.00544761126645676441e+00 -1.32593493678419105386e+00 5.48940295032575562573e+01 4.48284760235127810457e-01
9.90112436052526190267e-01 -2.00486350952700176364e+00 -1.32587366268529938118e+00 5.48947341401176061026e+01 4.48610989841585816595e-01
9.91178382669921864689e-01 -2.00431110000140177974e+00 -1.32581565289933522855e+00 5.48954005606244876958e+01 4.48919428749345039709e-01
9.92183801666678522047e-01 -2.00379035992901366470e+00 -1.32576091510878124602e+00 5.48960287896696215171e+01 4.49210104640009100230e-01
9.93128631645553539009e-01 -2.00330126788254725412e+00 -1.32570945656120464662e+00 5.48966188506941037417e+01 4.49483043620755251535e-01
9.94012814909252973017e-01 -2.00284380371214920658e+00 -1.32566128404545713337e+00 5.48971707656746232828e+01 4.49738270220076397088e-01
9.94836297463954966069e-01 -2.00241794860005173362e+00 -1.32561640392314816772e+00 5.48976845551518337629e+01 4.49975807391877258290e-01
9.95599029022606440975e-01 -2.00202368500628402614e+00 -1.32557482209139920748e+00 5.48981602382145581487e+01 4.50195676506727149313e-01
9.96300963007994866416e-01 -2.00166099673350705856e+00 -1.32553654400427545212e+00 5.48985978325295320701e+01 4.50397897351709319835e-01
9.96942056555591649136e-01 -2.00132986884659391791e+00 -1.32550157474193053275e+00 5.48989973543264397904e+01 4.50582488160275240752e-01
9.97522270516170261878e-01 -2.00103028772752900011e+00 -1.32546991882350750913e+00 5.48993588184034493338e+01 4.50749465542965521703e-01
9.98041569458196886622e-01 -2.00076224105712308088e+00 -1.32544158046253968131e+00 5.48996822381499072208e+01 4.50898844574257939843e-01
9.98499921669993795170e-01 -2.00052571781609422885e+00 -1.32541656332603685620e+00 5.48999676255278927783e+01 4.51030638710461562191e-01
9.98897299161676022194e-01 -2.00032070822525653853e+00 -1.32539487064818883866e+00 5.49002149910666332744e+01 4.51144859832990352544e-01
9.99233677666860997668e-01 -2.00014720389540601175e+00 -1.32537650549995911220e+00 5.49004243439417791706e+01 4.51241518324325185940e-01
9.99509036644149584383e-01 -2.00000519851486568967e+00 -1.32536146971301205255e+00 5.49005956921077853394e+01 4.51320622639007407173e-01
9.99723359278381296100e-01 -1.99989472232779252892e+00 -1.32534972354243296699e+00 5.49007290500843865289e+01 4.51382162406292364309e-01
9.99876632481660587715e-01 -1.99981962254997402972e+00 -1.32532963286483473908e+00 5.49008246122435252801e+01 4.51421849951483433738e-01
