00000000000000000000 2.81947024120816003290e+00 -1.91019258538176889273e-01 00000000000000000054 -7.73087023407561051399e-20
7.81443485547565069860e-03 2.82174925762366290982e+00 -1.91015947612347303242e-01 5.39967996180865199563e+01 2.20084966094670139714e-04
1.56283925121375351364e-02 2.82405509043614744158e+00 -1.91010914510678947442e-01 5.39934933343595346855e+01 4.53849187676088358743e-04
2.34413958003126705887e-02 2.82638781406171490929e+00 -1.91004144034438078092e-01 5.39900808271494199175e+01 7.01292332047762610736e-04
3.12529676086078303521e-02 2.82874750165197141882e+00 -1.90995620668516608021e-01 5.39865617877835504146e+01 9.62410736180605973916e-04
3.90626309130450363738e-02 2.83113422509346301936e+00 -1.90985328586903924108e-01 5.39829359213298403120e+01 1.23719700089971519109e-03
4.68699088061915875025e-02 2.83354805496741635196e+00 -1.90973251634100366081e-01 5.39792029458665680863e+01 1.52564049877696285631e-03
5.46743245262831176201e-02 2.83598906058186273071e+00 -1.90959373356420880619e-01 5.39753625945490185245e+01 1.82772598687295714792e-03
6.24754014863376089250e-02 2.83845730984796063012e+00 -1.90943676923284455516e-01 5.39714146117824924431e+01 2.14343640188787180542e-03
7.02726633032589032002e-02 2.84095286937324509324e+00 -1.90926145205097180790e-01 5.39673587576990243520e+01 2.47274970400790860756e-03
7.80656338269275495989e-02 2.84347580438388947144e+00 -1.90906760729372654284e-01 5.39631948061638766490e+01 2.81564034981851389616e-03
8.58538371692776497435e-02 2.84602617872203245142e+00 -1.90885505692136303590e-01 5.39589225456844090445e+01 3.17207866467609893302e-03
9.36367977333575213228e-02 2.84860405450839904162e+00 -1.90862361689426857092e-01 5.39545417676186858102e+01 3.54204085248844852823e-03
1.01414040242372674450e-01 2.85120949302209236720e+00 -1.90837310474991722620e-01 5.39500523007764130057e+01 3.92548000894711850844e-03
1.09185089768709248093e-01 2.85384255358094440780e+00 -1.90810333035720008921e-01 5.39454539699312647372e+01 4.32236106556522885203e-03
1.16949471762936074715e-01 2.85650329411819292602e+00 -1.90781410095020143025e-01 5.39407466189744440044e+01 4.73264146845393893909e-03
1.24706712082783596762e-01 2.85919177101320309831e+00 -1.90750521989314025806e-01 5.39359301057119822076e+01 5.15627568115500489049e-03
1.32456337022098163958e-01 2.86190803971792240290e+00 -1.90717649307383163571e-01 5.39310043269975025737e+01 5.59319071183516768747e-03
1.40197873339769407686e-01 2.86465215266377049019e+00 -1.90682770868775941508e-01 5.39259691404132084358e+01 6.04336271258204028867e-03
1.47930848288629207543e-01 2.86742416182082715537e+00 -1.90645866254885443247e-01 5.39208244630677313580e+01 6.50672064899713003400e-03
1.55654789644321001063e-01 2.87022411717415737442e+00 -1.90606914349355949234e-01 5.39155702150516944471e+01 6.98320155738192498152e-03
1.63369225734136341854e-01 2.87305206702363369331e+00 -1.90565893662599600278e-01 5.39102063323518549964e+01 7.47273803233670583235e-03
1.71073685465818581264e-01 2.87590805711705144176e+00 -1.90522781386198297726e-01 5.39047327354406391464e+01 7.97529393102810839344e-03
1.78767698356330495546e-01 2.87879213332783923107e+00 -1.90477556465987019063e-01 5.38991494327333811043e+01 8.49074754556678433504e-03
1.86450794560585164650e-01 2.88170433811275250591e+00 -1.90430195631867110739e-01 5.38934563875313372705e+01 9.01904212146496797597e-03
1.94122504900137410333e-01 2.88464471252245591160e+00 -1.90380675715631220157e-01 5.38876535962301375093e+01 9.56009769289134329895e-03
2.01782360891835127470e-01 2.88761329569422020569e+00 -1.90328973120808458974e-01 5.38817410708195083657e+01 1.01138310267124120062e-02
2.09429894776427566461e-01 2.89061012480132051294e+00 -1.90275063810627587113e-01 5.38757188388181234018e+01 1.06801558996406451701e-02
2.17064639547129734076e-01 2.89363523499814112583e+00 -1.90218923292514524581e-01 5.38695869431101357350e+01 1.12589835077483678416e-02
2.24686128978140969847e-01 2.89668866157298765529e+00 -1.90160529515504467257e-01 5.38633455256958200152e+01 1.18501124822667155967e-02
2.32293897653115311019e-01 2.89977043239947329667e+00 -1.90099852989492140720e-01 5.38569945430236103334e+01 1.24536032222955193871e-02
2.39887480993583035449e-01 2.90288057779238561906e+00 -1.90036869823642762256e-01 5.38505341424960519703e+01 1.30692835045750788830e-02
2.47466415287320606886e-01 2.90601912453438027129e+00 -1.89971553933172249140e-01 5.38439644377565471700e+01 1.36970437272551145286e-02
2.55030237716668051196e-01 2.90918609717087806033e+00 -1.89903878812377330254e-01 5.38372855601491266953e+01 1.43367695318110943692e-02
2.62578486386791154494e-01 2.91238151795960442669e+00 -1.89833817540737220808e-01 5.38304976591451023182e+01 1.49883414080180226574e-02
2.70110700353888233405e-01 2.91560540682068891627e+00 -1.89761342793116183358e-01 5.38236009028672626187e+01 1.56516341469231344552e-02
2.77626419653337785931e-01 2.91885777728412554310e+00 -1.89686420717704307126e-01 5.38165953269251176039e+01 1.63267482699030914983e-02
2.85125185327787133982e-01 2.92213865034763520256e+00 -1.89609032255039611226e-01 5.38094813625034760207e+01 1.70132033053965042724e-02
2.92606539455178948916e-01 2.92544803573150824505e+00 -1.89529144533291282748e-01 5.38022591281298900867e+01 1.77110199195972851938e-02
3.00070025176715493576e-01 2.92878594311015616469e+00 -1.89446728157546762095e-01 5.37949288583909819295e+01 1.84200655714691734210e-02
3.07515186724756528491e-01 2.93215237944515827451e+00 -1.89361753230555512895e-01 5.37874908056163576475e+01 1.91402049364398640918e-02
3.14941569450651825957e-01 2.93554734890642476941e+00 -1.89274189337000880995e-01 5.37799452398141042408e+01 1.98713003542938734802e-02
3.22348719852504905781e-01 2.93897085278869374392e+00 -1.89184005523590242914e-01 5.37722924485224211821e+01 2.06132124379037051654e-02
3.29736185602866604949e-01 2.94242288942236740468e+00 -1.89091170273525260859e-01 5.37645327365423710830e+01 2.13658008968270821115e-02
3.37103515576356982386e-01 2.94590346252329915444e+00 -1.88995666586494803774e-01 5.37566667450213842017e+01 2.21283554342104754609e-02
3.44450259877213949000e-01 2.94941255116393064029e+00 -1.88897438409133006099e-01 5.37486943185803411893e+01 2.29016170913908315154e-02
3.51775969866767013183e-01 2.95295015038774666394e+00 -1.88796463412051640507e-01 5.37406160455376493701e+01 2.36850316059273799385e-02
3.59080198190833532745e-01 2.95651624625215792008e+00 -1.88692708524085595023e-01 5.37324323169968778302e+01 2.44784275024660102904e-02
3.66362498807037251236e-01 2.96011082149708615319e+00 -1.88586140224246412433e-01 5.37241435449826099102e+01 2.52816275322392328140e-02
3.73622427012046509631e-01 2.96373385546030343463e+00 -1.88476724556017882772e-01 5.37157501629624576367e+01 2.60944480361995426176e-02
3.80859539468730579070e-01 2.96738532399314847154e+00 -1.88364427147449053912e-01 5.37072526264963201470e+01 2.69166980986030209000e-02
3.88073394233232560335e-01 2.97106519937621982308e+00 -1.88249213238468854348e-01 5.36986514140007216156e+01 2.77481784386364102590e-02
3.95263550781957240243e-01 2.97477343596215870747e+00 -1.88131017780469145251e-01 5.36899464890658464356e+01 2.85898060190757849486e-02
4.02429570038472572691e-01 2.97851002135904918688e+00 -1.88009852991876891259e-01 5.36811392362636823350e+01 2.94395677010203596358e-02
4.09571014400322008786e-01 2.98227490599250355530e+00 -1.87885660870642068332e-01 5.36722298069456158487e+01 3.02980692926346738270e-02
4.16687447765747620565e-01 2.98606804628367505927e+00 -1.87758403967131282108e-01 5.36632187534770679349e+01 3.11651199427102273964e-02
4.23778435560320965170e-01 2.98988939445668355788e+00 -1.87628044248273673222e-01 5.36541066490752243112e+01 3.20405274328795855454e-02
4.30843544763481300919e-01 2.99373889841038032245e+00 -1.87494543074410463523e-01 5.36448940876937072630e+01 3.29240990083436019242e-02
4.37882343934978157662e-01 2.99761650158496983920e+00 -1.87357861170259515360e-01 5.36355816838563228544e+01 3.38156424386307496999e-02
4.44894403241217928358e-01 3.00152214282037421711e+00 -1.87217958587800020753e-01 5.36261700723257206391e+01 3.47149673903352287696e-02
4.51879294481512761017e-01 3.00545577682452513812e+00 -1.87074845634581959919e-01 5.36166606834470300669e+01 3.56199764821736458709e-02
4.58836591114228031785e-01 3.00941729925691658920e+00 -1.86928397906346244195e-01 5.36070529289888924040e+01 3.65335996292740425306e-02
4.65765868282830897140e-01 3.01340664982483685819e+00 -1.86778611693050600184e-01 5.35973480880133621440e+01 3.74542179005986561324e-02
4.72666702841833874515e-01 3.01742374825142922745e+00 -1.86625445884483015524e-01 5.35875469022021064802e+01 3.83815917217877958234e-02
4.79538673382635505238e-01 3.02146850906700414896e+00 -1.86468858943677623374e-01 5.35776501384535350780e+01 3.93154744306383890917e-02
4.86381360259253436862e-01 3.02554084146900503782e+00 -1.86308808935034930787e-01 5.35676585895645231972e+01 4.02556113189953754250e-02
4.93194345613951257157e-01 3.02964064917826414458e+00 -1.86145253559334700189e-01 5.35575730749474274717e+01 4.12017384392430047191e-02
4.99977213402755082949e-01 3.03376783029502972155e+00 -1.85978150198629399448e-01 5.35473944415181222212e+01 4.21535810659945942014e-02
5.06729549420860458930e-01 3.03792227715376128572e+00 -1.85807455972427731927e-01 5.35371235647214263054e+01 4.31108517629479881528e-02
5.13450941327925791668e-01 3.04210384061436833747e+00 -1.85633023638517385967e-01 5.35267600159403045268e+01 4.40771353872644808258e-02
5.20140978673252485365e-01 3.04631245999342725739e+00 -1.85454983070810430767e-01 5.35163069432286633287e+01 4.50456504474617339118e-02
5.26799252920849836457e-01 3.05054798216171274561e+00 -1.85273211010002852861e-01 5.35057642917212206157e+01 4.60190437606862109976e-02
5.33425357474382799694e-01 3.05481027378023073382e+00 -1.85087661099731404235e-01 5.34951330219109522091e+01 4.69970689644919475958e-02
5.40018887702001348927e-01 3.05909919471593383378e+00 -1.84898286373559261886e-01 5.34844141196438869201e+01 4.79794809441828895569e-02
5.46579440961049822789e-01 3.06341459783382763504e+00 -1.84705039226580602918e-01 5.34736085960320366439e+01 4.89660371801687588356e-02
5.53106616622654478910e-01 3.06775632877988613245e+00 -1.84507871378559867859e-01 5.34627174872484758339e+01 4.99564994379382357192e-02
5.59600016096189367687e-01 3.07212422574166366118e+00 -1.84306733861398674978e-01 5.34517418542288851313e+01 5.09506358521243513104e-02
5.66059242853615862678e-01 3.07651811926297602540e+00 -1.84101576825400597981e-01 5.34406827821699721426e+01 5.19482234777093113132e-02
5.72483902453697401924e-01 3.08093788558753445272e+00 -1.83892536698991082567e-01 5.34295433862592972218e+01 5.29421050648438903941e-02
5.78873602566086775667e-01 3.08538324887223991411e+00 -1.83679246126752099277e-01 5.34183214231129639415e+01 5.39438185676031980997e-02
5.85227952995284295135e-01 3.08985405674570268175e+00 -1.83461798257470692919e-01 5.34070196052804178066e+01 5.49477730041879955381e-02
5.91546565704465288071e-01 3.09435010781523089918e+00 -1.83240143903332930453e-01 5.33956391593358787873e+01 5.59536488557594302584e-02
5.97829054839176476932e-01 3.09887119199007488035e+00 -1.83014233679999971383e-01 5.33841813437758574423e+01 5.69611166765123244637e-02
6.04075036750898464177e-01 3.10341709023863909778e+00 -1.82784018068309239702e-01 5.33726474498803540314e+01 5.79698355050479660622e-02
6.10284130020473547518e-01 3.10798757434433436941e+00 -1.82549447489074395667e-01 5.33610388028074567046e+01 5.89794508520513696692e-02
6.16455955481398198970e-01 3.11258240665134833236e+00 -1.82310472389347444366e-01 5.33493567626053604158e+01 5.99895923293694219303e-02
6.22590136242976655012e-01 3.11720133981361202657e+00 -1.82067043347778789730e-01 5.33376027256420002232e+01 6.09998706440279120367e-02
6.28686297713336617043e-01 3.12184404401719151068e+00 -1.81818809788804242045e-01 5.33257754224125193332e+01 6.20210114326967681952e-02
6.34744067622304508625e-01 3.12651037503542905682e+00 -1.81566238668326718209e-01 5.33138809243424844908e+01 6.30335110122185737769e-02
6.40763076044137847020e-01 3.13119999797415449194e+00 -1.81309043834631977710e-01 5.33019186237318862709e+01 6.40456951785769446062e-02
6.46742955420115839260e-01 3.13591262249929858541e+00 -1.81047171875815482434e-01 5.32898900192252256147e+01 6.50572744518386619772e-02
6.52683340580984761026e-01 3.14064794688992865446e+00 -1.80780568991441542570e-01 5.32777966413869847884e+01 6.60679647344229598049e-02
6.58583868769257452236e-01 3.14540565769479130154e+00 -1.80509180973724814301e-01 5.32656400526840911880e+01 6.70774892807564637742e-02
6.64444179661365486034e-01 3.15018542937478596144e+00 -1.80232953182362293232e-01 5.32534218473073721611e+01 6.80855809855433202760e-02
6.70263915389663011979e-01 3.15498692393377755394e+00 -1.79951830506721033309e-01 5.32411436509289188734e+01 6.90919852267019157788e-02
6.76042720564280052997e-01 3.15980979053389665623e+00 -1.79665757317920615765e-01 5.32288071202632551149e+01 7.00964631728219350615e-02
6.81780242294825367111e-01 3.16465366504504119760e+00 -1.79374677447236924310e-01 5.32164139423250617256e+01 7.10987958514009005251e-02
6.87476130211935876346e-01 3.16951828448051831089e+00 -1.79079093501845698633e-01 5.32039700980464616009e+01 7.20782334586748951732e-02
6.93130036488672218731e-01 3.17440306000276972753e+00 -1.78777977257937259470e-01 5.31914700048180080216e+01 7.30702825285192703042e-02
6.98741615861759757244e-01 3.17930767615591225450e+00 -1.78471718214337465858e-01 5.31789188175319793572e+01 7.40583498230649173166e-02
7.04310525652672048125e-01 3.18423171368656721114e+00 -1.78160265364937342447e-01 5.31663184130368975389e+01 7.50420402715581275066e-02
7.09836425788557545680e-01 3.18917473831729925138e+00 -1.77843568300729337750e-01 5.31536707095970655246e+01 7.60209460050147584065e-02
7.15318978823006101919e-01 3.19413630032390605251e+00 -1.77521577335425700950e-01 5.31409776679226979468e+01 7.69946442829793770146e-02
7.20757849956655149981e-01 3.19911593411000927389e+00 -1.77194243650014349178e-01 5.31282412925452831587e+01 7.79626948976917116818e-02
7.26152707057636237487e-01 3.20411315776114058451e+00 -1.76861519450467324921e-01 5.31154636328925420230e+01 7.89246372768592358016e-02
7.31503220681855470531e-01 3.20912747261579367475e+00 -1.76523358154975079648e-01 5.31026467854455788142e+01 7.98799867013923747816e-02
7.36809064093112420224e-01 3.21415836279905509087e+00 -1.76179714592527320027e-01 5.30897928949915183239e+01 8.08282303112216327090e-02
7.42069913283051829644e-01 3.21920513090952553625e+00 -1.75829627295903484496e-01 5.30768980715081895028e+01 8.18023415372495510400e-02
7.47285446990950896762e-01 3.22426750909914172638e+00 -1.75474666487118485803e-01 5.30639751080595232224e+01 8.27428519478346780058e-02
7.52455346723336027104e-01 3.22934479607134283796e+00 -1.75114047727283589362e-01 5.30510214401022750508e+01 8.36763489005299260226e-02
7.57579296773433497059e-01 3.23443639978924313283e+00 -1.74747723348360639584e-01 5.30380393344203326933e+01 8.46025385851835870499e-02
7.62656984240447144430e-01 3.23954170841127897518e+00 -1.74375646379095305960e-01 5.30250310986043729145e+01 8.55211399394445043187e-02
7.67688099048667194069e-01 3.24466008912481607140e+00 -1.73997770826012060352e-01 5.30119990820894173567e+01 8.64318869452649213292e-02
7.72672333966404556449e-01 3.24979088792021109100e+00 -1.73614051569931093777e-01 5.29989456751437160165e+01 8.73345317895469347436e-02
7.77609384624753152693e-01 3.25493342889252623706e+00 -1.73224444458931481350e-01 5.29858733091188511821e+01 8.82288479662762942235e-02
7.82498949536175603114e-01 3.26008701358747332577e+00 -1.72828906344089205938e-01 5.29727844553145388318e+01 8.91146343852945860275e-02
7.87340730112915498928e-01 3.26525092036376562987e+00 -1.72427395123759485962e-01 5.29596816249535677912e+01 8.99917194936951936324e-02
7.92134430685228929647e-01 3.27042461908231096857e+00 -1.72021201966198550304e-01 5.29465753652205961544e+01 9.08116021914095045142e-02
7.96879758519442038533e-01 3.27560696391621819501e+00 -1.71607920637602828773e-01 5.29334543046546954770e+01 9.16601269345550667689e-02
8.01576423835826168407e-01 3.28079733300604425850e+00 -1.71188608328671415526e-01 5.29203275130251924452e+01 9.24974342420481904226e-02
8.06224139826293373368e-01 3.28599490785657444292e+00 -1.70763239107778408421e-01 5.29071977548352307963e+01 9.33231045413455556625e-02
8.10822622671911297232e-01 3.29119884357543446285e+00 -1.70331790126862253620e-01 5.28940678487362134774e+01 9.41367077718803374475e-02
8.15371591560234865170e-01 3.29640826894945382364e+00 -1.69894241991795230673e-01 5.28809406675591233693e+01 9.49378022378495750599e-02
8.19870768702454344456e-01 3.30162228461792928158e+00 -1.69450578929444067855e-01 5.28678191406152251375e+01 9.57259322888907165927e-02
8.24319879350358997172e-01 3.30683996311564110115e+00 -1.69000789170217852186e-01 5.28547062550311821383e+01 9.65006263544410103350e-02
8.28718651813114437488e-01 3.31206034796537096554e+00 -1.68544865270335991747e-01 5.28416050568734831927e+01 9.72613944851691281102e-02
8.33066817473854914766e-01 3.31728245296864621139e+00 -1.68082804469635499478e-01 5.28285186532418151728e+01 9.80077257071107488251e-02
8.37364110806085748528e-01 3.32250526147204938709e+00 -1.67614609079208581877e-01 5.28154502138502834896e+01 9.87390848858955699763e-02
8.41610269389898024706e-01 3.32772772565658536692e+00 -1.67140286894329470613e-01 5.28024029737797064854e+01 9.94549093021299124295e-02
8.45805033927994553977e-01 3.33294836145998729648e+00 -1.66657393199173331499e-01 5.27893652423991852629e+01 1.00243268250857484047e-01
8.49948148261523095393e-01 3.33816677030708497398e+00 -1.66170378393463158417e-01 5.27763668717309002432e+01 1.00943696890987907877e-01
8.54039359385720064921e-01 3.34338147649762218450e+00 -1.65677209601925973237e-01 5.27633990643681940469e+01 1.01629850961117582098e-01
8.58078417465359621907e-01 3.34859129614737982550e+00 -1.65177906998503404301e-01 5.27504651920864304770e+01 1.02301524729715542783e-01
8.62065075850010797964e-01 3.35379500987058509764e+00 -1.64672496766904402632e-01 5.27375686807018126956e+01 1.02958532521374004909e-01
8.65999091089099670704e-01 3.35899136192094172060e+00 -1.64161011462774314440e-01 5.27247130084418245133e+01 1.03600711306497644815e-01
8.69880222946775583104e-01 3.36417905909085179772e+00 -1.63643490080665893194e-01 5.27119017066311670305e+01 1.04227922395022931656e-01
8.73708234416581186466e-01 3.36935677108571596250e+00 -1.63119979717443797096e-01 5.26991383582103551930e+01 1.04840054664012305441e-01
8.77482891735926751053e-01 3.37452312794786246641e+00 -1.62590534271102093999e-01 5.26864265990069995382e+01 1.05437025508226561721e-01
8.81203964400363526366e-01 3.37967672038065947149e+00 -1.62055215972960825477e-01 5.26737701150570032382e+01 1.06018784753195649539e-01
8.84871225177661369088e-01 3.38481609870808952678e+00 -1.61514095636734383854e-01 5.26611726436180092037e+01 1.06585316311586492111e-01
8.88484450121684310453e-01 3.38993977203716401192e+00 -1.60967253144366412299e-01 5.26486379703438558408e+01 1.07136641646150568286e-01
8.92043418586065284259e-01 3.39504686242498232573e+00 -1.60418419147931562430e-01 5.26361942306499841493e+01 1.07542211058347755848e-01
8.95547913237682013943e-01 3.40013462192395321537e+00 -1.59861035075885199452e-01 5.26238017767982810824e+01 1.08041030818328429031e-01
8.98997720069926953279e-01 3.40520197490622811287e+00 -1.59298323402684016692e-01 5.26114847132826710663e+01 1.08521573871242740794e-01
9.02392628415777386941e-01 3.41024726254396259861e+00 -1.58730418197746220299e-01 5.25992471666900414107e+01 1.08983602340118709839e-01
9.05732430960658807528e-01 3.41526878179918025324e+00 -1.58157466750673270095e-01 5.25870933260167419121e+01 1.09426886944088086473e-01
9.09016923755105676896e-01 3.42026478491597840659e+00 -1.57579629184178476864e-01 5.25750274436702227376e+01 1.09851206264462639139e-01
9.12245906227215463957e-01 3.42523347906325037471e+00 -1.56997083519719027311e-01 5.25630538359306598295e+01 1.10256350119153370692e-01
9.15419181194897180198e-01 3.43017302546586089207e+00 -1.56410020341269079269e-01 5.25511768816356692469e+01 1.10642116481376784343e-01
9.18536554877912303496e-01 3.43508153943976024536e+00 -1.55818647482663691362e-01 5.25394010230983496967e+01 1.11008314520613521337e-01
9.21597836909708201247e-01 3.43995709046245368157e+00 -1.55223188399005673777e-01 5.25277307649913041132e+01 1.11354763889330646287e-01
9.24602840349043497703e-01 3.44479770042569111155e+00 -1.54623888862104014175e-01 5.25161706749597883004e+01 1.11681299904974495885e-01
9.27551381691403054042e-01 3.44960134539352258898e+00 -1.54021009456270119298e-01 5.25047253814549392814e+01 1.11987768922163999363e-01
9.30443280880205225714e-01 3.45436595552257719177e+00 -1.53414830034205640352e-01 5.24933995722432200637e+01 1.12274032240939458660e-01
9.33278361317795623897e-01 3.45908941221390175969e+00 -1.52805656005926354668e-01 5.24821979974363657107e+01 1.12539971085927822947e-01
9.36056449876232710139e-01 3.46376834806773947761e+00 -1.52188324790064916092e-01 5.24710808253578449012e+01 1.12981183616486596799e-01
9.38777376907859784083e-01 3.46840275830934352541e+00 -1.51573397657874836542e-01 5.24601345878148848101e+01 1.13232962902753073187e-01
9.41440976255663586336e-01 3.47298935729228119840e+00 -1.50956430272977976115e-01 5.24493260753428103271e+01 1.13467192077555997787e-01
9.44047085263422514068e-01 3.47752584341703263604e+00 -1.50337807610924162338e-01 5.24386601338775406589e+01 1.13684074896259146303e-01
9.46595544785638676188e-01 3.48201234947072713055e+00 -1.49717617249791351552e-01 5.24282299849164274974e+01 1.13896125493059427458e-01
9.49086199197256008553e-01 3.48643905209455962080e+00 -1.49097266073665662978e-01 5.24177755520265264977e+01 1.14066779226888875831e-01
9.51518896403164227138e-01 3.49081087773058129642e+00 -1.48476242494875509959e-01 5.24075641791030477634e+01 1.14233415848894376277e-01
9.53893487847486953868e-01 3.49512310486823984945e+00 -1.47855380335639580158e-01 5.23975203918629617306e+01 1.14383364468125192648e-01
9.56209828522652460769e-01 3.49937299477826657679e+00 -1.47235179192089754574e-01 5.23876413508885079295e+01 1.14517722435844959694e-01
9.58467776978249696995e-01 3.50355808637033172559e+00 -1.46616191788630889636e-01 5.23779347205666567788e+01 1.14636648349245306999e-01
9.60667195329666046000e-01 3.50767578862112250349e+00 -1.45998996426028204709e-01 5.23684055785800950389e+01 1.14740579576572646059e-01
9.62807949266506812869e-01 3.51172350495796559144e+00 -1.45384199161530947020e-01 5.23590590018015831220e+01 1.14829984776736226948e-01
9.64889908060797774070e-01 3.51569858143008628915e+00 -1.44772435056282344767e-01 5.23499001008054420936e+01 1.14905363934423465633e-01
9.66912944574967681000e-01 3.51959837199202629776e+00 -1.44164373927534450459e-01 5.23409339662407973037e+01 1.14967254094381077234e-01
9.68876935269612826751e-01 3.52342018272822032898e+00 -1.43560711008764774199e-01 5.23321657116246470309e+01 1.15016218014609206133e-01
9.70781760211040012365e-01 3.52716130006887329529e+00 -1.42962167009443114063e-01 5.23236004460579096076e+01 1.15052845651807358895e-01
9.72627303078591576302e-01 3.53081902991509943845e+00 -1.42369509414133232905e-01 5.23152432446834083635e+01 1.15077768993188694902e-01
9.74413451171748379309e-01 3.53439063621944749016e+00 -1.41783518002700753557e-01 5.23070991876038391410e+01 1.15091634295109476738e-01
9.76140095417011188772e-01 3.53787339015373891726e+00 -1.41205005971521857511e-01 5.22991733252198258697e+01 1.15095115878521170316e-01
9.77807130374562571973e-01 3.54126709581315379793e+00 -1.40643317017731278584e-01 5.22915650423035813787e+01 1.14786071671609868350e-01
9.79414454244705079411e-01 3.54456423866030911896e+00 -1.40083018114417090505e-01 5.22841005314771223311e+01 1.14745606449978360120e-01
9.80961968874077938629e-01 3.54776439091544038007e+00 -1.39532821530897327422e-01 5.22768697697361162113e+01 1.14695828066673694012e-01
9.82449579761650593213e-01 3.55086486428122238834e+00 -1.38993634208079086534e-01 5.22698776116479209009e+01 1.14637565278769171240e-01
9.83877196064494197181e-01 3.55386299930290361360e+00 -1.38466426393627023428e-01 5.22631288342390760704e+01 1.14571712992845062273e-01
9.85244730603328400242e-01 3.55675615441563053309e+00 -1.37952058175752845237e-01 5.22566281355082011828e+01 1.14499088786588973377e-01
9.86552099867845533332e-01 3.55954174998890371384e+00 -1.37451516537593049216e-01 5.22503801064467410242e+01 1.14420626036386349766e-01
9.87799224021809973983e-01 3.56221722314864885917e+00 -1.36965833174011258899e-01 5.22443892509547183067e+01 1.14337308349029276311e-01
9.88986026907933468699e-01 3.56478012785240760962e+00 -1.36495842284918983411e-01 5.22386599035641268074e+01 1.14249964928610253656e-01
9.90112436052526190267e-01 3.56722797761062881960e+00 -1.36042661103862344563e-01 5.22331963568223471839e+01 1.14159670025906198609e-01
9.91178382669921864689e-01 3.56955845316108977272e+00 -1.35607180063355425848e-01 5.22280026828720806975e+01 1.14067316307324681524e-01
9.92183801666678522047e-01 3.57176917621563161376e+00 -1.35190453152748579768e-01 5.22230829172264208182e+01 1.13973939035828572552e-01
9.93128631645553539009e-01 3.57385818757803885859e+00 -1.34793238915915492004e-01 5.22184406483161254187e+01 1.13880336487222760811e-01
9.94012814909252973017e-01 3.57582316033399294497e+00 -1.34416660616917427173e-01 5.22140796856844247031e+01 1.13787608588445457447e-01
9.94836297463954966069e-01 3.57766230053983491644e+00 -1.34061552562897590146e-01 5.22100032911551963366e+01 1.13696621326740687774e-01
9.95599029022606440975e-01 3.57937349351383637952e+00 -1.33728889247619747715e-01 5.22062148942544226315e+01 1.13608351705730761805e-01
9.96300963007994866416e-01 3.58095494267831160329e+00 -1.33419507390499764155e-01 5.22027175512760237552e+01 1.13523661989440666220e-01
9.96942056555591649136e-01 3.58240556882633010005e+00 -1.33134364016794959351e-01 5.21995136008619127210e+01 1.13443528572819724021e-01
9.97522270516170261878e-01 3.58372303549786019872e+00 -1.32874188161423101295e-01 5.21966063347275976980e+01 1.13368696317151129715e-01
9.98041569458196886622e-01 3.58490679483136309713e+00 -1.32640190688549514109e-01 5.21939974254832108613e+01 1.13300352175663587850e-01
9.98499921669993795170e-01 3.58595551872577278374e+00 -1.32433590206734508321e-01 5.21916890809736742085e+01 1.13239665105480849516e-01
9.98897299161676022194e-01 3.58686729746242738415e+00 -1.32254931649835705265e-01 5.21896838896471777502e+01 1.13187196023479832996e-01
9.99233677666860997668e-01 3.58764182020954791597e+00 -1.32106792688437307826e-01 5.21879829911419790278e+01 1.13145273734352541650e-01
9.99509036644149584383e-01 3.58827830975686179471e+00 -1.31994711859797858589e-01 5.21865878852022717638e+01 1.13118694766713809297e-01
9.99723359278381296100e-01 3.58877278181427916692e+00 -1.31923538687611252573e-01 5.21855026317834358451e+01 1.13111552602746676111e-01
9.99876632481660587715e-01 3.58911632865906815582e+00 -1.31921861295923203983e-01 5.21847342985415565408e+01 1.13141026094931554380e-01
