00000000000000000000 4.38266756075076902022e+00 -1.91849020055953944919e-01 00000000000000000130 -6.92421048404436989288e-23
2.58315720529896097890e-03 4.38646408344798643952e+00 -1.91847780235833598184e-01 1.29996561310609735074e+02 1.50618449438082087919e-04
5.16629682395841009074e-03 4.39027059724242985084e+00 -1.91846347357026186797e-01 1.29993106498110336133e+02 3.02124966945843892799e-04
7.74940126945856955221e-03 4.39408712392779765565e+00 -1.91844720035475813091e-01 1.29989635507627241395e+02 4.54520601501713162121e-04
1.03324529555191297475e-02 4.39791368536481641627e+00 -1.91842896880212165911e-01 1.29986148284182235102e+02 6.07806382302310157888e-04
1.29154342962189676997e-02 4.40175030348135365443e+00 -1.91840876493295536820e-01 1.29982644772689639012e+02 7.61983319857219634774e-04
1.54983277061159028382e-02 4.40559700027267364675e+00 -1.91838657469803747224e-01 1.29979124917961428309e+02 9.17052404345389759154e-04
1.80811156003663868475e-02 4.40945379780157331595e+00 -1.91836238397785352472e-01 1.29975588664704616804e+02 1.07301460613620368474e-03
2.06637803948452533631e-02 4.41332071819857318928e+00 -1.91833617858224364516e-01 1.29972035957522962235e+02 1.22987087532612417856e-03
2.32463045062654173611e-02 4.41719778366185966689e+00 -1.91830794424920625385e-01 1.29968466740902556467e+02 1.38762214673323518513e-03
2.58286703522975918945e-02 4.42108501645812967951e+00 -1.91827766664695892329e-01 1.29964880959252212733e+02 1.54626932509037895089e-03
2.84108603516900135033e-02 4.42498243892197251625e+00 -1.91824533137062130939e-01 1.29961278556856058231e+02 1.70581330229794083699e-03
3.09928569243880722150e-02 4.42889007345648089142e+00 -1.91821092394350356525e-01 1.29957659477899909461e+02 1.86625494765189979367e-03
3.35746424916540803229e-02 4.43280794253334065047e+00 -1.91817442981628727416e-01 1.29954023666465644737e+02 2.02759510979442971607e-03
3.61561994761869162640e-02 4.43673606869299774758e+00 -1.91813583436671541982e-01 1.29950371066531403130e+02 2.18983461661841592727e-03
3.87375103022416650278e-02 4.44067447454483232860e+00 -1.91809512289912942329e-01 1.29946701621971158147e+02 2.35297427519596960913e-03
4.13185573957493418318e-02 4.44462318276733725497e+00 -1.91805228064409416522e-01 1.29943015276555030368e+02 2.51701487174299911101e-03
4.38993231844364839578e-02 4.44858221610928161738e+00 -1.91800729276215720098e-01 1.29939311974007949857e+02 2.68195714678999466013e-03
4.64797900979448119774e-02 4.45255159738659411772e+00 -1.91796014432958905616e-01 1.29935591657814427435e+02 2.84780187704932125428e-03
4.90599405679508632216e-02 4.45653134948681639571e+00 -1.91791082035601578859e-01 1.29931854271472332130e+02 3.01454976878861918496e-03
5.16397570282855211676e-02 4.46052149536676623143e+00 -1.91785930577335755887e-01 1.29928099758343734038e+02 3.18220152043202251721e-03
5.42192219150537807471e-02 4.46452205805327828614e+00 -1.91780558543786588954e-01 1.29924328061688584057e+02 3.35075780827159873734e-03
5.67983176667541181382e-02 4.46853306064338351433e+00 -1.91774964412971565819e-01 1.29920539124664827568e+02 3.52021928626591396397e-03
5.93770267243982005634e-02 4.47255452630449568119e+00 -1.91769146655256794709e-01 1.29916732890329058137e+02 3.69058658583116183313e-03
6.19553315316303740423e-02 4.47658647827458544555e+00 -1.91763103733323725386e-01 1.29912909301636403825e+02 3.86186031562038524154e-03
6.45332145348472135948e-02 4.48062893986236687738e+00 -1.91756834102125545138e-01 1.29909068301441323001e+02 4.03404106127694221662e-03
6.71106581833170040552e-02 4.48468193444747686982e+00 -1.91750336208847987907e-01 1.29905209832497575917e+02 4.20712938517390708237e-03
6.96876449292992278250e-02 4.48874548547822094235e+00 -1.91743608491714984110e-01 1.29901333837314211905e+02 4.38112589447774147811e-03
7.22641572281641081377e-02 4.49281961648038574708e+00 -1.91736649384030261034e-01 1.29897440258667131729e+02 4.55603099950703006871e-03
7.48401775385119094608e-02 4.49690435104572561187e+00 -1.91729457308608519650e-01 1.29893529038907018958e+02 4.73184524039203715379e-03
7.74156883222925085164e-02 4.50099971283926869603e+00 -1.91722030681099830929e-01 1.29889600120381146553e+02 4.90856908787318853976e-03
7.99906720449247571336e-02 4.50510572559785327229e+00 -1.91714367909169541848e-01 1.29885653445336402001e+02 5.08620298902305329608e-03
8.25651111754157757128e-02 4.50922241313030447429e+00 -1.91706467392456919585e-01 1.29881688955919429418e+02 5.26474736709070263024e-03
8.51389881864804548561e-02 4.51334979931761814953e+00 -1.91698327522532074862e-01 1.29877706594176999033e+02 5.44420262136217480292e-03
8.77122855546606100541e-02 4.51748790811314115956e+00 -1.91689946682851414250e-01 1.29873706302055751394e+02 5.62456912701612878752e-03
9.02849857604444694381e-02 4.52163676354274546298e+00 -1.91681323248714369223e-01 1.29869688021402794220e+02 5.80584723499357694548e-03
9.28570712883857868336e-02 4.52579638970501552109e+00 -1.91672455587218293349e-01 1.29865651693965645563e+02 5.98803727187488359085e-03
9.54285246272232184905e-02 4.52996681077141527538e+00 -1.91663342057215330128e-01 1.29861597261392262226e+02 6.17113953977577612414e-03
9.79993282699994638918e-02 4.53414805098648177051e+00 -1.91653981009264062774e-01 1.29857524665231210292e+02 6.35515431624381326586e-03
1.00569464714180475950e-01 4.53834013467318975188e+00 -1.91644370788327911281e-01 1.29853433847239642773e+02 6.54008169208864821587e-03
1.03138916461774601818e-01 4.54254308621416313940e+00 -1.91634509723724116848e-01 1.29849324748259903117e+02 6.72592216284054970205e-03
1.05707666019451862471e-01 4.54675693007814807345e+00 -1.91624396142941105792e-01 1.29845197309776580141e+02 6.91267580882654660707e-03
1.08275695898662718819e-01 4.55098169080387293661e+00 -1.91614028362992544485e-01 1.29841051472950454126e+02 7.10034280374426899490e-03
1.10842988615757503945e-01 4.55521739300405936746e+00 -1.91603404692382350838e-01 1.29836887178845245217e+02 7.28892329533213992332e-03
1.13409526692105272483e-01 4.55946406136559456712e+00 -1.91592523431064892803e-01 1.29832704368427783947e+02 7.47841740515869241035e-03
1.15975292654212733257e-01 4.56372172064972225769e+00 -1.91581382870397415319e-01 1.29828502982568437574e+02 7.66882522841923729151e-03
1.18540269033843417845e-01 4.56799039569222120605e+00 -1.91569981293092189700e-01 1.29824282962041365863e+02 7.86014683372427379326e-03
1.21104438368136405058e-01 4.57227011140358641228e+00 -1.91558316973177017450e-01 1.29820044247524890579e+02 8.05238226286817369848e-03
1.23667783199725281329e-01 4.57656089276921473896e+00 -1.91546388175942439158e-01 1.29815786779601864964e+02 8.24553153060536385410e-03
1.26230286076857156630e-01 4.58086276484959054045e+00 -1.91534193157900878290e-01 1.29811510498760014798e+02 8.43959462440680048545e-03
1.28791929553511097506e-01 4.58517575278046152221e+00 -1.91521730166739345691e-01 1.29807215345392563677e+02 8.63457150420816887948e-03
1.31352696189517337277e-01 4.58949988177303325187e+00 -1.91508997441272865725e-01 1.29802901259798318279e+02 8.83046210214829749297e-03
1.33912568550675792345e-01 4.59383517711414146589e+00 -1.91495993211398513045e-01 1.29798568182182435748e+02 9.02726632228756202536e-03
1.36471529208874592376e-01 4.59818166415540474645e+00 -1.91482715691616955933e-01 1.29794216052003179129e+02 9.22498442098428940439e-03
1.39029560742209123969e-01 4.60253936835447152731e+00 -1.91469163104914269491e-01 1.29789844810403366182e+02 9.42361559075104854299e-03
1.41586645735100435939e-01 4.60690831521746346766e+00 -1.91455333649069719959e-01 1.29785454396792857779e+02 9.62315995077951333303e-03
1.44142766778413616846e-01 4.61128853033542807083e+00 -1.91441225517741925310e-01 1.29781044750996017001e+02 9.82361729604702693663e-03
1.46697906469576699884e-01 4.61568003937594273367e+00 -1.91426836895423280183e-01 1.29776615812744239520e+02 1.00249873930748755607e-02
1.49252047412698846118e-01 4.62008286808328882955e+00 -1.91412165957385943527e-01 1.29772167521676010438e+02 1.02272699797778202774e-02
1.51805172218688999575e-01 4.62449704227863644945e+00 -1.91397210869634154529e-01 1.29767699817337188506e+02 1.04304647652759402421e-02
1.54357263505374042722e-01 4.62892258786022559036e+00 -1.91381969788853328884e-01 1.29763212639181574559e+02 1.06345714297320526748e-02
1.56908303897617312783e-01 4.63335953071032857764e+00 -1.91366440842127866206e-01 1.29758705926576112688e+02 1.08395896230108548797e-02
1.59458276027436895994e-01 4.63780789706979756915e+00 -1.91350622209481041613e-01 1.29754179618780597139e+02 1.10455189693050674637e-02
1.62007162534123755337e-01 4.64226771297440610198e+00 -1.91334511997389156157e-01 1.29749633654978879349e+02 1.12523590597029266025e-02
1.64554946064359886027e-01 4.64673900463245903580e+00 -1.91318108324756069871e-01 1.29745067974258915910e+02 1.14601094569553099700e-02
1.67101609272336831813e-01 4.65122179833022197926e+00 -1.91301409300911218203e-01 1.29740482515617628678e+02 1.16687696941206106582e-02
1.69647134819873285361e-01 4.65571612043210159015e+00 -1.91284413025554683729e-01 1.29735877217961359520e+02 1.18783392744365445814e-02
1.72191505376533410265e-01 4.66022199738082321119e+00 -1.91267117588706847542e-01 1.29731252020106410328e+02 1.20888176711870330010e-02
1.74734703619744774494e-01 4.66473945571780390651e+00 -1.91249521083564466561e-01 1.29726606861974914864e+02 1.23002035633977841594e-02
1.77276712234916367095e-01 4.66926852200735620357e+00 -1.91231621557875153261e-01 1.29721941680096108485e+02 1.25124977105003191979e-02
1.79817513915556254078e-01 4.67380922294465950273e+00 -1.91213417082804731928e-01 1.29717256413990384090e+02 1.27256988732173982604e-02
1.82357091363389622884e-01 4.67836158528768830678e+00 -1.91194905709242912728e-01 1.29712551002127611355e+02 1.29398063961444435149e-02
1.84895427288476549288e-01 4.68292563587364796263e+00 -1.91176085478147544938e-01 1.29707825382890575838e+02 1.31548195921414954462e-02
1.87432504409329458994e-01 4.68750140161915407333e+00 -1.91156954420494629154e-01 1.29703079494575234776e+02 1.33707377421122507177e-02
1.89968305453031172103e-01 4.69208890952041635103e+00 -1.91137510557221529384e-01 1.29698313275391740262e+02 1.35875600947236701427e-02
1.92502813155352114904e-01 4.69668818665341181173e+00 -1.91117751899177595876e-01 1.29693526663464581361e+02 1.38052858661842584725e-02
1.95036010260868170052e-01 4.70129926017406241101e+00 -1.91097676447068043348e-01 1.29688719596832953584e+02 1.40239142399898181202e-02
1.97567879523077832848e-01 4.70592215731841800874e+00 -1.91077282191399799860e-01 1.29683892013451639968e+02 1.42434443666555193841e-02
2.00098403704520089175e-01 4.71055690540283134027e+00 -1.91056567112430131239e-01 1.29679043851191295289e+02 1.44638753634286632010e-02
2.02627565576891321975e-01 4.71520353182413298754e+00 -1.91035529180110186243e-01 1.29674175047839042918e+02 1.46852063140323011586e-02
2.05155347921162689584e-01 4.71986206405981256751e+00 -1.91014166354032538520e-01 1.29669285541099242209e+02 1.49074362683507943145e-02
2.07681733527697698349e-01 4.72453252966819547964e+00 -1.90992476583375647703e-01 1.29664375268593801138e+02 1.51305642421264499586e-02
2.10206705196368998090e-01 4.72921495628861876526e+00 -1.90970457806850402172e-01 1.29659444167863057373e+02 1.53545892166597579276e-02
2.12730245736675399604e-01 4.73390937161227398633e+00 -1.90948107932212202131e-01 1.29654492174628188650e+02 1.55795113483559212464e-02
2.15252337967859502799e-01 4.73861580349348088248e+00 -1.90925424913598207333e-01 1.29649519229374590168e+02 1.58053273857628566457e-02
2.17772964719024048064e-01 4.74333427979133936958e+00 -1.90902406641034749768e-01 1.29644525267959807024e+02 1.60320372086347265328e-02
2.20292108829248989288e-01 4.74806482847077315768e+00 -1.90879051010656775045e-01 1.29639510227590676550e+02 1.62596396663243700220e-02
2.22809753147708622389e-01 4.75280747757856669722e+00 -1.90855355907833118545e-01 1.29634474045393943697e+02 1.64881335734120837433e-02
2.25325880533787908933e-01 4.75756225524352771572e+00 -1.90831319207106192559e-01 1.29629416658416204200e+02 1.67175177096039254132e-02
2.27840473857199465879e-01 4.76232918967666929433e+00 -1.90806938772135642468e-01 1.29624338003624984594e+02 1.69477908194279498766e-02
2.30353515998100027984e-01 4.76710830917136707541e+00 -1.90782212455636590587e-01 1.29619238017908799065e+02 1.71789516121009441796e-02
2.32864989847207326523e-01 4.77189964210353245733e+00 -1.90757138099321071900e-01 1.29614116638077604193e+02 1.74109987613567593345e-02
2.35374878305916024335e-01 4.77670321693178756561e+00 -1.90731713533838359576e-01 1.29608973800863765291e+02 1.76439309052040770032e-02
2.37883164286414594546e-01 4.78151906219762157235e+00 -1.90705936578714957408e-01 1.29603809442922198514e+02 1.78777466457943311207e-02
2.40389830711801560925e-01 4.78634720652556300280e+00 -1.90679805042292177530e-01 1.29598623500830740340e+02 1.81124445492611349517e-02
2.42894860516201405165e-01 4.79118767862334316021e+00 -1.90653316721665105904e-01 1.29593415911091085491e+02 1.83480231455111393590e-02
2.45398236644881417856e-01 4.79604050728205955068e+00 -1.90626469402620873916e-01 1.29588186610128587972e+02 1.85844809281357353781e-02
2.47899942054367217192e-01 4.80090572137633841976e+00 -1.90599260859577263050e-01 1.29582935534293284263e+02 1.88218163542298415336e-02
2.50399959712559072589e-01 4.80578334986450439459e+00 -1.90571688855517867855e-01 1.29577662619860291215e+02 1.90600278442860059103e-02
2.52898272598847562165e-01 4.81067342178872436875e+00 -1.90543751141927258930e-01 1.29572367803029749211e+02 1.92991137821216449111e-02
2.55394863704230257184e-01 4.81557596632879825194e+00 -1.90515445499155638975e-01 1.29567051023107183028e+02 1.95390701190839566337e-02
2.57889716031426352583e-01 4.82049101259814349874e+00 -1.90486769582387471811e-01 1.29561712210396422051e+02 1.97798994979144597550e-02
2.60382812594993184874e-01 4.82541858993662930999e+00 -1.90457721142311214857e-01 1.29556351303555914001e+02 2.00215981720405465649e-02
2.62874136421441917388e-01 4.83035872772373586770e+00 -1.90428297884009278818e-01 1.29550968238510250785e+02 2.02641643637093658847e-02
2.65363670549352448358e-01 4.83531145542362850165e+00 -1.90398497500774088742e-01 1.29545562951114021644e+02 2.05075962559832375431e-02
2.67851398029489484731e-01 4.84027680258531844970e+00 -1.90368317674046688692e-01 1.29540135377153006857e+02 2.07518919925107972468e-02
2.70337301924917894347e-01 4.84525479884281828902e+00 -1.90337756073352099007e-01 1.29534685452344263012e+02 2.09970496771865050567e-02
2.72821365311117669528e-01 4.85024547391530003182e+00 -1.90306810356236727477e-01 1.29529213112337316716e+02 2.12430673739068161254e-02
2.75303571276099334764e-01 4.85524885760725677386e+00 -1.90275478168205919305e-01 1.29523718292715244615e+02 2.14899431061706808199e-02
2.77783902920519187862e-01 4.86026497980865013204e+00 -1.90243757142657066161e-01 1.29518200928994559717e+02 2.17376748568523826821e-02
2.80262343357794374565e-01 4.86529387049506478746e+00 -1.90211644900819043524e-01 1.29512660956626433517e+02 2.19862605678236844309e-02
2.82738875714217352542e-01 4.87033555972786835753e+00 -1.90179139051685708317e-01 1.29507098310997861290e+02 2.22356981396273807594e-02
2.85213483129071798672e-01 4.87539007765436416264e+00 -1.90146237191952505174e-01 1.29501512927432258948e+02 2.24859854310949618117e-02
2.87686148754746129352e-01 4.88045745450793511111e+00 -1.90112936905951157573e-01 1.29495904741190003051e+02 2.27371202590292698087e-02
2.90156855756849185735e-01 4.88553772060819913037e+00 -1.90079235765588466789e-01 1.29490273687469937158e+02 2.29891003977052352236e-02
2.92625587314324475674e-01 4.89063090636116193366e+00 -1.90045131330277144999e-01 1.29484619701409940262e+02 2.32419235785864680688e-02
2.95092326619564693235e-01 4.89573704218525218579e+00 -1.90010621086693642923e-01 1.29478942713688496724e+02 2.34955910595742202551e-02
2.97557056878526016153e-01 4.90085615879464242539e+00 -1.89975702678700592019e-01 1.29473242667335796341e+02 2.37500939825621322499e-02
3.00019761310842958402e-01 4.90598828679229104210e+00 -1.89940373576585885829e-01 1.29467519493567834843e+02 2.40054329882756767311e-02
3.02480423149941946015e-01 4.91113345693085889820e+00 -1.89904631288859510052e-01 1.29461773127267548489e+02 2.42616056494154089251e-02
3.04939025643155781076e-01 4.91629170005007587463e+00 -1.89868473311172819562e-01 1.29456003503259182708e+02 2.45186094959496218848e-02
3.07395552051837939178e-01 4.92146304707687232138e+00 -1.89831897126249954377e-01 1.29450210556308746845e+02 2.47764420149911672453e-02
3.09849985651476145243e-01 4.92664752902552738334e+00 -1.89794900203817479278e-01 1.29444394221125321565e+02 2.50351006504291768995e-02
3.12302309731806226889e-01 4.93184517699778712796e+00 -1.89757480000530887043e-01 1.29438554432361172530e+02 2.52945828028958395739e-02
3.14752507596926411892e-01 4.93705602218299954842e+00 -1.89719633959905431553e-01 1.29432691124612659905e+02 2.55548858294933518842e-02
3.17200562565410182359e-01 4.94228009585825844852e+00 -1.89681359512243602472e-01 1.29426804232421631013e+02 2.58160070435317010040e-02
3.19646457970420572181e-01 4.94751742938850558318e+00 -1.89642654074560795818e-01 1.29420893690274766641e+02 2.60779437145061201986e-02
3.22090177159823132236e-01 4.95276805422669585965e+00 -1.89603515050514509488e-01 1.29414959432606565315e+02 2.63406930677480832781e-02
3.24531703496299839262e-01 4.95803200191387460904e+00 -1.89563939830327737868e-01 1.29409001393797353785e+02 2.66042522844630105472e-02
3.26971020357461672479e-01 4.96330930407933390569e+00 -1.89523925790717057138e-01 1.29403019508176072350e+02 2.68686185014054244868e-02
3.29408111135962355931e-01 4.96859999244072092495e+00 -1.89483470294815103951e-01 1.29397013710020416966e+02 2.71337888108845737278e-02
3.31842959239611323685e-01 4.97390409880415429456e+00 -1.89442570692096273755e-01 1.29390983933557123464e+02 2.73997602606185185203e-02
3.34275548091486185420e-01 4.97922165506433955784e+00 -1.89401224318298172511e-01 1.29384930112963218107e+02 2.76665298536497399062e-02
3.36705861130046413265e-01 4.98455269331907224739e+00 -1.89359428594793544054e-01 1.29378852189166423159e+02 2.79340886415588261771e-02
3.39133881809245474326e-01 4.98989724543106216714e+00 -1.89317180647395721937e-01 1.29372750083792027453e+02 2.82024443602719096513e-02
3.41559593598643573831e-01 4.99525534365965651062e+00 -1.89274477855606332311e-01 1.29366623736709300374e+02 2.84715888042637657596e-02
3.43982979983520398282e-01 5.00062702025548677653e+00 -1.89231317499840928642e-01 1.29360473081930251738e+02 2.87415187734518934315e-02
3.46404024464987525533e-01 5.00601230755836912323e+00 -1.89187696846439934451e-01 1.29354298053424173531e+02 2.90122310196241663116e-02
3.48822710560100557320e-01 5.01141123799741095013e+00 -1.89143613147596034718e-01 1.29348098585117980974e+02 2.92837222460745512376e-02
3.51239021801971362802e-01 5.01682384409112724910e+00 -1.89099063641275183523e-01 1.29341874610898543096e+02 2.95559891073283176333e-02
3.53652941739880488647e-01 5.02225015844756228489e+00 -1.89054045551148575122e-01 1.29335626064614530151e+02 2.98290282084236087201e-02
3.56064453939388791959e-01 5.02769021376432334591e+00 -1.89008556086506102067e-01 1.29329352880073798815e+02 3.01028361051471869680e-02
3.58473541982449628307e-01 5.03314404282875837993e+00 -1.88962592442191962272e-01 1.29323054991049076534e+02 3.03774093030354311318e-02
3.60880189467520207103e-01 5.03861167851798441575e+00 -1.88916151798520476346e-01 1.29316732331275488832e+02 3.06527442573881168941e-02
3.63284380009673946166e-01 5.04409315379904388266e+00 -1.88869231321207864394e-01 1.29310384834455106784e+02 3.09288373724114634689e-02
3.65686097240711160961e-01 5.04958850172894013753e+00 -1.88821828161288146619e-01 1.29304012434254957498e+02 3.12056850012412297091e-02
3.68085324809271363655e-01 5.05509775545477069159e+00 -1.88773939455044503788e-01 1.29297615064311344213e+02 3.14832834450051377018e-02
3.70482046380943785824e-01 5.06062094821377872478e+00 -1.88725562323927648078e-01 1.29291192658228425216e+02 3.17616289527256553948e-02
3.72876245638379399949e-01 5.06615811333346588441e+00 -1.88676693874483270008e-01 1.29284745149581880241e+02 3.20407177204702006690e-02
3.75267906281401164570e-01 5.07170928423165534582e+00 -1.88627331198276848578e-01 1.29278272471918796782e+02 3.23205458909017820379e-02
3.77657012027115768227e-01 5.07727449424610277617e+00 -1.88577471213944303230e-01 1.29271774548607623956e+02 3.26011189448630958609e-02
3.80043546610023985632e-01 5.08285377728908738248e+00 -1.88527111273381620116e-01 1.29265251331815704816e+02 3.28824156335082301572e-02
3.82427493782131422417e-01 5.08844716690259879499e+00 -1.88476248286242153984e-01 1.29258702746244864557e+02 3.31644400563903957169e-02
3.84808837313059592944e-01 5.09405469686591416689e+00 -1.88424879282839491390e-01 1.29252128725307443347e+02 3.34471881700569087514e-02
3.87187560990155776874e-01 5.09967640104895902908e+00 -1.88373001278056201313e-01 1.29245529202392731349e+02 3.37306558787720117687e-02
3.89563648618604152496e-01 5.10531231341231617193e+00 -1.88320611271249910290e-01 1.29238904110864524455e+02 3.40148390345689083381e-02
3.91937084021535264711e-01 5.11096246794448649808e+00 -1.88267706284738517430e-01 1.29232253384075306712e+02 3.42997334438397624701e-02
3.94307851040136658760e-01 5.11662689891437860723e+00 -1.88214283209760552262e-01 1.29225576955321912465e+02 3.45853348396717441560e-02
3.96675933533762792305e-01 5.12230564049088421541e+00 -1.88160339036847673588e-01 1.29218874757914136353e+02 3.48716389226069317653e-02
3.99041315380044780969e-01 5.12799872699779957230e+00 -1.88105870702422073304e-01 1.29212146725132100755e+02 3.51586413334136205222e-02
4.01403980475000310424e-01 5.13370619284978779717e+00 -1.88050875126951733129e-01 1.29205392790235094935e+02 3.54463376597053264616e-02
4.03763912733143492950e-01 5.13942807255247746667e+00 -1.87995349214867046861e-01 1.29198612886467060434e+02 3.57347234356134857425e-02
4.06121096087593724810e-01 5.14516440070246261484e+00 -1.87939289854470725771e-01 1.29191806947055454202e+02 3.60237941417557577806e-02
4.08475514490185875882e-01 5.15091521198732138487e+00 -1.87882693917840348785e-01 1.29184974905212129670e+02 3.63135452054580976089e-02
4.10827151911578702936e-01 5.15668054118563290444e+00 -1.87825558260746899863e-01 1.29178116694134274667e+02 3.66039720002823698586e-02
4.13175992341364761717e-01 5.16246042316702169472e+00 -1.87767879722556152444e-01 1.29171232247007083060e+02 3.68950698463007889516e-02
4.15522019788178931243e-01 5.16825489289214434763e+00 -1.87709655126140045889e-01 1.29164321497003385275e+02 3.71868340099315644598e-02
4.17865218279807715263e-01 5.17406398566300573805e+00 -1.87650881523441254162e-01 1.29157384392223661962e+02 3.74792450589143261164e-02
4.20205571863297211443e-01 5.17988773616047559756e+00 -1.87591555250448488446e-01 1.29150420838255996614e+02 3.77723251923496039506e-02
4.22543064605062523853e-01 5.18572617983567951683e+00 -1.87531673293485079412e-01 1.29143430781212742886e+02 3.80660567895559978635e-02
4.24877680590995954191e-01 5.19157935201423992311e+00 -1.87471232409268218078e-01 1.29136414154276252475e+02 3.83604348568134870257e-02
4.27209403926575026489e-01 5.19744728811293210669e+00 -1.87410229337643535752e-01 1.29129370890630156055e+02 3.86554543411761555860e-02
4.29538218736971288969e-01 5.20333002363964958192e+00 -1.87348660801494093509e-01 1.29122300923458595889e+02 3.89511101300736781172e-02
4.31864109167158116698e-01 5.20922759419336145470e+00 -1.87286523506651120252e-01 1.29115204185946652160e+02 3.92473970510890252106e-02
4.34187059382018403220e-01 5.21514003546415239043e+00 -1.87223814141809385969e-01 1.29108080611285231498e+02 3.95443098711325685679e-02
4.36507053566452751792e-01 5.22106738323315155981e+00 -1.87160529378434137282e-01 1.29100930132669702743e+02 3.98418432962620583382e-02
4.38824075925487055994e-01 5.22700967337256994227e+00 -1.87096665870683492860e-01 1.29093752683305922346e+02 4.01399919704709881585e-02
4.41138110684379691762e-01 5.23296694184556265839e+00 -1.87032220255300085654e-01 1.29086548196405061617e+02 4.04387504763630695193e-02
4.43449142088729597599e-01 5.23893922470633466304e+00 -1.86967189151550888804e-01 1.29079316605194435397e+02 4.07381133328912972691e-02
4.45757154404582744966e-01 5.24492655809994801075e+00 -1.86901569161110447936e-01 1.29072057842910339787e+02 4.10380749963623267518e-02
4.48062131918540051956e-01 5.25092897826241067349e+00 -1.86835356867995683317e-01 1.29064771842807829216e+02 4.13386298584747999274e-02
4.50364058937863631638e-01 5.25694652152053087946e+00 -1.86768548838466053041e-01 1.29057458538157078465e+02 4.16397722463185543385e-02
4.52662919790584206137e-01 5.26297922429191711302e+00 -1.86701141620938759758e-01 1.29050117862249265954e+02 4.19414964214558094735e-02
4.54958698825607410487e-01 5.26902712276604745512e+00 -1.86633131415506053896e-01 1.29042749729319098151e+02 4.22438163222294826848e-02
4.57251380412820318533e-01 5.27509025413148879835e+00 -1.86564515346088671821e-01 1.29035354107976672822e+02 4.25466895426199198660e-02
4.59540948943198301890e-01 5.28116865480004360478e+00 -1.86495289618908016704e-01 1.29027930914968038678e+02 4.28501273586490219469e-02
4.61827388828911278296e-01 5.28726236155078943568e+00 -1.86425450709166135033e-01 1.29020480083625386669e+02 4.31541238200329885233e-02
4.64110684503429071768e-01 5.29337141125308008327e+00 -1.86354995073669982286e-01 1.29013001547303332472e+02 4.34586729137394212064e-02
4.66390820421628160553e-01 5.29949584086649672088e+00 -1.86283919150725396641e-01 1.29005495239383691342e+02 4.37637685641862339558e-02
4.68667781059897148310e-01 5.30563568744067026728e+00 -1.86212219360042147143e-01 1.28997961093273204369e+02 4.40694046327778365946e-02
4.70941550916242568370e-01 5.31179098811519700973e+00 -1.86139892102623022430e-01 1.28990399042407176466e+02 4.43755749183105119293e-02
4.73212114510394632472e-01 5.31796178011954268072e+00 -1.86066933760678482335e-01 1.28982809020252631171e+02 4.46822731558812261121e-02
4.75479456383912424400e-01 5.32414810077281508427e+00 -1.85993340697503950487e-01 1.28975190960304644250e+02 4.49894930180203544978e-02
4.77743561100288705035e-01 5.33034998748371346977e+00 -1.85919109257387471512e-01 1.28967544796092909110e+02 4.52972281138108515131e-02
4.80004413245055938653e-01 5.33656747775041395698e+00 -1.85844235765516896386e-01 1.28959870461185687418e+02 4.56054719883062023578e-02
4.82261997425890265312e-01 5.34280060916025956175e+00 -1.85768716527843630315e-01 1.28952167889182362615e+02 4.59142181242825561660e-02
4.84516298272717305107e-01 5.34904941938973266247e+00 -1.85692547830999088454e-01 1.28944437013722591701e+02 4.62234599408524876596e-02
4.86767300437815575442e-01 5.35531394620423206732e+00 -1.85615725942180925800e-01 1.28936677768485452589e+02 4.65331907939237482408e-02
4.89014988595922406311e-01 5.36159422745790514853e+00 -1.85538247109045151273e-01 1.28928890087191831526e+02 4.68434039763255122280e-02
4.91259347444337080013e-01 5.36789030109342224506e+00 -1.85460107559582976222e-01 1.28921073903603598865e+02 4.71540927185934571897e-02
4.93500361703025469673e-01 5.37420220561423800376e+00 -1.85381304015697884191e-01 1.28913229179885888698e+02 4.74652194001278227020e-02
4.95738016114724178163e-01 5.38052997826415158045e+00 -1.85301831713070852548e-01 1.28905355797351830915e+02 4.77768342201672358005e-02
4.97972295445044454976e-01 5.38687365766301962111e+00 -1.85221687269531809505e-01 1.28897453714673645209e+02 4.80889032866437873825e-02
5.00203184482575280434e-01 5.39323328210703589747e+00 -1.85140866834749256986e-01 1.28889522865884771363e+02 4.84014194958420698733e-02
5.02430668038987948698e-01 5.39960888997981225401e+00 -1.85059366538305097860e-01 1.28881563185066852384e+02 4.87143756744773462342e-02
5.04654730949138929930e-01 5.40600051975257045456e+00 -1.84977182489660163522e-01 1.28873574606376934071e+02 4.90277645752066060236e-02
5.06875358071172565921e-01 5.41240820998348315385e+00 -1.84894310778004555829e-01 1.28865557064025665568e+02 4.93415788789121831370e-02
5.09092534286625153506e-01 5.41883199931771564195e+00 -1.84810747472182401729e-01 1.28857510492296938764e+02 4.96558111926164308381e-02
5.11306244500527418140e-01 5.42527192648706613198e+00 -1.84726488620590822975e-01 1.28849434825544193473e+02 4.99704540488071155546e-02
5.13516473641507098513e-01 5.43172803030966377946e+00 -1.84641530251068580748e-01 1.28841329998191639561e+02 5.02854999055168255806e-02
5.15723206661891864222e-01 5.43820034968974752587e+00 -1.84555868370810283174e-01 1.28833195944739827610e+02 5.06009411446259466105e-02
5.17926428537812011399e-01 5.44468892361728684648e+00 -1.84469498966254336070e-01 1.28825032599763403596e+02 5.09167700719033583523e-02
5.20126124269301826075e-01 5.45119379116792934781e+00 -1.84382418003016745889e-01 1.28816839897928730352e+02 5.12329789142070002317e-02
5.22322278880402501855e-01 5.45771499150227601405e+00 -1.84294621425742016774e-01 1.28808617773971263887e+02 5.15495598215951686405e-02
5.24514877419263836344e-01 5.46425256386605795456e+00 -1.84206105158070926331e-01 1.28800366162729005737e+02 5.18665048624303154368e-02
5.26703904958246260648e-01 5.47080654758935480686e+00 -1.84116865102482429872e-01 1.28792084999117975030e+02 5.21838060260971514648e-02
5.28889346594021980685e-01 5.47737698146698726021e+00 -1.84026896436002174173e-01 1.28783774180826668498e+02 5.25014975746485451635e-02
5.31071187447676895665e-01 5.48396390614676221276e+00 -1.83936196326601991702e-01 1.28775433712213782655e+02 5.28194926730567795858e-02
5.33249412664811961449e-01 5.49056736066785688877e+00 -1.83844759995142797981e-01 1.28767063495811015628e+02 5.31378202010412414857e-02
5.35424007415643554708e-01 5.49718738469348622289e+00 -1.83752583256806573120e-01 1.28758663466833326083e+02 5.34564719227838547333e-02
5.37594956895105391403e-01 5.50382401796933606875e+00 -1.83659661904946314159e-01 1.28750233560586764270e+02 5.37754395290820294551e-02
5.39762246322948779920e-01 5.51047730032326477101e+00 -1.83565991710974540929e-01 1.28741773712477311165e+02 5.40947146369833986590e-02
5.41925860943843207274e-01 5.51714727166478180465e+00 -1.83471568424243530737e-01 1.28733283858008121570e+02 5.44142887900449304106e-02
5.44085786027477369409e-01 5.52383397198470582623e+00 -1.83376387771945342786e-01 1.28724763932788050624e+02 5.47341534573072274750e-02
5.46242006868658758201e-01 5.53053744135461755604e+00 -1.83280445458976676276e-01 1.28716213872528555839e+02 5.50543000344125843526e-02
5.48394508787414136641e-01 5.53725771992629312024e+00 -1.83183737167798482703e-01 1.28707633613040542286e+02 5.53747198449537209042e-02
5.50543277129089347888e-01 5.54399484793157615314e+00 -1.83086258558390557738e-01 1.28699023090258407365e+02 5.56954041361042498370e-02
5.52688297264449235335e-01 5.55074886568145764443e+00 -1.82988005268050146768e-01 1.28690382240217076060e+02 5.60163440837727621968e-02
5.54829554589777229623e-01 5.55751981356570290416e+00 -1.82888972911284003464e-01 1.28681710999063312784e+02 5.63375307918391604600e-02
5.56967034526974602571e-01 5.56430773205249096236e+00 -1.82789157079740860468e-01 1.28673009303068539566e+02 5.66589552891444137028e-02
5.59100722523659832142e-01 5.57111266168762764295e+00 -1.82688553342017390158e-01 1.28664277088616643141e+02 5.69806085340636495062e-02
5.61230604053267856379e-01 5.57793464309406505919e+00 -1.82587157243553011021e-01 1.28655514292211790917e+02 5.73024814136313329072e-02
5.63356664615148439168e-01 5.58477371780147446856e+00 -1.82484965287780437349e-01 1.28646720900711727609e+02 5.76245054853835037001e-02
5.65478889734665535194e-01 5.59162992504334610544e+00 -1.82381971148622618051e-01 1.28637896757581557949e+02 5.79467816761928336544e-02
5.67597264963295100593e-01 5.59850330639865312321e+00 -1.82278171163575947178e-01 1.28629041843747131679e+02 5.82692486019512762008e-02
5.69711775878724790978e-01 5.60539390279510207904e+00 -1.82173560786609761708e-01 1.28620156096348438268e+02 5.85918967211497346281e-02
5.71822408084950328799e-01 5.61230175523462193610e+00 -1.82068135448166468215e-01 1.28611239452667859950e+02 5.89147164069731901770e-02
5.73929147212374757281e-01 5.61922690479285336096e+00 -1.81961890555070920916e-01 1.28602291850141313034e+02 5.92376979455047150691e-02
5.76031978917906362092e-01 5.62616939261838933106e+00 -1.81854821490410767382e-01 1.28593313226357025769e+02 5.95608315355829198712e-02
5.78130888885055260751e-01 5.63312925993207702646e+00 -1.81746923613425842570e-01 1.28584303519058209986e+02 5.98841072882271910349e-02
5.80225862824032101450e-01 5.64010654802648669914e+00 -1.81638192259428815634e-01 1.28575262666157271951e+02 6.02075152240667196835e-02
5.82316886471844319395e-01 5.64710129826488138605e+00 -1.81528622739660083774e-01 1.28566190605721374141e+02 6.05310452747633565007e-02
5.84403945592394169495e-01 5.65411355208082611057e+00 -1.81418210341240032646e-01 1.28557087275997560027e+02 6.08546872786259601673e-02
5.86487025976574760655e-01 5.66114335097724108437e+00 -1.81306950327035004689e-01 1.28547952615405534971e+02 6.11784309812171550602e-02
5.88566113442367422337e-01 5.66819073652545224462e+00 -1.81194837935534425188e-01 1.28538786562531555546e+02 6.15022660355087069650e-02
5.90641193834937960894e-01 5.67525575036487150982e+00 -1.81081868380825905529e-01 1.28529589056161853478e+02 6.18261819959657066281e-02
5.92712253026733248973e-01 5.68233843420167517024e+00 -1.80968036852405617099e-01 1.28520360035256629772e+02 6.21501683225820569789e-02
5.94779276917577259809e-01 5.68943882980830384355e+00 -1.80853338515176625956e-01 1.28511099438975463727e+02 6.24742143736913557728e-02
5.96842251434767101514e-01 5.69655697788375547930e+00 -1.80737767117347625234e-01 1.28501807137419774563e+02 6.27983938721819318074e-02
5.98901162533168496260e-01 5.70369292244715975215e+00 -1.80621320365508486461e-01 1.28492483198870871774e+02 6.31225387655298952883e-02
6.00955996195312258656e-01 5.71084670446392816956e+00 -1.80503992124894901972e-01 1.28483127502281178067e+02 6.34467124278172422969e-02
6.03006738431488664709e-01 5.71801836595937906793e+00 -1.80385777457563595272e-01 1.28473739987449505406e+02 6.37709040093893675394e-02
6.05053375279843597134e-01 5.72520794902018259620e+00 -1.80266671400131250902e-01 1.28464320594374299844e+02 6.40951025733199758472e-02
6.07095892806472914316e-01 5.73241549579325404551e+00 -1.80146668963570649735e-01 1.28454869263251026723e+02 6.44192971004986791872e-02
6.09134277105518040507e-01 5.73964104848490830335e+00 -1.80025765133153464737e-01 1.28445385934486694168e+02 6.47434764855759070645e-02
6.11168514299259779676e-01 5.74688464935956844215e+00 -1.79903954868263105116e-01 1.28435870548689138104e+02 6.50676295410211047443e-02
6.13198590538213572643e-01 5.75414634073872921505e+00 -1.79781233102288745540e-01 1.28426323046672877126e+02 6.53917449961544799963e-02
6.15224492001223088877e-01 5.76142616500008397651e+00 -1.79657594742526210974e-01 1.28416743369476876069e+02 6.57158114957028943737e-02
6.17246204895555039549e-01 5.76872416457606274065e+00 -1.79533034669982660692e-01 1.28407131458348885644e+02 6.60398176044308810040e-02
6.19263715456992658304e-01 5.77604038195285962587e+00 -1.79407547739312306367e-01 1.28397487254759681718e+02 6.63637518035402468319e-02
6.21277009949929293064e-01 5.78337485966924802483e+00 -1.79281128778631670961e-01 1.28387810700408095954e+02 6.66876024946175677277e-02
6.23286074667462219878e-01 5.79072764031515863081e+00 -1.79153772589390913872e-01 1.28378101737211636646e+02 6.70113580000988168228e-02
6.25290895931486012671e-01 5.79809876653062250540e+00 -1.79025473946242547063e-01 1.28368360307322603830e+02 6.73350065639133077422e-02
6.27291460092785357894e-01 5.80548828240877146101e+00 -1.78896229366168169062e-01 1.28358586439014658254e+02 6.76584284229106713848e-02
6.29287753531128202233e-01 5.81289622807343775435e+00 -1.78766030273841192155e-01 1.28348779915182461764e+02 6.79818126835836089583e-02
6.31279762655358012147e-01 5.82032264754157857567e+00 -1.78634872921726473027e-01 1.28338940754173194136e+02 6.83050522890626815586e-02
6.33267473903487365661e-01 5.82776758364339375618e+00 -1.78502751979954465966e-01 1.28329068899294668427e+02 6.86281349306200882943e-02
6.35250873742789323728e-01 5.83523107925301065535e+00 -1.78369662091716896235e-01 1.28319164294142893823e+02 6.89510481926981361189e-02
6.37229948669889467716e-01 5.84271317728660655177e+00 -1.78235597873035556127e-01 1.28309226882579395124e+02 6.92737795596997663061e-02
6.39204685210858825073e-01 5.85021392070105061833e+00 -1.78100553912665632295e-01 1.28299256608742098251e+02 6.95963164147230112233e-02
6.41175069921305018639e-01 5.85773335249277149472e+00 -1.77964524772123988683e-01 1.28289253417073354058e+02 6.99186460304273837973e-02
6.43141089386463082889e-01 5.86527151569569316081e+00 -1.77827504985432455209e-01 1.28279217252292426110e+02 7.02407555776315278839e-02
6.45102730221288278578e-01 5.87282845338011405545e+00 -1.77689489059152549988e-01 1.28269148059427976705e+02 7.05626321159276981287e-02
6.47059979070545909785e-01 5.88040420865116164606e+00 -1.77550471472282533902e-01 1.28259045783827332343e+02 7.08842625927990216406e-02
6.49012822608903250376e-01 5.88799882464636326063e+00 -1.77410446676009664335e-01 1.28248910371113794326e+02 7.12056338516684345086e-02
6.50961247541019139007e-01 5.89561234453507410080e+00 -1.77269409093900293106e-01 1.28238741767260052029e+02 7.15267326130867020506e-02
6.52905240601636016606e-01 5.90324481151621860420e+00 -1.77127353121606073705e-01 1.28228539918560954902e+02 7.18475454856812023596e-02
6.54844788555668411156e-01 5.91089626881627783206e+00 -1.76984273126850444324e-01 1.28218304771624133309e+02 7.21680589599470179163e-02
6.56779878198294642111e-01 5.91856675790875108589e+00 -1.76840161151887470536e-01 1.28208036163885026326e+02 7.24884004205689352895e-02
6.58710496355045971306e-01 5.92625632538240409986e+00 -1.76695015791094756086e-01 1.28197734246444639439e+02 7.28082933173267998761e-02
6.60636629881896420002e-01 5.93396501297121226060e+00 -1.76548829301535897818e-01 1.28187398870639952975e+02 7.31278481002384378451e-02
6.62558265665352030815e-01 5.94169286399079155103e+00 -1.76401595933309535136e-01 1.28177029984221576342e+02 7.34470510843227286646e-02
6.64475390622540684760e-01 5.94943992177511837838e+00 -1.76253309907658639588e-01 1.28166627535296981932e+02 7.37658884893987731868e-02
6.66387991701300586023e-01 5.95720622967397073211e+00 -1.76103965416832042301e-01 1.28156191472304158196e+02 7.40843464419070618643e-02
6.68296055880269523897e-01 5.96499183105110919456e+00 -1.75953556623966472783e-01 1.28145721744033068035e+02 7.44024109754603257816e-02
6.70199570168973357553e-01 5.97279676928220570886e+00 -1.75802077662978700756e-01 1.28135218299634914274e+02 7.47200680310004805573e-02
6.72098521607914500819e-01 5.98062108775237177838e+00 -1.75649522638412020070e-01 1.28124681088610117285e+02 7.50373034596246157868e-02
6.73992897268660184906e-01 5.98846482985401529220e+00 -1.75495885625325004353e-01 1.28114110060819029968e+02 7.53541030230577696392e-02
6.75882684253930277052e-01 5.99632803898501887119e+00 -1.75341160669265971883e-01 1.28103505166516157487e+02 7.56704523888463709280e-02
6.77767869697685210184e-01 6.00421075854551133943e+00 -1.75185341785936449233e-01 1.28092866356301243513e+02 7.59863371447932200997e-02
6.79648440765214134629e-01 6.01211303193587998095e+00 -1.75028422961189561446e-01 1.28082193581149226702e+02 7.63017427928606162268e-02
6.81524384653221182440e-01 6.02003490255499773554e+00 -1.74870398151031003486e-01 1.28071486792458387072e+02 7.66166547430380817651e-02
6.83395688589913286037e-01 6.02797641379623083679e+00 -1.74711261281176311044e-01 1.28060745941964000849e+02 7.69310583345150650336e-02
6.85262339835087441742e-01 6.03593761136289952418e+00 -1.74551009293556741442e-01 1.28049971125499524760e+02 7.72447505050380262004e-02
6.87124325680216641032e-01 6.04391853431899228610e+00 -1.74389630371629467120e-01 1.28039162028247488934e+02 7.75580675487425458270e-02
6.88981633448537245101e-01 6.05191922806758597631e+00 -1.74227121039394083901e-01 1.28028318729554655420e+02 7.78708284009699130968e-02
6.90834250495134805092e-01 6.05993973596246338076e+00 -1.74063475107564563649e-01 1.28017441183104637048e+02 7.81830176727862924402e-02
6.92682164207029549274e-01 6.06798010134065446408e+00 -1.73898686357030124450e-01 1.28006529343082547712e+02 7.84946198461861088802e-02
6.94525362003264090660e-01 6.07604036751811626971e+00 -1.73732748538503012359e-01 1.27995583164091854655e+02 7.88056192901636920478e-02
6.96363831334987137822e-01 6.08412057778795301033e+00 -1.73565655372635047060e-01 1.27984602601232467123e+02 7.91160002481624130555e-02
6.98197559685539759222e-01 6.09222077541614126517e+00 -1.73397400549752472854e-01 1.27973587610028332051e+02 7.94257468491681439815e-02
7.00026534570540759361e-01 6.10034100364069242772e+00 -1.73227977730231713638e-01 1.27962538146572455844e+02 7.97348430792887002960e-02
7.01850743537971277775e-01 6.10848130566606251080e+00 -1.73057380543925859451e-01 1.27951454167381882598e+02 8.00432728121020925505e-02
7.03670174168260054159e-01 6.11664172466126032646e+00 -1.72885602590440501380e-01 1.27940335629486142466e+02 8.03510197866958847390e-02
7.05484814074367139192e-01 6.12482230375730463123e+00 -1.72712637439212973733e-01 1.27929182490480883416e+02 8.06580675979554767574e-02
7.07294650901869381698e-01 6.13302308604269974524e+00 -1.72538478629206071258e-01 1.27917994708462188669e+02 8.09643997108525914630e-02
7.09099672329043584362e-01 6.14124411455991126019e+00 -1.72363119668933501005e-01 1.27906772242028296205e+02 8.12699994542283865595e-02
7.10899866066950880672e-01 6.14948543230343069865e+00 -1.72186554036746986007e-01 1.27895515050385782274e+02 8.15748499987719311033e-02
7.12695219859520112671e-01 6.15774707911803442784e+00 -1.72008771059740911413e-01 1.27884222899558196218e+02 8.18791912099580965201e-02
7.14485721483631763817e-01 6.16602910365546730276e+00 -1.71829771844786427515e-01 1.27872896110417286764e+02 8.21825268738646530498e-02
7.16271358749200004468e-01 6.17433154601450429055e+00 -1.71649546138189668110e-01 1.27861534473371833087e+02 8.24850665072390520915e-02
7.18052119499257623936e-01 6.18265444894983229318e+00 -1.71468087287595688517e-01 1.27850137949433147355e+02 8.27867932431079756039e-02
7.19827991610036854730e-01 6.19099785514781864038e+00 -1.71285388609233951707e-01 1.27838706500161649160e+02 8.30876901163423303709e-02
7.21598962991052972349e-01 6.19936180722284735367e+00 -1.71101443387961044129e-01 1.27827240087698015714e+02 8.33877400579099287148e-02
7.23365021585186451780e-01 6.20774634771278854828e+00 -1.70916244877023032478e-01 1.27815738674744835635e+02 8.36869259066055082297e-02
7.25126155368765124010e-01 6.21615151907447138768e+00 -1.70729786298038255232e-01 1.27804202224554657619e+02 8.39852304074256150734e-02
7.26882352351645444344e-01 6.22457736368075131850e+00 -1.70542060841088388701e-01 1.27792630701025046847e+02 8.42826362034641562992e-02
7.28633600577295093004e-01 6.23302392381327319271e+00 -1.70353061664118649032e-01 1.27781024068528395787e+02 8.45791258708520621301e-02
7.30379888122873355272e-01 6.24149124166223767674e+00 -1.70162781893762854457e-01 1.27769382292188922179e+02 8.48746818655290308220e-02
7.32121203099313277995e-01 6.24997935931725301373e+00 -1.69971214624313832209e-01 1.27757705337606395801e+02 8.51692865855261382890e-02
7.33857533651401716668e-01 6.25848831876539435370e+00 -1.69778352918160707619e-01 1.27745993171038335845e+02 8.54629223422305184243e-02
7.35588867957860936819e-01 6.26701816188585514311e+00 -1.69584189805760010561e-01 1.27734245759376378260e+02 8.57555713610455572216e-02
7.37315194231428105986e-01 6.27556893044480368360e+00 -1.69388718285299444410e-01 1.27722463070141699859e+02 8.60472158013756288630e-02
7.39036500718936339993e-01 6.28414067033557888209e+00 -1.69191937002097059217e-01 1.27710645339693670053e+02 8.63374803930570672295e-02
7.40752775701394416963e-01 6.29273341517226292297e+00 -1.68993828285959379887e-01 1.27698792037278749945e+02 8.66270141094904466694e-02
7.42464007494066491333e-01 6.30134721009244991308e+00 -1.68794390060372390128e-01 1.27686903368566774475e+02 8.69154831039835595874e-02
7.44170184446551918889e-01 6.30998209636799156641e+00 -1.68593615206322627875e-01 1.27674979304296542182e+02 8.72028685063537534194e-02
7.45871294942864193622e-01 6.31863811513092876737e+00 -1.68391496573436549866e-01 1.27663019815861289885e+02 8.74891513204258675085e-02
7.47567327401510439699e-01 6.32731530737050551494e+00 -1.68188026980483684714e-01 1.27651024875487763666e+02 8.77743123933448776697e-02
7.49258270275569682184e-01 6.33601371392533341265e+00 -1.67983199215021999917e-01 1.27638994456116662946e+02 8.80583324386168680986e-02
7.50944112052772227983e-01 6.34473337547761939703e+00 -1.67777006033469205937e-01 1.27626928531421739876e+02 8.83411920330037653271e-02
7.52624841255577603505e-01 6.35347433254945936909e+00 -1.67569440161670468736e-01 1.27614827075968889858e+02 8.86228715825273100082e-02
7.54300446441252492313e-01 6.36223662549538193645e+00 -1.67360494294866379850e-01 1.27602690065147626797e+02 8.89033513263071950572e-02
7.55970916201949338920e-01 6.37102029449177997833e+00 -1.67150161096538074634e-01 1.27590517474912545026e+02 8.91826114117377638513e-02
7.57636239164782954170e-01 6.37982537954012407511e+00 -1.66938433200964103653e-01 1.27578309282410273795e+02 8.94606317363707548296e-02
7.59296403991909008013e-01 6.38865192045141760957e+00 -1.66725303211192749098e-01 1.27566065465424813397e+02 8.97373920785659306976e-02
7.60951399380600634892e-01 6.39749995684342387392e+00 -1.66510763700066372062e-01 1.27553786002644287123e+02 9.00128720366025758537e-02
7.62601214063325594239e-01 6.40636952288701344571e+00 -1.66294800177282431353e-01 1.27541470538670381529e+02 9.02874980974130297851e-02
7.64245836807822653824e-01 6.41526066756779300704e+00 -1.66077418291381118109e-01 1.27529119677882093242e+02 9.05604148778342138426e-02
7.65885256417178750254e-01 6.42417342525713586099e+00 -1.65858604302929590890e-01 1.27516733106704251099e+02 9.08319966713497239930e-02
7.67519461729904151071e-01 6.43310783471631530972e+00 -1.65638350650648830120e-01 1.27504310806747028550e+02 9.11022232678827537100e-02
7.69148441620009615249e-01 6.44206393447380865069e+00 -1.65416649741661647699e-01 1.27491852760379487108e+02 9.13710743941169439841e-02
7.70772184997081555302e-01 6.45104176282271790654e+00 -1.65193493952917769274e-01 1.27479358951074217998e+02 9.16385296301497065397e-02
7.72390680806357088350e-01 6.46004135780592125826e+00 -1.64968875629608796585e-01 1.27466829362982053908e+02 9.19045685172551057862e-02
7.74003918028800530493e-01 6.46906275721490864328e+00 -1.64742787086842895627e-01 1.27454263981390951699e+02 9.21691704598996824904e-02
7.75611885681177226637e-01 6.47810599857587643413e+00 -1.64515220608431017579e-01 1.27441662792384676095e+02 9.24323148112513592878e-02
7.77214572816129045663e-01 6.48717111914180133425e+00 -1.64286168447345531929e-01 1.27429025782895763541e+02 9.26939808533122633349e-02
7.78811968522248321278e-01 6.49625815588814159440e+00 -1.64055622826343006082e-01 1.27416352941004120680e+02 9.29541477675928096147e-02
7.80404061924152570029e-01 6.50536714549769090610e+00 -1.63823575937097176691e-01 1.27403644255553757603e+02 9.32127947004872531300e-02
7.81990842182558654194e-01 6.51449812435764119556e+00 -1.63590019941440983908e-01 1.27390899716567275846e+02 9.34699006958008282719e-02
7.83572298494356056509e-01 6.52365112854361584027e+00 -1.63354946970029168973e-01 1.27378119314836581566e+02 9.37254447918588473598e-02
7.85148420092680932036e-01 6.53282620045611572834e+00 -1.63118357982714762278e-01 1.27365303471439858640e+02 9.39788362088780360182e-02
7.86719196246989271870e-01 6.54202336315242494180e+00 -1.62880228498291007577e-01 1.27352451380026337802e+02 9.42311177710006830921e-02
7.88284616263129733760e-01 6.55124265757852608516e+00 -1.62640558399151091695e-01 1.27339563412401147957e+02 9.44817644533446077126e-02
7.89844669483416361722e-01 6.56048411849625789927e+00 -1.62399339714345392061e-01 1.27326639564597627441e+02 9.47307538935549531267e-02
7.91399345286702082802e-01 6.56974778030963868503e+00 -1.62156564445116724293e-01 1.27313679833763231386e+02 9.49780635744134626997e-02
7.92948633088449872375e-01 6.57903367705226838069e+00 -1.61912224564456086462e-01 1.27300684218060126796e+02 9.52236708684852800610e-02
7.94492522340805029657e-01 6.58834184238079956231e+00 -1.61666312018666574746e-01 1.27287652716975571821e+02 9.54675529551146234697e-02
7.96031002532667897320e-01 6.59767230956074257620e+00 -1.61418818727038476668e-01 1.27274585331152721324e+02 9.57096868589031035679e-02
7.97564063189764360651e-01 6.60702511145804471937e+00 -1.61169736582739586694e-01 1.27261482062615186805e+02 9.59500494115492902347e-02
7.99091693874717567958e-01 6.61640028052264117520e+00 -1.60919057452385105833e-01 1.27248342914488532074e+02 9.61886172988719728716e-02
8.00613884187118873825e-01 6.62579784878070654486e+00 -1.60666773177357530278e-01 1.27235167891304939758e+02 9.64253669968260646028e-02
8.02130623763599115428e-01 6.63521784782113321910e+00 -1.60412875573719054811e-01 1.27221956998953302787e+02 9.66602747987983790257e-02
8.03641902277898334539e-01 6.64466030878042346330e+00 -1.60157356432775871413e-01 1.27208710244546082890e+02 9.68933168014603912743e-02
8.05147709440937053849e-01 6.65412526233377121798e+00 -1.59900207521786880127e-01 1.27195427636708785712e+02 9.71244688832449687421e-02
8.06648035000885443857e-01 6.66361273008727650335e+00 -1.59641409256750965717e-01 1.27182108622495491090e+02 9.73544449570679371053e-02
8.08142868743233711015e-01 6.67312275776246721648e+00 -1.59380974530310887127e-01 1.27168754261895884383e+02 9.75818414478743789697e-02
8.09632200490861042574e-01 6.68265536698429230000e+00 -1.59118885005660432030e-01 1.27155364071728669728e+02 9.78072869282103074529e-02
8.11116020104105994726e-01 6.69221058642061272792e+00 -1.58855132335826265688e-01 1.27141938065209643582e+02 9.80307578861895068112e-02
8.12594317480834105183e-01 6.70178844420219643752e+00 -1.58589708149015268246e-01 1.27128476256807857681e+02 9.82522307861124211126e-02
8.14067082556508059277e-01 6.71138896786011684981e+00 -1.58322604028329427805e-01 1.27114978662360925910e+02 9.84716819883390548362e-02
8.15534305304254858449e-01 6.72101218450780635294e+00 -1.58053811599616872430e-01 1.27101445299257449051e+02 9.86890878040622282485e-02
8.16995975734935098167e-01 6.73065812053064682630e+00 -1.57783322400109587980e-01 1.27087876186269298273e+02 9.89044244560747659589e-02
8.18452083897210691532e-01 6.74032680176281928652e+00 -1.57511127966266900602e-01 1.27074271343529972000e+02 9.91176681569733292188e-02
8.19902619877612370836e-01 6.75001825342610839442e+00 -1.57237219813132128587e-01 1.27060630792804090561e+02 9.93287950484390558259e-02
8.21347573800607411165e-01 6.75973250011251636238e+00 -1.56961589435041432017e-01 1.27046954557491943660e+02 9.95377811942099177678e-02
8.22786935828667020942e-01 6.76946956575822245128e+00 -1.56684228304022371558e-01 1.27033242662088909469e+02 9.97446027256085748780e-02
8.24220696162332733259e-01 6.77922947363857186787e+00 -1.56405127872957627755e-01 1.27019495133063799130e+02 9.99492356786976926530e-02
8.25648845040284129482e-01 6.78901225631711913167e+00 -1.56124292550676280200e-01 1.27005712661487194737e+02 1.00150798442549690548e-01
8.27071372739403898322e-01 6.79881791707927707336e+00 -1.55841689488765700045e-01 1.26991894041442492380e+02 1.00350869558421221250e-01
8.28488269574845448417e-01 6.80864648588563436959e+00 -1.55557321582587171349e-01 1.26978039888503886345e+02 1.00548665768043096747e-01
8.29899525900098078424e-01 6.81849798316814137422e+00 -1.55271180233494732192e-01 1.26964150236590455734e+02 1.00744161473508203608e-01
8.31305132107052369150e-01 6.82837242860700133207e+00 -1.54983256830883625588e-01 1.26950225122120428978e+02 1.00937330740857020284e-01
8.32705078626066685921e-01 6.83826984109035418413e+00 -1.54693542747468854026e-01 1.26936264582744655627e+02 1.01128147663840498027e-01
8.34099355926031127417e-01 6.84819023870982590552e+00 -1.54402029345651420345e-01 1.26922268658501295135e+02 1.01316585999860639400e-01
8.35487954514433028841e-01 6.85813363872874059979e+00 -1.54108707974680403385e-01 1.26908237391188507104e+02 1.01502619414794145736e-01
8.36870864937421798935e-01 6.86810005756267916155e+00 -1.53813569973317271211e-01 1.26894170824596173475e+02 1.01686221366507456576e-01
8.38248077779872757809e-01 6.87808951075500374372e+00 -1.53516606669804350771e-01 1.26880069004441793368e+02 1.01867365169356599575e-01
8.39619583665451307830e-01 6.88810201295868118621e+00 -1.53217809384859598998e-01 1.26865931978768529120e+02 1.02046023860081047641e-01
8.40985373256677326559e-01 6.89813757790053472263e+00 -1.52917169429972993333e-01 1.26851759797206568692e+02 1.02222170377053306334e-01
8.42345437254987894349e-01 6.90819621837978559142e+00 -1.52614678113139057292e-01 1.26837552512579179620e+02 1.02395777250696762284e-01
8.43699766400801687283e-01 6.91827794621095382155e+00 -1.52310326734442419427e-01 1.26823310178816115013e+02 1.02566816965922957827e-01
8.45048351473580483528e-01 6.92838275881949439139e+00 -1.52004089602680386717e-01 1.26809031945767785032e+02 1.02736404062398603565e-01
8.46391183291893445251e-01 6.93851069100275097412e+00 -1.51695989793737967544e-01 1.26794719561987008660e+02 1.02902375091776618343e-01
8.47728252713479291103e-01 6.94866173969260980670e+00 -1.51386003532417962036e-01 1.26780372289597735858e+02 1.03065713759297947205e-01
8.49059550635307469513e-01 6.95883591254528255376e+00 -1.51074122080909006849e-01 1.26765990190534921567e+02 1.03226393678043273927e-01
8.50385067993641552420e-01 6.96903321610682358056e+00 -1.50760336698438801584e-01 1.26751573328849715949e+02 1.03384388506714441913e-01
8.51704795764099964472e-01 6.97925365576587442007e+00 -1.50444638639637334743e-01 1.26737121769561454698e+02 1.03539672150205971923e-01
8.53018724961718044497e-01 6.98949723577935966290e+00 -1.50127019168474568067e-01 1.26722635582515223973e+02 1.03692217922517135320e-01
8.54326846641008552652e-01 6.99976395918043881039e+00 -1.49807469545235022457e-01 1.26708114838308944172e+02 1.03841999516242761148e-01
8.55629151896023509849e-01 7.01005382776369501130e+00 -1.49485981032778214583e-01 1.26693559609511126496e+02 1.03988990685999815877e-01
8.56925631860413927754e-01 7.02036684207715477868e+00 -1.49162544902357085963e-01 1.26678969972414421363e+02 1.04133164964656882434e-01
8.58216277707490537985e-01 7.03070300136211479014e+00 -1.48837152430361302491e-01 1.26664346005296323483e+02 1.04274495990376123156e-01
8.59501080650284077223e-01 7.04106230351862816264e+00 -1.48509794899328528839e-01 1.26649687788484584416e+02 1.04412957553769905616e-01
8.60780031941604684143e-01 7.05144474507956520171e+00 -1.48180463601202544455e-01 1.26634995405077404484e+02 1.04548523497912299041e-01
8.62053122874101962481e-01 7.06185033728075151060e+00 -1.47849169694046794765e-01 1.26620270051377815435e+02 1.04679808065990961885e-01
8.63320344780323600808e-01 7.07227904375675109350e+00 -1.47515867333465749978e-01 1.26605509746309351726e+02 1.04809327657712489379e-01
8.64581689032775213555e-01 7.08273087093974229589e+00 -1.47180565476496771904e-01 1.26590715560882074442e+02 1.04935850947281403278e-01
8.65837147043978516692e-01 7.09320580952385970619e+00 -1.46843255503884745350e-01 1.26575887590422624385e+02 1.05059349646622460228e-01
8.67086710266529503421e-01 7.10370384865845583278e+00 -1.46503928821786838510e-01 1.26561025934433772022e+02 1.05179795074945209299e-01
8.68330370193157397019e-01 7.11422497588578650607e+00 -1.46162576858941184454e-01 1.26546130695255953924e+02 1.05297158495528522804e-01
8.69568118356782493450e-01 7.12476917711288670887e+00 -1.45819191074215065429e-01 1.26531201979169949823e+02 1.05411410749590817026e-01
8.70799946330572671727e-01 7.13533643653044080679e+00 -1.45473762948276075235e-01 1.26516239893910565684e+02 1.05522522982174501993e-01
8.72025845728002679813e-01 7.14592673661852728628e+00 -1.45126283998518568197e-01 1.26501244552287275269e+02 1.05630465783908722432e-01
8.73245808202909201690e-01 7.15654005805782045258e+00 -1.44776745773738391154e-01 1.26486216069341736556e+02 1.05735209719131667550e-01
8.74459825449549366105e-01 7.16717637970473120390e+00 -1.44425139858640583235e-01 1.26471154564031081691e+02 1.05836725194104447345e-01
8.75667889202656035685e-01 7.17783567854929760443e+00 -1.44071457881951248137e-01 1.26456060159818932220e+02 1.05934982074935499230e-01
8.76869991237495205461e-01 7.18851792962170499379e+00 -1.43715691506857451420e-01 1.26440932981770387755e+02 1.06029950532323904988e-01
8.78066123369920736863e-01 7.19922308641033925625e+00 -1.43357809114260104089e-01 1.26425771781485906331e+02 1.06123231318389646405e-01
8.79256277456431312167e-01 7.20995115648091555727e+00 -1.42997846161242420093e-01 1.26410579262739105388e+02 1.06211742140310413940e-01
8.80440445394225390530e-01 7.22070209145988339827e+00 -1.42635773726412368179e-01 1.26395354346351666663e+02 1.06296899313958109756e-01
8.81618619121255608917e-01 7.23147585811462434435e+00 -1.42271583637116255661e-01 1.26380097172404447292e+02 1.06378674611490725566e-01
8.82790790616284959391e-01 7.24227242097263168574e+00 -1.41905267769090848162e-01 1.26364807882703260589e+02 1.06457040209508496664e-01
8.83956951898940523904e-01 7.25309174227698871817e+00 -1.41536818050583546036e-01 1.26349486621951498933e+02 1.06531968641976948486e-01
8.85117095029768430337e-01 7.26393378197634120852e+00 -1.41166226478858680693e-01 1.26334133541503959464e+02 1.06603431891950262145e-01
8.86271212110287143204e-01 7.27479849759505370344e+00 -1.40793485108770294323e-01 1.26318748794777206967e+02 1.06671402435207729464e-01
8.87419295283041753564e-01 7.28568584420842668692e+00 -1.40418586063972339328e-01 1.26303332540219813040e+02 1.06735852721246554653e-01
8.88561336731657602783e-01 7.29659577435292572289e+00 -1.40041521538680074910e-01 1.26287884939818155772e+02 1.06796755314727778718e-01
8.89697328680893129160e-01 7.30752823795418127162e+00 -1.39662283796112840495e-01 1.26272406158995792680e+02 1.06854083289880039120e-01
8.90827263396692936581e-01 7.31848318230648420268e+00 -1.39280865187633856594e-01 1.26256896370345927494e+02 1.06907809173188900198e-01
8.91951133186240308071e-01 7.32946055191075185320e+00 -1.38897258135532886136e-01 1.26241355747405478382e+02 1.06957906452341142134e-01
8.93068930398010163429e-01 7.34046028846889875297e+00 -1.38511455152958623538e-01 1.26225784469755183181e+02 1.07004348488278930307e-01
8.94180647421820240517e-01 7.35148235803929051002e+00 -1.38123479790984882154e-01 1.26210184691048752370e+02 1.07044889663016964954e-01
8.95286276688883719821e-01 7.36252664552030822165e+00 -1.37733266727147946051e-01 1.26194552924623465628e+02 1.07083659540019457412e-01
8.96385810671860183696e-01 7.37359310782356836000e+00 -1.37340836307692226725e-01 1.26178891105961653807e+02 1.07118660350019462291e-01
8.97479241884907241733e-01 7.38468167456139479299e+00 -1.36946181469757788385e-01 1.26163199433603637090e+02 1.07149863714758694644e-01
8.98566562883731378975e-01 7.39579227221519186486e+00 -1.36549295296932104993e-01 1.26147478118617186738e+02 1.07177238865110394106e-01
8.99647766265638582084e-01 7.40692482384959216546e+00 -1.36150170962237276884e-01 1.26131727370554870049e+02 1.07200757095841980870e-01
9.00722844669584632449e-01 7.41807924915437766344e+00 -1.35748801814699449064e-01 1.26115947410567855513e+02 1.07220388030029145643e-01
9.01791790776225510307e-01 7.42925546439999351378e+00 -1.35345181239356265879e-01 1.26100138462452420640e+02 1.07236101877316067355e-01
9.02854597307967132735e-01 7.44045338210056961259e+00 -1.34939302836102920091e-01 1.26084300754588340965e+02 1.07247869225348180233e-01
9.03911257029014647557e-01 7.45167291117188490546e+00 -1.34531160338716121450e-01 1.26068434526274941732e+02 1.07255659215091531111e-01
9.04961762745422060306e-01 7.46291395664949952504e+00 -1.34120747614353608146e-01 1.26052540018099634267e+02 1.07259442040893313020e-01
9.06006107305140861996e-01 7.47417641968971047106e+00 -1.33708058694179121595e-01 1.26036617480051859275e+02 1.07259187224525529003e-01
9.07044283598068878938e-01 7.48546019738258205933e+00 -1.33293087767074297512e-01 1.26020667166114080260e+02 1.07254864552670775568e-01
9.08076284556099455614e-01 7.49676514913534752793e+00 -1.32875792872452741511e-01 1.26004686846006379142e+02 1.07249119375739762616e-01
9.09102103153167639960e-01 7.50809122638065318256e+00 -1.32456236711550906504e-01 1.25988681441897114155e+02 1.07236906195957520938e-01
9.10121732405300032376e-01 7.51943828372871259091e+00 -1.32034381646586734815e-01 1.25972649028237228208e+02 1.07220573423205622898e-01
9.11135165370661193052e-01 7.53080620087054253275e+00 -1.31610222527259762559e-01 1.25956589879710051605e+02 1.07200095435305647884e-01
9.12142395149601159510e-01 7.54219485291855562537e+00 -1.31183754416157732914e-01 1.25940504282976633021e+02 1.07175445664310753369e-01
9.13143414884702742107e-01 7.55360411020685251771e+00 -1.30754972579836981073e-01 1.25924392531958659447e+02 1.07146597860336034724e-01
9.14138217760827709313e-01 7.56503383810015161970e+00 -1.30323872487545039389e-01 1.25908254924025555965e+02 1.07113526825492633154e-01
9.15126797005163528098e-01 7.57648389694173740594e+00 -1.29890449836811611162e-01 1.25892091766911377704e+02 1.07076207207149637357e-01
9.16109145887269216146e-01 7.58795414182632566025e+00 -1.29454700548245121849e-01 1.25875903372873196417e+02 1.07034614563885827065e-01
9.17085257719121638154e-01 7.59944442253270491250e+00 -1.29016620790064595603e-01 1.25859690065195181319e+02 1.06988724278211780327e-01
9.18055125855160469861e-01 7.61095458328498519762e+00 -1.28576206973938067524e-01 1.25843452172171055281e+02 1.06938512598580892643e-01
9.19018743692333606177e-01 7.62248446266394985571e+00 -1.28133455776582416696e-01 1.25827190032779981266e+02 1.06883955817766954088e-01
9.19976104670142347253e-01 7.63403389338529958508e+00 -1.27688364139736248992e-01 1.25810903992707736165e+02 1.06825031071391823856e-01
9.20927202270686140473e-01 7.64560274354108138084e+00 -1.27240971620716070145e-01 1.25794597578236647450e+02 1.06758499790454652878e-01
9.21872030018706323240e-01 7.65719075619034406088e+00 -1.26791196201729849946e-01 1.25778265226273987309e+02 1.06690373142861810729e-01
9.22810581481630642919e-01 7.66879778225459762808e+00 -1.26339073512736072002e-01 1.25761910121440806165e+02 1.06617764060906117241e-01
9.23742850269617443715e-01 7.68042362923854060597e+00 -1.25884601721028832610e-01 1.25745532640591889617e+02 1.06540648841845206340e-01
9.24668830035598299233e-01 7.69206809811990233072e+00 -1.25427779372506403854e-01 1.25729133187960542273e+02 1.06459000541568440945e-01
9.25588514475321866293e-01 7.70373098285115975870e+00 -1.24968605354204106983e-01 1.25712712172683154677e+02 1.06372792745773284140e-01
9.26501897327396517490e-01 7.71541207007908891313e+00 -1.24507078871381293705e-01 1.25696270003370329960e+02 1.06282002384668020079e-01
9.27408972373333306827e-01 7.72711113929332693573e+00 -1.24043199559054656556e-01 1.25679807116514680843e+02 1.06186602333435881063e-01
9.28309733437587714100e-01 7.73882796226445979215e+00 -1.23576967410839497208e-01 1.25663323950482876512e+02 1.06086567925573360682e-01
9.29204174387602388485e-01 7.75056230292062142695e+00 -1.23108382824261064492e-01 1.25646820953969566403e+02 1.05981874666341346902e-01
9.30092289133848337812e-01 7.76231391715142304832e+00 -1.22637446620728313151e-01 1.25630298589486670835e+02 1.05872497914842225719e-01
9.30974071629866561928e-01 7.77408255258267910648e+00 -1.22164160069061514258e-01 1.25613757335241771784e+02 1.05758412317984454298e-01
9.31849515872309464015e-01 7.78586794822504835167e+00 -1.21688524881459883553e-01 1.25597197677746905242e+02 1.05639593410817855812e-01
9.32718615900981373734e-01 7.79766978354502082738e+00 -1.21210494553809264295e-01 1.25580616088225781368e+02 1.05519847756861698262e-01
9.33581365798879514450e-01 7.80948787458490834013e+00 -1.20730163320428365847e-01 1.25564020606268982760e+02 1.05391959046549507639e-01
9.34437759692233416153e-01 7.82132188808085970777e+00 -1.20247490821368041569e-01 1.25547408194993394659e+02 1.05259319827137126646e-01
9.35287791750546215752e-01 7.83317152595833743334e+00 -1.19762480682220395778e-01 1.25530779382831326529e+02 1.05121913103572842130e-01
9.36131456186633403860e-01 7.84503648028294353622e+00 -1.19275137087870353181e-01 1.25514134720304951998e+02 1.04979721174896886704e-01
9.36968747256662348732e-01 7.85691643271757289568e+00 -1.18785464814901389752e-01 1.25497474762883726385e+02 1.04832728646051601129e-01
9.37799659260191820209e-01 7.86881105449678130981e+00 -1.18293469097604159179e-01 1.25480800090183606699e+02 1.04680919019016674398e-01
9.38624186540210181384e-01 7.88072000574216247060e+00 -1.17799155891281689956e-01 1.25464111284873609975e+02 1.04524279105256676092e-01
9.39442323483174468457e-01 7.89264293554603035830e+00 -1.17302531778687407771e-01 1.25447408962669172183e+02 1.04362792751561087035e-01
9.40254064519048693427e-01 7.90457948102332341733e+00 -1.16803603915627982057e-01 1.25430693725773409142e+02 1.04196450908737553442e-01
9.41059404121340592475e-01 7.91652926763726760839e+00 -1.16302380204857808144e-01 1.25413966219214060516e+02 1.04025239867309618469e-01
9.41858336807141038882e-01 7.92849190837284556466e+00 -1.15798869223052713906e-01 1.25397227094939921699e+02 1.03849149092679227113e-01
9.42650857137159903232e-01 7.94046700340456190759e+00 -1.15293080266300917991e-01 1.25380477016908713495e+02 1.03668169761887529745e-01
9.43436959715763689971e-01 7.95245420108367362388e+00 -1.14785078175033361525e-01 1.25363721739369069041e+02 1.03477806836932029189e-01
9.44216639191012285792e-01 7.96445296011739856112e+00 -1.14274770585149329505e-01 1.25346952489881985571e+02 1.03286489444793516679e-01
9.44989890254695485972e-01 7.97646289428510435471e+00 -1.13762218237748277683e-01 1.25330174466278663203e+02 1.03090203793785958886e-01
9.45756707642368521505e-01 7.98848354895872869719e+00 -1.13247433746821279943e-01 1.25313388437362959849e+02 1.02888935062352845917e-01
9.46517086133388918512e-01 8.00051445421029860938e+00 -1.12730430532236261532e-01 1.25296595159516940043e+02 1.02682675198915857040e-01
9.47271020550951026173e-01 8.01255512492778798617e+00 -1.12211222955458239658e-01 1.25279795426540630388e+02 1.02471414691749640458e-01
9.48018505762121987956e-01 8.02460506016632812987e+00 -1.11689826340152967288e-01 1.25262990057602465299e+02 1.02255143636276066288e-01
9.48759536677876158528e-01 8.03666374231559821339e+00 -1.11166256932729148876e-01 1.25246179870852017757e+02 1.02033857925012544365e-01
9.49494108253130075781e-01 8.04873063717976755527e+00 -1.10640532075934494571e-01 1.25229365735339271737e+02 1.01807548035140152387e-01
9.50222215486776988769e-01 8.06080519276940599127e+00 -1.10112670093439238284e-01 1.25212548516033507440e+02 1.01576211706923394407e-01
9.50943853421720053376e-01 8.07288683935746398390e+00 -1.09582690473580088297e-01 1.25195729127224836930e+02 1.01339842051072825946e-01
9.51659017144907415364e-01 8.08497498851201257253e+00 -1.09050613821399272618e-01 1.25178908501080798032e+02 1.01098434920890600797e-01
9.52367701787364628885e-01 8.09706903232951091809e+00 -1.08516461870416469626e-01 1.25162087574518309907e+02 1.00851991536773405445e-01
9.53069902524227741125e-01 8.10916827111531723915e+00 -1.07980197888157297692e-01 1.25145261077556668283e+02 1.00605632157455243680e-01
9.53765614574776932066e-01 8.12127219259038568566e+00 -1.07441959010562318455e-01 1.25128441756474515500e+02 1.00349701023929149812e-01
9.54454833202468377884e-01 8.13338006298386950732e+00 -1.06901717015344274730e-01 1.25111625075832989751e+02 1.00088796294040049961e-01
9.55137553714966891505e-01 8.14549119094838758315e+00 -1.06359498769660332229e-01 1.25094812078833101054e+02 9.98229282716771582074e-02
9.55813771464177897030e-01 8.15760486280006347215e+00 -1.05815332589133309638e-01 1.25078003860500189148e+02 9.95521059093925769767e-02
9.56483481846278404959e-01 8.16972034130032120913e+00 -1.05269248220166491969e-01 1.25061201527254254984e+02 9.92763427481341137470e-02
9.57146680301749208652e-01 8.18183686535080845204e+00 -1.04721277022761502518e-01 1.25044406237042608154e+02 9.89956502269650762127e-02
9.57803362315405748539e-01 8.19395364834299400059e+00 -1.04171451658073524471e-01 1.25027619130571963524e+02 9.87100526681086581915e-02
9.58453523416427977111e-01 8.20606987874808169181e+00 -1.03619806742248854459e-01 1.25010841448612268323e+02 9.84195609985339947556e-02
9.59097159178392222323e-01 8.21818471782851389662e+00 -1.03066378381231116279e-01 1.24994074411316475448e+02 9.81242016559370766604e-02
9.59734265219300386462e-01 8.23029729989934821788e+00 -1.02511204558007551491e-01 1.24977319319265731679e+02 9.78239925651469971468e-02
9.60364837201609811146e-01 8.24240673031182957686e+00 -1.01954324945804822300e-01 1.24960577455442390260e+02 9.75189651149769715088e-02
9.60988870832263142319e-01 8.25451208577916695219e+00 -1.01395781226432335487e-01 1.24943850199867711126e+02 9.72091422877954941528e-02
9.61606361862717418099e-01 8.26661249417132104611e+00 -1.00835679307185302478e-01 1.24927146410911689145e+02 9.68889238104883587788e-02
9.62217306088972823552e-01 8.27870681570194477672e+00 -1.00273946652045919947e-01 1.24910453427163915308e+02 9.65689881849838005490e-02
9.62821699351601556494e-01 8.29079410657659288120e+00 -9.97106873731536114125e-02 1.24893779421170947330e+02 9.62442959666985620171e-02
9.63419537535776138171e-01 8.30287331587043375691e+00 -9.91459513825519306307e-02 1.24877125898508069213e+02 9.59148813782657871929e-02
9.64010816571297390887e-01 8.31494335844888077247e+00 -9.85797908756698287869e-02 1.24860494432922436658e+02 9.55807787700273525644e-02
9.64595532432621638463e-01 8.32700311353585931329e+00 -9.80122603885251880707e-02 1.24843886640787815168e+02 9.52420247510062795149e-02
9.65173681138889238973e-01 8.33905142327600401586e+00 -9.74434168135309836112e-02 1.24827304157597495760e+02 9.48986645074208212680e-02
9.65745258753950674979e-01 8.35108709196958542975e+00 -9.68733195909461247686e-02 1.24810748680470211980e+02 9.45507424247279404383e-02
9.66310261386393642979e-01 8.36310888480755920682e+00 -9.63020307560848304318e-02 1.24794221968079398266e+02 9.41983060770645863613e-02
9.66868685189569476712e-01 8.37511552673732140306e+00 -9.57296151294418778965e-02 1.24777725856593050935e+02 9.38413971360198689853e-02
9.67420526361620347622e-01 8.38710569991494914177e+00 -9.51561400860987949279e-02 1.24761262144828577902e+02 9.34800816282852775618e-02
9.67965781145503245675e-01 8.39907804425955362149e+00 -9.45816760972706532806e-02 1.24744832777023802350e+02 9.31144091197019102557e-02
9.68504445829016735736e-01 8.41103115485434571497e+00 -9.40062965625904772837e-02 1.24728439730997564538e+02 9.27444375342739713020e-02
9.69036516744826603720e-01 8.42296358041208037548e+00 -9.34300779080415033651e-02 1.24712085006131502496e+02 9.23702369569952275175e-02
9.69561990270489948429e-01 8.43487372416498182304e+00 -9.28530323615742170240e-02 1.24695761120358696417e+02 9.19983628632406597037e-02
9.70080862828479939530e-01 8.44676022422251193689e+00 -9.22753710548113031953e-02 1.24679488265810007874e+02 9.16165794782734799195e-02
9.70593130886211241659e-01 8.45862139405619473109e+00 -9.16971190503956673501e-02 1.24663260076662609777e+02 9.12308393120437183255e-02
9.71098790956062218882e-01 8.47045558310438906346e+00 -9.11183661751088364023e-02 1.24647078800829888223e+02 9.08412298480190810723e-02
9.71597839595400469825e-01 8.48226108746493778767e+00 -9.05392059752298666853e-02 1.24630946796876926896e+02 9.04478361748967396583e-02
9.72090273406605143158e-01 8.49403614675676266188e+00 -8.99597356107275369919e-02 1.24614866390007691166e+02 9.00507627215080125316e-02
9.72576089037090585343e-01 8.50577894488130858974e+00 -8.93800563564043221154e-02 1.24598840117857690757e+02 8.96500974172855652489e-02
9.73055283179328878163e-01 8.51748760610681721062e+00 -8.88002733735704374851e-02 1.24582870516215095336e+02 8.92459457497907088230e-02
9.73527852570872820337e-01 8.52916019411453341093e+00 -8.82204960046334557555e-02 1.24566960201152070908e+02 8.88384149696283265119e-02
9.73993793994377243806e-01 8.54079470936850171370e+00 -8.76408377199580784778e-02 1.24551111786050384467e+02 8.84276324474425751143e-02
9.74453104277621995344e-01 8.55238909011277215200e+00 -8.70614167482118422869e-02 1.24535328170056587282e+02 8.80136971036252352407e-02
9.74905780293532697733e-01 8.56394120657171242783e+00 -8.64823555391997372821e-02 1.24519612138824157910e+02 8.75967455022999830216e-02
9.75351818960202621156e-01 8.57544886158086505645e+00 -8.59037813387826393319e-02 1.24503966619783227543e+02 8.71769091593384559680e-02
9.75791217240913111297e-01 8.58690978845459262914e+00 -8.53258262491676938710e-02 1.24488394659974645151e+02 8.67543224590223288617e-02
9.76223972144155016650e-01 8.59832164855428970895e+00 -8.47486273286003066740e-02 1.24472899373124519684e+02 8.63291266624548747632e-02
9.76650080723648006398e-01 8.60968214706842793760e+00 -8.41723985133648183732e-02 1.24457496354005769490e+02 8.58939979721480978414e-02
9.77069540078361775670e-01 8.62098857205058521913e+00 -8.35971498072484026087e-02 1.24442165336381123097e+02 8.54633495490838140940e-02
9.77482347352534808316e-01 8.63223846578574338650e+00 -8.30231000612162567398e-02 1.24426920992075267236e+02 8.50305041064454980582e-02
9.77888499735694360915e-01 8.64342918352241973423e+00 -8.24504075918153500613e-02 1.24411766807747625307e+02 8.45956278600611816243e-02
9.78287994462675891683e-01 8.65455799923146251729e+00 -8.18792363745705770173e-02 1.24396706346252614139e+02 8.41588981535972141534e-02
9.78680828813640935060e-01 8.66562210451358438945e+00 -8.13097562942622920090e-02 1.24381743348856076636e+02 8.37204882395710808796e-02
9.79067000114096308572e-01 8.67661860550491681465e+00 -8.07421431103661907391e-02 1.24366881593432523800e+02 8.32805858524841707835e-02
9.79446505734912542529e-01 8.68754452160288082041e+00 -8.01765785760627791579e-02 1.24352124946278479456e+02 8.28393954356670958461e-02
9.79819343092340866441e-01 8.69839678486365031063e+00 -7.96132508692570795006e-02 1.24337477482761940450e+02 8.23971060787725556596e-02
9.80185509648031860763e-01 8.70917223640035942367e+00 -7.90523542883734831044e-02 1.24322943271280692557e+02 8.19539371161602109295e-02
9.80545002909051777173e-01 8.71986762629754252885e+00 -7.84940896469996096663e-02 1.24308526531109734492e+02 8.15101091366107616265e-02
9.80897820427900302143e-01 8.73047961243352865779e+00 -7.79386644485395990722e-02 1.24294231661304820591e+02 8.10658370051103582821e-02
9.81243959802526766190e-01 8.74100475759931327957e+00 -7.73862926607525453138e-02 1.24280063064371844916e+02 8.06213655311673466075e-02
9.81583418676346575182e-01 8.75143952974540617618e+00 -7.68371950838443590337e-02 1.24266025301978174866e+02 8.01769400823254541066e-02
9.81916194738257197550e-01 8.76178030194787460516e+00 -7.62915996026762022186e-02 1.24252123205367766445e+02 7.97327877939148221831e-02
9.82242285722654373536e-01 8.77202334707983233386e+00 -7.57497404749259972689e-02 1.24238361360848927006e+02 7.92892034184535937635e-02
9.82561689409446659127e-01 8.78216471360632944254e+00 -7.52117895498142924327e-02 1.24224729801057222289e+02 7.88544022807609323866e-02
9.82874403624071413255e-01 8.79220073021740233798e+00 -7.46781301418245613277e-02 1.24211262323515711614e+02 7.84133472317830870768e-02
9.83180426237509119680e-01 8.80212725761199799024e+00 -7.41489526412659749610e-02 1.24197950229639857866e+02 7.79737127927997569765e-02
9.83479755166297819891e-01 8.81194017897950665485e+00 -7.36245196606429008757e-02 1.24184798793547997775e+02 7.75357980342413488639e-02
9.83772388372547657021e-01 8.82163528070558555783e+00 -7.31051008676700253552e-02 1.24171813457993962970e+02 7.70999019688443226750e-02
9.84058323863954753641e-01 8.83120825121842401018e+00 -7.25909728214464144980e-02 1.24158999618384640939e+02 7.66663425022992978120e-02
9.84337559693814090345e-01 8.84065468562596379343e+00 -7.20824190852706464527e-02 1.24146363019087104362e+02 7.62354359268503783964e-02
9.84610093961033494558e-01 8.84997008398928208806e+00 -7.15797299782846424554e-02 1.24133909354774232270e+02 7.58075123472772977040e-02
9.84875924810146630151e-01 8.85914985465767479411e+00 -7.10832024247056853961e-02 1.24121644415462483835e+02 7.53829194629320881171e-02
9.85135050431324765796e-01 8.86818931802854493185e+00 -7.05931400618563659188e-02 1.24109574230248028925e+02 7.49619909372281900684e-02
9.85387469060390319697e-01 8.87708370701710336448e+00 -7.01098526023930523898e-02 1.24097704750400581020e+02 7.45450976757633526626e-02
9.85633178978827628747e-01 8.88582817373478306422e+00 -6.96336561308856238917e-02 1.24086042217981912472e+02 7.41325854896034003305e-02
9.85872178513795716093e-01 8.89441779155315259686e+00 -6.91648723259702807864e-02 1.24074592903822548351e+02 7.37248345745404043416e-02
9.86104466038138838258e-01 8.90284755885919842910e+00 -6.87038285600230502759e-02 1.24063362970791345674e+02 7.33222073857066197755e-02
9.86330039970398142479e-01 8.91111240830335127328e+00 -6.82508571124818830267e-02 1.24052358937695601071e+02 7.29251035307354605886e-02
9.86548898774822102808e-01 8.91920720957350887659e+00 -6.78062951635143712492e-02 1.24041587260249983160e+02 7.25339070588516265925e-02
9.86761040961377400293e-01 8.92712677800333587186e+00 -6.73704842246609231227e-02 1.24031054545930714994e+02 7.21490008017292988596e-02
9.86966465085758248854e-01 8.93486588040006957101e+00 -6.69437693332723682271e-02 1.24020767325536922954e+02 7.17707982135310645910e-02
9.87165169749397164445e-01 8.94241924402445143016e+00 -6.65264989125312899976e-02 1.24010732145807168081e+02 7.13997055492052445924e-02
9.87357153599473957861e-01 8.94978156822764425726e+00 -6.61190240732128509116e-02 1.24000955865877060091e+02 7.10361106577448858657e-02
9.87542415328925060614e-01 8.95694752917231618028e+00 -6.57216975456682006573e-02 1.23991445011599935810e+02 7.06804445757527738392e-02
9.87720953676452295689e-01 8.96391194122501389074e+00 -6.53349403843111325996e-02 1.23982225366814390100e+02 7.03245472467829702001e-02
9.87892767426531648312e-01 8.97066918882821617842e+00 -6.49589763556486371465e-02 1.23973266675127902658e+02 6.99855308809265719283e-02
9.88057855409421592618e-01 8.97721409382248936026e+00 -6.45942235298499062290e-02 1.23964593594677950250e+02 6.96556604754651614853e-02
9.88216216501170752196e-01 8.98354136533860092584e+00 -6.42410347241714613231e-02 1.23956212721002046351e+02 6.93353493447949331685e-02
9.88367849623625893685e-01 8.98964575265914511704e+00 -6.38997605243950411724e-02 1.23948130601023507324e+02 6.90250098253132188253e-02
9.88512753744439143233e-01 8.99552206064458559354e+00 -6.35707483602640233133e-02 1.23940353872714908334e+02 6.87250455955066980041e-02
9.88650927877074869876e-01 9.00116516051705950474e+00 -6.32543413514369406991e-02 1.23932888705646078620e+02 6.84358642804168137985e-02
9.88782371080816346876e-01 9.00657001139714452620e+00 -6.29508774211255811570e-02 1.23925741591777452300e+02 6.81578573168099832724e-02
9.88907082460772635102e-01 9.01173167172699152161e+00 -6.26606880715768199686e-02 1.23918918729882093999e+02 6.78914115242259808003e-02
9.89025061167884578239e-01 9.01664531445618777639e+00 -6.23840971467032462394e-02 1.23912425847360708531e+02 6.76369214463025808515e-02
9.89136306398929687766e-01 9.02130625123819740452e+00 -6.21214201101461319099e-02 1.23906269196672781163e+02 6.73947360999407885096e-02
9.89240817396528693273e-01 9.02570993919705877317e+00 -6.18729622627753259034e-02 1.23900454175311836025e+02 6.71652322814500629677e-02
9.89338593449150427439e-01 9.02985200503515272885e+00 -6.16390180464176928865e-02 1.23894986269000625612e+02 6.69487543537663903903e-02
9.89429633891116377953e-01 9.03372826047971422270e+00 -6.14198697910101829023e-02 1.23889870833350613566e+02 6.67456220473378464275e-02
9.89513938102605350444e-01 9.03733471631058904450e+00 -6.12157862843885416937e-02 1.23885112698371727902e+02 6.65561631936761044503e-02
9.89591505509657798356e-01 9.04066760232089272620e+00 -6.10270219160373161849e-02 1.23880716623947321864e+02 6.63806759899363829636e-02
9.89662335584179708725e-01 9.04372338144280440986e+00 -6.08538154982027554296e-02 1.23876687019560790759e+02 6.62194348452860709342e-02
9.89726427843945932850e-01 9.04649876464225144446e+00 -6.06963889442153625708e-02 1.23873027847299781001e+02 6.60727227917580345329e-02
9.89783781852604072071e-01 9.04899072870019161030e+00 -6.05549467755751649745e-02 1.23869743026215488158e+02 6.59407596146180940977e-02
9.89834397219676587198e-01 9.05119652704325083903e+00 -6.04296747168964615282e-02 1.23866835999404656832e+02 6.58237590496956320729e-02
9.89878273600564240198e-01 9.05311370251337699244e+00 -6.03207387220529786531e-02 1.23864309705770054393e+02 6.57219335637963392172e-02
9.89915410696548092595e-01 9.05474010036818022229e+00 -6.02282845129043162280e-02 1.23862166757181242360e+02 6.56354677737972930229e-02
9.89945808254791503877e-01 9.05607387975747180064e+00 -6.01524368537005721391e-02 1.23860409561354913421e+02 6.55644854862272169482e-02
9.89969466068341796827e-01 9.05711352102431277444e+00 -6.00932986669345248210e-02 1.23859040081248124920e+02 6.55091050550185433066e-02
