00000000000000000000 4.37329591560950081686e+00 -5.76080075697755988884e-01 00000000000000000130 9.35410807385659262576e-23
2.58315720529896097890e-03 4.37444051728434413207e+00 -5.76078418062932029464e-01 1.29998958823081977698e+02 1.39011876693806066783e-04
5.16629682395841009074e-03 4.37558958160835853590e+00 -5.76076190123364861861e-01 1.29997889252777071079e+02 2.85484982729233621387e-04
7.74940126945856955221e-03 4.37674311227492296439e+00 -5.76073390264192797261e-01 1.29996791250872718138e+02 4.39422763022340428628e-04
1.03324529555191297475e-02 4.37790111295034289896e+00 -5.76070016860560918381e-01 1.29995664779564236824e+02 6.00828436071579427731e-04
1.29154342962189676997e-02 4.37906358727260069941e+00 -5.76066068275526754761e-01 1.29994509801388346659e+02 7.69705114016209753294e-04
1.54983277061159028382e-02 4.38023053885372437577e+00 -5.76061542864438114186e-01 1.29993326279371416376e+02 9.46055540622400045064e-04
1.80811156003663868475e-02 4.38140197127698360902e+00 -5.76056438970034445646e-01 1.29992114176871609743e+02 1.12988237722357813368e-03
2.06637803948452533631e-02 4.38257788809800263863e+00 -5.76050754924512631305e-01 1.29990873457653151490e+02 1.32118807725076074268e-03
2.32463045062654173611e-02 4.38375829284706952649e+00 -5.76044489056002917415e-01 1.29989604086030766439e+02 1.51997450050075184544e-03
2.58286703522975918945e-02 4.38494318902164703644e+00 -5.76037639669450318713e-01 1.29988306026435850526e+02 1.72624403841705690438e-03
2.84108603516900135033e-02 4.38613258009481921107e+00 -5.76030205068797762635e-01 1.29986979243924224647e+02 1.93999830112810646085e-03
3.09928569243880722150e-02 4.38732646951050409001e+00 -5.76022183544924404330e-01 1.29985623703901950421e+02 2.16123882602284236171e-03
3.35746424916540803229e-02 4.38852486068436764555e+00 -5.76013573378368892719e-01 1.29984239372188085326e+02 2.38996691378428900016e-03
3.61561994761869162640e-02 4.38972775700374473473e+00 -5.76004372839595601974e-01 1.29982826215019343863e+02 2.62618360922140664515e-03
3.87375103022416650278e-02 4.39093516182181087260e+00 -5.75994580163551317398e-01 1.29981384198713868727e+02 2.86989119975510163091e-03
4.13185573957493418318e-02 4.39214707847542307206e+00 -5.75984193629187180008e-01 1.29979913290736789122e+02 3.12108851805277965480e-03
4.38993231844364839578e-02 4.39336351026236737738e+00 -5.75973211459604450546e-01 1.29978413458363036170e+02 3.37977683293557784952e-03
4.64797900979448119774e-02 4.39458446045426320836e+00 -5.75961631879339019946e-01 1.29976884669450441834e+02 3.64595646466879400385e-03
4.90599405679508632216e-02 4.39580993229351335572e+00 -5.75949453101536557043e-01 1.29975326892269123391e+02 3.91962753873863981730e-03
5.16397570282855211676e-02 4.39703992899314854981e+00 -5.75936673327728243521e-01 1.29973740095502023451e+02 4.20078999557350896144e-03
5.42192219150537807471e-02 4.39827445373668357576e+00 -5.75923290747541560819e-01 1.29972124248246586831e+02 4.48944360451893672431e-03
5.67983176667541181382e-02 4.39951350968193377611e+00 -5.75909303591437216063e-01 1.29970479320251570243e+02 4.78558484765689504115e-03
5.93770267243982005634e-02 4.40075709994728381247e+00 -5.75894709953274963610e-01 1.29968805281111173144e+02 5.08921738987033484697e-03
6.19553315316303740423e-02 4.40200522762942902943e+00 -5.75879508022300590220e-01 1.29967102101330254982e+02 5.40033838218855182650e-03
6.45332145348472135948e-02 4.40325789579253257244e+00 -5.75863695945472930937e-01 1.29965369751690417388e+02 5.71894658476538274294e-03
6.71106581833170040552e-02 4.40451510747047958461e+00 -5.75847271858571319036e-01 1.29963608203394585416e+02 6.04504052765206158909e-03
6.96876449292992278250e-02 4.40577686566670934099e+00 -5.75830233886248210595e-01 1.29961817428068087565e+02 6.37861850447706858758e-03
7.22641572281641081377e-02 4.40704317335402606659e+00 -5.75812580142114893711e-01 1.29959997397758513671e+02 6.71967856404087453270e-03
7.48401775385119094608e-02 4.40831403347444439333e+00 -5.75794308728888371007e-01 1.29958148084937676003e+02 7.06821849855977357019e-03
7.74156883222925085164e-02 4.40958944893895132822e+00 -5.75775417738581318794e-01 1.29956269462498823941e+02 7.42423582928755741023e-03
7.99906720449247571336e-02 4.41086942262734815756e+00 -5.75755905252797961502e-01 1.29954361503758917706e+02 7.78772778572375205114e-03
8.25651111754157757128e-02 4.41215395740313809370e+00 -5.75735769142110553886e-01 1.29952424183341861408e+02 8.15870314321392488266e-03
8.51389881864804548561e-02 4.41344305606067965897e+00 -5.75715007773843101546e-01 1.29950457474095770749e+02 8.53714044665882659801e-03
8.77122855546606100541e-02 4.41473672139571338136e+00 -5.75693619055291594400e-01 1.29948461351234129779e+02 8.92304447643458946426e-03
9.02849857604444694381e-02 4.41603495616240682153e+00 -5.75671601015758760411e-01 1.29946435789833088847e+02 9.31641189340215100656e-03
9.28570712883857868336e-02 4.41733776308301706592e+00 -5.75648951672328657025e-01 1.29944380765409050582e+02 9.71723915793013676145e-03
9.54285246272232184905e-02 4.41864514484770420921e+00 -5.75625669029699471579e-01 1.29942296253920261506e+02 1.01255225365165721363e-02
9.79993282699994638918e-02 4.41995710411439102216e+00 -5.75601751079996337701e-01 1.29940182231770876342e+02 1.05412581098525137691e-02
1.00569464714180475950e-01 4.42127364350863150122e+00 -5.75577195802540186875e-01 1.29938038675815903389e+02 1.09644417833030440729e-02
1.03138916461774601818e-01 4.42259476562342701556e+00 -5.75552001163551318896e-01 1.29935865563363449837e+02 1.13950693012715154051e-02
1.05707666019451862471e-01 4.42392047301917212820e+00 -5.75526165115817223139e-01 1.29933662872184356729e+02 1.18331362638992403091e-02
1.08275695898662718819e-01 4.42525076813813544874e+00 -5.75499685974165564595e-01 1.29931430575493379820e+02 1.22786159694697576128e-02
1.10842988615757503945e-01 4.42658565361150824202e+00 -5.75472561057590259459e-01 1.29929168660029432658e+02 1.27315395323184810117e-02
1.13409526692105272483e-01 4.42792513183758629225e+00 -5.75444788556967345983e-01 1.29926877101249090174e+02 1.31918856749005854873e-02
1.15975292654212733257e-01 4.42926920524120681932e+00 -5.75416366382531685453e-01 1.29924555878605644921e+02 1.36596487300960200278e-02
1.18540269033843417845e-01 4.43061787621307434648e+00 -5.75387292432488872684e-01 1.29922204971992869105e+02 1.41348227884949915328e-02
1.21104438368136405058e-01 4.43197114710952888572e+00 -5.75357564593091730387e-01 1.29919824361745355645e+02 1.46174016909851826190e-02
1.23667783199725281329e-01 4.43332902025226349707e+00 -5.75327180738680499239e-01 1.29917414028636216017e+02 1.51073790232255488614e-02
1.26230286076857156630e-01 4.43469149792806494048e+00 -5.75296138731820172474e-01 1.29914973953875914958e+02 1.56047481048402630899e-02
1.28791929553511097506e-01 4.43605858238843797636e+00 -5.75264436423398528575e-01 1.29912504119104852407e+02 1.61095019805508367361e-02
1.31352696189517337277e-01 4.43743027584944105257e+00 -5.75232071652880816437e-01 1.29910004506398394142e+02 1.66216334022287297312e-02
1.33912568550675792345e-01 4.43880658049112764019e+00 -5.75199042248469627481e-01 1.29907475098248937684e+02 1.71411348165511796815e-02
1.36471529208874592376e-01 4.44018749845740323678e+00 -5.75165346027504464921e-01 1.29904915877572364025e+02 1.76679983386858890926e-02
1.39029560742209123969e-01 4.44157303185536100898e+00 -5.75130980796765833851e-01 1.29902326827684447608e+02 1.82022157313028939973e-02
1.41586645735100435939e-01 4.44296318319811955888e+00 -5.75095943226520134317e-01 1.29899707958384766471e+02 1.87438448061503781794e-02
1.44142766778413616846e-01 4.44435795377484410551e+00 -5.75060233001453369184e-01 1.29897059210018312569e+02 1.92927646115000142601e-02
1.46697906469576699884e-01 4.44575734592234983467e+00 -5.75023847025842749225e-01 1.29894380587218392975e+02 1.98490171953558183771e-02
1.49252047412698846118e-01 4.44716136160749453410e+00 -5.74986783042847893199e-01 1.29891672075468505909e+02 2.04125941424128688750e-02
1.51805172218688999575e-01 4.44857000276048619725e+00 -5.74949038782213928123e-01 1.29888933660740434561e+02 2.09834868392102004420e-02
1.54357263505374042722e-01 4.44998327127469028852e+00 -5.74910611960069539705e-01 1.29886165329499334575e+02 2.15616864828943044508e-02
1.56908303897617312783e-01 4.45140116900630467001e+00 -5.74871500278676839102e-01 1.29883367068700863456e+02 2.21471840933542135632e-02
1.59458276027436895994e-01 4.45282369777441466852e+00 -5.74831701426279040312e-01 1.29880538865811644200e+02 2.27399705191624057488e-02
1.62007162534123755337e-01 4.45425085936086695426e+00 -5.74791213076821239092e-01 1.29877680708818161293e+02 2.33400364515350747241e-02
1.64554946064359886027e-01 4.45568265550998887647e+00 -5.74750032889547735060e-01 1.29874792586227897573e+02 2.39473724451589875528e-02
1.67101609272336831813e-01 4.45711908792866218221e+00 -5.74708158508700828193e-01 1.29871874487090565253e+02 2.45619689332562500528e-02
1.69647134819873285361e-01 4.45856015828628393649e+00 -5.74665587563029656160e-01 1.29868926401013624172e+02 2.51838162536117786405e-02
1.72191505376533410265e-01 4.46000586821483135935e+00 -5.74622317665302251299e-01 1.29865948318183512811e+02 2.58129046748777971065e-02
1.74734703619744774494e-01 4.46145621803832970187e+00 -5.74578348614461775767e-01 1.29862940154612914512e+02 2.64490945978762305446e-02
1.77276712234916367095e-01 4.46291121150359781922e+00 -5.74533674182230336136e-01 1.29859902030569401177e+02 2.70926006628699964085e-02
1.79817513915556254078e-01 4.46437084912144754867e+00 -5.74488293684712658660e-01 1.29856833878708101793e+02 2.77433096888340009756e-02
1.82357091363389622884e-01 4.46583513235355233917e+00 -5.74442204698500158422e-01 1.29853735690500286637e+02 2.84012100064829943469e-02
1.84895427288476549288e-01 4.46730406262103763027e+00 -5.74395404787616747910e-01 1.29850607457904146713e+02 2.90662896631692264926e-02
1.87432504409329458994e-01 4.46877764130320986879e+00 -5.74347891503199980967e-01 1.29847449173308831405e+02 2.97385364388951002612e-02
1.89968305453031172103e-01 4.47025586973745703290e+00 -5.74299662383805586963e-01 1.29844260829547607727e+02 3.04179378259078585234e-02
1.92502813155352114904e-01 4.47173874921908787172e+00 -5.74250714955703678299e-01 1.29841042419908234251e+02 3.11044810086557182993e-02
1.95036010260868170052e-01 4.47322628100037356091e+00 -5.74201046732874642586e-01 1.29837793938095728663e+02 3.17981528616091899120e-02
1.97567879523077832848e-01 4.47471846629011782426e+00 -5.74150655217297245514e-01 1.29834515378227024485e+02 3.24989399296230149772e-02
2.00098403704520089175e-01 4.47621530625332653130e+00 -5.74099537899331102686e-01 1.29831206734831795302e+02 3.32068284032485533386e-02
2.02627565576891321975e-01 4.47771680201021116119e+00 -5.74047692258027431045e-01 1.29827868002813744397e+02 3.39218040976115020602e-02
2.05155347921162689584e-01 4.47922295463566388918e+00 -5.73995115761641416796e-01 1.29824499177440628728e+02 3.46438524201579736705e-02
2.07681733527697698349e-01 4.48073376515842447532e+00 -5.73941805867975052280e-01 1.29821100254315496159e+02 3.53729583479099815579e-02
2.10206705196368998090e-01 4.48224923456029245017e+00 -5.73887760025250215357e-01 1.29817671229351901729e+02 3.61091063737860942795e-02
2.12730245736675399604e-01 4.48376936779739221350e+00 -5.73832970611337311873e-01 1.29814212335257593622e+02 3.68525785306289058174e-02
2.15252337967859502799e-01 4.48529415867576730648e+00 -5.73777443982580015458e-01 1.29810723152170453432e+02 3.76028325863741255675e-02
2.17772964719024048064e-01 4.48682361130377405090e+00 -5.73721173433783038220e-01 1.29807203869206688296e+02 3.83600944819199041191e-02
2.20292108829248989288e-01 4.48835772650966102759e+00 -5.73664156328077323721e-01 1.29803654485742811175e+02 3.91243495011267539141e-02
2.22809753147708622389e-01 4.48989650507785942324e+00 -5.73606390013875255818e-01 1.29800075001756539450e+02 3.98955827341593849411e-02
2.25325880533787908933e-01 4.49143994774787724822e+00 -5.73547871824123589590e-01 1.29796465417784276042e+02 4.06737791190507416705e-02
2.27840473857199465879e-01 4.49298805521494681869e+00 -5.73488599076461769144e-01 1.29792825734981192909e+02 4.14589234301873804656e-02
2.30353515998100027984e-01 4.49454082812954069936e+00 -5.73428569072639060522e-01 1.29789155955115973029e+02 4.22510003104733591894e-02
2.32864989847207326523e-01 4.49609826709766569053e+00 -5.73367779098410967897e-01 1.29785456080610742902e+02 4.30499942748257188874e-02
2.35374878305916024335e-01 4.49766037268051110942e+00 -5.73306226423012654791e-01 1.29781726114543459971e+02 4.38558897393151597699e-02
2.37883164286414594546e-01 4.49922714539490531394e+00 -5.73243908298784576871e-01 1.29777966060698531692e+02 4.46686710407653633781e-02
2.40389830711801560925e-01 4.50079858571292934499e+00 -5.73180821960327047115e-01 1.29774175923567270274e+02 4.54883224842406175270e-02
2.42894860516201405165e-01 4.50237469406309820386e+00 -5.73116964624602598377e-01 1.29770355708441485376e+02 4.63148283351077771908e-02
2.45398236644881417856e-01 4.50395547082952418805e+00 -5.73052333489313836523e-01 1.29766505421388103514e+02 4.71481729119951134543e-02
2.47899942054367217192e-01 4.50554091635346054545e+00 -5.72986925732931862143e-01 1.29762625069364673891e+02 4.79883405831302706224e-02
2.50399959712559072589e-01 4.50713103093343292471e+00 -5.72920738513331473385e-01 1.29758714660250973338e+02 4.88353158444026769214e-02
2.52898272598847562165e-01 4.50872580330725192255e+00 -5.72853779769984861048e-01 1.29754773526378812676e+02 4.96884478622582406726e-02
2.55394863704230257184e-01 4.51032525427003250229e+00 -5.72786027281828036273e-01 1.29750802886487065280e+02 5.05488590171935328610e-02
2.57889716031426352583e-01 4.51192937444175079520e+00 -5.72717487119620560776e-01 1.29746802190399449728e+02 5.14160061898015982584e-02
2.60382812594993184874e-01 4.51353816386576500719e+00 -5.72648156430784371906e-01 1.29742771444997089247e+02 5.22898701416528721708e-02
2.62874136421441917388e-01 4.51515162253264978887e+00 -5.72578032349372989529e-01 1.29738710657621879818e+02 5.31704313279831447536e-02
2.65363670549352448358e-01 4.51676975037801309298e+00 -5.72507111996685136290e-01 1.29734619835974029911e+02 5.40576698596368157568e-02
2.67851398029489484731e-01 4.51839254728276262796e+00 -5.72435392481059013292e-01 1.29730498988154636208e+02 5.49515655134705169327e-02
2.70337301924917894347e-01 4.52002001307221590309e+00 -5.72362870899026821014e-01 1.29726348122640132488e+02 5.58520976629241494571e-02
2.72821365311117669528e-01 4.52165214751427679829e+00 -5.72289544334789290758e-01 1.29722167248202822520e+02 5.67592453068120478266e-02
2.75303571276099334764e-01 4.52328895031955191541e+00 -5.72215409861273283099e-01 1.29717956373944673487e+02 5.76729870058704727209e-02
2.77783902920519187862e-01 4.52493042113784582625e+00 -5.72140464539499737917e-01 1.29713715509119680291e+02 5.85933009180081287859e-02
2.80262343357794374565e-01 4.52657655956055648971e+00 -5.72064705421182706502e-01 1.29709444663302576828e+02 5.95201646442835435868e-02
2.82738875714217352542e-01 4.52822736511617041089e+00 -5.71988129547814749820e-01 1.29705143846152708420e+02 6.04535552809284670861e-02
2.85213483129071798672e-01 4.52988283726941176610e+00 -5.71910733951665251062e-01 1.29700813067392971334e+02 6.13934493593886049245e-02
2.87686148754746129352e-01 4.53154297541923156700e+00 -5.71832515656585438357e-01 1.29696452336720710719e+02 6.23398227973683966008e-02
2.90156855756849185735e-01 4.53320777889784665149e+00 -5.71753471680074842887e-01 1.29692061663781032621e+02 6.32926507764276502499e-02
2.92625587314324475674e-01 4.53487724696829719306e+00 -5.71673599033478474496e-01 1.29687641058052861354e+02 6.42519077290413936909e-02
2.95092326619564693235e-01 4.53655141004905892999e+00 -5.71592872867007439908e-01 1.29683192359977567776e+02 6.52188513824439874966e-02
2.97557056878526016153e-01 4.53823021080739064104e+00 -5.71511329748037422149e-01 1.29678712267733686758e+02 6.61911297654297903215e-02
3.00019761310842958402e-01 4.53991367459559835851e+00 -5.71428948225946031769e-01 1.29674202332746801858e+02 6.71697987558086406779e-02
3.02480423149941946015e-01 4.54160180055725071213e+00 -5.71345725177098029413e-01 1.29669662573331208932e+02 6.81548362475671298810e-02
3.04939025643155781076e-01 4.54329458778233252758e+00 -5.71261657461814675862e-01 1.29665093008698420363e+02 6.91462199585487491404e-02
3.07395552051837939178e-01 4.54499203530338036217e+00 -5.71176741922176600674e-01 1.29660493658760799462e+02 7.01439275575762716253e-02
3.09849985651476145243e-01 4.54669414210043676405e+00 -5.71090975382654297832e-01 1.29655864544453663711e+02 7.11479366268400331696e-02
3.12302309731806226889e-01 4.54840090709878541730e+00 -5.71004354650504142299e-01 1.29651205687634103469e+02 7.21582246370712082628e-02
3.14752507596926411892e-01 4.55011232916792796033e+00 -5.70916876512599369420e-01 1.29646517111052418159e+02 7.31747691321476684267e-02
3.17200562565410182359e-01 4.55182840712602843070e+00 -5.70828537737625318904e-01 1.29641798838645200931e+02 7.41975475997195543787e-02
3.19646457970420572181e-01 4.55354913973898600688e+00 -5.70739335075357678839e-01 1.29637050895512942361e+02 7.52265375120037965706e-02
3.22090177159823132236e-01 4.55527452571934521330e+00 -5.70649265252648141278e-01 1.29632273307888993941e+02 7.62617165602214736042e-02
3.24531703496299839262e-01 4.55700456372882811706e+00 -5.70558324975371178311e-01 1.29627466103320585944e+02 7.73030625393434783765e-02
3.26971020357461672479e-01 4.55873925238273436378e+00 -5.70466510928388070845e-01 1.29622629310960178373e+02 7.83505533495822414913e-02
3.29408111135962355931e-01 4.56047859024687340934e+00 -5.70373819771337053908e-01 1.29617762961418605983e+02 7.94041672417129251738e-02
3.31842959239611323685e-01 4.56222257584161550170e+00 -5.70280248139271583874e-01 1.29612867087036278235e+02 8.04638827788945465436e-02
3.34275548091486185420e-01 4.56397120764503139156e+00 -5.70185792640723221325e-01 1.29607941722100747484e+02 8.15296789494428797429e-02
3.36705861130046413265e-01 4.56572441415512564333e+00 -5.70090485622018250389e-01 1.29602982808954294569e+02 8.25994364727603153087e-02
3.39133881809245474326e-01 4.56748232127523756674e+00 -5.69994258347529592079e-01 1.29597997850481874593e+02 8.36769667942559025597e-02
3.41559593598643573831e-01 4.56924486772407600910e+00 -5.69897137894020744397e-01 1.29592983395949914893e+02 8.47604574283500611376e-02
3.43982979983520398282e-01 4.57101205150601064275e+00 -5.69799120908656142603e-01 1.29587939470007285081e+02 8.58498805827069000340e-02
3.46404024464987525533e-01 4.57278387054919832622e+00 -5.69700204027117185213e-01 1.29582866097448629716e+02 8.69452080068651017575e-02
3.48822710560100557320e-01 4.57456032270729462397e+00 -5.69600383871729398777e-01 1.29577763303351844115e+02 8.80464111018113282370e-02
3.51239021801971362802e-01 4.57634140575397641015e+00 -5.69499657052904395549e-01 1.29572631112794397268e+02 8.91534608350038892954e-02
3.53652941739880488647e-01 4.57812711738192845701e+00 -5.69398020169468166429e-01 1.29567469550832157665e+02 9.02663277209344167007e-02
3.56064453939388791959e-01 4.57991745520545467940e+00 -5.69295469810652488007e-01 1.29562278642690472452e+02 9.13849817047252960256e-02
3.58473541982449628307e-01 4.58171241674925777687e+00 -5.69192002552537767990e-01 1.29557058413145909981e+02 9.25093923695096825854e-02
3.60880189467520207103e-01 4.58351199945618503762e+00 -5.69087614965480770302e-01 1.29551808887019234362e+02 9.36395285026875717760e-02
3.63284380009673946166e-01 4.58531620067411349595e+00 -5.68982303606238137839e-01 1.29546530088446758100e+02 9.47753585558170075220e-02
3.65686097240711160961e-01 4.58712501765796343278e+00 -5.68876065025406219000e-01 1.29541222041039105761e+02 9.59168502100475189875e-02
3.68085324809271363655e-01 4.58893844757244906418e+00 -5.68768895770786708788e-01 1.29535884768082581786e+02 9.70639701795876774781e-02
3.70482046380943785824e-01 4.59075648747164422048e+00 -5.68660792376001644755e-01 1.29530518291384254326e+02 9.82166848770696654380e-02
3.72876245638379399949e-01 4.59257913431332287502e+00 -5.68551751377435965473e-01 1.29525122632153568247e+02 9.93749594240896788611e-02
3.75267906281401164570e-01 4.59440638493988995350e+00 -5.68441769305323418848e-01 1.29519697809928430843e+02 1.00538758171882319781e-01
3.77657012027115768227e-01 4.59623823608147485942e+00 -5.68330842688531068241e-01 1.29514243842799487538e+02 1.01708044422963231335e-01
3.80043546610023985632e-01 4.59807484266122035166e+00 -5.68218912179112356498e-01 1.29508769993946401655e+02 1.02886056052871294186e-01
3.82427493782131422417e-01 4.59991591046116266028e+00 -5.68106077029643774523e-01 1.29503259296277121848e+02 1.04066731682866897568e-01
3.84808837313059592944e-01 4.60176157226375437403e+00 -5.67992285540958929957e-01 1.29497719731173447144e+02 1.05252858798242823757e-01
3.87187560990155776874e-01 4.60361182487238718153e+00 -5.67877534053777943690e-01 1.29492151341768931161e+02 1.06444407195466120286e-01
3.89563648618604152496e-01 4.60546666502167667545e+00 -5.67761818888176672537e-01 1.29486554172490031078e+02 1.07641346751631575285e-01
3.91937084021535264711e-01 4.60732608938308452196e+00 -5.67645136349871126669e-01 1.29480928269427721489e+02 1.08843647058741457845e-01
3.94307851040136658760e-01 4.60919009455934514108e+00 -5.67527482723642506812e-01 1.29475273680054698389e+02 1.10051277808097008881e-01
3.96675933533762792305e-01 4.61105867709218131267e+00 -5.67408854276179708265e-01 1.29469590453720144296e+02 1.11264208625705365852e-01
3.99041315380044780969e-01 4.61293183345858803790e+00 -5.67289247254503581352e-01 1.29463878641476014764e+02 1.12482409165380645155e-01
4.01403980475000310424e-01 4.61480956007495990434e+00 -5.67168657884244753475e-01 1.29458138296362562869e+02 1.13705849210190140797e-01
4.03763912733143492950e-01 4.61669185329905928938e+00 -5.67047082371950672552e-01 1.29452369473567671321e+02 1.14934498539403656681e-01
4.06121096087593724810e-01 4.61857870943567228039e+00 -5.66924516900810693265e-01 1.29446572230801422165e+02 1.16168327179457547826e-01
4.08475514490185875882e-01 4.62047012473472928917e+00 -5.66800957632123125762e-01 1.29440746628231778459e+02 1.17407305319547405897e-01
4.10827151911578702936e-01 4.62236609540213994052e+00 -5.66676400704633320693e-01 1.29434892729161617808e+02 1.18651403352439302474e-01
4.13175992341364761717e-01 4.62426661759133406093e+00 -5.66550842230200912830e-01 1.29429010599580720964e+02 1.19900592127917107743e-01
4.15522019788178931243e-01 4.62617168742244633250e+00 -5.66424278294591188043e-01 1.29423100309330664004e+02 1.21154842909434373732e-01
4.17865218279807715263e-01 4.62808130098633530025e+00 -5.66296704962564234620e-01 1.29417161932384829015e+02 1.22414127079382345498e-01
4.20205571863297211443e-01 4.62999545433337900135e+00 -5.66168118258450592251e-01 1.29411195546240293197e+02 1.23678417272454821418e-01
4.22543064605062523853e-01 4.63191382813271790297e+00 -5.66038581975479737629e-01 1.29405182857541745989e+02 1.24943710600327426152e-01
4.24877680590995954191e-01 4.63383700080262084242e+00 -5.65907966786823313221e-01 1.29399157892551244231e+02 1.26217329298402458626e-01
4.27209403926575026489e-01 4.63576469425993575868e+00 -5.65776327627630193362e-01 1.29393104771165269540e+02 1.27495787474839306075e-01
4.29538218736971288969e-01 4.63769690353604957522e+00 -5.65643660593400210423e-01 1.29387023535720317113e+02 1.28779049177258353431e-01
4.31864109167158116698e-01 4.63963362356000530440e+00 -5.65509961780018888255e-01 1.29380914228746007666e+02 1.30067077335503544777e-01
4.34187059382018403220e-01 4.64157484913922502301e+00 -5.65375227265643820473e-01 1.29374776892102772763e+02 1.31359834881706272203e-01
4.36507053566452751792e-01 4.64352057497372516792e+00 -5.65239453115540912975e-01 1.29368611567024942133e+02 1.32657284218069132509e-01
4.38824075925487055994e-01 4.64547079562042597445e+00 -5.65102635381147466731e-01 1.29362418293347985809e+02 1.33959387654168260440e-01
4.41138110684379691762e-01 4.64742550552906941164e+00 -5.64964770115301107012e-01 1.29356197110824126639e+02 1.35266106270148567248e-01
4.43449142088729597599e-01 4.64938469899556405807e+00 -5.64825853338890904176e-01 1.29349948056665084550e+02 1.36577401921774671534e-01
4.45757154404582744966e-01 4.65134837019107116873e+00 -5.64685881080980500712e-01 1.29343671167294303359e+02 1.37893234909969991664e-01
4.48062131918540051956e-01 4.65331651313572880468e+00 -5.64544849346983013127e-01 1.29337366476871181931e+02 1.39213565834992863968e-01
4.50364058937863631638e-01 4.65528912170357855871e+00 -5.64402754150008845180e-01 1.29331034017637421130e+02 1.40538353775637087084e-01
4.52662919790584206137e-01 4.65726618960816018955e+00 -5.64259591483971312265e-01 1.29324673819134460473e+02 1.41867557856841464137e-01
4.54958698825607410487e-01 4.65924771040045637704e+00 -5.64115357338910272667e-01 1.29318285908143849383e+02 1.43201136361760489324e-01
4.57251380412820318533e-01 4.66123367743189387369e+00 -5.63970047683744146738e-01 1.29311870306593590385e+02 1.44539047735338432865e-01
4.59540948943198301890e-01 4.66322408390958198510e+00 -5.63823658510900771468e-01 1.29305427034835133782e+02 1.45881247997622365276e-01
4.61827388828911278296e-01 4.66521892281927907931e+00 -5.63676185798184348208e-01 1.29298956107221187040e+02 1.47227692959514822046e-01
4.64110684503429071768e-01 4.66721818692798162687e+00 -5.63527625499967377287e-01 1.29292457532319247093e+02 1.48578338738478754610e-01
4.66390820421628160553e-01 4.66922251808994204225e+00 -5.63377914811844515697e-01 1.29285969042042410138e+02 1.49936614042170124339e-01
4.68667781059897148310e-01 4.67123070351951863444e+00 -5.63227158803668803699e-01 1.29279420601277365677e+02 1.51296022297162102710e-01
4.70941550916242568370e-01 4.67324330400234533300e+00 -5.63075301962788987709e-01 1.29272845250434158970e+02 1.52659559108161146934e-01
4.73212114510394632472e-01 4.67526031301691880060e+00 -5.62922340091262074502e-01 1.29266243067359823726e+02 1.54027185409439631991e-01
4.75479456383912424400e-01 4.67728172398548824873e+00 -5.62768269006440058355e-01 1.29259614133820122106e+02 1.55398860229882584960e-01
4.77743561100288705035e-01 4.67930753025400392175e+00 -5.62613084493818971232e-01 1.29252958534389478018e+02 1.56774543435740432162e-01
4.80004413245055938653e-01 4.68133772509205403622e+00 -5.62456782343258576695e-01 1.29246276356510321648e+02 1.58154193632442485740e-01
4.82261997425890265312e-01 4.68337230168546092557e+00 -5.62299358307002505875e-01 1.29239567690119855570e+02 1.59537770607267676004e-01
4.84516298272717305107e-01 4.68541125318901485741e+00 -5.62140808145826453845e-01 1.29232832630776414362e+02 1.60925232660450556743e-01
4.86767300437815575442e-01 4.68745457267093001974e+00 -5.61981127600707730529e-01 1.29226071276492376683e+02 1.62316538251227299172e-01
4.89014988595922406311e-01 4.68950225315398672166e+00 -5.61820312389411102849e-01 1.29219283730183747139e+02 1.63711646205611349725e-01
4.91259347444337080013e-01 4.69155428763123882874e+00 -5.61658358233371624024e-01 1.29212470100644310378e+02 1.65110514164458460629e-01
4.93500361703025469673e-01 4.69361066903938439765e+00 -5.61495260834730114397e-01 1.29205630501059886228e+02 1.66513099920435753143e-01
4.95738016114724178163e-01 4.69567139027824431707e+00 -5.61331015867180149748e-01 1.29198765050199256166e+02 1.67919361957004464880e-01
4.97972295445044454976e-01 4.69773644424996028590e+00 -5.61165619008676563872e-01 1.29191873874752019447e+02 1.69329257562459478681e-01
5.00203184482575280434e-01 4.69980582386300671516e+00 -5.60999065942050956224e-01 1.29184957109622018834e+02 1.70742742802822256021e-01
5.02430668038987948698e-01 4.70187952195559066837e+00 -5.60831352273140626430e-01 1.29178014893539625518e+02 1.72159777267895774955e-01
5.04654730949138929930e-01 4.70395753147886441781e+00 -5.60662473676641681664e-01 1.29171047379759585283e+02 1.73580315642226173933e-01
5.06875358071172565921e-01 4.70603984533991059891e+00 -5.60492425751015210800e-01 1.29164054727004725009e+02 1.75004316108079843728e-01
5.09092534286625153506e-01 4.70812645653897554610e+00 -5.60321204112262161168e-01 1.29157037107490708649e+02 1.76431734932626427259e-01
5.11306244500527418140e-01 4.71021598145945574743e+00 -5.60148771669625511471e-01 1.29149914962148955055e+02 1.77864274877595651692e-01
5.13516473641507098513e-01 4.71231098010396554088e+00 -5.59975185447486478729e-01 1.29142837186798857374e+02 1.79298605988262804711e-01
5.15723206661891864222e-01 4.71441023130070391289e+00 -5.59800411808076270326e-01 1.29135733636950135406e+02 1.80736247870082994416e-01
5.17926428537812011399e-01 4.71651372546295633015e+00 -5.59624446298131239530e-01 1.29128604368779605238e+02 1.82177156893407327098e-01
5.20126124269301826075e-01 4.71862145275238642483e+00 -5.59447284395401700507e-01 1.29121449432412106262e+02 1.83621292520542322979e-01
5.22322278880402501855e-01 4.72073340320392809133e+00 -5.59268921604765156808e-01 1.29114268879237528154e+02 1.85068611762633228324e-01
5.24514877419263836344e-01 4.72284956660151955532e+00 -5.59089353363937613395e-01 1.29107062754784124081e+02 1.86519074632683051762e-01
5.26703904958246260648e-01 4.72496993251269170599e+00 -5.58908575105719673815e-01 1.29099831100806312634e+02 1.87972640554259468049e-01
5.28889346594021980685e-01 4.72709449031227268989e+00 -5.58726582265668514360e-01 1.29092573956736288210e+02 1.89429267929944911142e-01
5.31071187447676895665e-01 4.72922322913768056196e+00 -5.58543370267553296316e-01 1.29085291357175520943e+02 1.90888914987587865468e-01
5.33249412664811961449e-01 4.73135613782990560594e+00 -5.58358934450010502282e-01 1.29077983328555660592e+02 1.92351544023745324452e-01
5.35424007415643554708e-01 4.73349320504055537384e+00 -5.58173270205158056356e-01 1.29070649895427720821e+02 1.93817113408432245558e-01
5.37594956895105391403e-01 4.73563441910991400619e+00 -5.57986372879862302376e-01 1.29063291073483412674e+02 1.95285583291310710363e-01
5.39762246322948779920e-01 4.73777976803841838205e+00 -5.57798237749925540641e-01 1.29055906867990898945e+02 1.96756917097793998517e-01
5.41925860943843207274e-01 4.73992923962752499278e+00 -5.57608860135917372425e-01 1.29048497282037033074e+02 1.98231074860387490588e-01
5.44085786027477369409e-01 4.74208282122468371966e+00 -5.57418235271966655553e-01 1.29041062301862439199e+02 1.99708020781244277586e-01
5.46242006868658758201e-01 4.74424049992806562415e+00 -5.57226358426497925258e-01 1.29033601908797351143e+02 2.01187716289552454008e-01
5.48394508787414136641e-01 4.74640226238819185056e+00 -5.57033224782116365148e-01 1.29026116067878717786e+02 2.02670126967155167508e-01
5.50543277129089347888e-01 4.74856809487869124808e+00 -5.56838829492545706046e-01 1.29018604732040216732e+02 2.04155219276223487412e-01
5.52688297264449235335e-01 4.75073798326252116908e+00 -5.56643167751088352446e-01 1.29011067840265951645e+02 2.05642956613277055888e-01
5.54829554589777229623e-01 4.75291456460175165688e+00 -5.56446580163167836552e-01 1.29003658400724617650e+02 2.07113699292988645562e-01
5.56967034526974602571e-01 4.75509286039632428356e+00 -5.56248413075402625694e-01 1.28996089737457651836e+02 2.08604240929990858433e-01
5.59100722523659832142e-01 4.75727520850511709227e+00 -5.56048969557518479867e-01 1.28988497628392536853e+02 2.10097063855692850476e-01
5.61230604053267856379e-01 4.75946159766822773918e+00 -5.55848245217769099114e-01 1.28980882217125270017e+02 2.11592105396933821693e-01
5.63356664615148439168e-01 4.76165201651364711211e+00 -5.55646235563837853633e-01 1.28973243650802572802e+02 2.13089308040706415515e-01
5.65478889734665535194e-01 4.76384645361840419753e+00 -5.55442936163332623423e-01 1.28965582083752764220e+02 2.14588610197005646985e-01
5.67597264963295100593e-01 4.76604489745774717591e+00 -5.55238342529742467946e-01 1.28957897674622842032e+02 2.16089952786110817140e-01
5.69711775878724790978e-01 4.76824733653618704210e+00 -5.55032450222279982732e-01 1.28950190594030146940e+02 2.17593273513679269504e-01
5.71822408084950328799e-01 4.77045375929132120518e+00 -5.54825254858243632761e-01 1.28942461019100591102e+02 2.19098506164918521710e-01
5.73929147212374757281e-01 4.77266415418108813640e+00 -5.54616752082406461177e-01 1.28934709138577261456e+02 2.20605582399575755881e-01
5.76031978917906362092e-01 4.77487850958886284047e+00 -5.54406937468671423552e-01 1.28926935147420039129e+02 2.22114437423936467164e-01
5.78130888885055260751e-01 4.77709681399746965980e+00 -5.54195806735996332471e-01 1.28919139256944447425e+02 2.23624997591159085930e-01
5.80225862824032101450e-01 4.77931905588559136078e+00 -5.53983355574600988547e-01 1.28911321688910305738e+02 2.25137190421710653432e-01
5.82316886471844319395e-01 4.78154522371979240347e+00 -5.53769579653215049397e-01 1.28903482675147415648e+02 2.26650944202005405481e-01
5.84403945592394169495e-01 4.78377530618223900660e+00 -5.53554474793197526239e-01 1.28895622470773815849e+02 2.28166178010788034403e-01
5.86487025976574760655e-01 4.78600929198524926989e+00 -5.53338036820466894206e-01 1.28887741343575243036e+02 2.29682810243807378203e-01
5.88566113442367422337e-01 4.78824716989998666605e+00 -5.53120261531099166596e-01 1.28879839575735758217e+02 2.31200760617646938755e-01
5.90641193834937960894e-01 4.79048892898077660618e+00 -5.52901144894193508073e-01 1.28871917476855003315e+02 2.32719938549529326011e-01
5.92712253026733248973e-01 4.79273455846417206772e+00 -5.52680682929496791544e-01 1.28863975378197778809e+02 2.34240250213744755081e-01
5.94779276917577259809e-01 4.79498404764911523301e+00 -5.52458871531415707246e-01 1.28856013625853648819e+02 2.35761608669916494785e-01
5.96842251434767101514e-01 4.79723268835710126012e+00 -5.52234622938693853200e-01 1.28847762315032753122e+02 2.37345542058437219968e-01
5.98901162533168496260e-01 4.79948929385036127115e+00 -5.52009974728508989728e-01 1.28839729545576886949e+02 2.38875851595839822084e-01
6.00955996195312258656e-01 4.80174966223304444668e+00 -5.51783951826728125134e-01 1.28831674520288885333e+02 2.40407675206474130691e-01
6.03006738431488664709e-01 4.80401377673054685857e+00 -5.51556549035745358189e-01 1.28823597284103186666e+02 2.41940985967241811716e-01
6.05053375279843597134e-01 4.80628162026966787579e+00 -5.51327761166477747778e-01 1.28815497876771786423e+02 2.43475756111233010426e-01
6.07095892806472914316e-01 4.80855317551980210311e+00 -5.51097583154117165449e-01 1.28807376335357446351e+02 2.45011950406518574930e-01
6.09134277105518040507e-01 4.81082842479500527588e+00 -5.50866009777774112699e-01 1.28799232688674692326e+02 2.46549542271324778620e-01
6.11168514299259779676e-01 4.81310734989194877187e+00 -5.50633035646360458060e-01 1.28791066948095902944e+02 2.48088514572288060256e-01
6.13198590538213572643e-01 4.81538993238732349056e+00 -5.50398655621484600431e-01 1.28782879125256812358e+02 2.49628835235231327783e-01
6.15224492001223088877e-01 4.81767615333017307222e+00 -5.50162864161483300407e-01 1.28774669212644795380e+02 2.51170495549384920064e-01
6.17246204895555039549e-01 4.81996599334925779345e+00 -5.49925655888897857437e-01 1.28766437192598061756e+02 2.52713476641045542426e-01
6.19263715456992658304e-01 4.82225943271127910350e+00 -5.49687025388174377305e-01 1.28758183038996435243e+02 2.54257761761184031268e-01
6.21277009949929293064e-01 4.82455645108366582008e+00 -5.49446967018666354576e-01 1.28749906704173923799e+02 2.55803346839202694341e-01
6.23286074667462219878e-01 4.82685702748091038927e+00 -5.49205474961872552875e-01 1.28741608115980369575e+02 2.57350237774673196167e-01
6.25290895931486012671e-01 4.82916114067486024197e+00 -5.48962543684937576138e-01 1.28733287201521221732e+02 2.58898423939685817796e-01
6.27291460092785357894e-01 4.83146876843721084782e+00 -5.48718167136943324458e-01 1.28724943843711031377e+02 2.60447924172525546727e-01
6.29287753531128202233e-01 4.83377988838206462674e+00 -5.48472339614743398251e-01 1.28716577929869202990e+02 2.61998737281444349367e-01
6.31279762655358012147e-01 4.83609447698650551928e+00 -5.48225054774001629987e-01 1.28708189295536868713e+02 2.63550898602457894793e-01
6.33267473903487365661e-01 4.83841251019339946282e+00 -5.47976306576414939897e-01 1.28699777759340861394e+02 2.65104425813632083031e-01
6.35250873742789323728e-01 4.84073396315654758126e+00 -5.47726088663760823927e-01 1.28691343108423779995e+02 2.66659354793033875897e-01
6.37229948669889467716e-01 4.84305881027761664370e+00 -5.47474394617904591698e-01 1.28682885100752059770e+02 2.68215724739647221053e-01
6.39204685210858825073e-01 4.84539563959327423959e+00 -5.47224009966413404982e-01 1.28674897242748215831e+02 2.69615203131067016074e-01
6.41175069921305018639e-01 4.84772819101452778767e+00 -5.46969651840895743078e-01 1.28666448650199953363e+02 2.71157189779884344460e-01
6.43141089386463082889e-01 4.85006416433527132170e+00 -5.46713829332825418383e-01 1.28657982026875771453e+02 2.72698989104389666327e-01
6.45102730221288278578e-01 4.85240354173189292197e+00 -5.46456538583318995883e-01 1.28649497629512666208e+02 2.74240497140803063392e-01
6.47059979070545909785e-01 4.85474630504072202086e+00 -5.46197775715395184015e-01 1.28640995709524531776e+02 2.75781611241463997519e-01
6.49012822608903250376e-01 4.85709243632541021185e+00 -5.45937536831195280307e-01 1.28632476545588900763e+02 2.77322230367835598219e-01
6.50961247541019139007e-01 4.85944191748882836634e+00 -5.45675818159382597372e-01 1.28623940421573564663e+02 2.78862246625172394143e-01
6.52905240601636016606e-01 4.86179473066136047521e+00 -5.45412616256199633824e-01 1.28615387648898888528e+02 2.80401533878847308845e-01
6.54844788555668411156e-01 4.86415085081613529638e+00 -5.45147920289328902221e-01 1.28606818143001873977e+02 2.81940387584951268618e-01
6.56779878198294642111e-01 4.86651028098138205280e+00 -5.44881748198556392637e-01 1.28598233443342508053e+02 2.83477463991912093100e-01
6.58710496355045971306e-01 4.86887298261164858104e+00 -5.44614075514328055405e-01 1.28589632719449525666e+02 2.85013836827901656523e-01
6.60636629881896420002e-01 4.87123894496773068852e+00 -5.44344905957130364982e-01 1.28581016750754656641e+02 2.86548973938275886031e-01
6.62558265665352030815e-01 4.87360815076199482831e+00 -5.44074236680600509253e-01 1.28572385956100760040e+02 2.88082718078841393261e-01
6.64475390622540684760e-01 4.87598058268762368783e+00 -5.43802064971181997599e-01 1.28563740768397281045e+02 2.89614905145740009207e-01
6.66387991701300586023e-01 4.87835622371423660582e+00 -5.43528387779664390322e-01 1.28555081651529008013e+02 2.91145391032385902896e-01
6.68296055880269523897e-01 4.88073505747321245707e+00 -5.43253203126891515140e-01 1.28546409122730807439e+02 2.92673971476407390746e-01
6.70199570168973357553e-01 4.88311706758129915329e+00 -5.42976508430029314312e-01 1.28537723713737136677e+02 2.94200477571411100897e-01
6.72098521607914500819e-01 4.88550223802045113786e+00 -5.42698301674991001597e-01 1.28529025992809039280e+02 2.95724708943524094984e-01
6.73992897268660184906e-01 4.88789055340396760840e+00 -5.42418581008740297023e-01 1.28520316579941834334e+02 2.97246457146778220171e-01
6.75882684253930277052e-01 4.89028199971303312310e+00 -5.42137345565292694261e-01 1.28511596189134962742e+02 2.98765458753106283307e-01
6.77767869697685210184e-01 4.89267656167549525037e+00 -5.41854593043028964772e-01 1.28502865478451298031e+02 3.00281533105075160162e-01
6.79648440765214134629e-01 4.89505962986725151609e+00 -5.41564304252594830302e-01 1.28493291697382147731e+02 3.02134589115483853661e-01
6.81524384653221182440e-01 4.89745878166229431372e+00 -5.41277906308316181239e-01 1.28484451450586789178e+02 3.03678301807183637084e-01
6.83395688589913286037e-01 4.89986083724580367971e+00 -5.40989919679743747061e-01 1.28475593511672087743e+02 3.05222185925646649629e-01
6.85262339835087441742e-01 4.90226577271119268175e+00 -5.40700339079171365952e-01 1.28466718116280134154e+02 3.06766230809878803765e-01
6.87124325680216641032e-01 4.90467355965326490264e+00 -5.40409166426683240658e-01 1.28457825262170359792e+02 3.08310015287642902315e-01
6.88981633448537245101e-01 4.90708416880187048292e+00 -5.40116395976651286759e-01 1.28448914913470048305e+02 3.09853556134303265157e-01
6.90834250495134805092e-01 4.90949757044337253831e+00 -5.39822021835150933633e-01 1.28439987026416332583e+02 3.11396879630772505099e-01
6.92682164207029549274e-01 4.91191373390773566854e+00 -5.39526037627683474618e-01 1.28431041520233179654e+02 3.12940040411205377957e-01
6.94525362003264090660e-01 4.91433262851934493654e+00 -5.39228437858568221408e-01 1.28422078331740721069e+02 3.14483044299297020974e-01
6.96363831334987137822e-01 4.91675422168256659461e+00 -5.38929214826296520968e-01 1.28413097305849191798e+02 3.16026023559840441024e-01
6.98197559685539759222e-01 4.91917848130453005950e+00 -5.38628363315968861080e-01 1.28404098334698119288e+02 3.17568970322866517275e-01
7.00026534570540759361e-01 4.92160537338714565436e+00 -5.38325875578011370237e-01 1.28395081219656930216e+02 3.19112021926921063386e-01
7.01850743537971277775e-01 4.92403486392332823129e+00 -5.38021745184737443246e-01 1.28386045780281193629e+02 3.20655241871563745359e-01
7.03670174168260054159e-01 4.92646691749846432629e+00 -5.37715964032438042963e-01 1.28376991774241560051e+02 3.22198790125028222686e-01
7.05484814074367139192e-01 4.92890149807354038813e+00 -5.37408529155090408658e-01 1.28367918943619628180e+02 3.23742535833266176226e-01
7.07294650901869381698e-01 4.93133856706813045179e+00 -5.37099425357230431111e-01 1.28358826902131170300e+02 3.25287044501988475975e-01
7.09099672329043584362e-01 4.93377808855882005190e+00 -5.36788652353844430998e-01 1.28349715437621398451e+02 3.26832035164631939939e-01
7.10899866066950880672e-01 4.93622002014677718762e+00 -5.36476196480774825126e-01 1.28340583984456003463e+02 3.28377990103466521621e-01
7.12695219859520112671e-01 4.93866432225943885470e+00 -5.36162052316391912754e-01 1.28331432160696834899e+02 3.29924922885974469811e-01
7.14485721483631763817e-01 4.94111095209277184637e+00 -5.35846210298684622053e-01 1.28322259418973686707e+02 3.31473084144597862633e-01
7.16271358749200004468e-01 4.94355986656292856196e+00 -5.35528660959566082944e-01 1.28313065215950587117e+02 3.33022720804362459823e-01
7.18052119499257623936e-01 4.94601101927307595929e+00 -5.35209395153902089959e-01 1.28303848840325485980e+02 3.34574062411978401244e-01
7.19827991610036854730e-01 4.94848966869530393353e+00 -5.34900717831521932411e-01 1.28296049057499061519e+02 3.35434500033495175408e-01
7.21598962991052972349e-01 4.95094779905776150031e+00 -5.34579197377527903789e-01 1.28286936160913057847e+02 3.36922358622629258829e-01
7.23365021585186451780e-01 4.95340828545847067232e+00 -5.34256041292802130727e-01 1.28277813632863143312e+02 3.38406580525809908000e-01
7.25126155368765124010e-01 4.95587110139092068550e+00 -5.33931247677493558967e-01 1.28268681966268673023e+02 3.39887002261477999543e-01
7.26882352351645444344e-01 4.95833621700987325909e+00 -5.33604814338996424894e-01 1.28259541484689975732e+02 3.41363478715218882087e-01
7.28633600577295093004e-01 4.96080360998112634974e+00 -5.33276744964816695749e-01 1.28250392959497133916e+02 3.42835535871268803909e-01
7.30379888122873355272e-01 4.96327324769958355688e+00 -5.32947032585002089533e-01 1.28241236597249695706e+02 3.44303304372533092170e-01
7.32121203099313277995e-01 4.96574510444956640498e+00 -5.32615678203935849488e-01 1.28232073017863086761e+02 3.45766467164292989889e-01
7.33857533651401716668e-01 4.96821915532414148942e+00 -5.32282694963382874143e-01 1.28222902910908402418e+02 3.47224022592623526862e-01
7.35588867957860936819e-01 4.97069536953134694102e+00 -5.31948045573533923047e-01 1.28213726640204583873e+02 3.48677828691384694704e-01
7.37315194231428105986e-01 4.97317372428156811992e+00 -5.31611765727036389428e-01 1.28204545063039034858e+02 3.50125612558902066240e-01
7.39036500718936339993e-01 4.97565419285393506499e+00 -5.31273845221260976324e-01 1.28195358823136558613e+02 3.51567704606570552439e-01
7.40752775701394416963e-01 4.97813674970395148023e+00 -5.30934287215001576854e-01 1.28186168655659656679e+02 3.53003681802980029403e-01
7.42464007494066491333e-01 4.98062136883154948919e+00 -5.30593087490748294144e-01 1.28176975289452229845e+02 3.54433542174415971981e-01
7.44170184446551918889e-01 4.98310802410086317593e+00 -5.30250241349039863614e-01 1.28167779467121221160e+02 3.55857314303337002315e-01
7.45871294942864193622e-01 4.98559669978655062295e+00 -5.29905783126316864973e-01 1.28158582552848315572e+02 3.57272823877292478034e-01
7.47567327401510439699e-01 4.98808736360834981127e+00 -5.29559694469126207572e-01 1.28149384981350209500e+02 3.58680878599241359517e-01
7.49258270275569682184e-01 4.99057999104230809451e+00 -5.29211943273418472522e-01 1.28140187644526662325e+02 3.60083069066160943450e-01
7.50944112052772227983e-01 4.99307457845972990640e+00 -5.28862597650519572490e-01 1.28130992666029356997e+02 3.61475326197672808259e-01
7.52624841255577603505e-01 4.99557108605896438291e+00 -5.28511622352632381983e-01 1.28121800116897958333e+02 3.62859422554590083099e-01
7.54300446441252492313e-01 4.99806950229931512553e+00 -5.28159034528701498701e-01 1.28112611703705255195e+02 3.64234178829650256937e-01
7.55970916201949338920e-01 5.00056978401159479830e+00 -5.27804790981751925649e-01 1.28103427350248352923e+02 3.65601822678184695814e-01
7.57636239164782954170e-01 5.00307198714139556017e+00 -5.27449021243268756365e-01 1.28094252654616241216e+02 3.66954851307336682442e-01
7.59296403991909008013e-01 5.00553161697852733170e+00 -5.27067214754810997590e-01 1.28082568961748535230e+02 3.69664986063849843045e-01
7.60951399380600634892e-01 5.00803219834899326912e+00 -5.26703972235605943908e-01 1.28073111337261678955e+02 3.71235942810447916429e-01
7.62601214063325594239e-01 5.01053604309837474773e+00 -5.26343074037825764400e-01 1.28063747733764785153e+02 3.72573406908987658781e-01
7.64245836807822653824e-01 5.01304034115102670199e+00 -5.25978315380357663855e-01 1.28054320099405771316e+02 3.74026864058517538592e-01
7.65885256417178750254e-01 5.01554596022901844066e+00 -5.25611767160377718611e-01 1.28044880584916739963e+02 3.75479404129209159979e-01
7.67519461729904151071e-01 5.01805285421779867505e+00 -5.25243423296896994046e-01 1.28035429136047838483e+02 3.76931178402910682657e-01
7.69148441620009615249e-01 5.02056086672014956207e+00 -5.24873591786114812585e-01 1.28025959595679694303e+02 3.78364585426171518012e-01
7.70772184997081555302e-01 5.02307026272256607058e+00 -5.24501333678868864041e-01 1.28016489231550707473e+02 3.79832521144900459031e-01
7.72390680806357088350e-01 5.02558085320274638974e+00 -5.24130108085046564348e-01 1.28007011063067807299e+02 3.81139625348695720852e-01
7.74003918028800530493e-01 5.02809256432262330350e+00 -5.23753324393977481854e-01 1.27997521541230383946e+02 3.82657502431778873131e-01
7.75611885681177226637e-01 5.03060472217440590725e+00 -5.23374818218914072965e-01 1.27987986517185447610e+02 3.84169387248676275082e-01
7.77214572816129045663e-01 5.03311809559641076817e+00 -5.22994863819792876747e-01 1.27978452140645046597e+02 3.85659912966944351531e-01
7.78811968522248321278e-01 5.03563236431251048941e+00 -5.22614086589947790529e-01 1.27968903279118777050e+02 3.87093600710546770216e-01
7.80404061924152570029e-01 5.03814772043260372669e+00 -5.22231487471153998925e-01 1.27959353197293424387e+02 3.88526707794567660592e-01
7.81990842182558654194e-01 5.04066370011774989024e+00 -5.21846716239841135199e-01 1.27949778419204136526e+02 3.89978686785010186799e-01
7.83572298494356056509e-01 5.04318043119971459731e+00 -5.21460066717183368112e-01 1.27940189048869129351e+02 3.91432890589374138379e-01
7.85148420092680932036e-01 5.04569790839654519488e+00 -5.21071681880457493463e-01 1.27930587665801922981e+02 3.92881144625354228328e-01
7.86719196246989271870e-01 5.04821575493117169486e+00 -5.20681287223444089207e-01 1.27920955820254505397e+02 3.94338671543178087564e-01
7.88284616263129733760e-01 5.05073420345051538050e+00 -5.20288945062410967957e-01 1.27911309521577038595e+02 3.95801926180796348476e-01
7.89844669483416361722e-01 5.05325317220482439495e+00 -5.19894835986084880020e-01 1.27901647138547104987e+02 3.97260613003913187757e-01
7.91399345286702082802e-01 5.05577241025166479460e+00 -5.19498628550785102043e-01 1.27891957376550834624e+02 3.98733207151102109211e-01
7.92948633088449872375e-01 5.05829201443706644170e+00 -5.19100629793048717886e-01 1.27882248759084021117e+02 4.00202370069059232272e-01
7.94492522340805029657e-01 5.06081183656000987980e+00 -5.18700650323624445903e-01 1.27872515879566464037e+02 4.01678625376378328760e-01
7.96031002532667897320e-01 5.06333189375948844457e+00 -5.18298859350201812646e-01 1.27862762784595091148e+02 4.03152384104291661160e-01
7.97564063189764360651e-01 5.06592862250658804157e+00 -5.17939364369369381613e-01 1.27857305823248410093e+02 4.02170094853734505502e-01
7.99091693874717567958e-01 5.06845644321843114000e+00 -5.17537635831161191291e-01 1.27847932056284548707e+02 4.03434732081073776921e-01
8.00613884187118873825e-01 5.07098399659289889030e+00 -5.17134684286465806657e-01 1.27838519134751010142e+02 4.04663565272844472087e-01
8.02130623763599115428e-01 5.07351196333978382569e+00 -5.16728776513216914168e-01 1.27829107847113405683e+02 4.05954211513479767959e-01
8.03641902277898334539e-01 5.07604063257465476511e+00 -5.16322082458955389228e-01 1.27819718358103472156e+02 4.07184785948356109397e-01
8.05147709440937053849e-01 5.07856966832940148748e+00 -5.15913631636737424202e-01 1.27810334621695190549e+02 4.08409696602936300724e-01
8.06648035000885443857e-01 5.08109871128071155510e+00 -5.15502583646185952304e-01 1.27800939359058475020e+02 4.09675999516121103206e-01
8.08142868743233711015e-01 5.08362838366850677829e+00 -5.15090604140967522895e-01 1.27791571361422910513e+02 4.10890357334964095859e-01
8.09632200490861042574e-01 5.08615827811829657179e+00 -5.14676863351898994381e-01 1.27782210712499903593e+02 4.12099238160181291502e-01
8.11116020104105994726e-01 5.08868834404610748123e+00 -5.14261335907933880840e-01 1.27772857858735392256e+02 4.13304059880379659475e-01
8.12594317480834105183e-01 5.09121849926545255727e+00 -5.13844017644463746386e-01 1.27763511508841915543e+02 4.14505042989528560415e-01
8.14067082556508059277e-01 5.09374832937739352445e+00 -5.13425265459739654794e-01 1.27754151904894811764e+02 4.15682041275309666073e-01
8.15534305304254858449e-01 5.09627939488520187439e+00 -5.13004604141511832971e-01 1.27744869806597193929e+02 4.16862351294663702195e-01
8.16995975734935098167e-01 5.09880998218548331380e+00 -5.12582766663759570314e-01 1.27735572756399093919e+02 4.18004260218968803908e-01
8.18452083897210691532e-01 5.10134064255638008945e+00 -5.12159487139497437980e-01 1.27726295030124646246e+02 4.19122965195865782029e-01
8.19902619877612370836e-01 5.10387136939749996856e+00 -5.11734574699295841071e-01 1.27717039656685344085e+02 4.20229245555786223854e-01
8.21347573800607411165e-01 5.10640186218659586359e+00 -5.11307539084717044275e-01 1.27707793098779362140e+02 4.21350550403764123608e-01
8.22786935828667020942e-01 5.10893228881320649037e+00 -5.10878689636559801812e-01 1.27698568423385239612e+02 4.22469686146781764347e-01
8.24220696162332733259e-01 5.11145974463116115061e+00 -5.10449880134249078800e-01 1.27689207167399061404e+02 4.23481721058844573502e-01
8.25648845040284129482e-01 5.11398618204290134059e+00 -5.10031898969906194452e-01 1.27679826731517508165e+02 4.23783165920941451432e-01
8.27071372739403898322e-01 5.11653420328892849511e+00 -5.09611435719395822197e-01 1.27671691555003832264e+02 4.24129212420749246437e-01
8.28488269574845448417e-01 5.11906303158432596234e+00 -5.09193199120590245244e-01 1.27662522864433611858e+02 4.24239897993458792147e-01
8.29899525900098078424e-01 5.12157547756176967368e+00 -5.08688382102666536433e-01 1.27652446026035462978e+02 4.29089082914782371514e-01
8.31305132107052369150e-01 5.12411192393690839708e+00 -5.08274060753179268701e-01 1.27643798228149847773e+02 4.28777530988827815239e-01
8.32705078626066685921e-01 5.12664180723603735146e+00 -5.07837938835191904374e-01 1.27634825943854821162e+02 4.29581323807903869838e-01
8.34099355926031127417e-01 5.12903729797409990709e+00 -5.07312203381128368207e-01 1.27618351014506373531e+02 4.35241349111930075910e-01
8.35487954514433028841e-01 5.13155820651117977604e+00 -5.06872778910886334636e-01 1.27608991548511113479e+02 4.36020235932163990888e-01
8.36870864937421798935e-01 5.13407366106661022798e+00 -5.06421037472927881851e-01 1.27599385289020503365e+02 4.37383797384032213529e-01
8.38248077779872757809e-01 5.13658815133020674182e+00 -5.05968064973241093973e-01 1.27589792028687654124e+02 4.38713768715908947193e-01
8.39619583665451307830e-01 5.13910241533950262749e+00 -5.05514639677834165532e-01 1.27580257303843595196e+02 4.39967192102889315120e-01
8.40985373256677326559e-01 5.14161419043361611614e+00 -5.05060408751226042057e-01 1.27570658402577109314e+02 4.41163098480871429530e-01
8.42345437254987894349e-01 5.14412527366237704030e+00 -5.04604251494973898851e-01 1.27561099331103221743e+02 4.42365191019311765341e-01
8.43699766400801687283e-01 5.14663417706025594356e+00 -5.04143978454249519494e-01 1.27551499971233397446e+02 4.43695446095491274896e-01
8.45048351473580483528e-01 5.14914070234968068718e+00 -5.03681877373299169420e-01 1.27541854320002855161e+02 4.45026135221580576573e-01
8.46391183291893445251e-01 5.15164770616371114897e+00 -5.03223049964526270017e-01 1.27532328397310976698e+02 4.46073799786817437596e-01
8.47728252713479291103e-01 5.15415146787091416059e+00 -5.02761323888027633622e-01 1.27522715703371048335e+02 4.47182016367733470297e-01
8.49059550635307469513e-01 5.15665473261991635923e+00 -5.02294809393407870601e-01 1.27513172898160334512e+02 4.48457844340515887627e-01
8.50385067993641552420e-01 5.15915322302166057256e+00 -5.01831869581324085949e-01 1.27503469103775699978e+02 4.49432595682409008475e-01
8.51704795764099964472e-01 5.16165475992892375245e+00 -5.01362659145816236261e-01 1.27494040789275089764e+02 4.50660011643120195224e-01
8.53018724961718044497e-01 5.16415410468992064352e+00 -5.00894907040348003058e-01 1.27484603211750709306e+02 4.51706516082651887700e-01
8.54326846641008552652e-01 5.16663901266328462469e+00 -5.00417916500223602938e-01 1.27474472349101546342e+02 4.53163828536359891697e-01
8.55629151896023509849e-01 5.16913047416869542161e+00 -4.99932995616947428719e-01 1.27464824696776503288e+02 4.54968905165564707627e-01
8.56925631860413927754e-01 5.17161264054191516237e+00 -4.99433993659945341115e-01 1.27454777198189475484e+02 4.57457681004415861459e-01
8.58216277707490537985e-01 5.17412101898796183974e+00 -4.99020361842146376041e-01 1.27446362544640948045e+02 4.55099789759218831264e-01
8.59501080650284077223e-01 5.17660241840696500049e+00 -4.98530116980153870099e-01 1.27436540696030562003e+02 4.56906679565244555619e-01
8.60780031941604684143e-01 5.17906973244124646527e+00 -4.98025873999563883920e-01 1.27426065430967739189e+02 4.59391200136830879508e-01
8.62053122874101962481e-01 5.18154040853436459457e+00 -4.97521884098586220091e-01 1.27415921154700910733e+02 4.61767370866154713838e-01
8.63320344780323600808e-01 5.18399692671967482482e+00 -4.97011229139892873885e-01 1.27405132285353701604e+02 4.64412793496374154412e-01
8.64581689032775213555e-01 5.18647242378862127765e+00 -4.96517185505920943811e-01 1.27395562020061916542e+02 4.66046971415191524368e-01
8.65837147043978516692e-01 5.18893501806224044515e+00 -4.96023430572729906451e-01 1.27385429899723348512e+02 4.67564761747679247250e-01
8.67086710266529503421e-01 5.19140579889399766955e+00 -4.95540896625505988826e-01 1.27375921353100892475e+02 4.68368245512911396400e-01
8.68330370193157397019e-01 5.19409117336576908741e+00 -4.95207049489567452394e-01 1.27378608332756556365e+02 4.60905785935144418630e-01
8.69568118356782493450e-01 5.19657238565869405988e+00 -4.94733065455178144809e-01 1.27370021131528048386e+02 4.61056480360009790509e-01
8.70799946330572671727e-01 5.19904113298918435504e+00 -4.94245768910972271826e-01 1.27360908650077732318e+02 4.61851313887476133679e-01
8.72025845728002679813e-01 5.20150413411657819296e+00 -4.93746797946664428558e-01 1.27351650760222597114e+02 4.63202760897690912767e-01
8.73245808202909201690e-01 5.20396594762413933211e+00 -4.93247020014351722494e-01 1.27342511708902293321e+02 4.64508569314935004790e-01
8.74459825449549366105e-01 5.20642563870756980293e+00 -4.92750660261872530654e-01 1.27333446530969453647e+02 4.65533798417092803401e-01
8.75667889202656035685e-01 5.20888210926763495223e+00 -4.92251039245239940811e-01 1.27324395540841308616e+02 4.66650423422102222926e-01
8.76869991237495205461e-01 5.21134234985107358540e+00 -4.91770928734031054219e-01 1.27315764775338465142e+02 4.66595791695105233110e-01
8.78066123369920736863e-01 5.21379649302858361182e+00 -4.91272291623766010904e-01 1.27306989936671413943e+02 4.67482083515312119015e-01
8.79256277456431312167e-01 5.21624516285422945572e+00 -4.90771954729418924401e-01 1.27298119746593982882e+02 4.68373946597307300177e-01
8.80440445394225390530e-01 5.21869147837935187795e+00 -4.90270084954109730546e-01 1.27289332890235584728e+02 4.69264550848350947554e-01
8.81618619121255608917e-01 5.22113490101127286636e+00 -4.89766279178335373068e-01 1.27280604282089910839e+02 4.70176835892816835649e-01
8.82790790616284959391e-01 5.22357342703577298693e+00 -4.89261130276214595280e-01 1.27271827978481283594e+02 4.71077559493799424839e-01
8.83956951898940523904e-01 5.22601095947725546864e+00 -4.88754287616666172056e-01 1.27263225971473673326e+02 4.71989224651066408001e-01
8.85117095029768430337e-01 5.22843822374016564680e+00 -4.88242694863087856039e-01 1.27254286224854126885e+02 4.73077410718152513436e-01
8.86271212110287143204e-01 5.23086550156633389719e+00 -4.87727647364699035126e-01 1.27245586229197641615e+02 4.74276671662290927323e-01
8.87419295283041753564e-01 5.23332777683424232862e+00 -4.87318379690010516914e-01 1.27239136978355631413e+02 4.69538422417315803870e-01
8.88561336731657602783e-01 5.23573818062976137355e+00 -4.86770514216909699901e-01 1.27229978481268574342e+02 4.72393365220549810157e-01
8.89697328680893129160e-01 5.23813525961308101841e+00 -4.86217720293647237551e-01 1.27220333686017525565e+02 4.75435821238625100360e-01
8.90827263396692936581e-01 5.24053232238192201464e+00 -4.85674485926757770748e-01 1.27210955766418607027e+02 4.77869669087498616378e-01
8.91951133186240308071e-01 5.24292946237355916850e+00 -4.85123379588897452042e-01 1.27201845182863578998e+02 4.80664288391866534322e-01
8.93068930398010163429e-01 5.24529217980530493293e+00 -4.84603331491595346048e-01 1.27191114750213685625e+02 4.81638879115406148834e-01
8.94180647421820240517e-01 5.24773275720213749906e+00 -4.84058513218913244458e-01 1.27184971020749969739e+02 4.83960767261710889109e-01
8.95286276688883719821e-01 5.25014369306310690888e+00 -4.83621364586823310194e-01 1.27177529696051337282e+02 4.80216305009471378096e-01
8.96385810671860183696e-01 5.25257884410482844828e+00 -4.83180263782716556964e-01 1.27171719944216562226e+02 4.76635884895865225008e-01
8.97479241884907241733e-01 5.25500593128758364259e+00 -4.82744216974130335718e-01 1.27165761043001012354e+02 4.72701649191643424874e-01
8.98566562883731378975e-01 5.25733865991578319665e+00 -4.82071288376027251577e-01 1.27154723876431390295e+02 4.81785193254412602570e-01
8.99647766265638582084e-01 5.25968349707244620106e+00 -4.81414753210535673045e-01 1.27144674410223387895e+02 4.89896248410713386345e-01
9.00722844669584632449e-01 5.26206365309391621565e+00 -4.80929575367136152853e-01 1.27137001804145086226e+02 4.88456280868054371069e-01
9.01791790776225510307e-01 5.26413338009588738231e+00 -4.80391799909228645049e-01 1.27112399936796293787e+02 4.89675089281433995048e-01
9.02854597307967132735e-01 5.26648076258951736150e+00 -4.79858257106865970787e-01 1.27103524391393023052e+02 4.90767306097315558766e-01
9.03911257029014647557e-01 5.26881943651147288676e+00 -4.79322800013330607705e-01 1.27094494781981012466e+02 4.91897630618212511333e-01
9.04961762745422060306e-01 5.27115045641335555615e+00 -4.78785833346569822400e-01 1.27085375773333112193e+02 4.93045634703235646779e-01
9.06006107305140861996e-01 5.27347743348965902754e+00 -4.78248744478782072953e-01 1.27076374431952928035e+02 4.94138058020265058534e-01
9.07044283598068878938e-01 5.27580057840417548931e+00 -4.77713229674962214233e-01 1.27067509466557410747e+02 4.95082539563356072154e-01
9.08076284556099455614e-01 5.27812218384871290056e+00 -4.77179482204366789411e-01 1.27058914045883028621e+02 4.95871414699721457797e-01
9.09102103153167639960e-01 5.28042942122776270963e+00 -4.76645150854693167020e-01 1.27049881941094980675e+02 4.96628135358570477198e-01
9.10121732405300032376e-01 5.28273180249273988096e+00 -4.76110413778358165793e-01 1.27040946439120816081e+02 4.97350539919656498000e-01
9.11135165370661193052e-01 5.28502907482180805943e+00 -4.75574685702086608075e-01 1.27032099260670534591e+02 4.98072463357387140714e-01
9.12142395149601159510e-01 5.28731950025268560012e+00 -4.75037462170559365848e-01 1.27023249970482495996e+02 4.98822281896760089115e-01
9.13143414884702742107e-01 5.28960181524763850547e+00 -4.74500403406746706914e-01 1.27014335938368603252e+02 4.99508824477781276929e-01
9.14138217760827709313e-01 5.29187262376071743120e+00 -4.73962754068949110309e-01 1.27005174936438805844e+02 5.00173259031923000961e-01
9.15126797005163528098e-01 5.29415115589044482647e+00 -4.73425344252519253452e-01 1.26996838377547646814e+02 5.00784427880478277828e-01
9.16109145887269216146e-01 5.29640108887333571630e+00 -4.72880137650410259376e-01 1.26987316405352785864e+02 5.01764035178606015997e-01
9.17085257719121638154e-01 5.29868405410658560584e+00 -4.72331366381661010845e-01 1.26980029284336922046e+02 5.02922007533214587838e-01
9.18055125855160469861e-01 5.30090754216152948430e+00 -4.71782382002046529745e-01 1.26969866149453508797e+02 5.04010455491612829881e-01
9.19018743692333606177e-01 5.30314504903937500302e+00 -4.71233423776789561721e-01 1.26960900853615740402e+02 5.05069004509721031226e-01
9.19976104670142347253e-01 5.30537412205932490394e+00 -4.70683861297137295931e-01 1.26951896926607460614e+02 5.06118811572660143305e-01
9.20927202270686140473e-01 5.30759594368802378739e+00 -4.70134060825825150776e-01 1.26942926542763672160e+02 5.07142356883344080920e-01
9.21872030018706323240e-01 5.30980964323578952246e+00 -4.69583784212199983887e-01 1.26933947899558532413e+02 5.08154142653650220396e-01
9.22810581481630642919e-01 5.31201576720750345828e+00 -4.69033915804000944849e-01 1.26924998422640769036e+02 5.09107641367652186126e-01
9.23742850269617443715e-01 5.31421153893012387925e+00 -4.68483997779312433263e-01 1.26915930854486560975e+02 5.10028185020182767140e-01
9.24668830035598299233e-01 5.31640273060749635192e+00 -4.67934606987161882952e-01 1.26907071397965552251e+02 5.10890152436286215654e-01
9.25588514475321866293e-01 5.31858168698413624753e+00 -4.67384478750950960180e-01 1.26898002563319479918e+02 5.11759960946751135680e-01
9.26501897327396517490e-01 5.32075331311435917314e+00 -4.66833396332690664376e-01 1.26889002047917728078e+02 5.12655307708743124273e-01
9.27408972373333306827e-01 5.32291632275555759435e+00 -4.66281782834527480652e-01 1.26880005775246772259e+02 5.13554113943806123110e-01
9.28309733437587714100e-01 5.32506956067750980566e+00 -4.65729902082348379277e-01 1.26870956858609218898e+02 5.14442969921476311868e-01
9.29204174387602388485e-01 5.32721387221930609002e+00 -4.65177767946288345247e-01 1.26861908808738917287e+02 5.15324068295329174028e-01
9.30092289133848337812e-01 5.32934839643871161030e+00 -4.64625352050695605843e-01 1.26852820851776257882e+02 5.16200608997587684357e-01
9.30974071629866561928e-01 5.33147329977203465745e+00 -4.64073022974899274118e-01 1.26843709315218589495e+02 5.17054680104237496252e-01
9.31849515872309464015e-01 5.33358903173390874741e+00 -4.63520471186103844019e-01 1.26834605663025683953e+02 5.17906095884048567335e-01
9.32718615900981373734e-01 5.33569359368999940330e+00 -4.62966329357935524325e-01 1.26825405345543387625e+02 5.18831216866641464769e-01
9.33581365798879514450e-01 5.33778939637352856096e+00 -4.62412123114115058975e-01 1.26816249602874961511e+02 5.19750096938453087780e-01
9.34437759692233416153e-01 5.34050548519244294710e+00 -4.62147770028843218881e-01 1.26842106230640283115e+02 5.05154732504173309415e-01
9.35287791750546215752e-01 5.34263432412247940562e+00 -4.61345769234699276673e-01 1.26835652337483892893e+02 5.19788013059441778019e-01
9.36131456186633403860e-01 5.34474003806354058810e+00 -4.61079335383585697805e-01 1.26828896281789567979e+02 5.04839151027099419800e-01
9.36968747256662348732e-01 5.34681432476377160867e+00 -4.60665713570098389606e-01 1.26820845218956520739e+02 4.98000964125442147079e-01
9.37799659260191820209e-01 5.34904020620569387034e+00 -4.60252810189942573871e-01 1.26821726096252675120e+02 4.91257405004215663702e-01
9.38624186540210181384e-01 5.35114211978673992576e+00 -4.59610082272095155087e-01 1.26816148214578561237e+02 4.97113505594151683376e-01
9.39442323483174468457e-01 5.35303887796658273146e+00 -4.58970094655226645841e-01 1.26799826667471535302e+02 5.02665884369823401379e-01
9.40254064519048693427e-01 5.35507055188182601313e+00 -4.58335241087092226664e-01 1.26791538313509263958e+02 5.08062296049905604001e-01
9.41059404121340592475e-01 5.35708483252094946891e+00 -4.57725617009547891545e-01 1.26782901394584300192e+02 5.12073086111697106659e-01
9.41858336807141038882e-01 5.35913871385615436793e+00 -4.57212350683418256025e-01 1.26777127273368506621e+02 5.10825364272660786824e-01
9.42650857137159903232e-01 5.36116957925511705696e+00 -4.56697565267839777903e-01 1.26770687476021478801e+02 5.09670594927450593126e-01
9.43436959715763689971e-01 5.36319840274640391442e+00 -4.56184139513142961064e-01 1.26764748754027948507e+02 5.08470678715263968428e-01
9.44216639191012285792e-01 5.36521383241521121477e+00 -4.55670676968639165594e-01 1.26758690700921633265e+02 5.07295800967835219808e-01
9.44989890254695485972e-01 5.36722062823666945519e+00 -4.55152677585208054190e-01 1.26752779309791975493e+02 5.06401360507810149869e-01
9.45756707642368521505e-01 5.36919172456820437134e+00 -4.54591439337216018934e-01 1.26745495909326507444e+02 5.07901076342892943138e-01
9.46517086133388918512e-01 5.37115307935918195881e+00 -4.54031454542382972850e-01 1.26738317222417350649e+02 5.09366497160285591761e-01
9.47271020550951026173e-01 5.37312822049771554589e+00 -4.53514641776468441225e-01 1.26732584227346052330e+02 5.08510492659366541979e-01
9.48018505762121987956e-01 5.37508675006549996311e+00 -4.52996267120858886468e-01 1.26726589490586206921e+02 5.07776529367669149373e-01
9.48759536677876158528e-01 5.37703096992946516508e+00 -4.52477275346036933446e-01 1.26720468048585303222e+02 5.07117731083319811525e-01
9.49494108253130075781e-01 5.37896022537692175547e+00 -4.51957685360647620776e-01 1.26714191401608999854e+02 5.06535902434674611960e-01
9.50222215486776988769e-01 5.38090828286796085678e+00 -4.51444208669887991903e-01 1.26709633281868931931e+02 5.05694373219729320645e-01
9.50943853421720053376e-01 5.38280978454312730719e+00 -4.50930362788290961529e-01 1.26703193461738464975e+02 5.04895606263437435324e-01
9.51659017144907415364e-01 5.38471591154881501495e+00 -4.50414559309568307555e-01 1.26697698398174978252e+02 5.04276399976929634583e-01
9.52367701787364628885e-01 5.38664352806357715764e+00 -4.49894082293789021598e-01 1.26694081812923599273e+02 5.04005504067232656951e-01
9.53069902524227741125e-01 5.38854388649913396137e+00 -4.49383501175000810157e-01 1.26689678260393847609e+02 5.03239543253560239755e-01
9.53765614574776932066e-01 5.39035271486862299639e+00 -4.48870603808304569071e-01 1.26680943548127160625e+02 5.02595381755903458654e-01
9.54454833202468377884e-01 5.39219062136254834172e+00 -4.48367693312659298943e-01 1.26674540903165549821e+02 5.01509600517868636693e-01
9.55137553714966891505e-01 5.39408850508746962049e+00 -4.47858275347676193512e-01 1.26672164162376319041e+02 5.00924132717915804314e-01
9.55813771464177897030e-01 5.39582371945721561701e+00 -4.47344649410950312429e-01 1.26661558814956947572e+02 5.00507687762293707046e-01
9.56483481846278404959e-01 5.39766418539071057836e+00 -4.46838430451424573064e-01 1.26657499735312512712e+02 4.99875169218136794491e-01
9.57146680301749208652e-01 5.39959810309130805450e+00 -4.46335071796311044778e-01 1.26659338832029760624e+02 4.99271546194693216503e-01
9.57803362315405748539e-01 5.40132365892179500122e+00 -4.45823966705838126146e-01 1.26650453519913739342e+02 4.98997904696594607454e-01
9.58453523416427977111e-01 5.40314284787189347270e+00 -4.45321561302430224405e-01 1.26647496408114307087e+02 4.98439682395904415380e-01
9.59097159178392222323e-01 5.40488190348799513174e+00 -4.44822751653101700064e-01 1.26640902134612773011e+02 4.97715579566294252789e-01
9.59734265219300386462e-01 5.40661415554169355602e+00 -4.44185885431644056354e-01 1.26634578448691087260e+02 5.04697704346671160991e-01
9.60364837201609811146e-01 5.40837301416776039531e+00 -4.43557773604501714981e-01 1.26630511508456237380e+02 5.11339890134470675953e-01
9.60988870832263142319e-01 5.41000790582268198392e+00 -4.42929091986365097711e-01 1.26620411842091129984e+02 5.18011557202299188774e-01
9.61606361862717418099e-01 5.41183840716996211739e+00 -4.42744634253548485781e-01 1.26622318367954150631e+02 5.00551749246817778705e-01
9.62217306088972823552e-01 5.41370554880430354672e+00 -4.42590758947530860112e-01 1.26627080782108436097e+02 4.81577614177613688717e-01
9.62821699351601556494e-01 5.41566239647107217081e+00 -4.42378592832092132348e-01 1.26637538343096778704e+02 4.66037615457429443833e-01
9.63419537535776138171e-01 5.41729354416021458007e+00 -4.42205369712820428596e-01 1.26630934064756104362e+02 4.48170899828243263219e-01
9.64010816571297390887e-01 5.41854160571775089750e+00 -4.41899169468622787793e-01 1.26603948074511862387e+02 4.37382877157568961124e-01
9.64595532432621638463e-01 5.41942012768229286479e+00 -4.38723495820393827316e-01 1.26554548057858028187e+02 5.84222662074454612835e-01
9.65173681138889238973e-01 5.42071256607551887896e+00 -4.38842539578582213622e-01 1.26532127824715516340e+02 5.50360723043460731141e-01
9.65745258753950674979e-01 5.42298073828202031876e+00 -4.38942309764370708347e-01 1.26564211558608064934e+02 5.18728120483483157166e-01
9.66310261386393642979e-01 5.42459918442486532797e+00 -4.39028263807897056736e-01 1.26561400494862539290e+02 4.87346951802067052117e-01
9.66868685189569476712e-01 5.42572200785102332077e+00 -4.38460000697787566359e-01 1.26531520602223210403e+02 4.91600936029642554548e-01
9.67420526361620347622e-01 5.42676982057305501428e+00 -4.36747799508367562371e-01 1.26497185656794243869e+02 5.58840772721475587126e-01
9.67965781145503245675e-01 5.42878981534189897218e+00 -4.35491823596924843010e-01 1.26517648881539628292e+02 6.02187065656586417717e-01
9.68504445829016735736e-01 5.42935035158132706101e+00 -4.34092814336176746615e-01 1.26458579000233868328e+02 6.51995583186577687407e-01
9.69036516744826603720e-01 5.42971837541342861044e+00 -4.32735079779149711676e-01 1.26389862011634519945e+02 6.99468722377131979506e-01
9.69561990270489948429e-01 5.43348934703630437326e+00 -4.31307704426492244387e-01 1.26509003738121478477e+02 7.54729102557401554385e-01
9.70080862828479939530e-01 5.43438855465339010209e+00 -4.35115370326458916761e-01 1.26476961323794895975e+02 5.19205680133224212192e-01
9.70593130886211241659e-01 5.43568660008780035753e+00 -4.33755188628676957574e-01 1.26462096401519985989e+02 5.68425440215942767708e-01
9.71098790956062218882e-01 5.43685615374618613771e+00 -4.33309265534856602464e-01 1.26442080569774645937e+02 5.67444975965834097487e-01
9.71597839595400469825e-01 5.43816563978712874672e+00 -4.32861158789049238482e-01 1.26430680038814116983e+02 5.66941681611818570907e-01
9.72090273406605143158e-01 5.43994397959160114198e+00 -4.32389397160082289417e-01 1.26445951240513778657e+02 5.68467989277695262551e-01
9.72576089037090585343e-01 5.44176232277908855650e+00 -4.31872206535685310147e-01 1.26464309325001210027e+02 5.72752364697824978279e-01
9.73055283179328878163e-01 5.44242795958802361156e+00 -4.31339101759019905025e-01 1.26420246225238699367e+02 5.76842163284636666454e-01
9.73527852570872820337e-01 5.44394839553919940300e+00 -4.30837543978417059076e-01 1.26424142616598203404e+02 5.80379046873935711126e-01
9.73993793994377243806e-01 5.44551606790368758482e+00 -4.31111956824348829809e-01 1.26432468904856790459e+02 5.41563932753088672634e-01
9.74453104277621995344e-01 5.44705222589016280210e+00 -4.31356689278234006757e-01 1.26439995788206672955e+02 5.04580592005238748321e-01
9.74905780293532697733e-01 5.44878544604535086648e+00 -4.31651255504839959087e-01 1.26459380000540704714e+02 4.65318070358752222671e-01
9.75351818960202621156e-01 5.44959194506388744372e+00 -4.31408543750143147477e-01 1.26428220924448254436e+02 4.54782277304127735551e-01
9.75791217240913111297e-01 5.45044570233576308738e+00 -4.29257415402611308686e-01 1.26398473473153387658e+02 5.49375849689009210230e-01
9.76223972144155016650e-01 5.45143491431221427490e+00 -4.27970334690053744175e-01 1.26378118326793398296e+02 5.96893235917896780585e-01
9.76650080723648006398e-01 5.45313635960039544415e+00 -4.28750513003787692146e-01 1.26400278264984706311e+02 5.31941723065794014325e-01
9.77069540078361775670e-01 5.45494302279977372194e+00 -4.29462741496992705947e-01 1.26429136087918138287e+02 4.71107783296756954527e-01
9.77482347352534808316e-01 5.45707969523374991638e+00 -4.30130714089994203864e-01 1.26477078803705921928e+02 4.13345627571578277948e-01
9.77888499735694360915e-01 5.45816559466301320924e+00 -4.30692105292118376791e-01 1.26468186757078470350e+02 3.60508905782434940779e-01
9.78287994462675891683e-01 5.45738975925683700297e+00 -4.25052912461846010839e-01 1.26350837212351180483e+02 6.46328040442078033401e-01
9.78680828813640935060e-01 5.45864218506813081433e+00 -4.25673339881146972630e-01 1.26353246441846906123e+02 5.90998545380558182316e-01
9.79067000114096308572e-01 5.46016350561684227216e+00 -4.26404895938370664954e-01 1.26371580487626147260e+02 5.30180695063085072327e-01
9.79446505734912542529e-01 5.46149437587080655021e+00 -4.27178824456142469668e-01 1.26380539648171193789e+02 4.67101213939547510456e-01
9.79819343092340866441e-01 5.46329936513373937146e+00 -4.27945012000141900010e-01 1.26416563532791315083e+02 4.05298316874450448299e-01
9.80185509648031860763e-01 5.46286026072594488312e+00 -4.22010991035335736310e-01 1.26322370310393594650e+02 7.08998397991728368517e-01
9.80545002909051777173e-01 5.46334368832753902723e+00 -4.20848342236223749158e-01 1.26285591094719109151e+02 7.52089055555940300124e-01
9.80897820427900302143e-01 5.46303728767129204158e+00 -4.19811662326796175559e-01 1.26206677144894825915e+02 7.87558971672195906599e-01
9.81243959802526766190e-01 5.46562224305865473895e+00 -4.19287773215639980595e-01 1.26288147135408394206e+02 7.98848877826983994055e-01
9.81583418676346575182e-01 5.46325098054491675725e+00 -4.18472011898400331198e-01 1.26098354219383523400e+02 8.20151020083633830460e-01
9.81916194738257197550e-01 5.46869490980254102652e+00 -4.25097952799272593705e-01 1.26347732688783622734e+02 4.43280209229412136551e-01
9.82242285722654373536e-01 5.46945887533113506151e+00 -4.22050104738208142763e-01 1.26329422853427800533e+02 5.91807219963837005672e-01
9.82561689409446659127e-01 5.46920071502196503133e+00 -4.19663124371792595202e-01 1.26256837880642891037e+02 7.03072966990448855462e-01
9.82874403624071413255e-01 5.47538503726849068443e+00 -4.27163838581579136111e-01 1.26551220637541845804e+02 2.79802828579124696073e-01
9.83180426237509119680e-01 5.47298231183054539883e+00 -4.26116589190141281662e-01 1.26364769226007240377e+02 3.15768081924964028051e-01
9.83479755166297819891e-01 5.47509601453468608412e+00 -4.25489706779510257206e-01 1.26427902078496899207e+02 3.34387286312259057741e-01
9.83772388372547657021e-01 5.47867922246741567704e+00 -4.25484708043381509857e-01 1.26573608626741659577e+02 3.20991405197693258078e-01
9.84058323863954753641e-01 5.47502984838754080954e+00 -4.22304188081467246629e-01 1.26319393552116778778e+02 4.73484684555116219773e-01
9.84337559693814090345e-01 5.47487609810071074179e+00 -4.19466411462927957210e-01 1.26258582520937565619e+02 6.11673802453634896104e-01
9.84610093961033494558e-01 5.47506582161675137144e+00 -4.16678753667500123559e-01 1.26217717111592463652e+02 7.47851952591653046376e-01
9.84875924810146630151e-01 5.47265794640954528205e+00 -4.13834775643533880896e-01 1.26035369479271693649e+02 8.83961939057707923872e-01
9.85135050431324765796e-01 5.47436035557158717779e+00 -4.11080249150471310760e-01 1.26079568883276166957e+02 1.02094054348639784457e+00
9.85387469060390319697e-01 5.47798265986160437535e+00 -4.18215953187169919847e-01 1.26243440022248975652e+02 6.18456256782943247785e-01
9.85633178978827628747e-01 5.48131308722913157538e+00 -4.26289424747828438189e-01 1.26393076445168048849e+02 1.64107417533025629064e-01
9.85872178513795716093e-01 5.48324114418775199198e+00 -4.34297601796193588619e-01 1.26466131278959295514e+02 -2.88261929007091799448e-01
9.86104466038138838258e-01 5.48326460475643173709e+00 -4.42131584783931830263e-01 1.26434905378637125750e+02 -7.32819861386298065931e-01
9.86330039970398142479e-01 5.48104614573360837682e+00 -4.24877904590171939780e-01 1.26254035825465166454e+02 1.97150938721512042351e-01
9.86548898774822102808e-01 5.48159481433199236022e+00 -4.17569770284296981622e-01 1.26236334768819929764e+02 5.84770938297094922120e-01
9.86761040961377400293e-01 5.48085776878238384313e+00 -4.10381210466594592567e-01 1.26148836721605732691e+02 9.64424183767748521845e-01
9.86966465085758248854e-01 5.47195932057428979789e+00 -4.02984592574677447097e-01 1.25614541054753146909e+02 1.34368139977129685825e+00
9.87165169749397164445e-01 5.48569932128603454657e+00 -3.97961521309486643272e-01 1.26324981320740405977e+02 1.62653969829114863899e+00
9.87357153599473957861e-01 5.48968623260855714818e+00 -4.31950703800187241210e-01 1.26555078513931036355e+02 -2.46340145710793961831e-01
9.87542415328925060614e-01 5.48611659769412529641e+00 -4.18925787342543654024e-01 1.26310504481573786961e+02 4.52277343639189477464e-01
9.87720953676452295689e-01 5.48557772161160350777e+00 -4.09074627182545003112e-01 1.26236050872551231805e+02 9.80345802647881181535e-01
9.87892767426531648312e-01 5.49163595272637117262e+00 -4.29789822049984227004e-01 1.26564660307576517084e+02 -1.59868016191686806993e-01
9.88057855409421592618e-01 5.49082108767840004759e+00 -4.27363044778334311147e-01 1.26487711904863203927e+02 -3.82955888245532505287e-02
9.88216216501170752196e-01 5.49165550154827730722e+00 -4.23821523985731252182e-01 1.26501077001655701793e+02 1.46851128057515267766e-01
9.88367849623625893685e-01 5.48703558448469230768e+00 -4.14449627818625820908e-01 1.26208571800659811402e+02 6.45226452174760378711e-01
9.88512753744439143233e-01 5.49101430740530194186e+00 -4.21666513378469276496e-01 1.26410472800194241927e+02 2.44997637506111420880e-01
9.88650927877074869876e-01 5.48841574689522282426e+00 -4.19062966258076208259e-01 1.26239980251246294074e+02 3.75445124939910057638e-01
9.88782371080816346876e-01 5.48893073235610540195e+00 -4.16506872902870473041e-01 1.26241504720742256040e+02 5.07668464580051437274e-01
9.88907082460772635102e-01 5.48852086114040993436e+00 -4.14143192946468230442e-01 1.26193681337844424206e+02 6.28528468060148837182e-01
9.89025061167884578239e-01 5.48782536744858795430e+00 -4.11985367048265660461e-01 1.26131613645589965245e+02 7.38099516253795884246e-01
9.89136306398929687766e-01 5.48862606887113813059e+00 -4.10076528556139463522e-01 1.26153024313876244378e+02 8.36462412678003253141e-01
9.89240817396528693273e-01 5.49185954243316398760e+00 -4.21117831407674225730e-01 1.26326418012650989908e+02 2.28303733316722851088e-01
9.89338593449150427439e-01 5.49024384852075097996e+00 -4.17442863629716498508e-01 1.26215626144375050899e+02 4.21317984929731825794e-01
9.89429633891116377953e-01 5.49105093697304447176e+00 -4.15746990752299649952e-01 1.26241410868369868581e+02 5.09348276901064211941e-01
9.89513938102605350444e-01 5.49090272042446336798e+00 -4.14307001708257349737e-01 1.26216315604513795279e+02 5.82518389760957266965e-01
9.89591505509657798356e-01 5.49021075203560648959e+00 -4.13031427828540853575e-01 1.26162806371080023382e+02 6.46362392783541572783e-01
9.89662335584179708725e-01 5.49006129336954007414e+00 -4.11895038277101555035e-01 1.26140419001668718124e+02 7.03738573386131438525e-01
9.89726427843945932850e-01 5.48997247293384926792e+00 -4.10725809397794183742e-01 1.26122496982865470727e+02 7.63435133634358664700e-01
9.89783781852604072071e-01 5.49015706138655978918e+00 -4.09691467210673898602e-01 1.26120884476850179112e+02 8.16534253464421877489e-01
9.89834397219676587198e-01 5.48833640073968531681e+00 -4.08671258203003484599e-01 1.26010626281849553720e+02 8.66505546832646467159e-01
9.89878273600564240198e-01 5.49302127721624966483e+00 -4.16926185536791726882e-01 1.26270878384544289474e+02 4.17409903028382212042e-01
9.89915410696548092595e-01 5.49117033643823582167e+00 -4.11490821623531732865e-01 1.26155418524647018330e+02 7.10484319042840817282e-01
9.89945808254791503877e-01 5.48651371776747254216e+00 -4.07445904923530222153e-01 1.25889143011158253671e+02 9.23580830401975916288e-01
9.89969466068341796827e-01 5.49499947116755560472e+00 -4.19012950834271424849e-01 1.26365814227267335923e+02 2.99442650051368275399e-01
