00000000000000000000 -4.37329591560702635178e+00 -5.76080075699842764081e-01 00000000000000000130 -2.12918263805551667310e-22
2.58315720529896097890e-03 -4.37253641149823835121e+00 -5.76080707098657773813e-01 1.30000670146790213266e+02 8.63280429327793925876e-05
5.16629682395841009074e-03 -4.37178105968119279368e+00 -5.76080771319343543091e-01 1.30001311281092739591e+02 1.64937399983739200939e-04
7.74940126945856955221e-03 -4.37102985771932939230e+00 -5.76080269427760471856e-01 1.30001923430262195325e+02 2.35831005717066942082e-04
1.03324529555191297475e-02 -4.37028280314371908588e+00 -5.76079202480228480532e-01 1.30002506622082790955e+02 2.99011992046174064023e-04
1.29154342962189676997e-02 -4.36953989345358184693e+00 -5.76077571524332254782e-01 1.30003060884794166441e+02 3.54483733439539734113e-04
1.54983277061159028382e-02 -4.36880112611596072014e+00 -5.76075377598282423186e-01 1.30003586247066692749e+02 4.02249806519430102344e-04
1.80811156003663868475e-02 -4.36806649856607798199e+00 -5.76072621731488099250e-01 1.30004082738017814336e+02 4.42314021697200535077e-04
2.06637803948452533631e-02 -4.36733600820606948645e+00 -5.76069304941584925395e-01 1.30004550387132184142e+02 4.74680244868705934758e-04
2.32463045062654173611e-02 -4.36660965240848231161e+00 -5.76065428242270360926e-01 1.30004989224463855635e+02 4.99352857799021374909e-04
2.58286703522975918945e-02 -4.36588742851243960530e+00 -5.76060992634489066333e-01 1.30005399280405015361e+02 5.16336235088180311309e-04
2.84108603516900135033e-02 -4.36516933382584415568e+00 -5.76055999111341754393e-01 1.30005780585811379524e+02 5.25635031312984639905e-04
3.09928569243880722150e-02 -4.36445536562414115878e+00 -5.76050448654351399114e-01 1.30006133171925398528e+02 5.27253958156343751316e-04
3.35746424916540803229e-02 -4.36374552115289660037e+00 -5.76044342241746942790e-01 1.30006457070523737229e+02 5.21198270816662667139e-04
3.61561994761869162640e-02 -4.36303979762480409477e+00 -5.76037680838479615453e-01 1.30006752313736711812e+02 5.07473176002045224878e-04
3.87375103022416650278e-02 -4.36233819222145946526e+00 -5.76030465401936586645e-01 1.30007018934149016332e+02 4.86084166597453026532e-04
4.13185573957493418318e-02 -4.36164070209305254622e+00 -5.76022696880771123418e-01 1.30007256964777582198e+02 4.57036950085676493220e-04
4.38993231844364839578e-02 -4.36094732435795151559e+00 -5.76014376212420353696e-01 1.30007466439043469109e+02 4.20337299047803783676e-04
4.64797900979448119774e-02 -4.36025805610423411451e+00 -5.76005504331310258515e-01 1.30007647390858465997e+02 3.75991533201752877163e-04
4.90599405679508632216e-02 -4.35957289438785799973e+00 -5.75996082158489408620e-01 1.30007799854513734772e+02 3.24005904480262590505e-04
5.16397570282855211676e-02 -4.35889183623380116472e+00 -5.75986110607736301326e-01 1.30007923864743503373e+02 2.64386955009260772153e-04
5.42192219150537807471e-02 -4.35821487863586032319e+00 -5.75975590584259067306e-01 1.30008019456710059103e+02 1.97141437488518273891e-04
5.67983176667541181382e-02 -4.35754201855661005283e+00 -5.75964522983355986518e-01 1.30008086665998206399e+02 1.22276233397346499902e-04
5.93770267243982005634e-02 -4.35687325292772253960e+00 -5.75952908695104071057e-01 1.30008125528631069301e+02 3.97986270754845905778e-05
6.19553315316303740423e-02 -4.35620857864964694528e+00 -5.75940748598322449503e-01 1.30008136081047979360e+02 -5.02840536434295980639e-05
6.45332145348472135948e-02 -4.35554799259185454474e+00 -5.75928043564221336936e-01 1.30008118360116668555e+02 -1.47964224565618265861e-04
6.71106581833170040552e-02 -4.35489149159282895596e+00 -5.75914794455635536963e-01 1.30008072403129460781e+02 -2.53234093510361097518e-04
6.96876449292992278250e-02 -4.35423907246010166716e+00 -5.75901002127065964054e-01 1.30007998247803016056e+02 -3.66085660554041250180e-04
7.22641572281641081377e-02 -4.35359073197032842018e+00 -5.75886667423831655199e-01 1.30007895932280320039e+02 -4.86510770936880580003e-04
7.48401775385119094608e-02 -4.35294646686914177280e+00 -5.75871791185211034936e-01 1.30007765495119798516e+02 -6.14500932693839616548e-04
7.74156883222925085164e-02 -4.35230627387142021689e+00 -5.75856374240345192383e-01 1.30007606975308760866e+02 -7.50047561251120553823e-04
7.99906720449247571336e-02 -4.35167014966117360331e+00 -5.75840417410779625840e-01 1.30007420412254219855e+02 -8.93141832419335900302e-04
8.25651111754157757128e-02 -4.35103809089158843904e+00 -5.75823921509938774221e-01 1.30007205845784284293e+02 -1.04377471644673583927e-03
8.51389881864804548561e-02 -4.35041009418505986162e+00 -5.75806887343167095317e-01 1.30006963316147420073e+02 -1.20193697835460958610e-03
8.77122855546606100541e-02 -4.34978615613320940270e+00 -5.75789315707777360487e-01 1.30006692864011995425e+02 -1.36761917825286237992e-03
9.02849857604444694381e-02 -4.34916627329690275161e+00 -5.75771207393097061988e-01 1.30006394530465655635e+02 -1.54081167165645441589e-03
9.28570712883857868336e-02 -4.34855044220626574258e+00 -5.75752563180513710073e-01 1.30006068357014612502e+02 -1.72150460978558574390e-03
9.54285246272232184905e-02 -4.34793865936070300648e+00 -5.75733383843522572576e-01 1.30005714385583161175e+02 -1.90968793983695085854e-03
9.79993282699994638918e-02 -4.34733092122890596443e+00 -5.75713670147773859398e-01 1.30005332658513026445e+02 -2.10535140526098198815e-03
1.00569464714180475950e-01 -4.34672722424886970316e+00 -5.75693422851123015604e-01 1.30004923218562822740e+02 -2.30848454595801574549e-03
1.03138916461774601818e-01 -4.34612756482848627826e+00 -5.75672642699991854442e-01 1.30004486108941904376e+02 -2.51907691607683014573e-03
1.05707666019451862471e-01 -4.34553193934341308591e+00 -5.75651330442774611384e-01 1.30004021373184087906e+02 -2.73711729626921604006e-03
1.08275695898662718819e-01 -4.34494034414004115519e+00 -5.75629486811482182773e-01 1.30003529055320967700e+02 -2.96259477974240327536e-03
1.10842988615757503945e-01 -4.34435277553366461234e+00 -5.75607112533157549983e-01 1.30003009199773742921e+02 -3.19549810199031220428e-03
1.13409526692105272483e-01 -4.34376922980891411186e+00 -5.75584208327275526074e-01 1.30002461851377574931e+02 -3.43581579755597443793e-03
1.15975292654212733257e-01 -4.34318970321975417193e+00 -5.75560774905787497779e-01 1.30001887055381331493e+02 -3.68353620040716379577e-03
1.18540269033843417845e-01 -4.34261419198948495080e+00 -5.75536812973174383146e-01 1.30001284857446705701e+02 -3.93864744429139792409e-03
1.21104438368136405058e-01 -4.34204269231074491131e+00 -5.75512323226495481343e-01 1.30000655303648045447e+02 -4.20113746308910067373e-03
1.23667783199725281329e-01 -4.34147520034549749823e+00 -5.75487306355436212257e-01 1.29999998440471472350e+02 -4.47099399113433902675e-03
1.26230286076857156630e-01 -4.34091171222503469096e+00 -5.75461763042362628440e-01 1.29999314314814512272e+02 -4.74820456357806681968e-03
1.28791929553511097506e-01 -4.34035222404996279266e+00 -5.75435693962372263321e-01 1.29998602973985441622e+02 -5.03275651665740456769e-03
1.31352696189517337277e-01 -4.33979673189162529212e+00 -5.75409099778033894523e-01 1.29997864465786847177e+02 -5.32463730120049782285e-03
1.33912568550675792345e-01 -4.33924523178679777402e+00 -5.75381981159059030517e-01 1.29997098838203612559e+02 -5.62383332611765453940e-03
1.36471529208874592376e-01 -4.33869771974509799151e+00 -5.75354338754921812438e-01 1.29996306139838992522e+02 -5.93033157630383500614e-03
1.39029560742209123969e-01 -4.33815419174431848859e+00 -5.75326173212065916651e-01 1.29995486419640428721e+02 -6.24411860162403953983e-03
1.41586645735100435939e-01 -4.33761464373151550689e+00 -5.75297485169909750269e-01 1.29994639726963839621e+02 -6.56518075566466831339e-03
1.44142766778413616846e-01 -4.33707907162298411663e+00 -5.75268275260902739454e-01 1.29993766111572881528e+02 -6.89350419615781216665e-03
1.46697906469576699884e-01 -4.33654747130424755852e+00 -5.75238544110576510704e-01 1.29992865623638607531e+02 -7.22907488538059202210e-03
1.49252047412698846118e-01 -4.33601983863003148656e+00 -5.75208292337598292576e-01 1.29991938313738756960e+02 -7.57187859055932863811e-03
1.51805172218688999575e-01 -4.33549616942424798083e+00 -5.75177520553826204797e-01 1.29990984232857584857e+02 -7.92190088427964858586e-03
1.54357263505374042722e-01 -4.33497645947996268490e+00 -5.75146229364360772607e-01 1.29990003432385009319e+02 -8.27912714486402946668e-03
1.56908303897617312783e-01 -4.33446070456102194868e+00 -5.75114419363382256556e-01 1.29988995964212875833e+02 -8.64354280548581752064e-03
1.59458276027436895994e-01 -4.33394890039587643571e+00 -5.75082091149959673260e-01 1.29987961880373006807e+02 -9.01513242610669368604e-03
1.62007162534123755337e-01 -4.33344104268623375731e+00 -5.75049245305890521784e-01 1.29986901233547257561e+02 -9.39388100300528501585e-03
1.64554946064359886027e-01 -4.33293712710155531909e+00 -5.75015882409749989890e-01 1.29985814076745128887e+02 -9.77977314482371407056e-03
1.67101609272336831813e-01 -4.33243714928032552791e+00 -5.74982003033621902333e-01 1.29984700463379567736e+02 -1.01727932684928593088e-02
1.69647134819873285361e-01 -4.33194110483001626477e+00 -5.74947607743161892557e-01 1.29983560447266597748e+02 -1.05729255996938678597e-02
1.72191505376533410265e-01 -4.33144898932705668670e+00 -5.74912697097650915445e-01 1.29982394082624921339e+02 -1.09801541733041060911e-02
1.74734703619744774494e-01 -4.33096079831679325878e+00 -5.74877271650048871088e-01 1.29981201424075237583e+02 -1.13944628338528315681e-02
1.77276712234916367095e-01 -4.33047652731345777966e+00 -5.74841331947061662255e-01 1.29979982526640043261e+02 -1.18158352359812174326e-02
1.79817513915556254078e-01 -4.32999617180012563722e+00 -5.74804878529187157632e-01 1.29978737445743149692e+02 -1.22442548448893212543e-02
1.82357091363389622884e-01 -4.32951972723012357136e+00 -5.74767911927993702115e-01 1.29977466237294208895e+02 -1.26797051009301837976e-02
1.84895427288476549288e-01 -4.32904718902152829685e+00 -5.74730432676659797053e-01 1.29976168957367207213e+02 -1.31221688027803439630e-02
1.87432504409329458994e-01 -4.32857855256488210927e+00 -5.74692441295163614079e-01 1.29974845662656491641e+02 -1.35716289834933237501e-02
1.89968305453031172103e-01 -4.32811381321823240853e+00 -5.74653938299755417951e-01 1.29973496410186982075e+02 -1.40280683567405826950e-02
1.92502813155352114904e-01 -4.32765296630825258006e+00 -5.74614924200773646845e-01 1.29972121257382582371e+02 -1.44914694493161327893e-02
1.95036010260868170052e-01 -4.32719600713019936222e+00 -5.74575399502706973820e-01 1.29970720262065952966e+02 -1.49618146016194213110e-02
1.97567879523077832848e-01 -4.32674293094786310832e+00 -5.74535364704252038415e-01 1.29969293482457970867e+02 -1.54390859681572470419e-02
2.00098403704520089175e-01 -4.32629373299351360771e+00 -5.74494820298380393098e-01 1.29967840977177360173e+02 -1.59232655180113619187e-02
2.02627565576891321975e-01 -4.32584840846785567692e+00 -5.74453766772391682949e-01 1.29966362805240180478e+02 -1.64143350353899084015e-02
2.05155347921162689584e-01 -4.32540695253996432257e+00 -5.74412204607983145621e-01 1.29964859026059514235e+02 -1.69122761200607950316e-02
2.07681733527697698349e-01 -4.32496936034724388520e+00 -5.74370134281307564983e-01 1.29963329699444983589e+02 -1.74170701878967153220e-02
2.10206705196368998090e-01 -4.32453562699535787317e+00 -5.74327556263037775075e-01 1.29961774885602437735e+02 -1.79286984713672610525e-02
2.12730245736675399604e-01 -4.32410574755975396499e+00 -5.74284471016049957726e-01 1.29960194645225811882e+02 -1.84471421601969769177e-02
2.15252337967859502799e-01 -4.32367971707962883698e+00 -5.74240879004504267691e-01 1.29958589039146033883e+02 -1.89723818709617818301e-02
2.17772964719024048064e-01 -4.32325753056640227356e+00 -5.74196780681043406069e-01 1.29956958128831871591e+02 -1.95043984051276805824e-02
2.20292108829248989288e-01 -4.32283918299821845466e+00 -5.74152176495043131688e-01 1.29955301976070160208e+02 -2.00431722676006132677e-02
2.22809753147708622389e-01 -4.32242466932118674094e+00 -5.74107066890717998575e-01 1.29953620643042029315e+02 -2.05886837825621539511e-02
2.25325880533787908933e-01 -4.32201398444931061960e+00 -5.74061452307190189792e-01 1.29951914192322306008e+02 -2.11409130940222768358e-02
2.27840473857199465879e-01 -4.32160712326442908449e+00 -5.74015333178553133209e-01 1.29950182686879259109e+02 -2.16998401663201674616e-02
2.30353515998100027984e-01 -4.32120408061614647011e+00 -5.73968709933936227507e-01 1.29948426190074258102e+02 -2.22654447846762082452e-02
2.32864989847207326523e-01 -4.32080485132175873275e+00 -5.73921582997578005880e-01 1.29946644765661176280e+02 -2.28377065557330352630e-02
2.35374878305916024335e-01 -4.32040943016618950168e+00 -5.73873952788887753407e-01 1.29944838477786220210e+02 -2.34166049081147055466e-02
2.37883164286414594546e-01 -4.32001781190191458393e+00 -5.73825819722518004617e-01 1.29943007390987446570e+02 -2.40021190929197852926e-02
2.40389830711801560925e-01 -4.31962999124889357461e+00 -5.73777184208431823009e-01 1.29941151570194421083e+02 -2.45942281843194651691e-02
2.42894860516201405165e-01 -4.31924596289448636810e+00 -5.73728046651972523051e-01 1.29939271080727877461e+02 -2.51929110800734670783e-02
2.45398236644881417856e-01 -4.31886572149338654469e+00 -5.73678407453932837079e-01 1.29937365988299234232e+02 -2.57981465020971981184e-02
2.47899942054367217192e-01 -4.31848926166753699363e+00 -5.73628267010624748323e-01 1.29935436359010253682e+02 -2.64099129970223750474e-02
2.50399959712559072589e-01 -4.31811657800605974700e+00 -5.73577625713954319941e-01 1.29933482259352757637e+02 -2.70281889367266353608e-02
2.52898272598847562165e-01 -4.31774766506516627373e+00 -5.73526483951488086355e-01 1.29931503756208172717e+02 -2.76529525189280686592e-02
2.55394863704230257184e-01 -4.31738251736808109627e+00 -5.73474842106528770458e-01 1.29929500916847132430e+02 -2.82841817677008007526e-02
2.57889716031426352583e-01 -4.31702112940879700886e+00 -5.73422700553373076993e-01 1.29927473809154236051e+02 -2.89218548170401962283e-02
2.60382812594993184874e-01 -4.31666349563730733507e+00 -5.73370059675783139141e-01 1.29925422500766302392e+02 -2.95659488300254354176e-02
2.62874136421441917388e-01 -4.31630961048065486807e+00 -5.73316919840608951731e-01 1.29923347060311982659e+02 -3.02164415540455665032e-02
2.65363670549352448358e-01 -4.31595946832929477921e+00 -5.73263281414807202019e-01 1.29921247556616179963e+02 -3.08733103255763793871e-02
2.67851398029489484731e-01 -4.31561306354026630316e+00 -5.73209144761435696047e-01 1.29919124058891355844e+02 -3.15365323104928527154e-02
2.70337301924917894347e-01 -4.31527039043711546640e+00 -5.73154510239730186072e-01 1.29916976636737160788e+02 -3.22060845046318877660e-02
2.72821365311117669528e-01 -4.31493144330979205847e+00 -5.73099378205178644485e-01 1.29914805360140064749e+02 -3.28819437343955758846e-02
2.75303571276099334764e-01 -4.31459621641456791963e+00 -5.73043749009602421118e-01 1.29912610299473072928e+02 -3.35640866573204341150e-02
2.77783902920519187862e-01 -4.31426470397393924117e+00 -5.72987623001227297515e-01 1.29910391525495327869e+02 -3.42524897627416030632e-02
2.80262343357794374565e-01 -4.31393690017653330671e+00 -5.72931000524765532411e-01 1.29908149109351739980e+02 -3.49471293723104467488e-02
2.82738875714217352542e-01 -4.31361279917701256892e+00 -5.72873881921492800195e-01 1.29905883122572618049e+02 -3.56479816406824120967e-02
2.85213483129071798672e-01 -4.31329239509598405533e+00 -5.72816267529329237185e-01 1.29903593637073612399e+02 -3.63550225560662354507e-02
2.87686148754746129352e-01 -4.31297568201989278691e+00 -5.72758157682915047815e-01 1.29901280725154833817e+02 -3.70682279408670531384e-02
2.90156855756849185735e-01 -4.31266265400092763116e+00 -5.72699552713696879991e-01 1.29898944459501080928e+02 -3.77875734522922432368e-02
2.92625587314324475674e-01 -4.31235330505692271430e+00 -5.72640452950002099008e-01 1.29896584913181101228e+02 -3.85130345829689038628e-02
2.95092326619564693235e-01 -4.31204762917125172805e+00 -5.72580858717126717217e-01 1.29894202159647448980e+02 -3.92445866615614286088e-02
2.97557056878526016153e-01 -4.31174562029776264893e+00 -5.72520770332180517492e-01 1.29891796273030962539e+02 -3.99822051603795219910e-02
3.00019761310842958402e-01 -4.31144727234130531457e+00 -5.72460188124271684984e-01 1.29889367327005800234e+02 -4.07258645168053629027e-02
3.02480423149941946015e-01 -4.31115257918563354878e+00 -5.72399112405566512507e-01 1.29886915396429998282e+02 -4.14755398367878808097e-02
3.04939025643155781076e-01 -4.31086153467526500549e+00 -5.72337543490036515514e-01 1.29884440556288495827e+02 -4.22312058003715407040e-02
3.07395552051837939178e-01 -4.31057413261973376706e+00 -5.72275481689037301969e-01 1.29881942881948361901e+02 -4.29928369269199431302e-02
3.09849985651476145243e-01 -4.31029036679349175643e+00 -5.72212927311390062712e-01 1.29879422449158624886e+02 -4.37604075757474300645e-02
3.12302309731806226889e-01 -4.31001023093578350398e+00 -5.72149880663471832598e-01 1.29876879334049647241e+02 -4.45338919467601762614e-02
3.14752507596926411892e-01 -4.30973371875054844793e+00 -5.72086342049301310730e-01 1.29874313613133040235e+02 -4.53132640811471504305e-02
3.17200562565410182359e-01 -4.30946082390630369474e+00 -5.72022311770625013772e-01 1.29871725363301322886e+02 -4.60984978620001123462e-02
3.19646457970420572181e-01 -4.30919154003603033232e+00 -5.71957790127005538672e-01 1.29869114661827381951e+02 -4.68895670150209498139e-02
3.22090177159823132236e-01 -4.30892586073706329586e+00 -5.71892777415913489136e-01 1.29866481586364443501e+02 -4.76864451091444999098e-02
3.24531703496299839262e-01 -4.30866377957097146378e+00 -5.71827273932815738355e-01 1.29863826214945532911e+02 -4.84891055572306758914e-02
3.26971020357461672479e-01 -4.30840529006344663543e+00 -5.71761279971263136623e-01 1.29861148625983247484e+02 -4.92975216167650595600e-02
3.29408111135962355931e-01 -4.30815038570418273878e+00 -5.71694795822987877898e-01 1.29858448898269386973e+02 -5.01116663904871070812e-02
3.31842959239611323685e-01 -4.30789905994675859091e+00 -5.71627821777988542884e-01 1.29855727110974697780e+02 -5.09315128271001851812e-02
3.34275548091486185420e-01 -4.30765130620851621757e+00 -5.71560358124628353771e-01 1.29852983343648475056e+02 -5.17570337219632331527e-02
3.36705861130046413265e-01 -4.30740711787596364246e+00 -5.71492405144971238329e-01 1.29850217676540950151e+02 -5.25882019962385788281e-02
3.39133881809245474326e-01 -4.30716648828333603660e+00 -5.71423963133208312470e-01 1.29847430189356657593e+02 -5.34249896237673216337e-02
3.41559593598643573831e-01 -4.30692941074339685770e+00 -5.71355032369195492414e-01 1.29844620963062453711e+02 -5.42673691877172126308e-02
3.43982979983520398282e-01 -4.30669587852734725431e+00 -5.71285613135674164020e-01 1.29841790078719441226e+02 -5.51153128776002212974e-02
3.46404024464987525533e-01 -4.30646588486954051689e+00 -5.71215705714224863954e-01 1.29838937617765623145e+02 -5.59687927331132956121e-02
3.48822710560100557320e-01 -4.30623942296735595647e+00 -5.71145310385362425798e-01 1.29836063662015675391e+02 -5.68277806448962904962e-02
3.51239021801971362802e-01 -4.30601648598107367150e+00 -5.71074427428630682080e-01 1.29833168293660747850e+02 -5.76922483551792902867e-02
3.53652941739880488647e-01 -4.30579706703094622355e+00 -5.71003057123013357810e-01 1.29830251595268350684e+02 -5.85621674585558374404e-02
3.56064453939388791959e-01 -4.30558115920821116163e+00 -5.70931199745761008835e-01 1.29827313649780734295e+02 -5.94375094027172756750e-02
3.58473541982449628307e-01 -4.30536875555834530616e+00 -5.70858855574454482351e-01 1.29824354540516509360e+02 -6.03182454891426633736e-02
3.60880189467520207103e-01 -4.30515984909194848740e+00 -5.70786024885763354497e-01 1.29821374351169140482e+02 -6.12043468738481116764e-02
3.63284380009673946166e-01 -4.30495443278187472913e+00 -5.70712707955888465250e-01 1.29818373165806832503e+02 -6.20957845681284065220e-02
3.65686097240711160961e-01 -4.30475249956309546917e+00 -5.70638905060667278590e-01 1.29815351068872217866e+02 -6.29925294392984641556e-02
3.68085324809271363655e-01 -4.30455404233256899715e+00 -5.70564616475680908003e-01 1.29812308145182100816e+02 -6.38945522114417047144e-02
3.70482046380943785824e-01 -4.30435905394911344501e+00 -5.70489842476351038947e-01 1.29809244479927087923e+02 -6.48018234661617842374e-02
3.72876245638379399949e-01 -4.30416752723325402030e+00 -5.70414583338054281825e-01 1.29806160158671247018e+02 -6.57143136433136487717e-02
3.75267906281401164570e-01 -4.30397945497237888191e+00 -5.70338839332474423216e-01 1.29803055267659374294e+02 -6.66319932606743853265e-02
3.77657012027115768227e-01 -4.30379482990016626331e+00 -5.70262610742200082292e-01 1.29799929892625158345e+02 -6.75548320682039932228e-02
3.80043546610023985632e-01 -4.30361364472616347854e+00 -5.70185897839789901376e-01 1.29796784120524478112e+02 -6.84828002785537043318e-02
3.82427493782131422417e-01 -4.30343589211641308623e+00 -5.70108700901484466428e-01 1.29793618038412517990e+02 -6.94158677726891132354e-02
3.84808837313059592944e-01 -4.30326156469798259963e+00 -5.70031020204013527675e-01 1.29790431733716388862e+02 -7.03540042937389337174e-02
3.87187560990155776874e-01 -4.30309065505883125979e+00 -5.69952856024708687244e-01 1.29787225294234701778e+02 -7.12971794477410686364e-02
3.89563648618604152496e-01 -4.30292315574766437436e+00 -5.69874208641612423065e-01 1.29783998808137312153e+02 -7.22453627044497698195e-02
3.91937084021535264711e-01 -4.30275905927379564986e+00 -5.69795078333592996955e-01 1.29780752363965035556e+02 -7.31985233981350541521e-02
3.94307851040136658760e-01 -4.30259835810699975411e+00 -5.69715465380455254873e-01 1.29777486050629164538e+02 -7.41566307283555853358e-02
3.96675933533762792305e-01 -4.30244104467736754316e+00 -5.69635370063056312162e-01 1.29774199957411212836e+02 -7.51196537607857067753e-02
3.99041315380044780969e-01 -4.30228711137517105811e+00 -5.69554792663419018339e-01 1.29770894173962602736e+02 -7.60875614279950540642e-02
4.01403980475000310424e-01 -4.30213655055070542943e+00 -5.69473733464851861186e-01 1.29767568790304409276e+02 -7.70603225302782801620e-02
4.03763912733143492950e-01 -4.30198935451415653830e+00 -5.69392192752061654382e-01 1.29764223896826791815e+02 -7.80379057364678913045e-02
4.06121096087593724810e-01 -4.30184551553544025637e+00 -5.69310170811273441593e-01 1.29760859584288766655e+02 -7.90202795847279038099e-02
4.08475514490185875882e-01 -4.30170502584406833080e+00 -5.69227667930350622605e-01 1.29757475943817951247e+02 -8.00074124834110472770e-02
4.10827151911578702936e-01 -4.30156787762898940031e+00 -5.69144684398912303891e-01 1.29754073066910137868e+02 -8.09992727118767352756e-02
4.13175992341364761717e-01 -4.30143406303844599847e+00 -5.69061220508454868039e-01 1.29750651045428895713e+02 -8.19958284213116450623e-02
4.15522019788178931243e-01 -4.30130357417982622792e+00 -5.68977276552473987259e-01 1.29747209971605371948e+02 -8.29970476355711139771e-02
4.17865218279807715263e-01 -4.30117640311950921728e+00 -5.68892852826589856541e-01 1.29743749938037666425e+02 -8.40028982520202999185e-02
4.20205571863297211443e-01 -4.30105254188271679539e+00 -5.68807949628668096942e-01 1.29740271037690888534e+02 -8.50133480424022647259e-02
4.22543064605062523853e-01 -4.30093198246034269516e+00 -5.68722567254801303349e-01 1.29736773364302337086e+02 -8.60283648950194296257e-02
4.24877680590995954191e-01 -4.30081471678166860073e+00 -5.68636706015506976364e-01 1.29733257010803413323e+02 -8.70479158790956192293e-02
4.27209403926575026489e-01 -4.30070073675380459832e+00 -5.68550366212442703784e-01 1.29729722071622063595e+02 -8.80719686102120619120e-02
4.29538218736971288969e-01 -4.30059003423583252612e+00 -5.68463548153708808641e-01 1.29726168641187371122e+02 -8.91004903664155967213e-02
4.31864109167158116698e-01 -4.30048260104490687183e+00 -5.68376252150285199427e-01 1.29722596814293154921e+02 -9.01334483044766154869e-02
4.34187059382018403220e-01 -4.30037842895611266414e+00 -5.68288478516161266185e-01 1.29719006686097912961e+02 -9.11708094607030783418e-02
4.36507053566452751792e-01 -4.30027750970230737693e+00 -5.68200227568467552963e-01 1.29715398352124566372e+02 -9.22125407518832596043e-02
4.38824075925487055994e-01 -4.30017983497395661630e+00 -5.68111499627604099594e-01 1.29711771908259692054e+02 -9.32586089761125724973e-02
4.41138110684379691762e-01 -4.30008539641899112382e+00 -5.68022295017375999926e-01 1.29708127450753551102e+02 -9.43089808137539398203e-02
4.43449142088729597599e-01 -4.29999418564264068721e+00 -5.67932614065130181302e-01 1.29704465076219406683e+02 -9.53636228282794679023e-02
4.45757154404582744966e-01 -4.29990619420728137356e+00 -5.67842457101883968384e-01 1.29700784881633239820e+02 -9.64225014671929586685e-02
4.48062131918540051956e-01 -4.29982141363227832187e+00 -5.67751824462463416943e-01 1.29697086964333522019e+02 -9.74855830629384884078e-02
4.50364058937863631638e-01 -4.29973983539382675900e+00 -5.67660716485644867291e-01 1.29693371422020504724e+02 -9.85528338337999937346e-02
4.52662919790584206137e-01 -4.29966145092479390399e+00 -5.67569133514287504916e-01 1.29689638352756134054e+02 -9.96242198848459326044e-02
4.54958698825607410487e-01 -4.29958625161455820773e+00 -5.67477075895476135159e-01 1.29685887854963368682e+02 -1.00699707208818406423e-01
4.57251380412820318533e-01 -4.29951422880885392175e+00 -5.67384543980658406781e-01 1.29682120027426066144e+02 -1.01779261687072131171e-01
4.59540948943198301890e-01 -4.29944537380961211426e+00 -5.67291538125789363001e-01 1.29678334969288357570e+02 -1.02862849090523983397e-01
4.61827388828911278296e-01 -4.29937967787479635717e+00 -5.67198058691474105153e-01 1.29674532780054278192e+02 -1.03950435080575512292e-01
4.64110684503429071768e-01 -4.29931713221824374216e+00 -5.67104106043107347723e-01 1.29670713559587397867e+02 -1.05041985210035299092e-01
4.66390820421628160553e-01 -4.29925772800950944941e+00 -5.67009680551023298456e-01 1.29666877408110508441e+02 -1.06137464924107027819e-01
4.68667781059897148310e-01 -4.29920145637369621738e+00 -5.66914782590637877924e-01 1.29663024426204827932e+02 -1.07236839561328761716e-01
4.70941550916242568370e-01 -4.29914830839130601703e+00 -5.66819412542599931903e-01 1.29659154714810057385e+02 -1.08340074354497245546e-01
4.73212114510394632472e-01 -4.29909827509806863333e+00 -5.66723570792933117879e-01 1.29655268375223556632e+02 -1.09447134431685910716e-01
4.75479456383912424400e-01 -4.29905134748477912865e+00 -5.66627257733192002398e-01 1.29651365509100088502e+02 -1.10557984817186039095e-01
4.77743561100288705035e-01 -4.29900751650876333798e+00 -5.66530473754781160878e-01 1.29647446219124333311e+02 -1.11672590770815233219e-01
4.80004413245055938653e-01 -4.29896677304839958111e+00 -5.66433219271791243976e-01 1.29643510606385490291e+02 -1.12790916471723651204e-01
4.82261997425890265312e-01 -4.29892910796928884309e+00 -5.66335494688002927255e-01 1.29639558774219892712e+02 -1.13912926944440856536e-01
4.84516298272717305107e-01 -4.29889451208089568013e+00 -5.66237300418590216999e-01 1.29635590825707822660e+02 -1.15038586808242346282e-01
4.86767300437815575442e-01 -4.29886297614694612435e+00 -5.66138636885022084044e-01 1.29631606864284691483e+02 -1.16167860583563889443e-01
4.89014988595922406311e-01 -4.29883449088526337079e+00 -5.66039504515212121838e-01 1.29627606993740585040e+02 -1.17300712693018907573e-01
4.91259347444337080013e-01 -4.29880904696760257622e+00 -5.65939903743680194914e-01 1.29623591318219752111e+02 -1.18437107462387475332e-01
4.93500361703025469673e-01 -4.29878663501949276338e+00 -5.65839835011710312607e-01 1.29619559942220234916e+02 -1.19577009121642457989e-01
4.95738016114724178163e-01 -4.29876724562006984343e+00 -5.65739298767507392540e-01 1.29615512970593186992e+02 -1.20720381805975246481e-01
4.97972295445044454976e-01 -4.29875086930191940837e+00 -5.65638295466365570441e-01 1.29611450508542674243e+02 -1.21867189556779637050e-01
5.00203184482575280434e-01 -4.29873749655090620081e+00 -5.65536825570821966025e-01 1.29607372661624850707e+02 -1.23017396322756697447e-01
5.02430668038987948698e-01 -4.29872711780601690634e+00 -5.65434889550825436899e-01 1.29603279535747702766e+02 -1.24170965960865048450e-01
5.04654730949138929930e-01 -4.29871972345359854017e+00 -5.65332487878951739368e-01 1.29599171237171532312e+02 -1.25327862236140091801e-01
5.06875358071172565921e-01 -4.29871530384952293957e+00 -5.65229621050066466381e-01 1.29595047872504125053e+02 -1.26488048827740506841e-01
5.09092534286625153506e-01 -4.29871384928563582406e+00 -5.65126289552675409311e-01 1.29590909548706633814e+02 -1.27651489322598843401e-01
5.11306244500527418140e-01 -4.29871535001178273205e+00 -5.65022493888027166342e-01 1.29586756373088888949e+02 -1.28818147221336498642e-01
5.13516473641507098513e-01 -4.29871979623011579719e+00 -5.64918234565615073883e-01 1.29582588453309824672e+02 -1.29987985938135680586e-01
5.15723206661891864222e-01 -4.29872717809493476437e+00 -5.64813512103349180116e-01 1.29578405897376995881e+02 -1.31160968801778632375e-01
5.17926428537812011399e-01 -4.29873748571252534134e+00 -5.64708327027728662628e-01 1.29574208813645952887e+02 -1.32337059056778727495e-01
5.20126124269301826075e-01 -4.29875070914099133290e+00 -5.64602679874011248451e-01 1.29569997310819786662e+02 -1.33516219864408230977e-01
5.22322278880402501855e-01 -4.29876683839010542698e+00 -5.64496571186394291431e-01 1.29565771497948531987e+02 -1.34698414303787233903e-01
5.24514877419263836344e-01 -4.29878586342113511165e+00 -5.64390001518185635554e-01 1.29561531484428570593e+02 -1.35883605373024574092e-01
5.26703904958246260648e-01 -4.29880777414668990843e+00 -5.64282971431982138810e-01 1.29557277380002062728e+02 -1.37071755990267940550e-01
5.28889346594021980685e-01 -4.29883256044508854643e+00 -5.64175481493831343371e-01 1.29553009295594506511e+02 -1.38262829342816806477e-01
5.31071187447676895665e-01 -4.29886021210338409304e+00 -5.64067532296885221221e-01 1.29548727340036549549e+02 -1.39456787530325643232e-01
5.33249412664811961449e-01 -4.29889071890057916647e+00 -5.63959124427201086149e-01 1.29544431624873453757e+02 -1.40653593554708022939e-01
5.35424007415643554708e-01 -4.29892407055305092456e+00 -5.63850258486324640295e-01 1.29540122261225008060e+02 -1.41853210025683851292e-01
5.37594956895105391403e-01 -4.29896025672771830983e+00 -5.63740935085988770226e-01 1.29535799360553994575e+02 -1.43055599478550038439e-01
5.39762246322948779920e-01 -4.29899926704188661830e+00 -5.63631154848304727345e-01 1.29531463034665080158e+02 -1.44260724375431359512e-01
5.41925860943843207274e-01 -4.29904109106308940369e+00 -5.63520918405949644558e-01 1.29527113395704759569e+02 -1.45468547106343576436e-01
5.44085786027477369409e-01 -4.29908571830892327625e+00 -5.63410226402344505026e-01 1.29522750556160247015e+02 -1.46679029990344350631e-01
5.46242006868658758201e-01 -4.29913313824690401788e+00 -5.63299079491854537416e-01 1.29518374628859135100e+02 -1.47892135276722985759e-01
5.48394508787414136641e-01 -4.29918334029430226906e+00 -5.63187478339968294883e-01 1.29513985726968570589e+02 -1.49107825146101741209e-01
5.50543277129089347888e-01 -4.29923631381799076223e+00 -5.63075423623494497605e-01 1.29509583963994685973e+02 -1.50326061711659741960e-01
5.52688297264449235335e-01 -4.29929204813428977872e+00 -5.62962916030753879326e-01 1.29505169453781832090e+02 -1.51546807020246976361e-01
5.54829554589777229623e-01 -4.29935053250881438203e+00 -5.62849956261770589805e-01 1.29500742310511924416e+02 -1.52770023053576647909e-01
5.56967034526974602571e-01 -4.29941175615631543394e+00 -5.62736545028468815310e-01 1.29496302648703817795e+02 -1.53995671729416611084e-01
5.59100722523659832142e-01 -4.29947570824053570959e+00 -5.62622683054866512542e-01 1.29491850583212539050e+02 -1.55223714902754300615e-01
5.61230604053267856379e-01 -4.29954237787405446625e+00 -5.62508371077275137750e-01 1.29487386229228604861e+02 -1.56454114366992969032e-01
5.63356664615148439168e-01 -4.29961175411813378844e+00 -5.62393609844496267236e-01 1.29482909702277083852e+02 -1.57686831855175985106e-01
5.65478889734665535194e-01 -4.29968382598257292670e+00 -5.62278400118024879184e-01 1.29478421118217312369e+02 -1.58921829041156481566e-01
5.67597264963295100593e-01 -4.29975858242555730726e+00 -5.62162742672246640296e-01 1.29473920593241757615e+02 -1.60159067540817795505e-01
5.69711775878724790978e-01 -4.29983601235351642345e+00 -5.62046638294642297851e-01 1.29469408243875392373e+02 -1.61398508913272675791e-01
5.71822408084950328799e-01 -4.29991610462096307543e+00 -5.61930087785991072558e-01 1.29464884186974984459e+02 -1.62640114662122803324e-01
5.73929147212374757281e-01 -4.29999884803036369618e+00 -5.61813091960576826978e-01 1.29460348539728215655e+02 -1.63883846236660940532e-01
5.76031978917906362092e-01 -4.30008423133198292021e+00 -5.61695651646391125311e-01 1.29455801419653028006e+02 -1.65129665033090095028e-01
5.78130888885055260751e-01 -4.30017224323943469955e+00 -5.61577767680125017336e-01 1.29451242945497938308e+02 -1.66377532696450114447e-01
5.80225862824032101450e-01 -4.30026287236804982683e+00 -5.61459440927778441477e-01 1.29446673233709333317e+02 -1.67627409946639494009e-01
5.82316886471844319395e-01 -4.30035610732514950172e+00 -5.61340672254939998531e-01 1.29442092403624457120e+02 -1.68879258303623491777e-01
5.84403945592394169495e-01 -4.30045193665078429035e+00 -5.61221462546531824067e-01 1.29437500574074164206e+02 -1.70133038963950627975e-01
5.86487025976574760655e-01 -4.30055034883209952312e+00 -5.61101812702229363339e-01 1.29432897864215505024e+02 -1.71388713077354482017e-01
5.88566113442367422337e-01 -4.30065133230319940338e+00 -5.60981723636688078827e-01 1.29428284393530674379e+02 -1.72646241748013434814e-01
5.90641193834937960894e-01 -4.30075487544500756343e+00 -5.60861196279750284788e-01 1.29423660281826272467e+02 -1.73905586035864090366e-01
5.92712253026733248973e-01 -4.30086096658513383773e+00 -5.60740231576664749369e-01 1.29419025649232509068e+02 -1.75166706957832846170e-01
5.94779276917577259809e-01 -4.30096959399774103616e+00 -5.60618830488306185700e-01 1.29414380616202123520e+02 -1.76429565489181455762e-01
5.96842251434767101514e-01 -4.30108074590341349364e+00 -5.60496993991389746981e-01 1.29409725303509560490e+02 -1.77694122564741735504e-01
5.98901162533168496260e-01 -4.30119441046641970416e+00 -5.60374723062013857522e-01 1.29405059832250174168e+02 -1.78960339074798635561e-01
6.00955996195312258656e-01 -4.30131057580537223828e+00 -5.60252018741849600048e-01 1.29400384323838807177e+02 -1.80228175887923530718e-01
6.03006738431488664709e-01 -4.30142922997640386740e+00 -5.60128882040516917762e-01 1.29395698900009733734e+02 -1.81497593820382552288e-01
6.05053375279843597134e-01 -4.30155036098449539139e+00 -5.60005314000320053580e-01 1.29391003682815039610e+02 -1.82768553658439275589e-01
6.07095892806472914316e-01 -4.30167395678040964668e+00 -5.59881315680517133160e-01 1.29386298794623741060e+02 -1.84041016154518344283e-01
6.09134277105518040507e-01 -4.30180000526057337851e+00 -5.59756888157548759821e-01 1.29381584358120903744e+02 -1.85314942028544510366e-01
6.11168514299259779676e-01 -4.30192849426695378412e+00 -5.59632032525268607870e-01 1.29376860496306676396e+02 -1.86590291969222055180e-01
6.13198590538213572643e-01 -4.30205941158694304960e+00 -5.59506749895166466402e-01 1.29372127332495210794e+02 -1.87867026635429701376e-01
6.15224492001223088877e-01 -4.30219274495323578122e+00 -5.59381041396602052274e-01 1.29367384990313638582e+02 -1.89145106657565537089e-01
6.17246204895555039549e-01 -4.30232848204372420042e+00 -5.59254908177038045913e-01 1.29362633593701104928e+02 -1.90424492638832015823e-01
6.19263715456992658304e-01 -4.30246661048137113426e+00 -5.59128351402267909087e-01 1.29357873266907631660e+02 -1.91705145156680134555e-01
6.21277009949929293064e-01 -4.30260711783411142761e+00 -5.59001372256648587644e-01 1.29353104134493037236e+02 -1.92987024764136816390e-01
6.23286074667462219878e-01 -4.30274999161474269727e+00 -5.58873971943342873203e-01 1.29348326321326027255e+02 -1.94270091991147586530e-01
6.25290895931486012671e-01 -4.30289521929575613512e+00 -5.58746151680724500999e-01 1.29343539953437385748e+02 -1.95554307565302620819e-01
6.27291460092785357894e-01 -4.30304278825055508406e+00 -5.58617912717576214909e-01 1.29338745154664451320e+02 -1.96839631554973082395e-01
6.29287753531128202233e-01 -4.30319268583979219756e+00 -5.58489256311366699670e-01 1.29333942051590895517e+02 -1.98126024631040953405e-01
6.31279762655358012147e-01 -4.30334489935465569488e+00 -5.58360183742824922604e-01 1.29329130770309660647e+02 -1.99413447245165159627e-01
6.33267473903487365661e-01 -4.30349941603068231188e+00 -5.58230696312674190551e-01 1.29324311437216806553e+02 -2.00701859832904283554e-01
6.35250873742789323728e-01 -4.30365622304765338413e+00 -5.58100795341870625776e-01 1.29319484179010260050e+02 -2.01991222815069482177e-01
6.37229948669889467716e-01 -4.30381530752951935170e+00 -5.57970482171841086760e-01 1.29314649122688877014e+02 -2.03281496599222510913e-01
6.39204685210858825073e-01 -4.30397665654429495419e+00 -5.57839758164736521096e-01 1.29309806395551134983e+02 -2.04572641580999969868e-01
6.41175069921305018639e-01 -4.30414025710397396551e+00 -5.57708624703667776856e-01 1.29304956125193740490e+02 -2.05864618145625399848e-01
6.43141089386463082889e-01 -4.30430609616444836973e+00 -5.57577083192951183932e-01 1.29300098439510549042e+02 -2.07157386669226867282e-01
6.45102730221288278578e-01 -4.30447416062541954318e+00 -5.57445135058364904523e-01 1.29295233466691342983e+02 -2.08450907520360495528e-01
6.47059979070545909785e-01 -4.30464443733032542383e+00 -5.57312781747385077580e-01 1.29290361335220580941e+02 -2.09745141061439044350e-01
6.49012822608903250376e-01 -4.30481691306625524618e+00 -5.57180024729438727604e-01 1.29285482173875834633e+02 -2.11040047650104617416e-01
6.50961247541019139007e-01 -4.30499157456388115151e+00 -5.57046865496156562436e-01 1.29280596111726794106e+02 -2.12335587640787554209e-01
6.52905240601636016606e-01 -4.30516840849738358088e+00 -5.56913305561617888451e-01 1.29275703278133931917e+02 -2.13631721386044942657e-01
6.54844788555668411156e-01 -4.30534740148438110907e+00 -5.56779346462607294121e-01 1.29270803802746854672e+02 -2.14928409238109963120e-01
6.56779878198294642111e-01 -4.30552854008586916024e+00 -5.56644989758862451801e-01 1.29265897815503194579e+02 -2.16225611550324325894e-01
6.58710496355045971306e-01 -4.30571181080615428272e+00 -5.56510237033327692657e-01 1.29260985446627302053e+02 -2.17523288678576204314e-01
6.60636629881896420002e-01 -4.30589720009279375290e+00 -5.56375089892412577619e-01 1.29256066826628568833e+02 -2.18821400982851577144e-01
6.62558265665352030815e-01 -4.30608469433654228453e+00 -5.56239549966241919599e-01 1.29251142086300291112e+02 -2.20119908828633609188e-01
6.64475390622540684760e-01 -4.30627427987129252074e+00 -5.56103618908914243413e-01 1.29246211356718021079e+02 -2.21418772588465734286e-01
6.66387991701300586023e-01 -4.30646594297403328966e+00 -5.55967298398758025257e-01 1.29241274769238259523e+02 -2.22717952643337685492e-01
6.68296055880269523897e-01 -4.30665966988209536481e+00 -5.55830590106071276146e-01 1.29236332455487968218e+02 -2.24017409372224890474e-01
6.70199570168973357553e-01 -4.30685544673854359132e+00 -5.55693495820127170148e-01 1.29231384548122036904e+02 -2.25317103334220170119e-01
6.72098521607914500819e-01 -4.30705325964030905084e+00 -5.55556017266423785017e-01 1.29226431177923501536e+02 -2.26616994678985550493e-01
6.73992897268660184906e-01 -4.30725309464823791217e+00 -5.55418156220652603494e-01 1.29221472478035451559e+02 -2.27917043958927451053e-01
6.75882684253930277052e-01 -4.30745493775415866367e+00 -5.55279914486168091337e-01 1.29216508581196393379e+02 -2.29217211620249022852e-01
6.77767869697685210184e-01 -4.30765877489275350598e+00 -5.55141293892104537022e-01 1.29211539620416687058e+02 -2.30517458126710095279e-01
6.79648440765214134629e-01 -4.30786459194155746388e+00 -5.55002296293652719328e-01 1.29206565728976812579e+02 -2.31817743961188371671e-01
6.81524384653221182440e-01 -4.30807237472091308916e+00 -5.54862923572296717900e-01 1.29201587040425806663e+02 -2.33118029627128464654e-01
6.83395688589913286037e-01 -4.30828210899395802613e+00 -5.54723177636106790089e-01 1.29196603688579472191e+02 -2.34418275650198071336e-01
6.85262339835087441742e-01 -4.30849378046662678798e+00 -5.54583060419974960276e-01 1.29191615807519099235e+02 -2.35718442579726905617e-01
6.87124325680216641032e-01 -4.30870737478761789419e+00 -5.54442573885901346387e-01 1.29186623531589333425e+02 -2.37018490990288238640e-01
6.88981633448537245101e-01 -4.30892287754840275227e+00 -5.54301720023238742030e-01 1.29181626995396754864e+02 -2.38318381483256819253e-01
6.90834250495134805092e-01 -4.30914027428322654600e+00 -5.54160500848972614740e-01 1.29176626333808087566e+02 -2.39618074688363602576e-01
6.92682164207029549274e-01 -4.30935955046909047184e+00 -5.54018918407979787943e-01 1.29171621681948352034e+02 -2.40917531265198575641e-01
6.94525362003264090660e-01 -4.30958069152578726602e+00 -5.53876974773287789056e-01 1.29166613175199444186e+02 -2.42216711904853942983e-01
6.96363831334987137822e-01 -4.30980368281588255286e+00 -5.53734672046360065778e-01 1.29161600949197691079e+02 -2.43515577331406052330e-01
6.98197559685539759222e-01 -4.31002850964475303641e+00 -5.53592012357335905293e-01 1.29156585139832799314e+02 -2.44814088303600879692e-01
7.00026534570540759361e-01 -4.31025515726058738863e+00 -5.53448997865311986821e-01 1.29151565883245410760e+02 -2.46112205616265233843e-01
7.01850743537971277775e-01 -4.31048361085443509921e+00 -5.53305630758611055597e-01 1.29146543315825539366e+02 -2.47409890102043728000e-01
7.03670174168260054159e-01 -4.31071385556020381102e+00 -5.53161913255045822879e-01 1.29141517574210695329e+02 -2.48707102632857113278e-01
7.05484814074367139192e-01 -4.31094587645472060444e+00 -5.53017847602176204624e-01 1.29136488795283838726e+02 -2.50003804121590178511e-01
7.07294650901869381698e-01 -4.31117965855774976092e+00 -5.52873436077594315741e-01 1.29131457116171503685e+02 -2.51299955523601403762e-01
7.09099672329043584362e-01 -4.31141518683205227092e+00 -5.52728680989168830173e-01 1.29126422674241865707e+02 -2.52595517838313410319e-01
7.10899866066950880672e-01 -4.31165244618341603200e+00 -5.52583584675337413650e-01 1.29121385607102695303e+02 -2.53890452110906772454e-01
7.12695219859520112671e-01 -4.31189142146072512674e+00 -5.52438149505358633284e-01 1.29116346052599482164e+02 -2.55184719433778350872e-01
7.14485721483631763817e-01 -4.31213209745600600797e+00 -5.52292377879573415100e-01 1.29111304148813275106e+02 -2.56478280948257253424e-01
7.16271358749200004468e-01 -4.31237445890450032948e+00 -5.52146272229687373745e-01 1.29106260034058607289e+02 -2.57771097846152597022e-01
7.18052119499257623936e-01 -4.31261849049645817900e+00 -5.51999835017618845079e-01 1.29101213847544954660e+02 -2.59063131451532313587e-01
7.19827991610036854730e-01 -4.31286417689512902029e+00 -5.51853068704852178783e-01 1.29096165726728827394e+02 -2.60354342895657397960e-01
7.21598962991052972349e-01 -4.31311150255339903481e+00 -5.51705975890667610351e-01 1.29091115811300824134e+02 -2.61644693631547908819e-01
7.23365021585186451780e-01 -4.31336045203965845474e+00 -5.51558559098281220301e-01 1.29086064240458199492e+02 -2.62934145055893242482e-01
7.25126155368765124010e-01 -4.31361100980633427326e+00 -5.51410820920201438788e-01 1.29081011153651587620e+02 -2.64222658637175367158e-01
7.26882352351645444344e-01 -4.31386316024953675452e+00 -5.51262763981887560227e-01 1.29075956690552288819e+02 -2.65510195904110346543e-01
7.28633600577295093004e-01 -4.31411688770917312041e+00 -5.51114390942023635311e-01 1.29070900991049967388e+02 -2.66796718447157743537e-01
7.30379888122873355272e-01 -4.31437217646906034929e+00 -5.50965704492776708889e-01 1.29065844195250377879e+02 -2.68082187920268721903e-01
7.32121203099313277995e-01 -4.31462901075701843467e+00 -5.50816707360057833398e-01 1.29060786443473148211e+02 -2.69366566042416599736e-01
7.33857533651401716668e-01 -4.31488737474500627656e+00 -5.50667402303792852258e-01 1.29055727876249534347e+02 -2.70649814599316196340e-01
7.35588867957860936819e-01 -4.31514725254923003916e+00 -5.50517792118180304684e-01 1.29050668634319805506e+02 -2.71931895444937121731e-01
7.37315194231428105986e-01 -4.31540862823028792405e+00 -5.50367879631959433517e-01 1.29045608858631112525e+02 -2.73212770503266699773e-01
7.39036500718936339993e-01 -4.31567148579329629143e+00 -5.50217667708652324876e-01 1.29040548690334901494e+02 -2.74492401769871718908e-01
7.40752775701394416963e-01 -4.31593580918802377511e+00 -5.50067159246853565335e-01 1.29035488270784583165e+02 -2.75770751313533513116e-01
7.42464007494066491333e-01 -4.31620158230905115460e+00 -5.49916357180459836052e-01 1.29030427741533117114e+02 -2.77047781277890703411e-01
7.44170184446551918889e-01 -4.31646878899592145729e+00 -5.49765264478947801585e-01 1.29025367244330311678e+02 -2.78323453883157878597e-01
7.45871294942864193622e-01 -4.31673741303330515962e+00 -5.49613884147625020304e-01 1.29020306921120493371e+02 -2.79597731427609685895e-01
7.47567327401510439699e-01 -4.31700743815115650648e+00 -5.49462219227878412298e-01 1.29015246914039892090e+02 -2.80870576289347972931e-01
7.49258270275569682184e-01 -4.31727884802488937055e+00 -5.49310272797455700911e-01 1.29010187365414054739e+02 -2.82141950927911888680e-01
7.50944112052772227983e-01 -4.31755162627556110522e+00 -5.49158047970671470139e-01 1.29005128417755116743e+02 -2.83411817885888928092e-01
7.52624841255577603505e-01 -4.31782575647006527930e+00 -5.49005547898709034271e-01 1.29000070213759443050e+02 -2.84680139790608577322e-01
7.54300446441252492313e-01 -4.31810122212130753638e+00 -5.48852775769839595910e-01 1.28995012896304643846e+02 -2.85946879355706895520e-01
7.55970916201949338920e-01 -4.31837800668841431673e+00 -5.48699734809690142789e-01 1.28989956608446959763e+02 -2.87211999382895488697e-01
7.57636239164782954170e-01 -4.31865609357694779646e+00 -5.48546428281465936472e-01 1.28984901493418703922e+02 -2.88475462763431333979e-01
7.59296403991909008013e-01 -4.31893546627543756244e+00 -5.48392859483269878851e-01 1.28979847694553001247e+02 -2.89737232488336882152e-01
7.60951399380600634892e-01 -4.31921610781867748585e+00 -5.48239031765352602399e-01 1.28974795355565731825e+02 -2.90997271619716446622e-01
7.62601214063325594239e-01 -4.31949800158110708281e+00 -5.48084948497690072067e-01 1.28969744620132189539e+02 -2.92255543333051426291e-01
7.64245836807822653824e-01 -4.31978113075620484551e+00 -5.47930613096383467564e-01 1.28964695632160299965e+02 -2.93512010894658059712e-01
7.65885256417178750254e-01 -4.32006547848502364673e+00 -5.47776029016347032474e-01 1.28959648535719765050e+02 -2.94766637668715580922e-01
7.67519461729904151071e-01 -4.32035102785642877166e+00 -5.47621199751534004641e-01 1.28954603475039277782e+02 -2.96019387118887644661e-01
7.69148441620009615249e-01 -4.32063776190735193694e+00 -5.47466128835190302127e-01 1.28949560594503196853e+02 -2.97270222809915052320e-01
7.70772184997081555302e-01 -4.32092566363552421649e+00 -5.47310819839179951707e-01 1.28944520039346770091e+02 -2.98519108460402415872e-01
7.72390680806357088350e-01 -4.32121471595061734661e+00 -5.47155276377725763304e-01 1.28939481952899001271e+02 -2.99766007744937446056e-01
7.74003918028800530493e-01 -4.32150490174721557679e+00 -5.46999502102495815947e-01 1.28934446480656077938e+02 -3.01010884588116311988e-01
7.75611885681177226637e-01 -4.32179620385727858434e+00 -5.46843500706171714576e-01 1.28929413767595747231e+02 -3.02253702975521287843e-01
7.77214572816129045663e-01 -4.32208860506223935261e+00 -5.46687275921878268470e-01 1.28924383958836443753e+02 -3.03494427002089728340e-01
7.78811968522248321278e-01 -4.32238208809331414528e+00 -5.46530831523369231562e-01 1.28919357199633907385e+02 -3.04733020873614257606e-01
7.80404061924152570029e-01 -4.32267663563179738162e+00 -5.46374171325276103417e-01 1.28914333635378199006e+02 -3.05969448908428476308e-01
7.81990842182558654194e-01 -4.32297223030939914423e+00 -5.46217299183300308840e-01 1.28909313411590431997e+02 -3.07203675538996245908e-01
7.83572298494356056509e-01 -4.32326885470856847604e+00 -5.46060218994443125062e-01 1.28904296673919247951e+02 -3.08435665313592566328e-01
7.85148420092680932036e-01 -4.32356649136281312451e+00 -5.45902934697203634506e-01 1.28899283568137917655e+02 -3.09665382897796714889e-01
7.86719196246989271870e-01 -4.32386512275706724751e+00 -5.45745450271798882014e-01 1.28894274240140703114e+02 -3.10892793076210371961e-01
7.88284616263129733760e-01 -4.32416473132803691470e+00 -5.45587769740342398705e-01 1.28889268835939759583e+02 -3.12117860753984899258e-01
7.89844669483416361722e-01 -4.32446529946454738536e+00 -5.45429897167073240993e-01 1.28884267501661355482e+02 -3.13340550958525698722e-01
7.91399345286702082802e-01 -4.32476680973022364896e+00 -5.45271836763218442634e-01 1.28879270383422806390e+02 -3.14560828918893031769e-01
7.92948633088449872375e-01 -4.32506924398507308638e+00 -5.45113592484797071513e-01 1.28874277627803451196e+02 -3.15778659766319913516e-01
7.94492522340805029657e-01 -4.32537258468851781856e+00 -5.44955168613461715665e-01 1.28869289381137235750e+02 -3.16994008972633356525e-01
7.96031002532667897320e-01 -4.32567681404163284498e+00 -5.44796569383938278364e-01 1.28864305789973116134e+02 -3.18206842069933881767e-01
7.97564063189764360651e-01 -4.32598191419953970183e+00 -5.44637799074039530289e-01 1.28859327000956824349e+02 -3.19417124720431822027e-01
7.99091693874717567958e-01 -4.32628786727182745864e+00 -5.44478862004805774788e-01 1.28854353160827201918e+02 -3.20624822718049706793e-01
8.00613884187118873825e-01 -4.32659465532297549117e+00 -5.44319762540697693609e-01 1.28849384416412760856e+02 -3.21829901989939659579e-01
8.02130623763599115428e-01 -4.32690226037277891891e+00 -5.44160505089783974597e-01 1.28844420914627619368e+02 -3.23032328598100992867e-01
8.03641902277898334539e-01 -4.32721066439679713511e+00 -5.44001094103869320406e-01 1.28839462802468062819e+02 -3.24232068740882117819e-01
8.05147709440937053849e-01 -4.32751984932677924434e+00 -5.43841534078699395671e-01 1.28834510227008649963e+02 -3.25429088754600304156e-01
8.06648035000885443857e-01 -4.32782979705117210045e+00 -5.43681829554072293398e-01 1.28829563335398489698e+02 -3.26623355114938507260e-01
8.08142868743233711015e-01 -4.32814048941552353966e+00 -5.43521985114039707376e-01 1.28824622274857290449e+02 -3.27814834438652724646e-01
8.09632200490861042574e-01 -4.32845190822299574762e+00 -5.43362005387016511193e-01 1.28819687192671551657e+02 -3.29003493484966325067e-01
8.11116020104105994726e-01 -4.32876403523486708025e+00 -5.43201895045949623153e-01 1.28814758236190613161e+02 -3.30189299157162829967e-01
8.12594317480834105183e-01 -4.32907685217097437658e+00 -5.43041658808454785756e-01 1.28809835552822761429e+02 -3.31372218504027760133e-01
8.14067082556508059277e-01 -4.32939034071028405748e+00 -5.42881301436923924264e-01 1.28804919290031193668e+02 -3.32552218721445580485e-01
8.15534305304254858449e-01 -4.32970448249134065577e+00 -5.42720827738692568332e-01 1.28800009595329811418e+02 -3.33729267153815345459e-01
8.16995975734935098167e-01 -4.33001925938742182609e+00 -5.42560242876220399921e-01 1.28795106616136024513e+02 -3.34903331509905366481e-01
8.18452083897210691532e-01 -4.33033465241475923335e+00 -5.42399551161545145916e-01 1.28790210500338986321e+02 -3.36074379029666525653e-01
8.19902619877612370836e-01 -4.33065064336144533996e+00 -5.42238757815819205632e-01 1.28785321395439410708e+02 -3.37242377705438134416e-01
8.21347573800607411165e-01 -4.33096721370964221620e+00 -5.42077867827427617442e-01 1.28780439449113885075e+02 -3.38407295490627424428e-01
8.22786935828667020942e-01 -4.33128434490378921851e+00 -5.41916886230290550941e-01 1.28775564809069095418e+02 -3.39569100494543640867e-01
8.24220696162332733259e-01 -4.33160201835124247793e+00 -5.41755818103890285364e-01 1.28770697623037591484e+02 -3.40727760983752847590e-01
8.25648845040284129482e-01 -4.33192021542280691904e+00 -5.41594668573409210310e-01 1.28765838038773495100e+02 -3.41883245383592992983e-01
8.27071372739403898322e-01 -4.33223891745335532022e+00 -5.41433442809814313712e-01 1.28760986204048037962e+02 -3.43035522279544147217e-01
8.28488269574845448417e-01 -4.33255810575751354463e+00 -5.41272146029251222110e-01 1.28756142267485330422e+02 -3.44184560454650012584e-01
8.29899525900098078424e-01 -4.33287776157056914172e+00 -5.41110783495660219167e-01 1.28751306375236055146e+02 -3.45330328750742543420e-01
8.31305132107052369150e-01 -4.33319786613767377048e+00 -5.40949360517166355500e-01 1.28746478675900249300e+02 -3.46472796274533589855e-01
8.32705078626066685921e-01 -4.33351840065607518682e+00 -5.40787882448533707702e-01 1.28741659317273899887e+02 -3.47611932266034706629e-01
8.34099355926031127417e-01 -4.33383934629018696683e+00 -5.40626354690606714115e-01 1.28736848447147934849e+02 -3.48747706132348511687e-01
8.35487954514433028841e-01 -4.33416068417228572685e+00 -5.40464782690379785812e-01 1.28732046213303590321e+02 -3.49880087448935950256e-01
8.36870864937421798935e-01 -4.33448239540312041385e+00 -5.40303171941042270632e-01 1.28727252763507948430e+02 -3.51009045961041543649e-01
8.38248077779872757809e-01 -4.33480446105263705903e+00 -5.40141527981982005890e-01 1.28722468245508792961e+02 -3.52134551584937227631e-01
8.39619583665451307830e-01 -4.33512686238173738928e+00 -5.39979857093623505371e-01 1.28717692806947098916e+02 -3.53256574883248797292e-01
8.40985373256677326559e-01 -4.33544957994330903972e+00 -5.39818163582970411696e-01 1.28712926595701077304e+02 -3.54375085213051166377e-01
8.42345437254987894349e-01 -4.33577259495121669630e+00 -5.39656453762903831617e-01 1.28708169759337806681e+02 -3.55490053445748188654e-01
8.43699766400801687283e-01 -4.33609588835858161815e+00 -5.39494733358093170317e-01 1.28703422445482431158e+02 -3.56601450194899805002e-01
8.45048351473580483528e-01 -4.33641944109115851091e+00 -5.39333008139476377529e-01 1.28698684801717121218e+02 -3.57709246251505408321e-01
8.46391183291893445251e-01 -4.33674323404815265093e+00 -5.39171283924252287001e-01 1.28693956975576355717e+02 -3.58813412585262392351e-01
8.47728252713479291103e-01 -4.33706724810288779537e+00 -5.39009566575864518256e-01 1.28689239114542004927e+02 -3.59913920345720728111e-01
8.49059550635307469513e-01 -4.33739146410367215623e+00 -5.38847862003953181897e-01 1.28684531366038129363e+02 -3.61010740863556889302e-01
8.50385067993641552420e-01 -4.33771586287446542229e+00 -5.38686176164356322893e-01 1.28679833877426204936e+02 -3.62103845651756517388e-01
8.51704795764099964472e-01 -4.33804042521573673952e+00 -5.38524515059051744892e-01 1.28675146795999864935e+02 -3.63193206406751234461e-01
8.53018724961718044497e-01 -4.33836513190520811634e+00 -5.38362884736080737902e-01 1.28670470268979812545e+02 -3.64278795009577160968e-01
8.54326846641008552652e-01 -4.33868996369870973950e+00 -5.38201291289525651784e-01 1.28665804443508875465e+02 -3.65360583527041593577e-01
8.55629151896023509849e-01 -4.33901490133097933466e+00 -5.38039740859420967389e-01 1.28661149466646605788e+02 -3.66438544212848438253e-01
8.56925631860413927754e-01 -4.33933992549250469040e+00 -5.37878240759332659771e-01 1.28656505485483336315e+02 -3.67512650276937025140e-01
8.58216277707490537985e-01 -4.33966501686910621771e+00 -5.37716795058623797665e-01 1.28651872646705953684e+02 -3.68582872874406386465e-01
8.59501080650284077223e-01 -4.33999015616106476045e+00 -5.37555411074839395447e-01 1.28647251097171306355e+02 -3.69649185536718771772e-01
8.60780031941604684143e-01 -4.34031532402608011267e+00 -5.37394095131125459908e-01 1.28642640983554201739e+02 -3.70711561275967327322e-01
8.62053122874101962481e-01 -4.34064050110490562417e+00 -5.37232853596074977354e-01 1.28638042452419909978e+02 -3.71769973296392886031e-01
8.63320344780323600808e-01 -4.34096566802223993164e+00 -5.37071692883660189999e-01 1.28633455650218394339e+02 -3.72824394995517116591e-01
8.64581689032775213555e-01 -4.34129080538763112429e+00 -5.36910619453026982661e-01 1.28628880723279138465e+02 -3.73874799964991955115e-01
8.65837147043978516692e-01 -4.34161589379639334396e+00 -5.36749639808480449865e-01 1.28624317817805547293e+02 -3.74921161991720930384e-01
8.67086710266529503421e-01 -4.34194091383050295718e+00 -5.36588760499175587704e-01 1.28619767079869461668e+02 -3.75963455058671625064e-01
8.68330370193157397019e-01 -4.34226584605953291884e+00 -5.36427988119136056611e-01 1.28615228655405388736e+02 -3.77001653345958087638e-01
8.69568118356782493450e-01 -4.34259067104163420936e+00 -5.36267329306972073688e-01 1.28610702690205016552e+02 -3.78035731231634974936e-01
8.70799946330572671727e-01 -4.34291536932442401309e+00 -5.36106790745761618844e-01 1.28606189329911643426e+02 -3.79065663292703192155e-01
8.72025845728002679813e-01 -4.34323992086322885342e+00 -5.35946380809860789540e-01 1.28601688720582615133e+02 -3.80091425419044781631e-01
8.73245808202909201690e-01 -4.34356430721786601623e+00 -5.35786103093245480444e-01 1.28597201006519043176e+02 -3.81112990435150955637e-01
8.74459825449549366105e-01 -4.34388850844466123391e+00 -5.35625965945904058962e-01 1.28592726333357717294e+02 -3.82130334561256945758e-01
8.75667889202656035685e-01 -4.34421250505708655965e+00 -5.35465976226447870623e-01 1.28588264846091817617e+02 -3.83143433177991876715e-01
8.76869991237495205461e-01 -4.34453627756295279738e+00 -5.35306140836864896571e-01 1.28583816689537258071e+02 -3.84152261868973332604e-01
8.78066123369920736863e-01 -4.34485980646536340544e+00 -5.35146466722284275264e-01 1.28579382008326575715e+02 -3.85156796421588787371e-01
8.79256277456431312167e-01 -4.34518307226373767804e+00 -5.34986960870764693965e-01 1.28574960946903388503e+02 -3.86157012827712808889e-01
8.80440445394225390530e-01 -4.34550605545494228465e+00 -5.34827630313056245903e-01 1.28570553649515943562e+02 -3.87152887284491376008e-01
8.81618619121255608917e-01 -4.34582873654983625755e+00 -5.34668482121994581568e-01 1.28566160261071388504e+02 -3.88144396207743047622e-01
8.82790790616284959391e-01 -4.34615109601253291061e+00 -5.34509523413335685404e-01 1.28561780923721329373e+02 -3.89131516184031189809e-01
8.83956951898940523904e-01 -4.34647311435347116770e+00 -5.34350761344052571644e-01 1.28557415781922031783e+02 -3.90114224040730817045e-01
8.85117095029768430337e-01 -4.34679477046494611159e+00 -5.34192205257426611098e-01 1.28553064980463204847e+02 -3.91092498217521067350e-01
8.86271212110287143204e-01 -4.34711604779326332704e+00 -5.34033858222153323680e-01 1.28548728659970265653e+02 -3.92066313183004166998e-01
8.87419295283041753564e-01 -4.34743692546896109974e+00 -5.33875729544760702083e-01 1.28544406964591473752e+02 -3.93035647725826720045e-01
8.88561336731657602783e-01 -4.34775738399777189613e+00 -5.33717826545607065825e-01 1.28540100037041071346e+02 -3.94000479496792954670e-01
8.89697328680893129160e-01 -4.34807740389133723369e+00 -5.33560156585341394120e-01 1.28535808019789328682e+02 -3.94960786356817694642e-01
8.90827263396692936581e-01 -4.34839696566839162273e+00 -5.33402727064398951562e-01 1.28531531055055978641e+02 -3.95916546377328149031e-01
8.91951133186240308071e-01 -4.34871604985592519199e+00 -5.33245545422882161191e-01 1.28527269284804106064e+02 -3.96867737840923440196e-01
8.93068930398010163429e-01 -4.34903463699034542600e+00 -5.33088619140128949780e-01 1.28523022850733497080e+02 -3.97814339241741532494e-01
8.94180647421820240517e-01 -4.34935270761858827626e+00 -5.32931955734303630656e-01 1.28518791894274500009e+02 -3.98756329285983701638e-01
8.95286276688883719821e-01 -4.34967024229948240333e+00 -5.32775562762285326279e-01 1.28514576556581459954e+02 -3.99693686892395483312e-01
8.96385810671860183696e-01 -4.34998721840268753880e+00 -5.32619450243043912607e-01 1.28510376981174573530e+02 -4.00626392699117928053e-01
8.97479241884907241733e-01 -4.35030362247054025460e+00 -5.32463621029603983992e-01 1.28506193303691247820e+02 -4.01554423048936348639e-01
8.98566562883731378975e-01 -4.35061943230069925193e+00 -5.32308085132653929783e-01 1.28502025666753468158e+02 -4.02477758979368938075e-01
8.99647766265638582084e-01 -4.35093462850678580622e+00 -5.32152850255998899343e-01 1.28497874210349664281e+02 -4.03396380259530173973e-01
9.00722844669584632449e-01 -4.35124919172004709367e+00 -5.31997924139898881180e-01 1.28493739074159776692e+02 -4.04310266872811463479e-01
9.01791790776225510307e-01 -4.35156310259050904676e+00 -5.31843314560564883742e-01 1.28489620397548634401e+02 -4.05219399016718384576e-01
9.02854597307967132735e-01 -4.35187634178843385513e+00 -5.31689029329845186389e-01 1.28485518319559190559e+02 -4.06123757103391713752e-01
9.03911257029014647557e-01 -4.35218889000538045053e+00 -5.31535076294839869959e-01 1.28481432978905871778e+02 -4.07023321759880540860e-01
9.04961762745422060306e-01 -4.35250072795567266581e+00 -5.31381463337579296180e-01 1.28477364513967927451e+02 -4.07918073828349048160e-01
9.06006107305140861996e-01 -4.35281183100619450954e+00 -5.31228200610652567804e-01 1.28473313067141418742e+02 -4.08807995545849511831e-01
9.07044283598068878938e-01 -4.35312218998075106668e+00 -5.31075291529559234682e-01 1.28469278767927619356e+02 -4.09693065712115722654e-01
9.08076284556099455614e-01 -4.35343178091033600197e+00 -5.30922746336074502516e-01 1.28465261757540076815e+02 -4.10573267070029557235e-01
9.09102103153167639960e-01 -4.35374058460713975194e+00 -5.30770573040506121743e-01 1.28461262172953297522e+02 -4.11448581317798767198e-01
9.10121732405300032376e-01 -4.35404858191228960607e+00 -5.30618779685626984488e-01 1.28457280150772589877e+02 -4.12318990369255178319e-01
9.11135165370661193052e-01 -4.35435575369701322046e+00 -5.30467374345970577032e-01 1.28453315827227385171e+02 -4.13184476353685825600e-01
9.12142395149601159510e-01 -4.35466208086421691092e+00 -5.30316365127767808119e-01 1.28449369338164245846e+02 -4.14045021616292974187e-01
9.13143414884702742107e-01 -4.35496754434953015078e+00 -5.30165760168526012386e-01 1.28445440819039845337e+02 -4.14900608718171026723e-01
9.14138217760827709313e-01 -4.35527211719660378719e+00 -5.30015569015673260189e-01 1.28441530411273134860e+02 -4.15751220706907620439e-01
9.15126797005163528098e-01 -4.35557579532297367564e+00 -5.29865796814387723934e-01 1.28437638237526698504e+02 -4.16596839706847799079e-01
9.16109145887269216146e-01 -4.35587855269512669310e+00 -5.29716453386340435650e-01 1.28433764437746816611e+02 -4.17437449450337560997e-01
9.17085257719121638154e-01 -4.35618037038705807618e+00 -5.29567546977762204641e-01 1.28429909145765890344e+02 -4.18273033351752754339e-01
9.18055125855160469861e-01 -4.35648122951210847731e+00 -5.29419085863245708623e-01 1.28426072494991643680e+02 -4.19103575040706055610e-01
9.19018743692333606177e-01 -4.35678111122434508218e+00 -5.29271078345599388371e-01 1.28422254618400160098e+02 -4.19929058362252194403e-01
9.19976104670142347253e-01 -4.35707999671956702770e+00 -5.29123532755633729785e-01 1.28418455648529288737e+02 -4.20749467376887398284e-01
9.20927202270686140473e-01 -4.35737785674601241226e+00 -5.28976457295533997183e-01 1.28414675725815698115e+02 -4.21564785148418275096e-01
9.21872030018706323240e-01 -4.35767469239025917460e+00 -5.28829860044421451448e-01 1.28410914966105366375e+02 -4.22374997973451293820e-01
9.22810581481630642919e-01 -4.35797047556620320563e+00 -5.28683749743734332505e-01 1.28407173508099901937e+02 -4.23180089844957085798e-01
9.23742850269617443715e-01 -4.35826518764484216462e+00 -5.28538134813770432707e-01 1.28403451482515606585e+02 -4.23980045668390315150e-01
9.24668830035598299233e-01 -4.35855881004556078295e+00 -5.28393023699968433782e-01 1.28399749019594935362e+02 -4.24774850563334138709e-01
9.25588514475321866293e-01 -4.35885132423749155350e+00 -5.28248424872941768626e-01 1.28396066249099447987e+02 -4.25564489863685391224e-01
9.26501897327396517490e-01 -4.35914271174102907480e+00 -5.28104346828324522356e-01 1.28392403300302589741e+02 -4.26348949117711206735e-01
9.27408972373333306827e-01 -4.35943294018519278410e+00 -5.27960795027821450098e-01 1.28388760312942935116e+02 -4.27128210150142240131e-01
9.28309733437587714100e-01 -4.35972201761654787333e+00 -5.27817782961804704556e-01 1.28385137394466113392e+02 -4.27902265701268991194e-01
9.29204174387602388485e-01 -4.36000991312403751721e+00 -5.27675317094557949638e-01 1.28381534682585652263e+02 -4.28671098942144335187e-01
9.30092289133848337812e-01 -4.36029660843985666929e+00 -5.27533405991080894815e-01 1.28377952304554128204e+02 -4.29434696252762149182e-01
9.30974071629866561928e-01 -4.36058208535362901159e+00 -5.27392058238952632365e-01 1.28374390387101101396e+02 -4.30193044225764376076e-01
9.31849515872309464015e-01 -4.36086632571309618100e+00 -5.27251282448537916814e-01 1.28370849056425754497e+02 -4.30946129666475885589e-01
9.32718615900981373734e-01 -4.36114931142526174312e+00 -5.27111087253967491861e-01 1.28367328438190725137e+02 -4.31693939593869535631e-01
9.33581365798879514450e-01 -4.36143100604667033338e+00 -5.26971472866878176688e-01 1.28363828672584219248e+02 -4.32436452350675681888e-01
9.34437759692233416153e-01 -4.36171142666544042754e+00 -5.26832462739878382152e-01 1.28360349855309522127e+02 -4.33173671215399902490e-01
9.35287791750546215752e-01 -4.36199053861643637475e+00 -5.26694058893649175168e-01 1.28356892124228494367e+02 -4.33905576589456332126e-01
9.36131456186633403860e-01 -4.36226832405511544266e+00 -5.26556270011713789536e-01 1.28353455602782190681e+02 -4.34632156306462624773e-01
9.36968747256662348732e-01 -4.36254476520120260119e+00 -5.26419104799650039439e-01 1.28350040413840616793e+02 -4.35353398411700787118e-01
9.37799659260191820209e-01 -4.36281984433987002348e+00 -5.26282571985854707997e-01 1.28346646679695510329e+02 -4.36069291162654526506e-01
9.38624186540210181384e-01 -4.36309352187229482212e+00 -5.26146665239955568794e-01 1.28343274538660921280e+02 -4.36779808157532700719e-01
9.39442323483174468457e-01 -4.36336582222546720544e+00 -5.26011420283007957721e-01 1.28339924079898707987e+02 -4.37484964915817620135e-01
9.40254064519048693427e-01 -4.36363670775114265155e+00 -5.25876833537177956757e-01 1.28336595439286554665e+02 -4.38184737921402056582e-01
9.41059404121340592475e-01 -4.36390616101165118579e+00 -5.25742913765202879439e-01 1.28333288736725023682e+02 -4.38879116230203980553e-01
9.41858336807141038882e-01 -4.36417416463808027771e+00 -5.25609669752866714987e-01 1.28330004091503752761e+02 -4.39568089109452941887e-01
9.42650857137159903232e-01 -4.36444070132923478411e+00 -5.25477110310995754183e-01 1.28326741622296907508e+02 -4.40251646038864297150e-01
9.43436959715763689971e-01 -4.36470572818334190401e+00 -5.25345218683549664007e-01 1.28323501465936004706e+02 -4.40929752456892809498e-01
9.44216639191012285792e-01 -4.36496927753427144125e+00 -5.25214050021978851035e-01 1.28320283703337025827e+02 -4.41602442419361862491e-01
9.44989890254695485972e-01 -4.36523130847175888647e+00 -5.25083591774948010844e-01 1.28317088468928716338e+02 -4.42269685508700882703e-01
9.45756707642368521505e-01 -4.36549180399505853956e+00 -5.24953852775450036106e-01 1.28313915878829391204e+02 -4.42931471986124036810e-01
9.46517086133388918512e-01 -4.36575074717283051484e+00 -5.24824841884122483826e-01 1.28310766048510828341e+02 -4.43587792325853325082e-01
9.47271020550951026173e-01 -4.36600809393712019357e+00 -5.24696532202508225673e-01 1.28307639111934093989e+02 -4.44238603955147581814e-01
9.48018505762121987956e-01 -4.36626388037580071000e+00 -5.24568997747555498812e-01 1.28304535145605143498e+02 -4.44883958580879035338e-01
9.48759536677876158528e-01 -4.36651806421108279466e+00 -5.24442217199938776062e-01 1.28301454281332127039e+02 -4.45523818954835726380e-01
9.49494108253130075781e-01 -4.36677062882453892456e+00 -5.24316199436539398526e-01 1.28298396631901397313e+02 -4.46158176319616850414e-01
9.50222215486776988769e-01 -4.36702155766234678680e+00 -5.24190953366464706953e-01 1.28295362309428071512e+02 -4.46787022131894306920e-01
9.50943853421720053376e-01 -4.36727080646379395290e+00 -5.24066437789197037134e-01 1.28292351443569828007e+02 -4.47410302212508492747e-01
9.51659017144907415364e-01 -4.36751841350544900422e+00 -5.23942753315506437595e-01 1.28289364108446932278e+02 -4.48028092585312287532e-01
9.52367701787364628885e-01 -4.36776433581260725703e+00 -5.23819866229419339732e-01 1.28286400432138293581e+02 -4.48640346017625646358e-01
9.53069902524227741125e-01 -4.36800855714684743702e+00 -5.23697785454113828862e-01 1.28283460523954431665e+02 -4.49247054722044847352e-01
9.53765614574776932066e-01 -4.36825106132215879029e+00 -5.23576519954707331195e-01 1.28280544492517407207e+02 -4.49848211129819541831e-01
9.54454833202468377884e-01 -4.36849180607755105399e+00 -5.23456008298790909095e-01 1.28277652460478293506e+02 -4.50443744395652712065e-01
9.55137553714966891505e-01 -4.36873082809090185208e+00 -5.23336388768632643220e-01 1.28274784503926980506e+02 -4.51033764298462924724e-01
9.55813771464177897030e-01 -4.36896808533883707071e+00 -5.23217610050825121526e-01 1.28271940745072129175e+02 -4.51618209157008176913e-01
9.56483481846278404959e-01 -4.36920356193425174496e+00 -5.23099681131844129744e-01 1.28269121289631641503e+02 -4.52197072150842149796e-01
9.57146680301749208652e-01 -4.36943722001231904528e+00 -5.22982525711462420404e-01 1.28266326252234591720e+02 -4.52770270361884163979e-01
9.57803362315405748539e-01 -4.36966908973006518124e+00 -5.22866309723671318643e-01 1.28263555714766397386e+02 -4.53337938165305986971e-01
9.58453523416427977111e-01 -4.36989913230796123145e+00 -5.22750968902809032279e-01 1.28260809792589299150e+02 -4.53900003398670981447e-01
9.59097159178392222323e-01 -4.37012733212946269390e+00 -5.22636512261870689322e-01 1.28258088588452238810e+02 -4.54456459980652982544e-01
9.59734265219300386462e-01 -4.37035365836765699044e+00 -5.22522844464759605998e-01 1.28255392206049236847e+02 -4.55007209441237181480e-01
9.60364837201609811146e-01 -4.37057812993545180547e+00 -5.22410166910436291055e-01 1.28252720738054222238e+02 -4.55552417262664044451e-01
9.60988870832263142319e-01 -4.37080071337737674497e+00 -5.22298398708439415294e-01 1.28250074290631005169e+02 -4.56091997710382612841e-01
9.61606361862717418099e-01 -4.37102139329871963724e+00 -5.22187548909336052283e-01 1.28247452963515797819e+02 -4.56625945435153890450e-01
9.62217306088972823552e-01 -4.37124015006419774920e+00 -5.22077497823095426632e-01 1.28244856845063083028e+02 -4.57154142048519618324e-01
9.62821699351601556494e-01 -4.37145698382768177481e+00 -5.21968492314028198464e-01 1.28242286046491869911e+02 -4.57676792344439420379e-01
9.63419537535776138171e-01 -4.37167186978139721276e+00 -5.21860430161829924600e-01 1.28239740661181713222e+02 -4.58193793116652203778e-01
9.64010816571297390887e-01 -4.37188479267115681637e+00 -5.21753320468907211271e-01 1.28237220785844471038e+02 -4.58705139739778167129e-01
9.64595532432621638463e-01 -4.37209575047361376221e+00 -5.21647012452414071682e-01 1.28234726486877690377e+02 -4.59210688485246432133e-01
9.65173681138889238973e-01 -4.37230471287360611399e+00 -5.21541811163719670752e-01 1.28232257905910387308e+02 -4.59710693696963768051e-01
9.65745258753950674979e-01 -4.37251166890508979890e+00 -5.21437587048510065024e-01 1.28229815118115396899e+02 -4.60205029811855848010e-01
9.66310261386393642979e-01 -4.37271660332460765375e+00 -5.21334349276110997629e-01 1.28227398217214869192e+02 -4.60693692914868890842e-01
9.66868685189569476712e-01 -4.37291954155483342248e+00 -5.21231907518018844350e-01 1.28225007237734075716e+02 -4.61176507314451367137e-01
9.67420526361620347622e-01 -4.37312040477565222574e+00 -5.21130641030403074510e-01 1.28222642369705226884e+02 -4.61653789475822473598e-01
9.67965781145503245675e-01 -4.37331920389478323585e+00 -5.21030385340707891118e-01 1.28220303661916574356e+02 -4.62125385453543147118e-01
9.68504445829016735736e-01 -4.37351598405665509262e+00 -5.20930931622120563240e-01 1.28217991126788859901e+02 -4.62591105198850494062e-01
9.69036516744826603720e-01 -4.37371063130062154301e+00 -5.20832693774879729176e-01 1.28215704987446002860e+02 -4.63051293609921532646e-01
9.69561990270489948429e-01 -4.37390317257737670786e+00 -5.20735490910771980921e-01 1.28213445274116594419e+02 -4.63505783901340784325e-01
9.70080862828479939530e-01 -4.37409359235851447067e+00 -5.20639332248620911869e-01 1.28211212075365494911e+02 -4.63954573273528292354e-01
9.70593130886211241659e-01 -4.37428198873489915144e+00 -5.20543953035667916751e-01 1.28209005346564055117e+02 -4.64397427527932005198e-01
9.71098790956062218882e-01 -4.37446815221385865158e+00 -5.20449872571818739075e-01 1.28206825405355914427e+02 -4.64834776980945940661e-01
9.71597839595400469825e-01 -4.37465215263231232967e+00 -5.20356860141980903656e-01 1.28204672234681936516e+02 -4.65266415136889655013e-01
9.72090273406605143158e-01 -4.37483412651353642531e+00 -5.20264622636515960963e-01 1.28202545749469322800e+02 -4.65692086454478348934e-01
9.72576089037090585343e-01 -4.37501379464974160527e+00 -5.20173732846657577156e-01 1.28200446334105151891e+02 -4.66112263109706381758e-01
9.73055283179328878163e-01 -4.37519125837704336845e+00 -5.20083934544743331507e-01 1.28198373937711664894e+02 -4.66526719123114053112e-01
9.73527852570872820337e-01 -4.37536670308399866514e+00 -5.19994902088083299496e-01 1.28196328424668848811e+02 -4.66935174928834018093e-01
9.73993793994377243806e-01 -4.37553976050683335330e+00 -5.19907269797039162107e-01 1.28194310264742853178e+02 -4.67338149780538170130e-01
9.74453104277621995344e-01 -4.37571057216166980908e+00 -5.19820751973811390201e-01 1.28192319364776864177e+02 -4.67735395539753073813e-01
9.74905780293532697733e-01 -4.37587938565069389796e+00 -5.19734986161343170963e-01 1.28190355525789357216e+02 -4.68126606154211422073e-01
9.75351818960202621156e-01 -4.37604571885320581259e+00 -5.19650676517177445568e-01 1.28188419326649267305e+02 -4.68512352828690081807e-01
9.75791217240913111297e-01 -4.37620976463379385279e+00 -5.19567503731505175857e-01 1.28186510621138950228e+02 -4.68892362689640906925e-01
9.76223972144155016650e-01 -4.37637184981228433145e+00 -5.19485064335232671340e-01 1.28184629130718548140e+02 -4.69266301216235859339e-01
9.76650080723648006398e-01 -4.37653134677463206970e+00 -5.19404140549229675905e-01 1.28182775573418155091e+02 -4.69634795610683053457e-01
9.77069540078361775670e-01 -4.37668851403381875542e+00 -5.19324375234643365040e-01 1.28180949736266200034e+02 -4.69997545962460683278e-01
9.77482347352534808316e-01 -4.37684377911048194676e+00 -5.19245320135467980371e-01 1.28179151240852206683e+02 -4.70354188187285360279e-01
9.77888499735694360915e-01 -4.37699632885988609843e+00 -5.19167843086011604470e-01 1.28177380982160286749e+02 -4.70705407975324063852e-01
9.78287994462675891683e-01 -4.37714697596634927379e+00 -5.19091093380597556894e-01 1.28175638184521005769e+02 -4.71050520743470146900e-01
9.78680828813640935060e-01 -4.37729486457139138622e+00 -5.19015930271535141927e-01 1.28173923780364475533e+02 -4.71390201041199496945e-01
9.79067000114096308572e-01 -4.37744035676859066797e+00 -5.18941958010390669287e-01 1.28172237452753506659e+02 -4.71724125088991863564e-01
9.79446505734912542529e-01 -4.37758403894175263105e+00 -5.18868685650129779496e-01 1.28170578667573238363e+02 -4.72051907276308635453e-01
9.79819343092340866441e-01 -4.37772480435523636544e+00 -5.18797063557816295898e-01 1.28168948595393686674e+02 -4.72374278377809320162e-01
9.80185509648031860763e-01 -4.37786312890991791136e+00 -5.18726650689619761536e-01 1.28167346807000853914e+02 -4.72690886044065061711e-01
9.80545002909051777173e-01 -4.37799976982559346794e+00 -5.18656908380435099915e-01 1.28165772602903160760e+02 -4.73001320245205025827e-01
9.80897820427900302143e-01 -4.37813330370237707712e+00 -5.18588879627498222646e-01 1.28164227452970209242e+02 -4.73306361986310986101e-01
9.81243959802526766190e-01 -4.37826517718352814512e+00 -5.18521537680662669700e-01 1.28162709970207743027e+02 -4.73605235443502414761e-01
9.81583418676346575182e-01 -4.37839388111921845592e+00 -5.18455915131198263879e-01 1.28161221701909084913e+02 -4.73898703766865214693e-01
9.81916194738257197550e-01 -4.37852007551393196394e+00 -5.18391527445959177101e-01 1.28159762039375266340e+02 -4.74186395293206108814e-01
9.82242285722654373536e-01 -4.37864478935683543170e+00 -5.18327799873890104898e-01 1.28158330022856546293e+02 -4.74467897373320846022e-01
9.82561689409446659127e-01 -4.37876609404846295348e+00 -5.18265848060178280221e-01 1.28156927593560880041e+02 -4.74744002880115978371e-01
9.82874403624071413255e-01 -4.37888595967584315360e+00 -5.18204574910440585178e-01 1.28155552867201294021e+02 -4.75013929672341739252e-01
9.83180426237509119680e-01 -4.37900233925863258122e+00 -5.18145078396781921803e-01 1.28154207892175577399e+02 -4.75278442179813520596e-01
9.83479755166297819891e-01 -4.37911614110364144636e+00 -5.18086836558578123224e-01 1.28152891821015998630e+02 -4.75537162330955165412e-01
9.83772388372547657021e-01 -4.37922874766007552694e+00 -5.18029256861382902954e-01 1.28151603359289140371e+02 -4.75789701195983849580e-01
9.84058323863954753641e-01 -4.37933757110351340458e+00 -5.17973495177927567568e-01 1.28150345059814782189e+02 -4.76036815750017661131e-01
9.84337559693814090345e-01 -4.37944525954784324995e+00 -5.17918420185123351551e-01 1.28149114400372070577e+02 -4.76277768773186671591e-01
9.84610093961033494558e-01 -4.37954907490225586741e+00 -5.17865155389196862856e-01 1.28147914069391504199e+02 -4.76513271352411449389e-01
9.84875924810146630151e-01 -4.37965024849986583888e+00 -5.17813158373369608611e-01 1.28146742912555623661e+02 -4.76742963298824762308e-01
9.85135050431324765796e-01 -4.37975059973661018375e+00 -5.17761851461044364520e-01 1.28145599225947904642e+02 -4.76966519387342635650e-01
9.85387469060390319697e-01 -4.37984672280287945512e+00 -5.17712371663581971681e-01 1.28144486316288947592e+02 -4.77184587403993110133e-01
9.85633178978827628747e-01 -4.37994209757949093387e+00 -5.17663616221849753884e-01 1.28143400885965974112e+02 -4.77396551210503727880e-01
9.85872178513795716093e-01 -4.38003314892144501869e+00 -5.17616668265904467106e-01 1.28142346393224556778e+02 -4.77602990305907915136e-01
9.86104466038138838258e-01 -4.38012352536285032301e+00 -5.17570481239521096306e-01 1.28141319386783749223e+02 -4.77803359447820374939e-01
9.86330039970398142479e-01 -4.38020948766650430883e+00 -5.17526079229940871862e-01 1.28140323469379666221e+02 -4.77998165527157736765e-01
9.86548898774822102808e-01 -4.38029274749141350753e+00 -5.17482955540453204435e-01 1.28139357037044845811e+02 -4.78187136346805097276e-01
9.86761040961377400293e-01 -4.38037570510503382337e+00 -5.17440634646316510725e-01 1.28138417847801804328e+02 -4.78370108170510621726e-01
9.86966465085758248854e-01 -4.38045385814504051325e+00 -5.17400074288603240014e-01 1.28137510205987041445e+02 -4.78547438989106510565e-01
9.87165169749397164445e-01 -4.38053177244059632756e+00 -5.17360363805912881752e-01 1.28136629813771094177e+02 -4.78718814995687858005e-01
9.87357153599473957861e-01 -4.38060481329865059053e+00 -5.17322380733226228067e-01 1.28135781090433283680e+02 -4.78884505236960411612e-01
9.87542415328925060614e-01 -4.38067513132338337556e+00 -5.17285680883505794014e-01 1.28134962023625377014e+02 -4.79044346228765849371e-01
9.87720953676452295689e-01 -4.38074559278332475998e+00 -5.17249903544678923950e-01 1.28134169943348013021e+02 -4.79198334988674201629e-01
9.87892767426531648312e-01 -4.38081080404477241075e+00 -5.17215799933116171516e-01 1.28133409959596377803e+02 -4.79346535936954643020e-01
9.88057855409421592618e-01 -4.38087328944355025584e+00 -5.17182982171378369252e-01 1.28132679714935903803e+02 -4.79488881336645023090e-01
9.88216216501170752196e-01 -4.38093628978855953449e+00 -5.17151178348787321504e-01 1.28131976196462005646e+02 -4.79625494496463300464e-01
9.88367849623625893685e-01 -4.38099368866749294682e+00 -5.17120978454638335897e-01 1.28131305168219228108e+02 -4.79756206598067946878e-01
9.88512753744439143233e-01 -4.38104837260977841851e+00 -5.17092069607908877416e-01 1.28130663940040449233e+02 -4.79881061853010937313e-01
9.88650927877074869876e-01 -4.38110389759498364270e+00 -5.17064277019513629519e-01 1.28130049211891844152e+02 -4.80000310884559466817e-01
9.88782371080816346876e-01 -4.38115352654874179450e+00 -5.17038010542828718741e-01 1.28129467305473809802e+02 -4.80113545559789023365e-01
9.88907082460772635102e-01 -4.38120046458590550742e+00 -5.17013043985556919324e-01 1.28128915239366818923e+02 -4.80220928019853554591e-01
9.89025061167884578239e-01 -4.38124848471825245610e+00 -5.16989294265965404485e-01 1.28128389516879707344e+02 -4.80322819896074060253e-01
9.89136306398929687766e-01 -4.38129040342390485563e+00 -5.16966996159209268846e-01 1.28127896856298491457e+02 -4.80418598411820330085e-01
9.89240817396528693273e-01 -4.38132966451667460461e+00 -5.16946010103287667548e-01 1.28127434059004116307e+02 -4.80508534442563528533e-01
9.89338593449150427439e-01 -4.38136627841210124501e+00 -5.16926338919851291465e-01 1.28127001131166508685e+02 -4.80592630222236250059e-01
9.89429633891116377953e-01 -4.38140439718698893046e+00 -5.16908032180105503350e-01 1.28126594231968937265e+02 -4.80671415706677929158e-01
9.89513938102605350444e-01 -4.38143604783185480755e+00 -5.16891065218757828070e-01 1.28126220785589680418e+02 -4.80743934653516946653e-01
9.89591505509657798356e-01 -4.38146509018406327129e+00 -5.16875428088126809278e-01 1.28125877214715615082e+02 -4.80810627660410883077e-01
9.89662335584179708725e-01 -4.38149153826306569925e+00 -5.16861125213221361818e-01 1.28125563518322422851e+02 -4.80871499305293603754e-01
9.89726427843945932850e-01 -4.38151962524273130839e+00 -5.16848283978687650375e-01 1.28125275782712606087e+02 -4.80927162126458751512e-01
9.89783781852604072071e-01 -4.38154113495662667077e+00 -5.16836711831335837708e-01 1.28125021639723200906e+02 -4.80976475157396887727e-01
9.89834397219676587198e-01 -4.38156008069908420310e+00 -5.16826486894521042181e-01 1.28124797373018537883e+02 -4.81019979532111452425e-01
9.89878273600564240198e-01 -4.38157647451708864850e+00 -5.16817613272482545561e-01 1.28124602979360048494e+02 -4.81057679718945530034e-01
9.89915410696548092595e-01 -4.38159032795100600310e+00 -5.16810094870922775989e-01 1.28124438454954884037e+02 -4.81089580045888198789e-01
9.89945808254791503877e-01 -4.38160165141371926723e+00 -5.16803935390320656751e-01 1.28124303796034865854e+02 -4.81115684620890438072e-01
9.89969466068341796827e-01 -4.38161045398015769337e+00 -5.16799137967293265028e-01 1.28124198999011866817e+02 -4.81135996972558266371e-01
