00000000000000000000 4.35468302259399386855e+00 -9.61904950013848680790e-01 00000000000000000130 8.32544656219602480184e-22
2.58315720529896097890e-03 4.35891314098693349877e+00 -9.61891859284538797148e-01 1.29996243954920430497e+02 8.29534992988256009681e-04
5.16629682395841009074e-03 4.36315460452571723948e+00 -9.61877792135184983557e-01 1.29992475021093923715e+02 1.66163825997960924209e-03
7.74940126945856955221e-03 4.36740743938143882730e+00 -9.61862741511608443368e-01 1.29988693156941252482e+02 2.49631172283677500029e-03
1.03324529555191297475e-02 4.37167167181218463412e+00 -9.61846700323794601140e-01 1.29984898320739347355e+02 3.33355726032958906216e-03
1.29154342962189676997e-02 4.37594732816289067046e+00 -9.61829661445963157718e-01 1.29981090470621467148e+02 4.17337670771409079834e-03
1.54983277061159028382e-02 4.38023443486564456606e+00 -9.61811617716385014454e-01 1.29977269564576431549e+02 5.01577185630922711690e-03
1.80811156003663868475e-02 4.38453301843995735254e+00 -9.61792561937201861966e-01 1.29973435560448365322e+02 5.86074445307106176722e-03
2.06637803948452533631e-02 4.38884310549303613413e+00 -9.61772486874238330401e-01 1.29969588415936357251e+02 6.70829620016117917497e-03
2.32463045062654173611e-02 4.39316472272005409394e+00 -9.61751385256810142899e-01 1.29965728088593749590e+02 7.55842875451587931090e-03
2.58286703522975918945e-02 4.39749789690442760559e+00 -9.61729249777544148436e-01 1.29961854535828109647e+02 8.41114372741005346390e-03
2.84108603516900135033e-02 4.40184265491807646953e+00 -9.61706073092184698936e-01 1.29957967714900547662e+02 9.26644268401771026289e-03
3.09928569243880722150e-02 4.40619902372171790006e+00 -9.61681847819400914545e-01 1.29954067582925404167e+02 1.01243271429703549785e-02
3.35746424916540803229e-02 4.41056703036512232075e+00 -9.61656566540602275595e-01 1.29950154096869709974e+02 1.09847985759117180993e-02
3.61561994761869162640e-02 4.41494670198740646327e+00 -9.61630221799741891076e-01 1.29946227213553015645e+02 1.18478584070500509579e-02
3.87375103022416650278e-02 4.41933806581729626828e+00 -9.61602806103121765524e-01 1.29942286889646709369e+02 1.27135080127059180155e-02
4.13185573957493418318e-02 4.42374114917340932607e+00 -9.61574311919203505994e-01 1.29938333081673789593e+02 1.35817487208583533020e-02
4.38993231844364839578e-02 4.42815597946454175826e+00 -9.61544731678409925202e-01 1.29934365746008381848e+02 1.44525818106852454309e-02
4.64797900979448119774e-02 4.43258258418992845407e+00 -9.61514057772928087964e-01 1.29930384838875170317e+02 1.53260085121043419104e-02
4.90599405679508632216e-02 4.43702099093954416276e+00 -9.61482282556514689098e-01 1.29926390316349312570e+02 1.62020300053067611845e-02
5.16397570282855211676e-02 4.44147122739436817085e+00 -9.61449398344295547147e-01 1.29922382134355757444e+02 1.70806474202909140681e-02
5.42192219150537807471e-02 4.44593332132667473644e+00 -9.61415397412565764235e-01 1.29918360248668761869e+02 1.79618618363886484168e-02
5.67983176667541181382e-02 4.45040730060031286541e+00 -9.61380271998591218185e-01 1.29914324614911777189e+02 1.88456742817949239599e-02
5.93770267243982005634e-02 4.45489319317099052853e+00 -9.61344014300403615358e-01 1.29910275188556738613e+02 1.97320857330843847655e-02
6.19553315316303740423e-02 4.45939102708655532581e+00 -9.61306616476604869348e-01 1.29906211924923837842e+02 2.06210971147349104993e-02
6.45332145348472135948e-02 4.46390083048728580906e+00 -9.61268070646152494874e-01 1.29902134779180897795e+02 2.15127092986419528320e-02
6.71106581833170040552e-02 4.46842263160616859352e+00 -9.61228368888163986483e-01 1.29898043706343202075e+02 2.24069231036251315103e-02
6.96876449292992278250e-02 4.47295645876919412132e+00 -9.61187503241708096624e-01 1.29893938661272784429e+02 2.33037392949463559311e-02
7.22641572281641081377e-02 4.47750234039563732580e+00 -9.61145465705593227135e-01 1.29889819598678229795e+02 2.42031585838026024049e-02
7.48401775385119094608e-02 4.48206030499834628955e+00 -9.61102248238168921368e-01 1.29885686473114219552e+02 2.51051816268363751916e-02
7.74156883222925085164e-02 4.48663038118403711962e+00 -9.61057842757106262077e-01 1.29881539238980991513e+02 2.60098090256285774391e-02
7.99906720449247571336e-02 4.49121259765357194738e+00 -9.61012241139196032869e-01 1.29877377850523942016e+02 2.69170413261959895479e-02
8.25651111754157757128e-02 4.49580698320226446185e+00 -9.60965435220127672800e-01 1.29873202261833341709e+02 2.78268790184776279584e-02
8.51389881864804548561e-02 4.50041356672015790963e+00 -9.60917416794289547255e-01 1.29869012426843681851e+02 2.87393225358236227562e-02
8.77122855546606100541e-02 4.50503237719232618730e+00 -9.60868177614542462450e-01 1.29864808299333475361e+02 2.96543722544770800564e-02
9.02849857604444694381e-02 4.50966344369915805856e+00 -9.60817709392013274972e-01 1.29860589832924659959e+02 3.05720284930551394753e-02
9.28570712883857868336e-02 4.51430679541666002308e+00 -9.60766003795873624327e-01 1.29856356981082228685e+02 3.14922915120246157961e-02
9.54285246272232184905e-02 4.51896246161674319808e+00 -9.60713052453127436259e-01 1.29852109697113831999e+02 3.24151615131678116910e-02
9.79993282699994638918e-02 4.52363047166752352268e+00 -9.60658846948388656095e-01 1.29847847934169323025e+02 3.33406386390613582171e-02
1.00569464714180475950e-01 4.52831085503361396860e+00 -9.60603378823663200947e-01 1.29843571645240217549e+02 3.42687229725279832171e-02
1.03138916461774601818e-01 4.53300364127642652079e+00 -9.60546639578129579640e-01 1.29839280783159523480e+02 3.51994145361085794543e-02
1.05707666019451862471e-01 4.53770886005446083544e+00 -9.60488620667913073348e-01 1.29834975300601087156e+02 3.61327132915106874478e-02
1.08275695898662718819e-01 4.54242654112360888519e+00 -9.60429313505868464951e-01 1.29830655150079195437e+02 3.70686191390604130591e-02
1.10842988615757503945e-01 4.54715671433745605157e+00 -9.60368709461351777179e-01 1.29826320283948234646e+02 3.80071319171564683814e-02
1.13409526692105272483e-01 4.55189940964757333575e+00 -9.60306799859996451652e-01 1.29821970654402122136e+02 3.89482514017150532881e-02
1.15975292654212733257e-01 4.55665465710382378006e+00 -9.60243575983483976799e-01 1.29817606213474078913e+02 3.98919773056006440881e-02
1.18540269033843417845e-01 4.56142248685465911962e+00 -9.60179029069320399969e-01 1.29813226913035975940e+02 4.08383092780724848980e-02
1.21104438368136405058e-01 4.56620292914742975654e+00 -9.60113150310604401838e-01 1.29808832704798078339e+02 4.17872469042136276962e-02
1.23667783199725281329e-01 4.57099601432867341799e+00 -9.60045930855800366821e-01 1.29804423540308448537e+02 4.27387897043605552438e-02
1.26230286076857156630e-01 4.57580177284443401220e+00 -9.59977361808501128415e-01 1.29799999370952662048e+02 4.36929371335232769047e-02
1.28791929553511097506e-01 4.58062023524055739188e+00 -9.59907434227200262455e-01 1.29795560147953295882e+02 4.46496885808097473958e-02
1.31352696189517337277e-01 4.58545143216299422306e+00 -9.59836139125056941879e-01 1.29791105822369530642e+02 4.56090433688390098355e-02
1.33912568550675792345e-01 4.59029539435811084758e+00 -9.59763467469660125353e-01 1.29786636345096638934e+02 4.65710007531590780561e-02
1.36471529208874592376e-01 4.59515215267299481638e+00 -9.59689410182793301018e-01 1.29782151666865672723e+02 4.75355599216387633699e-02
1.39029560742209123969e-01 4.60002173805575687027e+00 -9.59613958140196232627e-01 1.29777651738242980173e+02 4.85027199938922320976e-02
1.41586645735100435939e-01 4.60490418155584535498e+00 -9.59537102171324707278e-01 1.29773136509629694046e+02 4.94724800206577386419e-02
1.44142766778413616846e-01 4.60979951432434909009e+00 -9.59458833059112947694e-01 1.29768605931261447495e+02 5.04448389832084023721e-02
1.46697906469576699884e-01 4.61470776761430911961e+00 -9.59379141539731028487e-01 1.29764059953207748777e+02 5.14197957927285467794e-02
1.49252047412698846118e-01 4.61962897278102690990e+00 -9.59298018302343069585e-01 1.29759498525371753885e+02 5.23973492897119932921e-02
1.51805172218688999575e-01 4.62456316128237965302e+00 -9.59215453988859767520e-01 1.29754921597489726537e+02 5.33774982433289912898e-02
1.54357263505374042722e-01 4.62951036467912047101e+00 -9.59131439193698698276e-01 1.29750329119130526578e+02 5.43602413508136941833e-02
1.56908303897617312783e-01 4.63447061463520437741e+00 -9.59045964463532296662e-01 1.29745721039695382615e+02 5.53455772368431561659e-02
1.59458276027436895994e-01 4.63944394291808315245e+00 -9.58959020297046493830e-01 1.29741097308417181466e+02 5.63335044528778736139e-02
1.62007162534123755337e-01 4.64443038139903929817e+00 -9.58870597144683589619e-01 1.29736457874360354481e+02 5.73240214765604952363e-02
1.64554946064359886027e-01 4.64942996205348180183e+00 -9.58780685408398558600e-01 1.29731802686420223836e+02 5.83171267110307173231e-02
1.67101609272336831813e-01 4.65444271696126588012e+00 -9.58689275441403809808e-01 1.29727131693322519368e+02 5.93128184843303776774e-02
1.69647134819873285361e-01 4.65946867830701538793e+00 -9.58596357547917943265e-01 1.29722444843623208044e+02 6.03110950487162067457e-02
1.72191505376533410265e-01 4.66450787838042568723e+00 -9.58501921982908178244e-01 1.29717742085707811839e+02 6.13119545800049486894e-02
1.74734703619744774494e-01 4.66956034957658783213e+00 -9.58405958951839775928e-01 1.29713023367791066676e+02 6.23153951769339908839e-02
1.77276712234916367095e-01 4.67462612439630476047e+00 -9.58308458610415359047e-01 1.29708288637916524522e+02 6.33214148604768212181e-02
1.79817513915556254078e-01 4.67970523544640570890e+00 -9.58209411064314342532e-01 1.29703537843956013376e+02 6.43300115731864075030e-02
1.82357091363389622884e-01 4.68479771544006506900e+00 -9.58108806368940912890e-01 1.29698770933609409894e+02 6.53411831785086633095e-02
1.84895427288476549288e-01 4.68990359719712124331e+00 -9.58006634529152689694e-01 1.29693987854403900428e+02 6.63549274601084315695e-02
1.87432504409329458994e-01 4.69502291364439727772e+00 -9.57902885499008704961e-01 1.29689188553693838912e+02 6.73712421211929701759e-02
1.89968305453031172103e-01 4.70015569781601527666e+00 -9.57797549181496288284e-01 1.29684372978660121589e+02 6.83901247837981896005e-02
1.92502813155352114904e-01 4.70530198285372236455e+00 -9.57690615428271940779e-01 1.29679541076309931213e+02 6.94115729881186610539e-02
1.95036010260868170052e-01 4.71046180200720687736e+00 -9.57582074039391328846e-01 1.29674692793476083352e+02 7.04355841917949920816e-02
1.97567879523077832848e-01 4.71563518863442165951e+00 -9.57471914763044718022e-01 1.29669828076816799012e+02 7.14621557692182302057e-02
2.00098403704520089175e-01 4.72082217620190469631e+00 -9.57360127295282303805e-01 1.29664946872815136203e+02 7.24912850108078987699e-02
2.02627565576891321975e-01 4.72602279828510329907e+00 -9.57246701279749312441e-01 1.29660049127778762568e+02 7.35229691222882703050e-02
2.05155347921162689584e-01 4.73123708856869118478e+00 -9.57131626307408778231e-01 1.29655134787839102728e+02 7.45572052240120325406e-02
2.07681733527697698349e-01 4.73646508084689976670e+00 -9.57014891916271648320e-01 1.29650203798951451972e+02 7.55939903501896132143e-02
2.10206705196368998090e-01 4.74170680902383345767e+00 -9.56896487591119671023e-01 1.29645256106894180448e+02 7.66333214481502572601e-02
2.12730245736675399604e-01 4.74696230711379918432e+00 -9.56776402763228062121e-01 1.29640291657268335257e+02 7.76751953776769893389e-02
2.15252337967859502799e-01 4.75223160924162968399e+00 -9.56654626810090835676e-01 1.29635310395497441505e+02 7.87196089101584450809e-02
2.17772964719024048064e-01 4.75751474964300413717e+00 -9.56531149055137475123e-01 1.29630312266826820178e+02 7.97665587279547116939e-02
2.20292108829248989288e-01 4.76281176266477945802e+00 -9.56405958767455932623e-01 1.29625297216323275507e+02 8.08160414235372659419e-02
2.22809753147708622389e-01 4.76812268276531270317e+00 -9.56279045161506635608e-01 1.29620265188874583373e+02 8.18680534988383418193e-02
2.25325880533787908933e-01 4.77344754451478880952e+00 -9.56150397396842932629e-01 1.29615216129189377625e+02 8.29225913643719947377e-02
2.27840473857199465879e-01 4.77878638259554211487e+00 -9.56020004577821214120e-01 1.29610149981796212160e+02 8.39796513385689252784e-02
2.30353515998100027984e-01 4.78413923180239031296e+00 -9.55887855753317472463e-01 1.29605066691043560922e+02 8.50392296469481279164e-02
2.32864989847207326523e-01 4.78950612704295508593e+00 -9.55753939916438532975e-01 1.29599966201099306318e+02 8.61013224213225819570e-02
2.35374878305916024335e-01 4.79488710333799694752e+00 -9.55618246004232174684e-01 1.29594848455950113930e+02 8.71659256990599956572e-02
2.37883164286414594546e-01 4.80028219582172965829e+00 -9.55480762897396584954e-01 1.29589713399401261995e+02 8.82330354222664592356e-02
2.40389830711801560925e-01 4.80569143974216750337e+00 -9.55341479419985706301e-01 1.29584560975076072964e+02 8.93026474369728456848e-02
2.42894860516201405165e-01 4.81111487046143349033e+00 -9.55200384339118913068e-01 1.29579391126415629287e+02 9.03747574923464552787e-02
2.45398236644881417856e-01 4.81655252345610129794e+00 -9.55057466364680140991e-01 1.29574203796678119716e+02 9.14493612399175093142e-02
2.47899942054367217192e-01 4.82200443431752123757e+00 -9.54912714149026342625e-01 1.29568998928938810877e+02 9.25264542326699607200e-02
2.50399959712559072589e-01 4.82747063875214710293e+00 -9.54766116286684951575e-01 1.29563776466089194628e+02 9.36060319243378763376e-02
2.52898272598847562165e-01 4.83295117258186301967e+00 -9.54617661314054677391e-01 1.29558536350836845941e+02 9.46880896684721418133e-02
2.55394863704230257184e-01 4.83844607174432006502e+00 -9.54467337709106300458e-01 1.29553278525704911317e+02 9.57726227176817351827e-02
2.57889716031426352583e-01 4.84395537229325956474e+00 -9.54315133891075140227e-01 1.29548002933031852990e+02 9.68596262227512522225e-02
2.60382812594993184874e-01 4.84947911039884616002e+00 -9.54161038220157853296e-01 1.29542709514970766804e+02 9.79490952318262941834e-02
2.62874136421441917388e-01 4.85501732234799465715e+00 -9.54005038997209009466e-01 1.29537398213489211685e+02 9.90410246895209872564e-02
2.65363670549352448358e-01 4.86057004454470487076e+00 -9.53847124463429896224e-01 1.29532068970368698047e+02 1.00135409436099179215e-01
2.67851398029489484731e-01 4.86613731351038403261e+00 -9.53687282800058322429e-01 1.29526721727204261470e+02 1.01232244206598431813e-01
2.70337301924917894347e-01 4.87171916588418696392e+00 -9.53525502128062196761e-01 1.29521356425404206902e+02 1.02331523629933557329e-01
2.72821365311117669528e-01 4.87731563842333404324e+00 -9.53361770507821670861e-01 1.29515973006189426542e+02 1.03433242228087418635e-01
2.75303571276099334764e-01 4.88292676800345404331e+00 -9.53196075938819276097e-01 1.29510571410593371411e+02 1.04537394415113144008e-01
2.77783902920519187862e-01 4.88855259161890387531e+00 -9.53028406359319291141e-01 1.29505151579461283973e+02 1.05643974496370224303e-01
2.80262343357794374565e-01 4.89419314638310698484e+00 -9.52858749646056879534e-01 1.29499713453450027600e+02 1.06752976667558341362e-01
2.82738875714217352542e-01 4.89984846952887576066e+00 -9.52687093613914126600e-01 1.29494256973027631830e+02 1.07864395013811315005e-01
2.85213483129071798672e-01 4.90551859840874637797e+00 -9.52513426015601627483e-01 1.29488782078472951298e+02 1.08978223508784291540e-01
2.87686148754746129352e-01 4.91120357049531008897e+00 -9.52337734541334079985e-01 1.29483288709875097311e+02 1.10094456013808586481e-01
2.90156855756849185735e-01 4.91690342338153563162e+00 -9.52160006818509652149e-01 1.29477776807133324155e+02 1.11213086276855041556e-01
2.92625587314324475674e-01 4.92261819478110940196e+00 -9.51980230411383354650e-01 1.29472246309956290133e+02 1.12334107931722729234e-01
2.95092326619564693235e-01 4.92834792252875786289e+00 -9.51798392820740413178e-01 1.29466697157862085987e+02 1.13457514496996314524e-01
2.97557056878526016153e-01 4.93409264458057350566e+00 -9.51614481483565088915e-01 1.29461129290177524354e+02 1.14583299375163261136e-01
3.00019761310842958402e-01 4.93985239901435591037e+00 -9.51428483772714050914e-01 1.29455542646037827126e+02 1.15711455851653668980e-01
3.02480423149941946015e-01 4.94562722402992971382e+00 -9.51240386996583642265e-01 1.29449937164386398081e+02 1.16841977093857865566e-01
3.04939025643155781076e-01 4.95141715794947678830e+00 -9.51050178398774037625e-01 1.29444312783974226022e+02 1.17974856150248177955e-01
3.07395552051837939178e-01 4.95722223921786575573e+00 -9.50857845157757508581e-01 1.29438669443359742672e+02 1.19110085949242189285e-01
3.09849985651476145243e-01 4.96304250640297794916e+00 -9.50663374386538140293e-01 1.29433007080908168973e+02 1.20247659298381298631e-01
3.12302309731806226889e-01 4.96887799819603603879e+00 -9.50466753132316211072e-01 1.29427325634791401399e+02 1.21387568883315893897e-01
3.14752507596926411892e-01 4.97472875341192910525e+00 -9.50267968376146354714e-01 1.29421625042987642473e+02 1.22529807266686122103e-01
3.17200562565410182359e-01 4.98059481098954393019e+00 -9.50067007032596611005e-01 1.29415905243280661807e+02 1.23674366887333242460e-01
3.19646457970420572181e-01 4.98647620999208562864e+00 -9.49863855949404811696e-01 1.29410166173259938205e+02 1.24821240059096630337e-01
3.22090177159823132236e-01 4.99237298960740538689e+00 -9.49658501907134300346e-01 1.29404407770320091231e+02 1.25970418969872266501e-01
3.24531703496299839262e-01 4.99828518914832820030e+00 -9.49450931618822546731e-01 1.29398629971660369620e+02 1.27121895680664315220e-01
3.26971020357461672479e-01 5.00421284805297350573e+00 -9.49241131729640086334e-01 1.29392832714284509166e+02 1.28275662124437722644e-01
3.29408111135962355931e-01 5.01015600588508114299e+00 -9.49029088816534804884e-01 1.29387015935000249556e+02 1.29431710105134101241e-01
3.31842959239611323685e-01 5.01611470233433465182e+00 -9.48814789387881885041e-01 1.29381179570419135416e+02 1.30590031296607317346e-01
3.34275548091486185420e-01 5.02208897721668190428e+00 -9.48598219883129423202e-01 1.29375323556956004722e+02 1.31750617241653933398e-01
3.36705861130046413265e-01 5.02807887047466284258e+00 -9.48379366672444157338e-01 1.29369447830828789847e+02 1.32913459350781165691e-01
3.39133881809245474326e-01 5.03408442217772034155e+00 -9.48158216056354974377e-01 1.29363552328058062812e+02 1.34078548901305244501e-01
3.41559593598643573831e-01 5.04010567252253149917e+00 -9.47934754265391421590e-01 1.29357636984466751073e+02 1.35245877036198530741e-01
3.43982979983520398282e-01 5.04614266183331761084e+00 -9.47708967459726214777e-01 1.29351701735679824878e+02 1.36415434763016985009e-01
3.46404024464987525533e-01 5.05219543056217190724e+00 -9.47480841728811307156e-01 1.29345746517123870944e+02 1.37587212952825443946e-01
3.48822710560100557320e-01 5.05826401928936952856e+00 -9.47250363091016289729e-01 1.29339771264027120878e+02 1.38761202339014622087e-01
3.51239021801971362802e-01 5.06434846872368726878e+00 -9.47017517493258353944e-01 1.29333775911418427995e+02 1.39937393516352731604e-01
3.53652941739880488647e-01 5.07044881970271976712e+00 -9.46782290810641247170e-01 1.29327760394127807331e+02 1.41115776939676113022e-01
3.56064453939388791959e-01 5.07656511319319125874e+00 -9.46544668846081016511e-01 1.29321724646785412460e+02 1.42296342922931418062e-01
3.58473541982449628307e-01 5.08269739029127620711e+00 -9.46304637329936193524e-01 1.29315668603821620763e+02 1.43479081637945288241e-01
3.60880189467520207103e-01 5.08884569222290039647e+00 -9.46062181919638534033e-01 1.29309592199466607099e+02 1.44663983113319793983e-01
3.63284380009673946166e-01 5.09501006034406067613e+00 -9.45817288199314543107e-01 1.29303495367749974321e+02 1.45851037233273611582e-01
3.65686097240711160961e-01 5.10119053614113227013e+00 -9.45569941679411218871e-01 1.29297378042500668016e+02 1.47040233736515008056e-01
3.68085324809271363655e-01 5.10738716123117608703e+00 -9.45320127796320130997e-01 1.29291240157346493334e+02 1.48231562214953205281e-01
3.70482046380943785824e-01 5.11359997736224958231e+00 -9.45067831911995392957e-01 1.29285081645713887610e+02 1.49425012112715333013e-01
3.72876245638379399949e-01 5.11982902641370696273e+00 -9.44813039313572855527e-01 1.29278902440827636156e+02 1.50620572724800561026e-01
3.75267906281401164570e-01 5.12607435039650649600e+00 -9.44555735212987856997e-01 1.29272702475710588033e+02 1.51818233196012675190e-01
3.77657012027115768227e-01 5.13233599145351426785e+00 -9.44295904746590974987e-01 1.29266481683183314999e+02 1.53017982519642187222e-01
3.80043546610023985632e-01 5.13861399185980172177e+00 -9.44033532974759226342e-01 1.29260239995864139928e+02 1.54219809536282309592e-01
3.82427493782131422417e-01 5.14490839402295030425e+00 -9.43768604881510819737e-01 1.29253977346168454687e+02 1.55423702932738688753e-01
3.84808837313059592944e-01 5.15121924048334278723e+00 -9.43501105374114135138e-01 1.29247693666308606453e+02 1.56629651240645789700e-01
3.87187560990155776874e-01 5.15754657391446702519e+00 -9.43231019282694038708e-01 1.29241388888293954551e+02 1.57837642835239155836e-01
3.89563648618604152496e-01 5.16389043712320194857e+00 -9.42958331359840640218e-01 1.29235062943930103074e+02 1.59047665934257093090e-01
3.91937084021535264711e-01 5.17025087305011687988e+00 -9.42683026280214830805e-01 1.29228715764819071410e+02 1.60259708596506927902e-01
3.94307851040136658760e-01 5.17662792476975486267e+00 -9.42405088640146493262e-01 1.29222347282358811071e+02 1.61473758720706073166e-01
3.96675933533762792305e-01 5.18302163549092842487e+00 -9.42124502957241594103e-01 1.29215957427743092012e+02 1.62689804044219649137e-01
3.99041315380044780969e-01 5.18943204855700290778e+00 -9.41841253669980282837e-01 1.29209546131961388937e+02 1.63907832141599069109e-01
4.01403980475000310424e-01 5.19585920744617180134e+00 -9.41555325137309551131e-01 1.29203113325798199185e+02 1.65127830423697136153e-01
4.03763912733143492950e-01 5.20230315577175783659e+00 -9.41266701638246439110e-01 1.29196658939833525892e+02 1.66349786135809751819e-01
4.06121096087593724810e-01 5.20876393728247411019e+00 -9.40975367371466697719e-01 1.29190182904442053768e+02 1.67573686356863371660e-01
4.08475514490185875882e-01 5.21524159586270741329e+00 -9.40681306454900889591e-01 1.29183685149793262781e+02 1.68799517997808845582e-01
4.10827151911578702936e-01 5.22173617553280067227e+00 -9.40384502925322274258e-01 1.29177165605851229202e+02 1.70027267800350712079e-01
4.13175992341364761717e-01 5.22824772044930874415e+00 -9.40084940737937246880e-01 1.29170624202374170864e+02 1.71256922335734196317e-01
4.15522019788178931243e-01 5.23477627490528618637e+00 -9.39782603765974999810e-01 1.29164060868914816638e+02 1.72488468003082262570e-01
4.17865218279807715263e-01 5.24132188333053861129e+00 -9.39477475800264638650e-01 1.29157475534819496943e+02 1.73721891028542546609e-01
4.20205571863297211443e-01 5.24788459029189890970e+00 -9.39169540548830172888e-01 1.29150868129228598491e+02 1.74957177463327784306e-01
4.22543064605062523853e-01 5.25446444049347860528e+00 -9.38858781636462635944e-01 1.29144238581076109540e+02 1.76194313182838707688e-01
4.24877680590995954191e-01 5.26106147877693430814e+00 -9.38545182604306971186e-01 1.29137586819089506207e+02 1.77433283884984610568e-01
4.27209403926575026489e-01 5.26767575012171551663e+00 -9.38228726909437149573e-01 1.29130912771789752469e+02 1.78674075088770673014e-01
4.29538218736971288969e-01 5.27430729964532396536e+00 -9.37909397924433618776e-01 1.29124216367490788571e+02 1.79916672133202115713e-01
4.31864109167158116698e-01 5.28095617260355609801e+00 -9.37587178936958309805e-01 1.29117497534299872086e+02 1.81161060175453608734e-01
4.34187059382018403220e-01 5.28762241439075442173e+00 -9.37262053149326868073e-01 1.29110756200117151593e+02 1.82407224189723354835e-01
4.36507053566452751792e-01 5.29430607054004553902e+00 -9.36934003678084659228e-01 1.29103992292635695094e+02 1.83655148965624431812e-01
4.38824075925487055994e-01 5.30100718672357906769e+00 -9.36603013553568120031e-01 1.29097205739341177377e+02 1.84904819106973872245e-01
4.41138110684379691762e-01 5.30772580875276478451e+00 -9.36269065719481874410e-01 1.29090396467511993706e+02 1.86156219030052749730e-01
4.43449142088729597599e-01 5.31446198257850532798e+00 -9.35932143032461305587e-01 1.29083564404219231392e+02 1.87409332962169550285e-01
4.45757154404582744966e-01 5.32121575429141824287e+00 -9.35592228261634684117e-01 1.29076709476326328740e+02 1.88664144940478090140e-01
4.48062131918540051956e-01 5.32798717012206601851e+00 -9.35249304088191846240e-01 1.29069831610489302420e+02 1.89920638810009118069e-01
4.50364058937863631638e-01 5.33477627644117102790e+00 -9.34903353104938328322e-01 1.29062930733156292717e+02 1.91178798222684798169e-01
4.52662919790584206137e-01 5.34158311975983668418e+00 -9.34554357815864378267e-01 1.29056006770567989861e+02 1.92438606635286307833e-01
4.54958698825607410487e-01 5.34840774672974994530e+00 -9.34202300635693094755e-01 1.29049059648757207697e+02 1.93700047308418193959e-01
4.57251380412820318533e-01 5.35525020414339358865e+00 -9.33847163889443665497e-01 1.29042089293548968953e+02 1.94963103304615470446e-01
4.59540948943198301890e-01 5.36211053893425493300e+00 -9.33488929811984280427e-01 1.29035095630560704194e+02 1.96227757486837767198e-01
4.61827388828911278296e-01 5.36898879817701057959e+00 -9.33127580547582491377e-01 1.29028078585201882333e+02 1.97493992517234207007e-01
4.64110684503429071768e-01 5.37588502908772980504e+00 -9.32763098149459679576e-01 1.29021038082674124325e+02 1.98761790855146169843e-01
4.66390820421628160553e-01 5.38279927902405574969e+00 -9.32395464579341970435e-01 1.29013974047971430537e+02 2.00031134755698225547e-01
4.68667781059897148310e-01 5.38973159548539815233e+00 -9.32024661707003820865e-01 1.29006886405879981794e+02 2.01302006268269717548e-01
4.70941550916242568370e-01 5.39668202611310032779e+00 -9.31650671309816824639e-01 1.28999775080978167807e+02 2.02574387234934483182e-01
4.73212114510394632472e-01 5.40365061869062035527e+00 -9.31273475072297407529e-01 1.28992639997636729277e+02 2.03848259288612970730e-01
4.75479456383912424400e-01 5.41063742114369627956e+00 -9.30893054585645529642e-01 1.28985481080018729472e+02 2.05123603851633473649e-01
4.77743561100288705035e-01 5.41764248154050154227e+00 -9.30509391347289271934e-01 1.28978298252079639497e+02 2.06400402134088251094e-01
4.80004413245055938653e-01 5.42466584809181906479e+00 -9.30122466760426425125e-01 1.28971091437567622506e+02 2.07678635131999689278e-01
4.82261997425890265312e-01 5.43170756915117269870e+00 -9.29732262133560083406e-01 1.28963860560023334756e+02 2.08958283625889307267e-01
4.84516298272717305107e-01 5.43876769321497643972e+00 -9.29338758680034238147e-01 1.28956605542779783491e+02 2.10239328179180562373e-01
4.86767300437815575442e-01 5.44584626892268541809e+00 -9.28941937517578808503e-01 1.28949326308963463816e+02 2.11521749135985648316e-01
4.89014988595922406311e-01 5.45294334505691047355e+00 -9.28541779667833022671e-01 1.28942022781493335515e+02 2.12805526620025747819e-01
4.91259347444337080013e-01 5.46005897054355582299e+00 -9.28138266055881233640e-01 1.28934694883081476746e+02 2.14090640532684312047e-01
4.93500361703025469673e-01 5.46719319445193274731e+00 -9.27731377509791399483e-01 1.28927342536233453529e+02 2.15377070551034693890e-01
4.95738016114724178163e-01 5.47434606599487683098e+00 -9.27321094760133468604e-01 1.28919965663248035526e+02 2.16664796126594560999e-01
4.97972295445044454976e-01 5.48151763452884832617e+00 -9.26907398439519414346e-01 1.28912564186217764473e+02 2.17953796482977774085e-01
5.00203184482575280434e-01 5.48870794955402985238e+00 -9.26490269082116402188e-01 1.28905138027028783654e+02 2.19244050614957219913e-01
5.02430668038987948698e-01 5.49591706071442054338e+00 -9.26069687123186491284e-01 1.28897687107361207381e+02 2.20535537285899779780e-01
5.04654730949138929930e-01 5.50314501779792841774e+00 -9.25645632898603576422e-01 1.28890211348689774695e+02 2.21828235026266584740e-01
5.06875358071172565921e-01 5.51039187073642811043e+00 -9.25218086644380766081e-01 1.28882710672283479880e+02 2.23122122131785088905e-01
5.09092534286625153506e-01 5.51765766960583192713e+00 -9.24787028496178553638e-01 1.28875184999205657732e+02 2.24417176662239425955e-01
5.11306244500527418140e-01 5.52494246462616622750e+00 -9.24352438488844851960e-01 1.28867634250315234112e+02 2.25713376438542223656e-01
5.13516473641507098513e-01 5.53224630616161405783e+00 -9.23914296555925940169e-01 1.28860058346266498575e+02 2.27010699041501784468e-01
5.15723206661891864222e-01 5.53956924472054623720e+00 -9.23472582529176744259e-01 1.28852457207508763304e+02 2.28309121810211623771e-01
5.17926428537812011399e-01 5.54691133095557553645e+00 -9.23027276138086438806e-01 1.28844830754287755781e+02 2.29608621839852644619e-01
5.20126124269301826075e-01 5.55427261566357266531e+00 -9.22578357009393501542e-01 1.28837178906645533516e+02 2.30909175979651687394e-01
5.22322278880402501855e-01 5.56165314978567604243e+00 -9.22125804666592996384e-01 1.28829501584420199833e+02 2.32210760831729284837e-01
5.24514877419263836344e-01 5.56905298440731311160e+00 -9.21669598529458178326e-01 1.28821798707247580751e+02 2.33513352748231012290e-01
5.26703904958246260648e-01 5.57647217075819501275e+00 -9.21209717913551218160e-01 1.28814070194560656546e+02 2.34816927829987920351e-01
5.28889346594021980685e-01 5.58391076021229526560e+00 -9.20746142029728042999e-01 1.28806315965590215455e+02 2.36121461924581665937e-01
5.31071187447676895665e-01 5.59136880428783467067e+00 -9.20278849983653279843e-01 1.28798535939365336844e+02 2.37426930624379639578e-01
5.33249412664811961449e-01 5.59884635464725111120e+00 -9.19807820775309314953e-01 1.28790730034713817531e+02 2.38733309264300752606e-01
5.35424007415643554708e-01 5.60634346309714359791e+00 -9.19333033298495805319e-01 1.28782898170262200210e+02 2.40040572920649869504e-01
5.37594956895105391403e-01 5.61386018158825006452e+00 -9.18854466340362163734e-01 1.28775040264438018767e+02 2.41348696407404472719e-01
5.39762246322948779920e-01 5.62139656221534078639e+00 -9.18372098580878093443e-01 1.28767156235467609804e+02 2.42657654276528578219e-01
5.41925860943843207274e-01 5.62895265721716331342e+00 -9.17885908592358523705e-01 1.28759246001378329538e+02 2.43967420814591301470e-01
5.44085786027477369409e-01 5.63652851897637052758e+00 -9.17395874838977998245e-01 1.28751309479999662244e+02 2.45277970040323367584e-01
5.46242006868658758201e-01 5.64412420001939629799e+00 -9.16901975676252534164e-01 1.28743346588962140231e+02 2.46589275703826549258e-01
5.48394508787414136641e-01 5.65173975301635067581e+00 -9.16404189350556452887e-01 1.28735357245699049145e+02 2.47901311283752368020e-01
5.50543277129089347888e-01 5.65937523078089910200e+00 -9.15902493998617339699e-01 1.28727341367446598497e+02 2.49214049985551605593e-01
5.52688297264449235335e-01 5.66703068627013806235e+00 -9.15396867647032985715e-01 1.28719298871245456439e+02 2.50527464738649063847e-01
5.54829554589777229623e-01 5.67470617258440235275e+00 -9.14887288211736371402e-01 1.28711229673939101303e+02 2.51841528196470432199e-01
5.56967034526974602571e-01 5.68240174296717182045e+00 -9.14373733497553686789e-01 1.28703133692178340652e+02 2.53156212730733187755e-01
5.59100722523659832142e-01 5.69011745080482000958e+00 -9.13856181197643668845e-01 1.28695010842417730146e+02 2.54471490433347935500e-01
5.61230604053267856379e-01 5.69785334962648271073e+00 -9.13334608893039301414e-01 1.28686861040919836796e+02 2.55787333111241188544e-01
5.63356664615148439168e-01 5.70560949310381548827e+00 -9.12808994052131783548e-01 1.28678684203753874726e+02 2.57103712285628227541e-01
5.65478889734665535194e-01 5.71338593505079650470e+00 -9.12279314030168486660e-01 1.28670480246797552581e+02 2.58420599189601529755e-01
5.67597264963295100593e-01 5.72118272942347605436e+00 -9.11745546068751022695e-01 1.28662249085737244059e+02 2.59737964766076301348e-01
5.69711775878724790978e-01 5.72899993031973497892e+00 -9.11207667295336531943e-01 1.28653990636069124776e+02 2.61055779665458453920e-01
5.71822408084950328799e-01 5.73683759197902265470e+00 -9.10665654722745410155e-01 1.28645704813100564934e+02 2.62374014242834296962e-01
5.73929147212374757281e-01 5.74469576878206034110e+00 -9.10119485248635395891e-01 1.28637391531949901946e+02 2.63692638557176173286e-01
5.76031978917906362092e-01 5.75257451525056939801e+00 -9.09569135655023619513e-01 1.28629050707548600485e+02 2.65011622367749111184e-01
5.78130888885055260751e-01 5.76047388604692311986e+00 -9.09014582607774790368e-01 1.28620682254641366171e+02 2.66330935132389423625e-01
5.80225862824032101450e-01 5.76839393597383764956e+00 -9.08455802656092270553e-01 1.28612286087787282440e+02 2.67650546005684497608e-01
5.82316886471844319395e-01 5.77633471997401315434e+00 -9.07892772232028355539e-01 1.28603862121360975834e+02 2.68970423835987237915e-01
5.84403945592394169495e-01 5.78429629312977500177e+00 -9.07325467649983452567e-01 1.28595410269554179195e+02 2.70290537163136890264e-01
5.86487025976574760655e-01 5.79227871066266608580e+00 -9.06753865106190826140e-01 1.28586930446375532711e+02 2.71610854216968733432e-01
5.88566113442367422337e-01 5.80028202793306491003e+00 -9.06177940678229987270e-01 1.28578422565652914500e+02 2.72931342914097097019e-01
5.90641193834937960894e-01 5.80830630043975038035e+00 -9.05597670324523984497e-01 1.28569886541034293259e+02 2.74251970855837079455e-01
5.92712253026733248973e-01 5.81635158381945505113e+00 -9.05013029883835251610e-01 1.28561322285988723024e+02 2.75572705326012190596e-01
5.94779276917577259809e-01 5.82441793384639616704e+00 -9.04423995074759567991e-01 1.28552729713807138978e+02 2.76893513289110271280e-01
5.96842251434767101514e-01 5.83250540643180048761e+00 -9.03830541495251327255e-01 1.28544108737604545922e+02 2.78214361386463659986e-01
5.98901162533168496260e-01 5.84061405762339536096e+00 -9.03232644622105174115e-01 1.28535459270321211989e+02 2.79535215935032166357e-01
6.00955996195312258656e-01 5.84874394360487315225e+00 -9.02630279810469171586e-01 1.28526781224723237074e+02 2.80856042924495674651e-01
6.03006738431488664709e-01 5.85689512069533702032e+00 -9.02023422293334209421e-01 1.28518074513404201298e+02 2.82176808015684010833e-01
6.05053375279843597134e-01 5.86506764534873781258e+00 -9.01412047181069597812e-01 1.28509339048787268212e+02 2.83497476536327119856e-01
6.07095892806472914316e-01 5.87326157415326211009e+00 -9.00796129460890271368e-01 1.28500574743125270061e+02 2.84818013480972520579e-01
6.09134277105518040507e-01 5.88147696383073892434e+00 -9.00175643996406704694e-01 1.28491781508504260501e+02 2.86138383506120030919e-01
6.11168514299259779676e-01 5.88971387123595047086e+00 -8.99550565527099443841e-01 1.28482959256842661944e+02 2.87458550929540646024e-01
6.13198590538213572643e-01 5.89797235335599889794e+00 -8.98920868667847816624e-01 1.28474107899894733009e+02 2.88778479726897852053e-01
6.15224492001223088877e-01 5.90625246730957975672e+00 -8.98286527908434218048e-01 1.28465227349250625366e+02 2.90098133529834545374e-01
6.17246204895555039549e-01 5.91455427034630343286e+00 -8.97647517613080481169e-01 1.28456317516340561724e+02 2.91417475621756516535e-01
6.19263715456992658304e-01 5.92287781984586914064e+00 -8.97003812019909640973e-01 1.28447378312431908398e+02 2.92736468939017835389e-01
6.21277009949929293064e-01 5.93122317331737658463e+00 -8.96355385240538593550e-01 1.28438409648636849170e+02 2.94055076063400533393e-01
6.23286074667462219878e-01 5.93959038839845732127e+00 -8.95702211259541747346e-01 1.28429411435909713646e+02 2.95373259223233042281e-01
6.25290895931486012671e-01 5.94797952285445497012e+00 -8.95044263933986172788e-01 1.28420383585049876274e+02 2.96690980289885886112e-01
6.27291460092785357894e-01 5.95639063457758055620e+00 -8.94381516992967640078e-01 1.28411326006705053260e+02 2.98008200774651677012e-01
6.29287753531128202233e-01 5.96482378158599946261e+00 -8.93713944037147545174e-01 1.28402238611372155219e+02 2.99324881825292432591e-01
6.31279762655358012147e-01 5.97327902202289617861e+00 -8.93041518538237988345e-01 1.28393121309398225094e+02 3.00640984226307472760e-01
6.33267473903487365661e-01 5.98175641415555414682e+00 -8.92364213838583331118e-01 1.28383974010984985625e+02 3.01956468393221932889e-01
6.35250873742789323728e-01 5.99025601637432103530e+00 -8.91682003150662150226e-01 1.28374796626188469872e+02 3.03271294371887822905e-01
6.37229948669889467716e-01 5.99877788719162197140e+00 -8.90994859556651919164e-01 1.28365589064922716034e+02 3.04585421834423053511e-01
6.39204685210858825073e-01 6.00732208524089639212e+00 -8.90302756007954054773e-01 1.28356351236961927498e+02 3.05898810077343097369e-01
6.41175069921305018639e-01 6.01588866927547893937e+00 -8.89605665324731065269e-01 1.28347083051941069698e+02 3.07211418019342152874e-01
6.43141089386463082889e-01 6.02447769816751943495e+00 -8.88903560195491215801e-01 1.28337784419360900756e+02 3.08523204196590739024e-01
6.45102730221288278578e-01 6.03308923090677318157e+00 -8.88196413176606691664e-01 1.28328455248587658843e+02 3.09834126761796946337e-01
6.47059979070545909785e-01 6.04172332659942323829e+00 -8.87484196691850857341e-01 1.28319095448856558050e+02 3.11144143482837087777e-01
6.49012822608903250376e-01 6.05038004446685473425e+00 -8.86766883032041541846e-01 1.28309704929275397944e+02 3.12453211734806557409e-01
6.50961247541019139007e-01 6.05905944384435901640e+00 -8.86044444354526339325e-01 1.28300283598825927811e+02 3.13761288502127422273e-01
6.52905240601636016606e-01 6.06776158417980848725e+00 -8.85316852682780375261e-01 1.28290831366365949862e+02 3.15068330374053351406e-01
6.54844788555668411156e-01 6.07648652503230302102e+00 -8.84584079905952780365e-01 1.28281348140632331933e+02 3.16374293543454532252e-01
6.56779878198294642111e-01 6.08523432607079417522e+00 -8.83846097778520189969e-01 1.28271833830245384434e+02 3.17679133799409374461e-01
6.58710496355045971306e-01 6.09400504707261347903e+00 -8.83102877919786588556e-01 1.28262288343709599303e+02 3.18982806529603757362e-01
6.60636629881896420002e-01 6.10279874792198828715e+00 -8.82354391813524929766e-01 1.28252711589417231153e+02 3.20285266714165517410e-01
6.62558265665352030815e-01 6.11161548860851588927e+00 -8.81600610807531936963e-01 1.28243103475651423651e+02 3.21586468925295465571e-01
6.64475390622540684760e-01 6.12045532922559321065e+00 -8.80841506113289707258e-01 1.28233463910589534862e+02 3.22886367320506462164e-01
6.66387991701300586023e-01 6.12931832996876924113e+00 -8.80077048805497197392e-01 1.28223792802305297300e+02 3.24184915644524340728e-01
6.68296055880269523897e-01 6.13820455113407170700e+00 -8.79307209821713620101e-01 1.28214090058771688518e+02 3.25482067224303783792e-01
6.70199570168973357553e-01 6.14711405311631686743e+00 -8.78531959962021935517e-01 1.28204355587866473343e+02 3.26777774963383005336e-01
6.72098521607914500819e-01 6.15604689640732338773e+00 -8.77751269888604745972e-01 1.28194589297374562875e+02 3.28071991342149982263e-01
6.73992897268660184906e-01 6.16500314159400097935e+00 -8.76965110125327407253e-01 1.28184791094986508142e+02 3.29364668417763184483e-01
6.75882684253930277052e-01 6.17398284935663888007e+00 -8.76173451057534968811e-01 1.28174960888311943563e+02 3.30655757811620321096e-01
6.77767869697685210184e-01 6.18298608046683817463e+00 -8.75376262931546911261e-01 1.28165098584875039478e+02 3.31945210715835492543e-01
6.79648440765214134629e-01 6.19201289578555691406e+00 -8.74573515854385918900e-01 1.28155204092120271753e+02 3.33232977885502212878e-01
6.81524384653221182440e-01 6.20106335626105398262e+00 -8.73765179793393298446e-01 1.28145277317415718699e+02 3.34519009638898190406e-01
6.83395688589913286037e-01 6.21013752292684895195e+00 -8.72951224575981843401e-01 1.28135318168060535982e+02 3.35803255849356496743e-01
6.85262339835087441742e-01 6.21923545689945633796e+00 -8.72131619889226383791e-01 1.28125326551282824994e+02 3.37085665947716661694e-01
6.87124325680216641032e-01 6.22835721937622821542e+00 -8.71306335279586563480e-01 1.28115302374247903572e+02 3.38366188917366694788e-01
6.88981633448537245101e-01 6.23750287163312222560e+00 -8.70475340152722765197e-01 1.28105245544065837748e+02 3.39644773283766243654e-01
6.90834250495134805092e-01 6.24667247502210365440e+00 -8.69638603772892482269e-01 1.28095155967780215178e+02 3.40921367130991193051e-01
6.92682164207029549274e-01 6.25586609096906798300e+00 -8.68796095263050904833e-01 1.28085033552394264689e+02 3.42195918074618521398e-01
6.94525362003264090660e-01 6.26508378097113460825e+00 -8.67947783604357980813e-01 1.28074878204860851838e+02 3.43468373272675653318e-01
6.96363831334987137822e-01 6.27432560659406668435e+00 -8.67093637635874658898e-01 1.28064689832085633725e+02 3.44738679425208083273e-01
6.98197559685539759222e-01 6.28359162946983751397e+00 -8.66233626054516259174e-01 1.28054468340944083593e+02 3.46006782758434827674e-01
7.00026534570540759361e-01 6.29288191129373153387e+00 -8.65367717414647130703e-01 1.28044213638272964317e+02 3.47272629032203405952e-01
7.01850743537971277775e-01 6.30219651382166468068e+00 -8.64495880127868487897e-01 1.28033925630881526558e+02 3.48536163536022514098e-01
7.03670174168260054159e-01 6.31153549886737597063e+00 -8.63618082462917602271e-01 1.28023604225558671033e+02 3.49797331078802065107e-01
7.05484814074367139192e-01 6.32089892829938193586e+00 -8.62734292545339842562e-01 1.28013249329070674776e+02 3.51056075993740668295e-01
7.07294650901869381698e-01 6.33028686403814777606e+00 -8.61844478357449927941e-01 1.28002860848177277830e+02 3.52312342125732869125e-01
7.09099672329043584362e-01 6.33969936805273359681e+00 -8.60948607737871740575e-01 1.27992438689620414038e+02 3.53566072846447976286e-01
7.10899866066950880672e-01 6.34913650235790338883e+00 -8.60046648381799672123e-01 1.27981982760147516842e+02 3.54817211024351042425e-01
7.12695219859520112671e-01 6.35859832901066468480e+00 -8.59138567840424860478e-01 1.27971492966503873845e+02 3.56065699048841666219e-01
7.14485721483631763817e-01 6.36808491010709509794e+00 -8.58224333521180660078e-01 1.27960969215449438252e+02 3.57311478803035764695e-01
7.16271358749200004468e-01 6.37759630777869990226e+00 -8.57303912687305325058e-01 1.27950411413751538703e+02 3.58554491681324083441e-01
7.18052119499257623936e-01 6.38713258418908047531e+00 -8.56377272458001881361e-01 1.27939819468203069164e+02 3.59794678569522186073e-01
7.19827991610036854730e-01 6.39669380153018973800e+00 -8.55444379808202093329e-01 1.27929193285621281007e+02 3.61031979851553386229e-01
7.21598962991052972349e-01 6.40628002201863733234e+00 -8.54505201568535155410e-01 1.27918532772854959489e+02 3.62266335404229644634e-01
7.23365021585186451780e-01 6.41589130789191042226e+00 -8.53559704425332022026e-01 1.27907837836793930819e+02 3.63497684590524894332e-01
7.25126155368765124010e-01 6.42552772140439998338e+00 -8.52607854920508945185e-01 1.27897108384371762213e+02 3.64725966262204492896e-01
7.26882352351645444344e-01 6.43518932482337469025e+00 -8.51649619451637640566e-01 1.27886344322572654164e+02 3.65951118751319914857e-01
7.28633600577295093004e-01 6.44487618042490773007e+00 -8.50684964271904320299e-01 1.27875545558442155425e+02 3.67173079870256657831e-01
7.30379888122873355272e-01 6.45458835048961976355e+00 -8.49713855490239144963e-01 1.27864711999092719452e+02 3.68391786902157680750e-01
7.32121203099313277995e-01 6.46432589729823359193e+00 -8.48736259071211085470e-01 1.27853843551705708137e+02 3.69607176607717913264e-01
7.33857533651401716668e-01 6.47408888312719632552e+00 -8.47752140835160816756e-01 1.27842940123543840514e+02 3.70819185217830971091e-01
7.35588867957860936819e-01 6.48387737024405552688e+00 -8.46761466458369138621e-01 1.27832001621957104476e+02 3.72027748425799886789e-01
7.37315194231428105986e-01 6.49369142090279805046e+00 -8.45764201473156340683e-01 1.27821027954393159121e+02 3.73232801385250945181e-01
7.39036500718936339993e-01 6.50353109733892775779e+00 -8.44760311267885644071e-01 1.27810019028399565855e+02 3.74434278715413182415e-01
7.40752775701394416963e-01 6.51339646176449971193e+00 -8.43749761087222882594e-01 1.27798974751631291724e+02 3.75632114492218005530e-01
7.42464007494066491333e-01 6.52328757636323786073e+00 -8.42732516032502432246e-01 1.27787895031872722029e+02 3.76826242233414820948e-01
7.44170184446551918889e-01 6.53320450328498392167e+00 -8.41708541061588988441e-01 1.27776779777024827922e+02 3.78016594918177406548e-01
7.45871294942864193622e-01 6.54314730464056815151e+00 -8.40677800989384826913e-01 1.27765628895128941167e+02 3.79203104966974069434e-01
7.47567327401510439699e-01 6.55311604249624313212e+00 -8.39640260488049516852e-01 1.27754442294371628464e+02 3.80385704241458677544e-01
7.49258270275569682184e-01 6.56311077886796034875e+00 -8.38595884087214971103e-01 1.27743219883088542588e+02 3.81564324046624270270e-01
7.50944112052772227983e-01 6.57313157571572226345e+00 -8.37544636174394119266e-01 1.27731961569783493360e+02 3.82738895122502753576e-01
7.52624841255577603505e-01 6.58317849493743167955e+00 -8.36486480995305425878e-01 1.27720667263124425972e+02 3.83909347642940712575e-01
7.54300446441252492313e-01 6.59325159836309460104e+00 -8.35421382654400579426e-01 1.27709336871973960115e+02 3.85075611203580470132e-01
7.55970916201949338920e-01 6.60335094774810382745e+00 -8.34349305114929662430e-01 1.27697970305368173172e+02 3.86237614841615561900e-01
7.57636239164782954170e-01 6.61347660476719045874e+00 -8.33270212199746285187e-01 1.27686567472553264224e+02 3.87395287009966948766e-01
7.59296403991909008013e-01 6.62362863100780074888e+00 -8.32184067591790199714e-01 1.27675128282992872641e+02 3.88548555574483589492e-01
7.60951399380600634892e-01 6.63380708796305018637e+00 -8.31090834834303127110e-01 1.27663652646361086340e+02 3.89697347830713802797e-01
7.62601214063325594239e-01 6.64401203702499376647e+00 -8.29990477331658538240e-01 1.27652140472567054985e+02 3.90841590483337109063e-01
7.64245836807822653824e-01 6.65424353947759250616e+00 -8.28882958350062537534e-01 1.27640591671773165672e+02 3.91981209636197813762e-01
7.65885256417178750254e-01 6.66450165648898451565e+00 -8.27768241017672878890e-01 1.27629006154378089377e+02 3.93116130822994958027e-01
7.67519461729904151071e-01 6.67478644910447815874e+00 -8.26646288325920464146e-01 1.27617383831061772526e+02 3.94246278962016138969e-01
7.69148441620009615249e-01 6.68509797823862150778e+00 -8.25517063129864281379e-01 1.27605724612782310601e+02 3.95371578376707000224e-01
7.70772184997081555302e-01 6.69543630466708883375e+00 -8.24380528148867086635e-01 1.27594028410773702831e+02 3.96491952798066982222e-01
7.72390680806357088350e-01 6.70580148901889394608e+00 -8.23236645967684532721e-01 1.27582295136580739836e+02 3.97607325342960671311e-01
7.74003918028800530493e-01 6.71619359176804398004e+00 -8.22085379037198249463e-01 1.27570524702068993861e+02 3.98717618518553584828e-01
7.75611885681177226637e-01 6.72661267322470379781e+00 -8.20926689675236964661e-01 1.27558717019419034955e+02 3.99822754224075760376e-01
7.77214572816129045663e-01 6.73705879352671566096e+00 -8.19760540067565601774e-01 1.27546872001158561716e+02 4.00922653744923362940e-01
7.78811968522248321278e-01 6.74753201263056023862e+00 -8.18586892268973076447e-01 1.27534989560172988377e+02 4.02017237743151789608e-01
7.80404061924152570029e-01 6.75803239030189484282e+00 -8.17405708204078762513e-01 1.27523069609703910032e+02 4.03106426270348483509e-01
7.81990842182558654194e-01 6.76855998610645315239e+00 -8.16216949668714053523e-01 1.27511112063388210913e+02 4.04190138745615323845e-01
7.83572298494356056509e-01 6.77911485940001679040e+00 -8.15020578330946210421e-01 1.27499116835252408464e+02 4.05268293961014103299e-01
7.85148420092680932036e-01 6.78969706931845440323e+00 -8.13816555732070012752e-01 1.27487083839728001067e+02 4.06340810092825022171e-01
7.86719196246989271870e-01 6.80030667476775807501e+00 -8.12604843288327161055e-01 1.27475012991685929364e+02 4.07407604668435507911e-01
7.88284616263129733760e-01 6.81094373441328748697e+00 -8.11385402292052027029e-01 1.27462904206435226229e+02 4.08468594575084220644e-01
7.89844669483416361722e-01 6.82160830666889417273e+00 -8.10158193912533075576e-01 1.27450757399732623298e+02 4.09523696091857625223e-01
7.91399345286702082802e-01 6.83230044968621808010e+00 -8.08923179198411945734e-01 1.27438572487823989832e+02 4.10572824823452420251e-01
7.92948633088449872375e-01 6.84302022134293252975e+00 -8.07680319078371677932e-01 1.27426349387433901938e+02 4.11615895752154736797e-01
7.94492522340805029657e-01 6.85376767923136309690e+00 -8.06429574363291989947e-01 1.27414088015802548171e+02 4.12652823196755669244e-01
7.96031002532667897320e-01 6.86454288064634265965e+00 -8.05170905747363274685e-01 1.27401788290689978567e+02 4.13683520845421592860e-01
7.97564063189764360651e-01 6.87534588257286927160e+00 -8.03904273810090996832e-01 1.27389450130391153948e+02 4.14707901733762318575e-01
7.99091693874717567958e-01 6.88617674167395499296e+00 -8.02629639018440865783e-01 1.27377073453785044421e+02 4.15725878218870581460e-01
8.00613884187118873825e-01 6.89703551427712291400e+00 -8.01346961728090168009e-01 1.27364658180315359459e+02 4.16737362017648438339e-01
8.02130623763599115428e-01 6.90792225636130208244e+00 -8.00056202185490450418e-01 1.27352204230021968101e+02 4.17742264196636903240e-01
8.03641902277898334539e-01 6.91883702354326057815e+00 -7.98757320530091297073e-01 1.27339711523565782159e+02 4.18740495156156133927e-01
8.05147709440937053849e-01 6.92977987106371351445e+00 -7.97450276796681123415e-01 1.27327179982256140534e+02 4.19731964612200969533e-01
8.06648035000885443857e-01 6.94075085377263878428e+00 -7.96135030916859220973e-01 1.27314609528049928144e+02 4.20716581642714193556e-01
8.08142868743233711015e-01 6.95175002611473580316e+00 -7.94811542722021258101e-01 1.27302000083588168877e+02 4.21694254637624943438e-01
8.09632200490861042574e-01 6.96277744211433446964e+00 -7.93479771945407752476e-01 1.27289351572221065112e+02 4.22664891318696056555e-01
8.11116020104105994726e-01 6.97383315535960957021e+00 -7.92139678224404009121e-01 1.27276663918013795751e+02 4.23628398748347900771e-01
8.12594317480834105183e-01 6.98491721898664952306e+00 -7.90791221103487318445e-01 1.27263937045773332102e+02 4.24584683301453880144e-01
8.14067082556508059277e-01 6.99602968566338123679e+00 -7.89434360036648019587e-01 1.27251170881091738352e+02 4.25533650679810915296e-01
8.15534305304254858449e-01 7.00717060757243270785e+00 -7.88069054390215906203e-01 1.27238365350351301686e+02 4.26475205905692766883e-01
8.16995975734935098167e-01 7.01834003639385706208e+00 -7.86695263445872039476e-01 1.27225520380748164939e+02 4.27409253310239989343e-01
8.18452083897210691532e-01 7.02953802328738319716e+00 -7.85312946403045941679e-01 1.27212635900318460358e+02 4.28335696571340462935e-01
8.19902619877612370836e-01 7.04076461887434934539e+00 -7.83922062382928497293e-01 1.27199711837974703599e+02 4.29254438649041891729e-01
8.21347573800607411165e-01 7.05201987321893408733e+00 -7.82522570430922548290e-01 1.27186748123529156373e+02 4.30165381835454108117e-01
8.22786935828667020942e-01 7.06330383580840504010e+00 -7.81114429519899733378e-01 1.27173744687683964116e+02 4.31068427757841932113e-01
8.24220696162332733259e-01 7.07461655553457635648e+00 -7.79697598554707216323e-01 1.27160701462142682772e+02 4.31963477305147169893e-01
8.25648845040284129482e-01 7.08595808067220289672e+00 -7.78272036374491937849e-01 1.27147618379546159417e+02 4.32850430711914646587e-01
8.27071372739403898322e-01 7.09732845885902197125e+00 -7.76837701757042475847e-01 1.27134495373563026988e+02 4.33729187513935965370e-01
8.28488269574845448417e-01 7.10872773707370786411e+00 -7.75394553422195098591e-01 1.27121332378873006519e+02 4.34599646576873721582e-01
8.29899525900098078424e-01 7.12015596161497743566e+00 -7.73942550037125420737e-01 1.27108129331274568585e+02 4.35461706005307092049e-01
8.31305132107052369150e-01 7.13161317807715899875e+00 -7.72481650217887727550e-01 1.27094886167585670478e+02 4.36315263319627499872e-01
8.32705078626066685921e-01 7.14309943132904656693e+00 -7.71011812536647300753e-01 1.27081602825819842906e+02 4.37160215251734984854e-01
8.34099355926031127417e-01 7.15461476548891361915e+00 -7.69532995524067953141e-01 1.27068279245138057831e+02 4.37996457885051482251e-01
8.35487954514433028841e-01 7.16615922389996384823e+00 -7.68045157674785317070e-01 1.27054915365877945987e+02 4.38823886592137724083e-01
8.36870864937421798935e-01 7.17773284910591424790e+00 -7.66548257451854286870e-01 1.27041511129639985711e+02 4.39642396055839601576e-01
8.38248077779872757809e-01 7.18933568282414547923e+00 -7.65042253291489449119e-01 1.27028066479253169518e+02 4.40451880280549767921e-01
8.39619583665451307830e-01 7.20096776591994647276e+00 -7.63527103608638846310e-01 1.27014581358868241523e+02 4.41252232558975221455e-01
8.40985373256677326559e-01 7.21262913837913099968e+00 -7.62002766801957553966e-01 1.27001055713988023399e+02 4.42043345492537931296e-01
8.42345437254987894349e-01 7.22431983927943299761e+00 -7.60469201259277416405e-01 1.26987489491468181768e+02 4.42825110990166415093e-01
8.43699766400801687283e-01 7.23603990676228558954e+00 -7.58926365363281951737e-01 1.26973882639598244282e+02 4.43597420266796604871e-01
8.45048351473580483528e-01 7.24778937800275180336e+00 -7.57374217497151502876e-01 1.26960235108111987756e+02 4.44360163857448586811e-01
8.46391183291893445251e-01 7.25956828917958940650e+00 -7.55812716051241118009e-01 1.26946546848265654717e+02 4.45113231573587342371e-01
8.47728252713479291103e-01 7.27137667544332355618e+00 -7.54241819428134396830e-01 1.26932817812835764926e+02 4.45856512587891107291e-01
8.49059550635307469513e-01 7.28321457088416046588e+00 -7.52661486050440142748e-01 1.26919047956171411329e+02 4.46589895342129727940e-01
8.50385067993641552420e-01 7.29508200849928556408e+00 -7.51071674366366348607e-01 1.26905237234264490098e+02 4.47313267627430233286e-01
8.51704795764099964472e-01 7.30697902015888178795e+00 -7.49472342857900097890e-01 1.26891385604800035480e+02 4.48026516496781102017e-01
8.53018724961718044497e-01 7.31890563657050208235e+00 -7.47863450046163724672e-01 1.26877493027155225036e+02 4.48729528394300858363e-01
8.54326846641008552652e-01 7.33086188724346321521e+00 -7.46244954500810409037e-01 1.26863559462475151918e+02 4.49422189016121242933e-01
8.55629151896023509849e-01 7.34284780045211071808e+00 -7.44616814846122188065e-01 1.26849584873738223223e+02 4.50104383423646559059e-01
8.56925631860413927754e-01 7.35486340319754905437e+00 -7.42978989769607522931e-01 1.26835569225791559234e+02 4.50775995997738210264e-01
8.58216277707490537985e-01 7.36690872116863726404e+00 -7.41331438030646938664e-01 1.26821512485410906379e+02 4.51436910408765046387e-01
8.59501080650284077223e-01 7.37898377870104837939e+00 -7.39674118467269048338e-01 1.26807414621302228852e+02 4.52087009740400502800e-01
8.60780031941604684143e-01 7.39108859873721524281e+00 -7.38006990007194163539e-01 1.26793275604253437905e+02 4.52726176329915519503e-01
8.62053122874101962481e-01 7.40322320278272272276e+00 -7.36330011675257800619e-01 1.26779095407115008243e+02 4.53354291887812788087e-01
8.63320344780323600808e-01 7.41538761086262709910e+00 -7.34643142602642185146e-01 1.26764874004865575330e+02 4.53971237511722303104e-01
8.64581689032775213555e-01 7.42758184147719546786e+00 -7.32946342038362841365e-01 1.26750611374729132308e+02 4.54576893560307337960e-01
8.65837147043978516692e-01 7.43980591155446369100e+00 -7.31239569356888385876e-01 1.26736307496156470620e+02 4.55171139829398496701e-01
8.67086710266529503421e-01 7.45205983640299596260e+00 -7.29522784070288921043e-01 1.26721962350920932749e+02 4.55753855426981102639e-01
8.68330370193157397019e-01 7.46434362966313180721e+00 -7.27795945838273228290e-01 1.26707575923206064772e+02 4.56324918826086611823e-01
8.69568118356782493450e-01 7.47665730325675959023e+00 -7.26059014478923958613e-01 1.26693148199691393074e+02 4.56884207893594018746e-01
8.70799946330572671727e-01 7.48900086733357639446e+00 -7.24311949980819713701e-01 1.26678679169493065615e+02 4.57431599845035008478e-01
8.72025845728002679813e-01 7.50137433021921395948e+00 -7.22554712512861185836e-01 1.26664168824348777775e+02 4.57966971397021527235e-01
8.73245808202909201690e-01 7.51377769836072584297e+00 -7.20787262440881981718e-01 1.26649617158734372424e+02 4.58490198452996322587e-01
8.74459825449549366105e-01 7.52621097626763457811e+00 -7.19009560334769703971e-01 1.26635024169766495561e+02 4.59001156511738950261e-01
8.75667889202656035685e-01 7.53867416645615673332e+00 -7.17221566986807945732e-01 1.26620389857471138839e+02 4.59499720288470303586e-01
8.76869991237495205461e-01 7.55116726938654725387e+00 -7.15423243419506027507e-01 1.26605714224667224244e+02 4.59985764137754993275e-01
8.78066123369920736863e-01 7.56369028340399118804e+00 -7.13614550904504429951e-01 1.26590997277253066500e+02 4.60459161699050434358e-01
8.79256277456431312167e-01 7.57624320467243350663e+00 -7.11795450975224563983e-01 1.26576239024103898601e+02 4.60919786033460676666e-01
8.80440445394225390530e-01 7.58882602711061426959e+00 -7.09965905440343436617e-01 1.26561439477274845444e+02 4.61367509740755743497e-01
8.81618619121255608917e-01 7.60143874232396843382e+00 -7.08125876401438758556e-01 1.26546598652049866018e+02 4.61802204802874316503e-01
8.82790790616284959391e-01 7.61408133953461785381e+00 -7.06275326266791125818e-01 1.26531716566995612538e+02 4.62223742752492450236e-01
8.83956951898940523904e-01 7.62675380551079040714e+00 -7.04414217770618966696e-01 1.26516793244136124486e+02 4.62631994477753105688e-01
8.85117095029768430337e-01 7.63945612449223787621e+00 -7.02542513986395777970e-01 1.26501828708987133609e+02 4.63026830510452402923e-01
8.86271212110287143204e-01 7.65218827811438373487e+00 -7.00660178348734397069e-01 1.26486822990671868183e+02 4.63408120717224591978e-01
8.87419295283041753564e-01 7.66495024532896707115e+00 -6.98767174666668156036e-01 1.26471776121940592930e+02 4.63775734679900963897e-01
8.88561336731657602783e-01 7.67774200232633052821e+00 -6.96863467147673110169e-01 1.26456688139504549895e+02 4.64129541319409921751e-01
8.89697328680893129160e-01 7.69056352244858310030e+00 -6.94949020412305107364e-01 1.26441559083863552360e+02 4.64469409268938204782e-01
8.90827263396692936581e-01 7.70341477610534841602e+00 -6.93023799516582883484e-01 1.26426388999527162582e+02 4.64795206718179532146e-01
8.91951133186240308071e-01 7.71629573068713359163e+00 -6.91087769974762955449e-01 1.26411177935259587457e+02 4.65106801279038084562e-01
8.93068930398010163429e-01 7.72920635047245241367e+00 -6.89140897778232286441e-01 1.26395925944055335322e+02 4.65404060196106972302e-01
8.94180647421820240517e-01 7.74214659653048720145e+00 -6.87183149412286087276e-01 1.26380633082989362492e+02 4.65686850777128402701e-01
8.95286276688883719821e-01 7.75511642663442302137e+00 -6.85214491895605903871e-01 1.26365299414123413158e+02 4.65955039159662187664e-01
8.96385810671860183696e-01 7.76811579515111638727e+00 -6.83234892783839642405e-01 1.26349925003810042767e+02 4.66208491860959028941e-01
8.97479241884907241733e-01 7.78114465294282453556e+00 -6.81244320209076770212e-01 1.26334509923184810987e+02 4.66447074661310412402e-01
8.98566562883731378975e-01 7.79420294726119067263e+00 -6.79242742896180806689e-01 1.26319054248297192089e+02 4.66670653319649630930e-01
8.99647766265638582084e-01 7.80729062163841724953e+00 -6.77230130196587176705e-01 1.26303558060299081944e+02 4.66879093015637791630e-01
9.00722844669584632449e-01 7.82040761577182319542e+00 -6.75206452107885324310e-01 1.26288021445377466989e+02 4.67072258954089880589e-01
9.01791790776225510307e-01 7.83355386541024500957e+00 -6.73171679307306813911e-01 1.26272444495118350005e+02 4.67250015974323973378e-01
9.02854597307967132735e-01 7.84672930223256148707e+00 -6.71125783178829316000e-01 1.26256827306544849421e+02 4.67412228723266043318e-01
9.03911257029014647557e-01 7.85993385372390473975e+00 -6.69068735842177075845e-01 1.26241169982274399786e+02 4.67558761762917218796e-01
9.04961762745422060306e-01 7.87316744304794546849e+00 -6.67000510185550066211e-01 1.26225472630683228203e+02 4.67689479469058477790e-01
9.06006107305140861996e-01 7.88642998891724200661e+00 -6.64921079900313571898e-01 1.26209735366243648969e+02 4.67804245859699208143e-01
9.07044283598068878938e-01 7.89972140545209011719e+00 -6.62830419504273571363e-01 1.26193958309284028019e+02 4.67902925403413660899e-01
9.08076284556099455614e-01 7.91304160204736461992e+00 -6.60728504390744708630e-01 1.26178141586742952995e+02 4.67985381902780606111e-01
9.09102103153167639960e-01 7.92639048321916650508e+00 -6.58615310849779533875e-01 1.26162285331672777033e+02 4.68051479648538215628e-01
9.10121732405300032376e-01 7.93976794846339295475e+00 -6.56490816113896813455e-01 1.26146389684071820625e+02 4.68101082757657716016e-01
9.11135165370661193052e-01 7.95317389209459602029e+00 -6.54354998394325648725e-01 1.26130454790541307375e+02 4.68134055345632016376e-01
9.12142395149601159510e-01 7.96660820309349659851e+00 -6.52207836920223660293e-01 1.26114480805030154897e+02 4.68150261583279381217e-01
9.13143414884702742107e-01 7.98007076493581468668e+00 -6.50049311977848209843e-01 1.26098467888510796797e+02 4.68149565855445870532e-01
9.14138217760827709313e-01 7.99356145542553786498e+00 -6.47879404951056225848e-01 1.26082416209441348087e+02 4.68131832940130609977e-01
9.15126797005163528098e-01 8.00708014652117050503e+00 -6.45698098374547391209e-01 1.26066325944130156245e+02 4.68096927280841512697e-01
9.16109145887269216146e-01 8.02062670414868783553e+00 -6.43505375963178360976e-01 1.26050197276474904129e+02 4.68044714298673170116e-01
9.17085257719121638154e-01 8.03420098802303783714e+00 -6.41301222677439164421e-01 1.26034030398909806081e+02 4.67975058936297150236e-01
9.18055125855160469861e-01 8.04780285144426521526e+00 -6.39085624751625891449e-01 1.26017825511773637004e+02 4.67887827327875205352e-01
9.19018743692333606177e-01 8.06143214111085626428e+00 -6.36858569765152315867e-01 1.26001582824633715063e+02 4.67782885139243875816e-01
9.19976104670142347253e-01 8.07508869689900876665e+00 -6.34620046673955773286e-01 1.25985302555352703280e+02 4.67660099264060657998e-01
9.20927202270686140473e-01 8.08877235166120023280e+00 -6.32370045879678710499e-01 1.25968984931320974852e+02 4.67519336624453052398e-01
9.21872030018706323240e-01 8.10248293099890837254e+00 -6.30108559275873725269e-01 1.25952630189150127649e+02 4.67360464981218914904e-01
9.22810581481630642919e-01 8.11622025303836913679e+00 -6.27835580312589791596e-01 1.25936238575238434123e+02 4.67183352412880448234e-01
9.23742850269617443715e-01 8.12998412819083426939e+00 -6.25551104042270544880e-01 1.25919810345676580710e+02 4.66987868496024582932e-01
9.24668830035598299233e-01 8.14377435892150458585e+00 -6.23255127208563908248e-01 1.25903345767577661718e+02 4.66773882132689998947e-01
9.25588514475321866293e-01 8.15759073947888779799e+00 -6.20947648274244312638e-01 1.25886845117753097156e+02 4.66541264567426727794e-01
9.26501897327396517490e-01 8.17143305565339339580e+00 -6.18628667519798280949e-01 1.25870308684594789383e+02 4.66289886777242534865e-01
9.27408972373333306827e-01 8.18530108449558468919e+00 -6.16298187086354976039e-01 1.25853736767290030230e+02 4.66019621650970328197e-01
9.28309733437587714100e-01 8.19919459404704831229e+00 -6.13956211066865487069e-01 1.25837129676904751818e+02 4.65730342375205996763e-01
9.29204174387602388485e-01 8.21311334304967743947e+00 -6.11602745568879724303e-01 1.25820487736434742487e+02 4.65421923391462544206e-01
9.30092289133848337812e-01 8.22705708064293617099e+00 -6.09237798784513340244e-01 1.25803811280679440188e+02 4.65094240984560480801e-01
9.30974071629866561928e-01 8.24102554607457449265e+00 -6.06861381091996276993e-01 1.25787100658158053079e+02 4.64747171452102425526e-01
9.31849515872309464015e-01 8.25501846835503627631e+00 -6.04473505102695152225e-01 1.25770356229099917300e+02 4.64380594087963671779e-01
9.32718615900981373734e-01 8.26903556595627087233e+00 -6.02074185777541570630e-01 1.25753578368210838789e+02 4.63994388589421713487e-01
9.33581365798879514450e-01 8.28307654645701063600e+00 -5.99663440504320854885e-01 1.25736767463825117375e+02 4.63588435994668091045e-01
9.34437759692233416153e-01 8.29714110619377542832e+00 -5.97241289179828771516e-01 1.25719923918558933451e+02 4.63162619511603201872e-01
9.35287791750546215752e-01 8.31122892989096229144e+00 -5.94807754301302393785e-01 1.25703048149226532360e+02 4.62716824835919748882e-01
9.36131456186633403860e-01 8.32533969030177800619e+00 -5.92362861089998360420e-01 1.25686140588834390996e+02 4.62250938003170130930e-01
9.36968747256662348732e-01 8.33947304780600440210e+00 -5.89906637573069492220e-01 1.25669201685951207992e+02 4.61764847108584730595e-01
9.37799659260191820209e-01 8.35362864999120979803e+00 -5.87439114660404215762e-01 1.25652231903795694734e+02 4.61258444823387625533e-01
9.38624186540210181384e-01 8.36780613127808692298e+00 -5.84960326322151780154e-01 1.25635231724534023101e+02 4.60731622513991190271e-01
9.39442323483174468457e-01 8.38200511244124690791e+00 -5.82470309627882376624e-01 1.25618201645584534276e+02 4.60184276688117233078e-01
9.40254064519048693427e-01 8.39622520020161644538e+00 -5.79969104920889377830e-01 1.25601142183669637120e+02 4.59616304073900028282e-01
9.41059404121340592475e-01 8.41046598673410983338e+00 -5.77456755888964168300e-01 1.25584053872712004818e+02 4.59027606093176887558e-01
9.41858336807141038882e-01 8.42472704920226433956e+00 -5.74933309724578900379e-01 1.25566937265633413290e+02 4.58418085897667082484e-01
9.42650857137159903232e-01 8.43900794926796748996e+00 -5.72398817246906999046e-01 1.25549792935438873087e+02 4.57787649156340181733e-01
9.43436959715763689971e-01 8.45330823257162755624e+00 -5.69853333029171404966e-01 1.25532621475240148357e+02 4.57136204793337386221e-01
9.44216639191012285792e-01 8.46762742818680536061e+00 -5.67296915526129708063e-01 1.25515423497612360393e+02 4.56463666166340209518e-01
9.44989890254695485972e-01 8.48196504810304752198e+00 -5.64729627255664334839e-01 1.25498199638253254307e+02 4.55769947880648673699e-01
9.45756707642368521505e-01 8.49632058661965317015e+00 -5.62151534892185611447e-01 1.25480950553295613759e+02 4.55054970957647519914e-01
9.46517086133388918512e-01 8.51069351980173216532e+00 -5.59562709508087174903e-01 1.25463676924254002643e+02 4.54318655186743747265e-01
9.47271020550951026173e-01 8.52508330480531384410e+00 -5.56963226615205475589e-01 1.25446379452767615703e+02 4.53560930043508225840e-01
9.48018505762121987956e-01 8.53948937931324536521e+00 -5.54353166438292244145e-01 1.25429058867677255762e+02 4.52781725183727334905e-01
9.48759536677876158528e-01 8.55391116085307423589e+00 -5.51732614075130411990e-01 1.25411715923301684938e+02 4.51980971647053697549e-01
9.49494108253130075781e-01 8.56834804602756960890e+00 -5.49101659441041500820e-01 1.25394351391457306022e+02 4.51158623644934364538e-01
9.50222215486776988769e-01 8.58279941005805291354e+00 -5.46460397991983093391e-01 1.25376966085611854851e+02 4.50314609216183825424e-01
9.50943853421720053376e-01 8.59726460576748152675e+00 -5.43808930311836080662e-01 1.25359560834152716779e+02 4.49448886121047608277e-01
9.51659017144907415364e-01 8.61174296303400765851e+00 -5.41147362707633416967e-01 1.25342136500850884318e+02 4.48561405502088228481e-01
9.52367701787364628885e-01 8.62623378791378137009e+00 -5.38475807243407933456e-01 1.25324693976444450527e+02 4.47652128024756124081e-01
9.53069902524227741125e-01 8.64073636185288407319e+00 -5.35794381999843638553e-01 1.25307234181341982548e+02 4.46721019839218524972e-01
9.53765614574776932066e-01 8.65524994088467813924e+00 -5.33103211313915248404e-01 1.25289758069696205212e+02 4.45768051100376150320e-01
9.54454833202468377884e-01 8.66977375472225375574e+00 -5.30402425967797963580e-01 1.25272266626295305514e+02 4.44793199992070231730e-01
9.55137553714966891505e-01 8.68430700588532999973e+00 -5.27692163446195627863e-01 1.25254760869688524849e+02 4.43796451145964443441e-01
9.55813771464177897030e-01 8.69884886878211283090e+00 -5.24972568201448885894e-01 1.25237241854089418780e+02 4.42777794077557240726e-01
9.56483481846278404959e-01 8.71339848874384692579e+00 -5.22243791884590136121e-01 1.25219710669840551986e+02 4.41737225731180405131e-01
9.57146680301749208652e-01 8.72795498099525168811e+00 -5.19505993578623925799e-01 1.25202168440896912216e+02 4.40674753735034840929e-01
9.57803362315405748539e-01 8.74251742969996570309e+00 -5.16759340155343416257e-01 1.25184616333130961152e+02 4.39590388682059185488e-01
9.58453523416427977111e-01 8.75708488686373165422e+00 -5.14004006502396082467e-01 1.25167055552199428803e+02 4.38484149815673351913e-01
9.59097159178392222323e-01 8.77165637119736985028e+00 -5.11240175783712169633e-01 1.25149487341027025877e+02 4.37356068562410937872e-01
9.59734265219300386462e-01 8.78623086703233546757e+00 -5.08468039807557392606e-01 1.25131912986344687511e+02 4.36206182590141877675e-01
9.60364837201609811146e-01 8.80080732313995817151e+00 -5.05687799325366227343e-01 1.25114333819577950635e+02 4.35034537612688176900e-01
9.60988870832263142319e-01 8.81538465149342087557e+00 -5.02899664327960294052e-01 1.25096751216009096197e+02 4.33841190590100234115e-01
9.61606361862717418099e-01 8.82996172604111073667e+00 -5.00103854438525341486e-01 1.25079166599329070664e+02 4.32626204445820172761e-01
9.62217306088972823552e-01 8.84453738135101907858e+00 -4.97300599156032252512e-01 1.25061581437310792353e+02 4.31389658886309868002e-01
9.62821699351601556494e-01 8.85911041134768417749e+00 -4.94490138329213402280e-01 1.25043997251493692602e+02 4.30131639385648911755e-01
9.63419537535776138171e-01 8.87367956785715428225e+00 -4.91672722460387512378e-01 1.25026415611780123527e+02 4.28852244360847401072e-01
9.64010816571297390887e-01 8.88824355922022668608e+00 -4.88848613108869567423e-01 1.25008838142698522233e+02 4.27551583721111794212e-01
9.64595532432621638463e-01 8.90280104881425771168e+00 -4.86018083321771932059e-01 1.24991266525206754068e+02 4.26229775794380816301e-01
9.65173681138889238973e-01 8.91735065347329580732e+00 -4.83181417939945068163e-01 1.24973702492696816080e+02 4.24886958464258224222e-01
9.65745258753950674979e-01 8.93189094196089428124e+00 -4.80338914122127536022e-01 1.24956147837716940785e+02 4.23523279304796274047e-01
9.66310261386393642979e-01 8.94642043337528036773e+00 -4.77490881769598640716e-01 1.24938604416793282326e+02 4.22138897285003811266e-01
9.66868685189569476712e-01 8.96093759543015799807e+00 -4.74637643946644094406e-01 1.24921074147477710881e+02 4.20733986331497056277e-01
9.67420526361620347622e-01 8.97544084272729136842e+00 -4.71779537341169341591e-01 1.24903559009826494730e+02 4.19308736268193704699e-01
9.67965781145503245675e-01 8.98992853498466004680e+00 -4.68916912712047551093e-01 1.24886061048597866829e+02 4.17863356731183299697e-01
9.68504445829016735736e-01 9.00439897530918109680e+00 -4.66050135537449006229e-01 1.24868582386096207415e+02 4.16398061209633185697e-01
9.69036516744826603720e-01 9.01885040814559957312e+00 -4.63179586299230006130e-01 1.24851125205457975653e+02 4.14913091196399796967e-01
9.69561990270489948429e-01 9.03328101748001088822e+00 -4.60305661165707202809e-01 1.24833691767274046924e+02 4.13408699704809812214e-01
9.70080862828479939530e-01 9.04768892483125064530e+00 -4.57428772454374354961e-01 1.24816284408883149126e+02 4.11885159716592563761e-01
9.70593130886211241659e-01 9.06207218719230134241e+00 -4.54549349229965982122e-01 1.24798905543951192954e+02 4.10342759581828697701e-01
9.71098790956062218882e-01 9.07642879496431120856e+00 -4.51667837814397232776e-01 1.24781557666738351031e+02 4.08781809676227569916e-01
9.71597839595400469825e-01 9.09075666982237429181e+00 -4.48784702397715340449e-01 1.24764243354593375557e+02 4.07202639567540158883e-01
9.72090273406605143158e-01 9.10505366251902437114e+00 -4.45900425615933071466e-01 1.24746965268991829134e+02 4.05605600336764571257e-01
9.72576089037090585343e-01 9.11931755070737359858e+00 -4.43015509213246727604e-01 1.24729726164289033363e+02 4.03991059066366731134e-01
9.73055283179328878163e-01 9.13354603657393226968e+00 -4.40130474551003292305e-01 1.24712528880150230748e+02 4.02359411825587209854e-01
9.73527852570872820337e-01 9.14773674458921526309e+00 -4.37245863334447537607e-01 1.24695376352411088305e+02 4.00711073886438728930e-01
9.73993793994377243806e-01 9.16188721911008308041e+00 -4.34362238207113560140e-01 1.24678271611796247953e+02 3.99046486013817702787e-01
9.74453104277621995344e-01 9.17599492203437527849e+00 -4.31480183479043599704e-01 1.24661217793152843569e+02 3.97366106900167270766e-01
9.74905780293532697733e-01 9.19005723028529963869e+00 -4.28600305658829172639e-01 1.24644218128877952267e+02 3.95670429140245916155e-01
9.75351818960202621156e-01 9.20407143335520494531e+00 -4.25723234221475177463e-01 1.24627275952817768712e+02 3.93959969349518657200e-01
9.75791217240913111297e-01 9.21803473093023306717e+00 -4.22849622314273809742e-01 1.24610394716627965295e+02 3.92235266261455828296e-01
9.76223972144155016650e-01 9.23194423021483601133e+00 -4.19980147349694188375e-01 1.24593577973196573794e+02 3.90496892489736568965e-01
9.76650080723648006398e-01 9.24579694354586578697e+00 -4.17115511800141114396e-01 1.24576829395708898574e+02 3.88745443591686778984e-01
9.77069540078361775670e-01 9.25958978581970804100e+00 -4.14256443829574105830e-01 1.24560152775285885696e+02 3.86981546348371840960e-01
9.77482347352534808316e-01 9.27331957186429356454e+00 -4.11403697943696577966e-01 1.24543552011422661963e+02 3.85205865070709030373e-01
9.77888499735694360915e-01 9.28698301414387650254e+00 -4.08558055848741885629e-01 1.24527031141193816666e+02 3.83419082948976530645e-01
9.78287994462675891683e-01 9.30057672005562707795e+00 -4.05720326941679088062e-01 1.24510594316156002037e+02 3.81621926589541249353e-01
9.78680828813640935060e-01 9.31409718967149302671e+00 -4.02891349208537474791e-01 1.24494245829394870384e+02 3.79815140796808448087e-01
9.79067000114096308572e-01 9.32754081309978921865e+00 -4.00071989627700574932e-01 1.24477990089698437259e+02 3.77999521738105637159e-01
9.79446505734912542529e-01 9.34090386832037644638e+00 -3.97263145028447561824e-01 1.24461831646597502754e+02 3.76175893244621917244e-01
9.79819343092340866441e-01 9.35418251890818019945e+00 -3.94465742723197565489e-01 1.24445775192106310669e+02 3.74345107891510597842e-01
9.80185509648031860763e-01 9.36737281173535585310e+00 -3.91680740978636032779e-01 1.24429825547376751160e+02 3.72508065291147771880e-01
9.80545002909051777173e-01 9.38047067504893128387e+00 -3.88909129732936176271e-01 1.24413987682291363512e+02 3.70665696438430614101e-01
9.80897820427900302143e-01 9.39347191649723534113e+00 -3.86151931116580304781e-01 1.24398266711512675897e+02 3.68818967898510208236e-01
9.81243959802526766190e-01 9.40637222129291927786e+00 -3.83410199904223147893e-01 1.24382667887416999974e+02 3.66968889797175901180e-01
9.81583418676346575182e-01 9.41916715075415567071e+00 -3.80685024020916973342e-01 1.24367196618166445887e+02 3.65116511240888286238e-01
9.81916194738257197550e-01 9.43185214082630452026e+00 -3.77977524978860335292e-01 1.24351858456468164604e+02 3.63262917240026683707e-01
9.82242285722654373536e-01 9.44442250106127900722e+00 -3.75288858228801314176e-01 1.24336659116741543585e+02 3.61409228969835349954e-01
9.82561689409446659127e-01 9.45687341352477517376e+00 -3.72620213305766390111e-01 1.24321604447630832624e+02 3.59556621598178527410e-01
9.82874403624071413255e-01 9.46919993239362689508e+00 -3.69972814184625353739e-01 1.24306700455790760884e+02 3.57706304984547529546e-01
9.83180426237509119680e-01 9.48139698373521966346e+00 -3.67347919386938615016e-01 1.24291953309866642030e+02 3.55859525072983240435e-01
9.83479755166297819891e-01 9.49345936546641055997e+00 -3.64746821906562990190e-01 1.24277369318601401460e+02 3.54017576490073149209e-01
9.83772388372547657021e-01 9.50538174801537039116e+00 -3.62170849209060952134e-01 1.24262954948335121230e+02 3.52181791493495321976e-01
9.84058323863954753641e-01 9.51715867525599534815e+00 -3.59621363015586115175e-01 1.24248716816918545192e+02 3.50353541653221800534e-01
9.84337559693814090345e-01 9.52878456589819045064e+00 -3.57099758897457708606e-01 1.24234661682575392661e+02 3.48534247952455134012e-01
9.84610093961033494558e-01 9.54025371560749135824e+00 -3.54607465933830134919e-01 1.24220796459908072507e+02 3.46725363406725661797e-01
9.84875924810146630151e-01 9.55156029946770956940e+00 -3.52145946023988076767e-01 1.24207128203602181316e+02 3.44928381732867550546e-01
9.85135050431324765796e-01 9.56269837511168852018e+00 -3.49716693059361205531e-01 1.24193664098104463278e+02 3.43144843184521597390e-01
9.85387469060390319697e-01 9.57366188668062889633e+00 -3.47321232044768613001e-01 1.24180411470033391197e+02 3.41376323192123742878e-01
9.85633178978827628747e-01 9.58444466933478267379e+00 -3.44961117963972829781e-01 1.24167377778157927537e+02 3.39624430020450951417e-01
9.85872178513795716093e-01 9.59504045444648134833e+00 -3.42637934361301077502e-01 1.24154570592233980619e+02 3.37890814329280975148e-01
9.86104466038138838258e-01 9.60544287589722145526e+00 -3.40353291885898634472e-01 1.24141997615218301121e+02 3.36177154477318662629e-01
9.86330039970398142479e-01 9.61564547667360614014e+00 -3.38108826434515841175e-01 1.24129666627209530816e+02 3.34485166423021673676e-01
9.86548898774822102808e-01 9.62564171701843562801e+00 -3.35906197156344676902e-01 1.24117585525923018963e+02 3.32816601151071533859e-01
9.86761040961377400293e-01 9.63542498311631234742e+00 -3.33747084387949144446e-01 1.24105762312694579919e+02 3.31173215962501432674e-01
9.86966465085758248854e-01 9.64498859635058103379e+00 -3.31633186810277647005e-01 1.24094205021248157550e+02 3.29556822021182582727e-01
9.87165169749397164445e-01 9.65432582440901398968e+00 -3.29566219009421235153e-01 1.24082921774730593256e+02 3.27969236396452812343e-01
9.87357153599473957861e-01 9.66342989271364416481e+00 -3.27547908354989092405e-01 1.24071920743509124918e+02 3.26412293865610547705e-01
9.87542415328925060614e-01 9.67229399708010006975e+00 -3.25579991731344497996e-01 1.24061210134577876829e+02 3.24887841251023878897e-01
9.87720953676452295689e-01 9.68091131726023412796e+00 -3.23664211889973851832e-01 1.24050798160336654519e+02 3.23397747839389515523e-01
9.87892767426531648312e-01 9.68927503166412940061e+00 -3.21802313731583966572e-01 1.24040693032038575438e+02 3.21943886133578771602e-01
9.88057855409421592618e-01 9.69737833299702067791e+00 -3.19996040199888087674e-01 1.24030902940079670316e+02 3.20528130581196391002e-01
9.88216216501170752196e-01 9.70521444498855423433e+00 -3.18247127972223708969e-01 1.24021436052101805103e+02 3.19152347836553718086e-01
9.88367849623625893685e-01 9.71277663977276439766e+00 -3.16557302832590814479e-01 1.24012300466916016717e+02 3.17818396811415937453e-01
9.88512753744439143233e-01 9.72005825624170327615e+00 -3.14928274751235248718e-01 1.24003504180741884966e+02 3.16528137772547069062e-01
9.88650927877074869876e-01 9.72705271966889206681e+00 -3.13361733104650874715e-01 1.23995055123210278225e+02 3.15283386261030806885e-01
9.88782371080816346876e-01 9.73375356121024637446e+00 -3.11859341102178944105e-01 1.23986961058047427287e+02 3.14085957595037212897e-01
9.88907082460772635102e-01 9.74015443903494748668e+00 -3.10422730715917194466e-01 1.23979229636677857229e+02 3.12937607518039118126e-01
9.89025061167884578239e-01 9.74624915879969222487e+00 -3.09053496644256964210e-01 1.23971868262848218478e+02 3.11840099188938124630e-01
9.89136306398929687766e-01 9.75203169608926145884e+00 -3.07753191192772224127e-01 1.23964884201390589169e+02 3.10795110734740809288e-01
9.89240817396528693273e-01 9.75749621768727948279e+00 -3.06523318174087899823e-01 1.23958284457157773772e+02 3.09804282305012168575e-01
9.89338593449150427439e-01 9.76263710384480454252e+00 -3.05365327192410274115e-01 1.23952075790471781147e+02 3.08869198157767421709e-01
9.89429633891116377953e-01 9.76744897008052959109e+00 -3.04280607853458617829e-01 1.23946264662686672864e+02 3.07991380486480781364e-01
9.89513938102605350444e-01 9.77192668906375239146e+00 -3.03270484038992038656e-01 1.23940857226721476536e+02 3.07172281383506717845e-01
9.89591505509657798356e-01 9.77606541201701695343e+00 -3.02336208262726002793e-01 1.23935859301901700746e+02 3.06413277319597610049e-01
9.89662335584179708725e-01 9.77986058967598026470e+00 -3.01478956264983388724e-01 1.23931276369276162086e+02 3.05715649107948239660e-01
9.89726427843945932850e-01 9.78330799209600598942e+00 -3.00699821585369619914e-01 1.23927113502987069182e+02 3.05080596801956704933e-01
9.89783781852604072071e-01 9.78640372785077161666e+00 -2.99999810464289251577e-01 1.23923375356976919193e+02 3.04509242530427826079e-01
9.89834397219676587198e-01 9.78914426224159583967e+00 -2.99379837344737997906e-01 1.23920066177227724324e+02 3.04002584672446340974e-01
9.89878273600564240198e-01 9.79152643400102107307e+00 -2.98840720339783816328e-01 1.23917189784582660650e+02 3.03561513801730742390e-01
9.89915410696548092595e-01 9.79354746996904346190e+00 -2.98383177032782109794e-01 1.23914749471803006031e+02 3.03186838376258593897e-01
9.89945808254791503877e-01 9.79520499936439570376e+00 -2.98007821288418406347e-01 1.23912748107660206642e+02 3.02879219143400768566e-01
9.89969466068341796827e-01 9.79649706499461103704e+00 -2.97715159832103171134e-01 1.23911188037383908522e+02 3.02639217621839651251e-01
