00000000000000000000 -4.35468302332084622464e+00 -9.61904949677528597896e-01 00000000000000000130 9.50864978518716035147e-25
2.58315720529896097890e-03 -4.35161462522640718475e+00 -9.61913636178700182100e-01 1.30002716917504841376e+02 5.98581138719428895376e-04
5.16629682395841009074e-03 -4.34855408245307462067e+00 -9.61921365394972527341e-01 1.30005413730641578240e+02 1.18960138477332017654e-03
7.74940126945856955221e-03 -4.34550138065853541747e+00 -9.61928143401739266238e-01 1.30008090507488020648e+02 1.77307031852021244715e-03
1.03324529555191297475e-02 -4.34245650552946571565e+00 -9.61933976245234134694e-01 1.30010747316103874027e+02 2.34899770952023620452e-03
1.29154342962189676997e-02 -4.33941944278152469394e+00 -9.61938869942638330457e-01 1.30013384224529204403e+02 2.91739351162843309206e-03
1.54983277061159028382e-02 -4.33639017815934213473e+00 -9.61942830482299560124e-01 1.30016001300783386796e+02 3.47826786582648098817e-03
1.80811156003663868475e-02 -4.33336869743660546561e+00 -9.61945863823434055284e-01 1.30018598612868942155e+02 4.03163107056712845949e-03
2.06637803948452533631e-02 -4.33035498641586613644e+00 -9.61947975897529006239e-01 1.30021176228758889692e+02 4.57749365392388918305e-03
2.32463045062654173611e-02 -4.32734903092874834130e+00 -9.61949172607103220045e-01 1.30023734216408854536e+02 5.11586628992466083132e-03
2.58286703522975918945e-02 -4.32435081683584243706e+00 -9.61949459826641040117e-01 1.30026272643749251756e+02 5.64675984230659285673e-03
2.84108603516900135033e-02 -4.32136033002671560155e+00 -9.61948843402598674501e-01 1.30028791578685627428e+02 6.17018535461307839063e-03
3.09928569243880722150e-02 -4.31837755573042070267e+00 -9.61947329124197558770e-01 1.30031291089092917446e+02 6.68615404974520158993e-03
3.35746424916540803229e-02 -4.31540248126026604325e+00 -9.61944922829158999278e-01 1.30033771242860240136e+02 7.19467725674668729524e-03
3.61561994761869162640e-02 -4.31243509191615270737e+00 -9.61941630263221325592e-01 1.30036232107776868361e+02 7.69576663848139854579e-03
3.87375103022416650278e-02 -4.30947537370382427468e+00 -9.61937457161603615141e-01 1.30038673751657370303e+02 8.18943390296258261207e-03
4.13185573957493418318e-02 -4.30652331265774446223e+00 -9.61932409232925889064e-01 1.30041096242273965800e+02 8.67569096816495077817e-03
4.38993231844364839578e-02 -4.30357889484134936708e+00 -9.61926492158724277814e-01 1.30043499647369458216e+02 9.15454992450970457540e-03
4.64797900979448119774e-02 -4.30064210634702348557e+00 -9.61919711593629100932e-01 1.30045884034656381800e+02 9.62602303394217116705e-03
4.90599405679508632216e-02 -4.29771293329610237777e+00 -9.61912073165522074625e-01 1.30048249471816063760e+02 1.00901227291012116766e-02
5.16397570282855211676e-02 -4.29479136183884513400e+00 -9.61903582475685525743e-01 1.30050596026497771618e+02 1.05468616125335666600e-02
5.42192219150537807471e-02 -4.29187737815573910893e+00 -9.61894245096937328121e-01 1.30052923766393632832e+02 1.09962523354725453389e-02
5.67983176667541181382e-02 -4.28897096845300929147e+00 -9.61884066580825369819e-01 1.30055232758975591878e+02 1.14383080118595371194e-02
5.93770267243982005634e-02 -4.28607211896855755384e+00 -9.61873052448404708414e-01 1.30057523071843917251e+02 1.18730416653808762417e-02
6.19553315316303740423e-02 -4.28318081596838329261e+00 -9.61861208196020944783e-01 1.30059794772516397643e+02 1.23004665599291181793e-02
6.45332145348472135948e-02 -4.28029704574738278922e+00 -9.61848539294192228510e-01 1.30062047928475578829e+02 1.27205961230288672886e-02
6.71106581833170040552e-02 -4.27742079462933677547e+00 -9.61835051187743150791e-01 1.30064282607167967853e+02 1.31334439448596330957e-02
6.96876449292992278250e-02 -4.27455204896690599270e+00 -9.61820749295978383309e-01 1.30066498876003180385e+02 1.35390237772705489955e-02
7.22641572281641081377e-02 -4.27169079514161076361e+00 -9.61805639012814794775e-01 1.30068696802353201747e+02 1.39373495327599385141e-02
7.48401775385119094608e-02 -4.26883701956382122233e+00 -9.61789725706937881355e-01 1.30070876453551704799e+02 1.43284352835663635756e-02
7.74156883222925085164e-02 -4.26599070867273510999e+00 -9.61773014721959862428e-01 1.30073037896893026755e+02 1.47122952607050116319e-02
7.99906720449247571336e-02 -4.26315184893892684670e+00 -9.61755511373903027028e-01 1.30075181199781667374e+02 1.50889436972607288157e-02
8.25651111754157757128e-02 -4.26032042685508915980e+00 -9.61737220960938832270e-01 1.30077306429188723769e+02 1.54583953900624699457e-02
8.51389881864804548561e-02 -4.25749642894872692978e+00 -9.61718148750367429756e-01 1.30079413652397619217e+02 1.58206649255830181233e-02
8.77122855546606100541e-02 -4.25467984177430391668e+00 -9.61698299986871507627e-01 1.30081502936543017768e+02 1.61757671553021641075e-02
9.02849857604444694381e-02 -4.25187065191504753869e+00 -9.61677679890779568694e-01 1.30083574348717462499e+02 1.65237170838283299601e-02
9.28570712883857868336e-02 -4.24906884598293999034e+00 -9.61656293658202154795e-01 1.30085627955970636549e+02 1.68645298679007057951e-02
9.54285246272232184905e-02 -4.24627441061870225525e+00 -9.61634146461180283616e-01 1.30087663825308709420e+02 1.71982208153640438175e-02
9.79993282699994638918e-02 -4.24348733249177190174e+00 -9.61611243447831331999e-01 1.30089682023693541169e+02 1.75248053841769030337e-02
1.00569464714180475950e-01 -4.24070759830027554926e+00 -9.61587589742481929633e-01 1.30091682618042227659e+02 1.78442991814091733715e-02
1.03138916461774601818e-01 -4.23793519477103419746e+00 -9.61563190445817062013e-01 1.30093665675226191070e+02 1.81567179622596774902e-02
1.05707666019451862471e-01 -4.23517010865953302812e+00 -9.61538050635014518441e-01 1.30095631262070639877e+02 1.84620776290818841558e-02
1.08275695898662718819e-01 -4.23241232675309131395e+00 -9.61512175361702303711e-01 1.30097579445541953191e+02 1.87603941020063405554e-02
1.10842988615757503945e-01 -4.22966183585899457853e+00 -9.61485569660190719787e-01 1.30099510292050069893e+02 1.90516837930397482659e-02
1.13409526692105272483e-01 -4.22691862282109465099e+00 -9.61458238536277209896e-01 1.30101423868424291186e+02 1.93359629401456331599e-02
1.15975292654212733257e-01 -4.22418267450937534591e+00 -9.61430186974480127660e-01 1.30103320241301133819e+02 1.96132480223010913223e-02
1.18540269033843417845e-01 -4.22145397782238696038e+00 -9.61401419936497192431e-01 1.30105199477268172359e+02 1.98835556604226755539e-02
1.21104438368136405058e-01 -4.21873251968723561589e+00 -9.61371942361344600236e-01 1.30107061642863129691e+02 2.01469026163476894187e-02
1.23667783199725281329e-01 -4.21601828705955217202e+00 -9.61341759165493470185e-01 1.30108906804573507543e+02 2.04033057918543044018e-02
1.26230286076857156630e-01 -4.21331126692347357476e+00 -9.61310875242996520917e-01 1.30110735028835904359e+02 2.06527822276810768543e-02
1.28791929553511097506e-01 -4.21061144629161798747e+00 -9.61279295465627625639e-01 1.30112546382035446868e+02 2.08953491025221441135e-02
1.31352696189517337277e-01 -4.20791881220507235639e+00 -9.61247024683027140313e-01 1.30114340930505164806e+02 2.11310237320583502174e-02
1.33912568550675792345e-01 -4.20523335173335688353e+00 -9.61214067722803378047e-01 1.30116118740525337216e+02 2.13598235679854850377e-02
1.36471529208874592376e-01 -4.20255505197441081577e+00 -9.61180429390693591429e-01 1.30117879878323094545e+02 2.15817661970238300340e-02
1.39029560742209123969e-01 -4.19988390005770995117e+00 -9.61146114469383583412e-01 1.30119624410256193414e+02 2.17968692636667411844e-02
1.41586645735100435939e-01 -4.19721988313242277968e+00 -9.61111127723511704524e-01 1.30121352402118617420e+02 2.20051507556660551346e-02
1.44142766778413616846e-01 -4.19456298838415175823e+00 -9.61075473892901710471e-01 1.30123063920123769321e+02 2.22066285973678417820e-02
1.46697906469576699884e-01 -4.19191320302427961053e+00 -9.61039157697049839513e-01 1.30124759030281694550e+02 2.24013209051776157610e-02
1.49252047412698846118e-01 -4.18927051429250507653e+00 -9.61002183834217871272e-01 1.30126437798546334079e+02 2.25892459255883221170e-02
1.51805172218688999575e-01 -4.18663490945680649702e+00 -9.60964556981551698556e-01 1.30128100290815268636e+02 2.27704220342113232423e-02
1.54357263505374042722e-01 -4.18400637581339385207e+00 -9.60926281795231762572e-01 1.30129746572929178683e+02 2.29448677348267245091e-02
1.56908303897617312783e-01 -4.18138490068672474820e+00 -9.60887362910561093621e-01 1.30131376710671133878e+02 2.31126016584004903565e-02
1.59458276027436895994e-01 -4.17877047142943336411e+00 -9.60847804942136840545e-01 1.30132990769766195172e+02 2.32736425621368342442e-02
1.62007162534123755337e-01 -4.17616307542234554973e+00 -9.60807612483933759506e-01 1.30134588815880874790e+02 2.34280093285167273498e-02
1.64554946064359886027e-01 -4.17356270007442375913e+00 -9.60766790109452317736e-01 1.30136170914622624650e+02 2.35757209643497195328e-02
1.67101609272336831813e-01 -4.17096933194974006653e+00 -9.60725342005130933387e-01 1.30137737131516303180e+02 2.37167965939441803547e-02
1.69647134819873285361e-01 -4.16838296024391130601e+00 -9.60683273412211047315e-01 1.30139287532094868993e+02 2.38512554811138345612e-02
1.72191505376533410265e-01 -4.16580357159540426437e+00 -9.60640588500376035874e-01 1.30140822181918508704e+02 2.39791169656693135825e-02
1.74734703619744774494e-01 -4.16323115352076467133e+00 -9.60597291763281790899e-01 1.30142341146073647451e+02 2.41004005939048568385e-02
1.77276712234916367095e-01 -4.16066569357151561093e+00 -9.60553387673428460403e-01 1.30143844489994364721e+02 2.42151259560677532823e-02
1.79817513915556254078e-01 -4.15810717932497819760e+00 -9.60508880683962118496e-01 1.30145332278923717695e+02 2.43233127848118020620e-02
1.82357091363389622884e-01 -4.15555559838643340242e+00 -9.60463775228416971608e-01 1.30146804578042349476e+02 2.44249809304893858442e-02
1.84895427288476549288e-01 -4.15301093838908563782e+00 -9.60418075720798514183e-01 1.30148261452467778554e+02 2.45201503601901460438e-02
1.87432504409329458994e-01 -4.15047318699405565212e+00 -9.60371786555732187551e-01 1.30149702967254171426e+02 2.46088411568358179926e-02
1.89968305453031172103e-01 -4.14794233189032723885e+00 -9.60324912108557304791e-01 1.30151129187391717323e+02 2.46910735182141599653e-02
1.92502813155352114904e-01 -4.14541836079474013133e+00 -9.60277456735471268701e-01 1.30152540177806201882e+02 2.47668677560995351139e-02
1.95036010260868170052e-01 -4.14290126145194292917e+00 -9.60229424773621165201e-01 1.30153936003358580820e+02 2.48362442952680985420e-02
1.97567879523077832848e-01 -4.14039102163438066384e+00 -9.60180820541231550003e-01 1.30155316728844468344e+02 2.48992236726254638490e-02
2.00098403704520089175e-01 -4.13788762914226015965e+00 -9.60131648337709031615e-01 1.30156682418993653982e+02 2.49558265362498921114e-02
2.02627565576891321975e-01 -4.13539107180350473669e+00 -9.60081912443796259282e-01 1.30158033138469789947e+02 2.50060736444764376840e-02
2.05155347921162689584e-01 -4.13290133747375065809e+00 -9.60031617121618330302e-01 1.30159368951869737430e+02 2.50499858650086448808e-02
2.07681733527697698349e-01 -4.13041841403630449747e+00 -9.59980766614861424912e-01 1.30160689923723339234e+02 2.50875841739692552468e-02
2.10206705196368998090e-01 -4.12794228940210317091e+00 -9.59929365148849966793e-01 1.30161996118492794494e+02 2.51188896549947894565e-02
2.12730245736675399604e-01 -4.12547295151247084277e+00 -9.59877416930731253153e-01 1.30163287600734264515e+02 2.51439235021384856206e-02
2.15252337967859502799e-01 -4.12301038832848476545e+00 -9.59824926149337009917e-01 1.30164564434476915267e+02 2.51627070041616496265e-02
2.17772964719024048064e-01 -4.12055458784620132207e+00 -9.59771896975661897855e-01 1.30165826684116552769e+02 2.51752615652338397612e-02
2.20292108829248989288e-01 -4.11810553808682477950e+00 -9.59718333562753489474e-01 1.30167074413841248770e+02 2.51816086900051201714e-02
2.22809753147708622389e-01 -4.11566322709907783661e+00 -9.59664240045834282533e-01 1.30168307687769612357e+02 2.51817699861024771324e-02
2.25325880533787908933e-01 -4.11322764295911902366e+00 -9.59609620542461572157e-01 1.30169526569950050998e+02 2.51757671632640706028e-02
2.27840473857199465879e-01 -4.11079877377053115595e+00 -9.59554479152613715165e-01 1.30170731124360571584e+02 2.51636220324259959891e-02
2.30353515998100027984e-01 -4.10837660766432222204e+00 -9.59498819958786053341e-01 1.30171921414908268844e+02 2.51453565047983981784e-02
2.32864989847207326523e-01 -4.10596113279883745406e+00 -9.59442647026132577892e-01 1.30173097505428927434e+02 2.51209925910438301722e-02
2.35374878305916024335e-01 -4.10355233735977353859e+00 -9.59385964402548530039e-01 1.30174259459686680884e+02 2.50905524003169760894e-02
2.37883164286414594546e-01 -4.10115020956012799047e+00 -9.59328776118766657355e-01 1.30175407341373556847e+02 2.50540581394259227743e-02
2.40389830711801560925e-01 -4.09875473764016895473e+00 -9.59271086188499877423e-01 1.30176541214109079192e+02 2.50115321119162223318e-02
2.42894860516201405165e-01 -4.09636590986740145581e+00 -9.59212898608516217891e-01 1.30177661141439955372e+02 2.49629967172160342759e-02
2.45398236644881417856e-01 -4.09398371453654608132e+00 -9.59154217358765714962e-01 1.30178767186839564829e+02 2.49084744497317760181e-02
2.47899942054367217192e-01 -4.09160813996950256666e+00 -9.59095046402450912559e-01 1.30179859413707731619e+02 2.48479878979827664698e-02
2.50399959712559072589e-01 -4.08923917451530094525e+00 -9.59035389686173522783e-01 1.30180937885370184404e+02 2.47815597437203438691e-02
2.52898272598847562165e-01 -4.08687680655010598940e+00 -9.58975251140008699835e-01 1.30182002665078357495e+02 2.47092127610661245474e-02
2.55394863704230257184e-01 -4.08452102447714260336e+00 -9.58914634677626276371e-01 1.30183053816008737158e+02 2.46309698156240951261e-02
2.57889716031426352583e-01 -4.08217181672669493508e+00 -9.58853544196370144448e-01 1.30184091401262861609e+02 2.45468538636162171562e-02
2.60382812594993184874e-01 -4.07982917175607173732e+00 -9.58791983577390372062e-01 1.30185115483866667319e+02 2.44568879510254910681e-02
2.62874136421441917388e-01 -4.07749307804954952417e+00 -9.58729956685712148001e-01 1.30186126126770204792e+02 2.43610952127232861797e-02
2.65363670549352448358e-01 -4.07516352411836546565e+00 -9.58667467370366566115e-01 1.30187123392847354353e+02 2.42594988716021142672e-02
2.67851398029489484731e-01 -4.07284049850539009441e+00 -9.58604519465550919399e-01 1.30188107345171744100e+02 2.41521223013192662399e-02
2.70337301924917894347e-01 -4.07052398976687790366e+00 -9.58541116786548297313e-01 1.30189078045948377849e+02 2.40389887792660204846e-02
2.72821365311117669528e-01 -4.06821398554470370357e+00 -9.58477262289944342832e-01 1.30190035558031723895e+02 2.39201218317696244486e-02
2.75303571276099334764e-01 -4.06591047635515856484e+00 -9.58412961408699026755e-01 1.30190979944050951644e+02 2.37955450482849294180e-02
2.77783902920519187862e-01 -4.06361344990094330853e+00 -9.58348217110612909941e-01 1.30191911266462710728e+02 2.36652820679523201441e-02
2.80262343357794374565e-01 -4.06132289485437070198e+00 -9.58283033150699070646e-01 1.30192829587676556002e+02 2.35293566239632850889e-02
2.82738875714217352542e-01 -4.05903879991450189380e+00 -9.58217413268667828063e-01 1.30193734970023541564e+02 2.33877925315567371245e-02
2.85213483129071798672e-01 -4.05676115380708779412e+00 -9.58151361188993244689e-01 1.30194627475755680734e+02 2.32406136871996966964e-02
2.87686148754746129352e-01 -4.05448994528453354746e+00 -9.58084880621020706926e-01 1.30195507167045661845e+02 2.30878440677221470623e-02
2.90156855756849185735e-01 -4.05222516312588787457e+00 -9.58017975259087828377e-01 1.30196374105986677705e+02 2.29295077294887419961e-02
2.92625587314324475674e-01 -4.04996679613678978171e+00 -9.57950648782572966589e-01 1.30197228354591914012e+02 2.27656288075749856092e-02
2.95092326619564693235e-01 -4.04771483314942592813e+00 -9.57882904856035222174e-01 1.30198069974794208292e+02 2.25962315149093595501e-02
2.97557056878526016153e-01 -4.04546926302254039598e+00 -9.57814747129275168014e-01 1.30198899028445907788e+02 2.24213401414323082461e-02
3.00019761310842958402e-01 -4.04323007464136274791e+00 -9.57746179237440986576e-01 1.30199715577318414717e+02 2.22409790533036957894e-02
3.02480423149941946015e-01 -4.04099725691758226986e+00 -9.57677204801121839672e-01 1.30200519683101873625e+02 2.20551726920366203410e-02
3.04939025643155781076e-01 -4.03877079878933109569e+00 -9.57607827426451008179e-01 1.30201311407405000864e+02 2.18639455736830447263e-02
3.07395552051837939178e-01 -4.03655068922112736374e+00 -9.57538050705168064525e-01 1.30202090811754544575e+02 2.16673222880197115237e-02
3.09849985651476145243e-01 -4.03433691720387432866e+00 -9.57467878214746437315e-01 1.30202857957595171001e+02 2.14653274976989473510e-02
3.12302309731806226889e-01 -4.03212947175479374806e+00 -9.57397313518468351390e-01 1.30203612906289095008e+02 2.12579859374628504787e-02
3.14752507596926411892e-01 -4.02992834191740811889e+00 -9.57326360165485112930e-01 1.30204355719115710599e+02 2.10453224132842765803e-02
3.17200562565410182359e-01 -4.02773351676152469025e+00 -9.57255021690978091797e-01 1.30205086457271363543e+02 2.08273618015775638379e-02
3.19646457970420572181e-01 -4.02554498538316796186e+00 -9.57183301616173154436e-01 1.30205805181869123999e+02 2.06041290483887154505e-02
3.22090177159823132236e-01 -4.02336273690456813767e+00 -9.57111203448487435352e-01 1.30206511953938331771e+02 2.03756491685712359807e-02
3.24531703496299839262e-01 -4.02118676047412559882e+00 -9.57038730681577631820e-01 1.30207206834424397357e+02 2.01419472449555665705e-02
3.26971020357461672479e-01 -4.01901704526638514636e+00 -9.56965886795443587687e-01 1.30207889884188517726e+02 1.99030484275815253148e-02
3.29408111135962355931e-01 -4.01685358048928620178e+00 -9.56892675259866543058e-01 1.30208561164434513557e+02 1.96589781282364151060e-02
3.31842959239611323685e-01 -4.01469635535575797292e+00 -9.56819099521479032866e-01 1.30209220735047381368e+02 1.94097612591842445806e-02
3.34275548091486185420e-01 -4.01254535912511656193e+00 -9.56745163022852951329e-01 1.30209868657018319027e+02 1.91554233435740073332e-02
3.36705861130046413265e-01 -4.01040058107612384930e+00 -9.56670869190246020430e-01 1.30210504990869196718e+02 1.88959897923286525290e-02
3.39133881809245474326e-01 -4.00826201051351915794e+00 -9.56596221436683658013e-01 1.30211129797036136324e+02 1.86314860795604719801e-02
3.41559593598643573831e-01 -4.00612963676798283785e+00 -9.56521223162056788425e-01 1.30211743135869511434e+02 1.83619377417753720794e-02
3.43982979983520398282e-01 -4.00400344919609096905e+00 -9.56445877753213991035e-01 1.30212345067633407325e+02 1.80873703770781241174e-02
3.46404024464987525533e-01 -4.00188343718031269702e+00 -9.56370188584017788536e-01 1.30212935652505564121e+02 1.78078096443921272962e-02
3.48822710560100557320e-01 -3.99976959012894539569e+00 -9.56294159015440126126e-01 1.30213514950576922047e+02 1.75232812626555586877e-02
3.51239021801971362802e-01 -3.99766189747610356520e+00 -9.56217792395675170170e-01 1.30214083021851564581e+02 1.72338110100590316542e-02
3.53652941739880488647e-01 -3.99556034868167397889e+00 -9.56141092060195263436e-01 1.30214639926246292134e+02 1.69394247232091677002e-02
3.56064453939388791959e-01 -3.99346493235968669211e+00 -9.56064059947076883006e-01 1.30215185723552281161e+02 1.66401482867281659550e-02
3.58473541982449628307e-01 -3.99137563976755727069e+00 -9.55986702069493654577e-01 1.30215720473586230810e+02 1.63360076706081346065e-02
3.60880189467520207103e-01 -3.98929245956946454399e+00 -9.55909020404744236288e-01 1.30216244235964552445e+02 1.60270288729898909008e-02
3.63284380009673946166e-01 -3.98721538132818986711e+00 -9.55831018238162410938e-01 1.30216757070252583617e+02 1.57132379564855380327e-02
3.65686097240711160961e-01 -3.98514439463214520387e+00 -9.55752698842787573597e-01 1.30217259035927042987e+02 1.53946610382728627658e-02
3.68085324809271363655e-01 -3.98307948909533715565e+00 -9.55674065479432455206e-01 1.30217750192375916640e+02 1.50713242892996559380e-02
3.70482046380943785824e-01 -3.98102065435731766740e+00 -9.55595121396723756746e-01 1.30218230598898173866e+02 1.47432539335417937820e-02
3.72876245638379399949e-01 -3.97896788008316315555e+00 -9.55515869831274233803e-01 1.30218700314703454524e+02 1.44104762471984598066e-02
3.75267906281401164570e-01 -3.97692115596346207340e+00 -9.55436314007639064805e-01 1.30219159398911983772e+02 1.40730175579515687928e-02
3.77657012027115768227e-01 -3.97488047171424963011e+00 -9.55356457138495041015e-01 1.30219607910554088903e+02 1.37309042442038051202e-02
3.80043546610023985632e-01 -3.97284581707698114528e+00 -9.55276302424659107260e-01 1.30220045908570256188e+02 1.33841627342824939784e-02
3.82427493782131422417e-01 -3.97081718181854670391e+00 -9.55195853055201715698e-01 1.30220473451810590859e+02 1.30328195057232525123e-02
3.84808837313059592944e-01 -3.96879455573115880185e+00 -9.55115112207506333775e-01 1.30220890599034788693e+02 1.26769010844889479239e-02
3.87187560990155776874e-01 -3.96677792863239631060e+00 -9.55034083047323179017e-01 1.30221297408911794946e+02 1.23164340441990569769e-02
3.89563648618604152496e-01 -3.96476729036513386717e+00 -9.54952768728903778062e-01 1.30221693940019690672e+02 1.19514450053943410007e-02
3.91937084021535264711e-01 -3.96276263080587876075e+00 -9.54871172401173584632e-01 1.30222080251333949263e+02 1.15819609945233097104e-02
3.94307851040136658760e-01 -3.96076393983207575289e+00 -9.54789297183792573520e-01 1.30222456400318435499e+02 1.12080080370188118338e-02
3.96675933533762792305e-01 -3.95877120736997945016e+00 -9.54707146202477208163e-01 1.30222822445723608098e+02 1.08296132192682754980e-02
3.99041315380044780969e-01 -3.95678442336336777529e+00 -9.54624722566100869514e-01 1.30223178445761675448e+02 1.04468033421691152557e-02
4.01403980475000310424e-01 -3.95480357778116653478e+00 -9.54542029372335010251e-01 1.30223524458552645910e+02 1.00596052497791445257e-02
4.03763912733143492950e-01 -3.95282866061743387576e+00 -9.54459069707807805649e-01 1.30223860542124356243e+02 9.66804582861420166995e-03
4.06121096087593724810e-01 -3.95085966189128878767e+00 -9.54375846648117587279e-01 1.30224186754412045275e+02 9.27215200687627784382e-03
4.08475514490185875882e-01 -3.94889657164695107028e+00 -9.54292363257905340568e-01 1.30224503153258154953e+02 8.87195075371850945534e-03
4.10827151911578702936e-01 -3.94693937995361698867e+00 -9.54208622590952515452e-01 1.30224809796412245078e+02 8.46746907853621923190e-03
4.13175992341364761717e-01 -3.94498807690550545857e+00 -9.54124627690254190071e-01 1.30225106741530538557e+02 8.05873403019656368851e-03
4.15522019788178931243e-01 -3.94304265262180386742e+00 -9.54040381588062147422e-01 1.30225394046176063512e+02 7.64577269632683506617e-03
4.17865218279807715263e-01 -3.94110309724660412556e+00 -9.53955887305967031864e-01 1.30225671767817999580e+02 7.22861220258581935877e-03
4.20205571863297211443e-01 -3.93916940094893064384e+00 -9.53871147854983170156e-01 1.30225939963831876867e+02 6.80727971190439942739e-03
4.22543064605062523853e-01 -3.93724155392267416431e+00 -9.53786166235591981177e-01 1.30226198691499035931e+02 6.38180242381032082621e-03
4.24877680590995954191e-01 -3.93531954638656822354e+00 -9.53700945437842784180e-01 1.30226448008006599366e+02 5.95220757365000959632e-03
4.27209403926575026489e-01 -3.93340336858415229315e+00 -9.53615488441389658192e-01 1.30226687970447272846e+02 5.51852243189527615075e-03
4.29538218736971288969e-01 -3.93149301023141939382e+00 -9.53529796072012048036e-01 1.30226918635764434384e+02 5.08077430525666340344e-03
4.31864109167158116698e-01 -3.92958846275990758556e+00 -9.53443875482199332261e-01 1.30227140060967883528e+02 4.63899052845719549187e-03
4.34187059382018403220e-01 -3.92768971590495574731e+00 -9.53357727568181601008e-01 1.30227352302813386586e+02 4.19319847497873730846e-03
4.36507053566452751792e-01 -3.92579676000928845525e+00 -9.53271355268714204456e-01 1.30227555418013622557e+02 3.74342554855806300060e-03
4.38824075925487055994e-01 -3.92390958544030210575e+00 -9.53184761512552158891e-01 1.30227749463185745071e+02 3.28969918447450391033e-03
4.41138110684379691762e-01 -3.92202818259003826995e+00 -9.53097949218438045271e-01 1.30227934494851268710e+02 2.83204684883795604344e-03
4.43449142088729597599e-01 -3.92015254187516015705e+00 -9.53010921295231017147e-01 1.30228110569435841626e+02 2.37049603784820692165e-03
4.45757154404582744966e-01 -3.91828265373690953766e+00 -9.52923680641925563428e-01 1.30228277743268847644e+02 1.90507427711883382988e-03
4.48062131918540051956e-01 -3.91641850864108276298e+00 -9.52836230147728002748e-01 1.30228436072583519945e+02 1.43580912095445903560e-03
4.50364058937863631638e-01 -3.91456009707805119291e+00 -9.52748572692184492183e-01 1.30228585613516571584e+02 9.62728151639099106844e-04
4.52662919790584206137e-01 -3.91270740956262130794e+00 -9.52660711145138505707e-01 1.30228726422107996541e+02 4.85858978768419864577e-04
4.54958698825607410487e-01 -3.91086043664156646216e+00 -9.52572648375185848657e-01 1.30228858554735893449e+02 5.22972656729708961241e-06
4.57251380412820318533e-01 -3.90901916886435962795e+00 -9.52484387217039207840e-01 1.30228982066411418828e+02 -4.79132880719858593888e-04
4.59540948943198301890e-01 -3.90718359682605598238e+00 -9.52395930519707056838e-01 1.30229097013285752382e+02 -9.67200703400824439784e-04
4.61827388828911278296e-01 -3.90535371113922069597e+00 -9.52307281115061243781e-01 1.30229203451010334902e+02 -1.45894602955467080421e-03
4.64110684503429071768e-01 -3.90352950244078833464e+00 -9.52218441825647188281e-01 1.30229301435138893339e+02 -1.95434112345991423121e-03
4.66390820421628160553e-01 -3.90171096139202999709e+00 -9.52129415464739614627e-01 1.30229391021127469230e+02 -2.45335822625699457797e-03
4.68667781059897148310e-01 -3.89989807867848581324e+00 -9.52040204836338888050e-01 1.30229472264333935527e+02 -2.95596955667107785456e-03
4.70941550916242568370e-01 -3.89809084501003599854e+00 -9.51950812735361306949e-01 1.30229545220018025020e+02 -3.46214731166216314537e-03
4.73212114510394632472e-01 -3.89628925112075119586e+00 -9.51861241947580150047e-01 1.30229609943341046119e+02 -3.97186366712859537792e-03
4.75479456383912424400e-01 -3.89449328776896397386e+00 -9.51771495249738030964e-01 1.30229666489365712323e+02 -4.48509077860410540484e-03
4.77743561100288705035e-01 -3.89270294573718489417e+00 -9.51681575409604407767e-01 1.30229714913056028536e+02 -5.00180078191208177946e-03
4.80004413245055938653e-01 -3.89091821583208474777e+00 -9.51591485186010110908e-01 1.30229755269276950003e+02 -5.52196579386271188539e-03
4.82261997425890265312e-01 -3.88913908888450610135e+00 -9.51501227328942489336e-01 1.30229787612794353890e+02 -6.04555791292439668322e-03
4.84516298272717305107e-01 -3.88736555574939135482e+00 -9.51410804579568725181e-01 1.30229811998274811913e+02 -6.57254921989265227661e-03
4.86767300437815575442e-01 -3.88559760730574010879e+00 -9.51320219670297451131e-01 1.30229828480285391379e+02 -7.10291177858552152252e-03
4.89014988595922406311e-01 -3.88383523449358181168e+00 -9.51229472485624505396e-01 1.30229837113204638399e+02 -7.63661761492539798574e-03
4.91259347444337080013e-01 -3.88207842824525739545e+00 -9.51138571304876556667e-01 1.30229837951572505972e+02 -8.17363880379209407911e-03
4.93500361703025469673e-01 -3.88032717947618577270e+00 -9.51047516106770962629e-01 1.30229831049572595703e+02 -8.71394734064058311407e-03
4.95738016114724178163e-01 -3.87858147916181517090e+00 -9.50956309589308323993e-01 1.30229816461372024605e+02 -9.25751522803605619849e-03
4.97972295445044454976e-01 -3.87684131830161593513e+00 -9.50864954442059318040e-01 1.30229794241037723168e+02 -9.80431445487993380450e-03
5.00203184482575280434e-01 -3.87510668791896684127e+00 -9.50773453346154151511e-01 1.30229764442535952185e+02 -1.03543169970837772159e-02
5.02430668038987948698e-01 -3.87337757906116175732e+00 -9.50681808974388697919e-01 1.30229727119732217488e+02 -1.09074948182310508399e-02
5.04654730949138929930e-01 -3.87165398279941186388e+00 -9.50590023991253585400e-01 1.30229682326391241531e+02 -1.14638198702531196593e-02
5.06875358071172565921e-01 -3.86993589022879236339e+00 -9.50498101053000699068e-01 1.30229630116176423371e+02 -1.20232640940500564580e-02
5.09092534286625153506e-01 -3.86822329246821094983e+00 -9.50406042807659279248e-01 1.30229570542650122889e+02 -1.25857994201650051636e-02
5.11306244500527418140e-01 -3.86651618066041047328e+00 -9.50313851895146610715e-01 1.30229503659273092353e+02 -1.31513977694669454560e-02
5.13516473641507098513e-01 -3.86481454597190676736e+00 -9.50221530947289227953e-01 1.30229429519404561688e+02 -1.37200310537356883617e-02
5.15723206661891864222e-01 -3.86311837959299708700e+00 -9.50129082587840345653e-01 1.30229348176301954254e+02 -1.42916711763780047983e-02
5.17926428537812011399e-01 -3.86142767273771481129e+00 -9.50036509432579334700e-01 1.30229259683120744739e+02 -1.48662900330298105439e-02
5.20126124269301826075e-01 -3.85974241664383788120e+00 -9.49943814089405424994e-01 1.30229164092914288631e+02 -1.54438595122252820407e-02
5.22322278880402501855e-01 -3.85806260257872724040e+00 -9.49850999168611376255e-01 1.30229061458979344934e+02 -1.60243508912673061906e-02
5.24514877419263836344e-01 -3.85638822181609830508e+00 -9.49758067242279957476e-01 1.30228951833497234247e+02 -1.66077372152104857372e-02
5.26703904958246260648e-01 -3.85471926567022382670e+00 -9.49665020904459700191e-01 1.30228835269536972419e+02 -1.71939897886402535965e-02
5.28889346594021980685e-01 -3.85305572547352426227e+00 -9.49571862731748761455e-01 1.30228711819741818090e+02 -1.77830804779484166755e-02
5.31071187447676895665e-01 -3.85139759258198255409e+00 -9.49478595293024252300e-01 1.30228581536652029627e+02 -1.83749811456116532438e-02
5.33249412664811961449e-01 -3.84974485837516988695e+00 -9.49385221149570135424e-01 1.30228444472704694590e+02 -1.89696636508423707723e-02
5.35424007415643554708e-01 -3.84809751425621948684e+00 -9.49291742855003284340e-01 1.30228300680233729736e+02 -1.95670998501950681170e-02
5.37594956895105391403e-01 -3.84645555165176888934e+00 -9.49198162955419921794e-01 1.30228150211469454689e+02 -2.01672615982119822486e-02
5.39762246322948779920e-01 -3.84481896294631031452e+00 -9.49104480512940051895e-01 1.30227993118386393689e+02 -2.07701207075524363344e-02
5.41925860943843207274e-01 -3.84318773788711665063e+00 -9.49010704886408595904e-01 1.30227829453302291540e+02 -2.13756491123059909343e-02
5.44085786027477369409e-01 -3.84156186877337457730e+00 -9.48916835246537804238e-01 1.30227659267993061576e+02 -2.19838186238046004450e-02
5.46242006868658758201e-01 -3.83994134712618517824e+00 -9.48822874109854108582e-01 1.30227482614273441186e+02 -2.25946010948624466386e-02
5.48394508787414136641e-01 -3.83832616449000951775e+00 -9.48728823985564684307e-01 1.30227299543854030617e+02 -2.32079683793523991464e-02
5.50543277129089347888e-01 -3.83671631243274591228e+00 -9.48634687375607410509e-01 1.30227110108340895067e+02 -2.38238923329252214045e-02
5.52688297264449235335e-01 -3.83511178254568774193e+00 -9.48540466774709378761e-01 1.30226914359235536267e+02 -2.44423448135713781981e-02
5.54829554589777229623e-01 -3.83351256644347104796e+00 -9.48446164670401437036e-01 1.30226712347934551417e+02 -2.50632976822428542307e-02
5.56967034526974602571e-01 -3.83191865576411583305e+00 -9.48351783543104787100e-01 1.30226504125729803718e+02 -2.56867228034707156814e-02
5.59100722523659832142e-01 -3.83033004216893813165e+00 -9.48257325866135314385e-01 1.30226289743807853938e+02 -2.63125920459970977228e-02
5.61230604053267856379e-01 -3.82874671734255489497e+00 -9.48162794105743444995e-01 1.30226069253250074098e+02 -2.69408772833596710239e-02
5.63356664615148439168e-01 -3.82716867299286045423e+00 -9.48068190721203740701e-01 1.30225842705032476943e+02 -2.75715503945209300385e-02
5.65478889734665535194e-01 -3.82559590085100831303e+00 -9.47973518164754613835e-01 1.30225610150025289613e+02 -2.82045832644435834347e-02
5.67597264963295100593e-01 -3.82402839267139249557e+00 -9.47878778881780736931e-01 1.30225371638993209444e+02 -2.88399477847263406571e-02
5.69711775878724790978e-01 -3.82246614023163333584e+00 -9.47783975310728776797e-01 1.30225127222594835530e+02 -2.94776158542082410141e-02
5.71822408084950328799e-01 -3.82090913533248555112e+00 -9.47689109883192548622e-01 1.30224876951382839252e+02 -3.01175593795494807303e-02
5.73929147212374757281e-01 -3.81935736979797013646e+00 -9.47594185023946877777e-01 1.30224620875803509534e+02 -3.07597502758222944574e-02
5.76031978917906362092e-01 -3.81781083547518873544e+00 -9.47499203151047963978e-01 1.30224359046196894951e+02 -3.14041604671826818374e-02
5.78130888885055260751e-01 -3.81626952423437115769e+00 -9.47404166675701597811e-01 1.30224091512796377401e+02 -3.20507618873395738746e-02
5.80225862824032101450e-01 -3.81473342796890690920e+00 -9.47309078002504190152e-01 1.30223818325728615264e+02 -3.26995264802604074239e-02
5.82316886471844319395e-01 -3.81320253859523727868e+00 -9.47213939529338078138e-01 1.30223539535013486557e+02 -3.33504262007068633111e-02
5.84403945592394169495e-01 -3.81167685030663649925e+00 -9.47118749627115619205e-01 1.30223255190304399775e+02 -3.40034329708193000519e-02
5.86487025976574760655e-01 -3.81015635078843262207e+00 -9.47023518601504576964e-01 1.30222965341908974324e+02 -3.46585188606598690320e-02
5.88566113442367422337e-01 -3.80864103406792242623e+00 -9.46928244941312557970e-01 1.30222670039473996439e+02 -3.53156552092666678466e-02
5.90641193834937960894e-01 -3.80713089214804778493e+00 -9.46832930998355859487e-01 1.30222369332217738247e+02 -3.59748151943370397809e-02
5.92712253026733248973e-01 -3.80562591706431785354e+00 -9.46737579148065111490e-01 1.30222063269804039010e+02 -3.66359702625065064563e-02
5.94779276917577259809e-01 -3.80412610087204594578e+00 -9.46642191749570205417e-01 1.30221751901608172375e+02 -3.72990924457090450295e-02
5.96842251434767101514e-01 -3.80263143564955896636e+00 -9.46546771155628463568e-01 1.30221435276897238964e+02 -3.79641537908068302243e-02
5.98901162533168496260e-01 -3.80114191349818364429e+00 -9.46451319712607430645e-01 1.30221113444830336903e+02 -3.86311263601221144270e-02
6.00955996195312258656e-01 -3.79965752654209731887e+00 -9.46355839760571471153e-01 1.30220786454458163917e+02 -3.92999822320312178214e-02
6.03006738431488664709e-01 -3.79817826692847759773e+00 -9.46260333633310968260e-01 1.30220454354723017332e+02 -3.99706935015642847442e-02
6.05053375279843597134e-01 -3.79670412682738200871e+00 -9.46164803658313013912e-01 1.30220117194458481436e+02 -4.06432322809188520396e-02
6.07095892806472914316e-01 -3.79523509843170225864e+00 -9.46069252156800932774e-01 1.30219775022389427477e+02 -4.13175707001026612519e-02
6.09134277105518040507e-01 -3.79377117395724816618e+00 -9.45973681443878611219e-01 1.30219427887131729449e+02 -4.19936809074064124059e-02
6.11168514299259779676e-01 -3.79231234564267172260e+00 -9.45878093828405264176e-01 1.30219075837192121980e+02 -4.26715350700847401155e-02
6.13198590538213572643e-01 -3.79085860574942756784e+00 -9.45782491613083253768e-01 1.30218718920968228758e+02 -4.33511053748144234432e-02
6.15224492001223088877e-01 -3.78940994656179830358e+00 -9.45686877094504829699e-01 1.30218357186748022514e+02 -4.40323640283374687088e-02
6.17246204895555039549e-01 -3.78796636038684697567e+00 -9.45591252563160011846e-01 1.30217990682710080819e+02 -4.47152832579559636472e-02
6.19263715456992658304e-01 -3.78652783955442506780e+00 -9.45495620303481554281e-01 1.30217619456923159760e+02 -4.53998353121414580102e-02
6.21277009949929293064e-01 -3.78509437641713519795e+00 -9.45399982593830179312e-01 1.30217243557346051830e+02 -4.60859924610575177883e-02
6.23286074667462219878e-01 -3.78366596734392679480e+00 -9.45304337406893457896e-01 1.30216863031413254248e+02 -4.67737269861967994156e-02
6.25290895931486012671e-01 -3.78224259708592835949e+00 -9.45208695522090858177e-01 1.30216477927666261394e+02 -4.74630112357782504851e-02
6.27291460092785357894e-01 -3.78082426173776520173e+00 -9.45113054992473444749e-01 1.30216088293343347004e+02 -4.81538175278127880685e-02
6.29287753531128202233e-01 -3.77941095374379409932e+00 -9.45017418073412107660e-01 1.30215694175962170220e+02 -4.88461182249628547702e-02
6.31279762655358012147e-01 -3.77800266557110742127e+00 -9.44921787014372460689e-01 1.30215295622929573938e+02 -4.95398857143233076195e-02
6.33267473903487365661e-01 -3.77659938970947717252e+00 -9.44826164058929829359e-01 1.30214892681541641650e+02 -5.02350924080404645511e-02
6.35250873742789323728e-01 -3.77520111867129193328e+00 -9.44730551444908250858e-01 1.30214485398983356390e+02 -5.09317107437833108130e-02
6.37229948669889467716e-01 -3.77380784499170207624e+00 -9.44634951404318856660e-01 1.30214073822328600727e+02 -5.16297131853441226834e-02
6.39204685210858825073e-01 -3.77241956122835908616e+00 -9.44539366163309912494e-01 1.30213657998539844129e+02 -5.23290722231388519270e-02
6.41175069921305018639e-01 -3.77103625996168645429e+00 -9.44443797942407958779e-01 1.30213237974468057701e+02 -5.30297603747608078950e-02
6.43141089386463082889e-01 -3.76965793379451818979e+00 -9.44348248956221048012e-01 1.30212813796852600490e+02 -5.37317501855290938217e-02
6.45102730221288278578e-01 -3.76828457535244387699e+00 -9.44252721413808560058e-01 1.30212385512321020542e+02 -5.44350142289949587293e-02
6.47059979070545909785e-01 -3.76691617728354044559e+00 -9.44157217518428293346e-01 1.30211953167388770680e+02 -5.51395251074908304689e-02
6.49012822608903250376e-01 -3.76555273225846187657e+00 -9.44061739467611404919e-01 1.30211516808459265349e+02 -5.58452554526538622048e-02
6.50961247541019139007e-01 -3.76419423297038502341e+00 -9.43966289453256890418e-01 1.30211076481823567974e+02 -5.65521779259522405781e-02
6.52905240601636016606e-01 -3.76284067213508555128e+00 -9.43870869661616596069e-01 1.30210632233660305701e+02 -5.72602652192365293993e-02
6.54844788555668411156e-01 -3.76149204249076696271e+00 -9.43775482273188748295e-01 1.30210184110035413596e+02 -5.79694900552123887350e-02
6.56779878198294642111e-01 -3.76014834281706011865e+00 -9.43680125304637629213e-01 1.30209732156295501682e+02 -5.86798252666505329445e-02
6.58710496355045971306e-01 -3.75880955432162000562e+00 -9.43584809225027520974e-01 1.30209276419458035434e+02 -5.93912435061263940805e-02
6.60636629881896420002e-01 -3.75747567539397309133e+00 -9.43489532081286497167e-01 1.30208816944737179711e+02 -6.01037170405707699139e-02
6.62558265665352030815e-01 -3.75614669886142760191e+00 -9.43394296012571076382e-01 1.30208353777631685944e+02 -6.08172199097264526424e-02
6.64475390622540684760e-01 -3.75482261757653068557e+00 -9.43299103183046327992e-01 1.30207886963697802685e+02 -6.15317244184948736185e-02
6.66387991701300586023e-01 -3.75350342441348283629e+00 -9.43203955741431898652e-01 1.30207416548322356675e+02 -6.22472034860426098879e-02
6.68296055880269523897e-01 -3.75218911226882267940e+00 -9.43108855830845693724e-01 1.30206942576778288867e+02 -6.29636300659920794542e-02
6.70199570168973357553e-01 -3.75087967406161038042e+00 -9.43013805589140052810e-01 1.30206465094224711265e+02 -6.36809771470648600111e-02
6.72098521607914500819e-01 -3.74957510273321403815e+00 -9.42918807148553250741e-01 1.30205984145706537447e+02 -6.43992177534333382072e-02
6.73992897268660184906e-01 -3.74827539124742159515e+00 -9.42823862635930098897e-01 1.30205499776154482561e+02 -6.51183249453529816586e-02
6.75882684253930277052e-01 -3.74698053259054786324e+00 -9.42728974172662881337e-01 1.30205012030384892796e+02 -6.58382718196199312466e-02
6.77767869697685210184e-01 -3.74569051977110278884e+00 -9.42634143874724106382e-01 1.30204520953099375902e+02 -6.65590315100530183212e-02
6.79648440765214134629e-01 -3.74440534582008988096e+00 -9.42539373852597561765e-01 1.30204026588884914872e+02 -6.72805771880119612982e-02
6.81524384653221182440e-01 -3.74312500379082901958e+00 -9.42444666211338932804e-01 1.30203528982213526888e+02 -6.80028820628926500280e-02
6.83395688589913286037e-01 -3.74184948675898887416e+00 -9.42350023050551710568e-01 1.30203028177442064361e+02 -6.87259193826449815701e-02
6.85262339835087441742e-01 -3.74057879586783492698e+00 -9.42255442916553498378e-01 1.30202524218003986789e+02 -6.94496626627811863841e-02
6.87124325680216641032e-01 -3.73931290872541399750e+00 -9.42160935079795591740e-01 1.30202017149596883883e+02 -7.01740848142841239232e-02
6.88981633448537245101e-01 -3.73805182597210938766e+00 -9.42066498014483388879e-01 1.30201507015466688699e+02 -7.08991593948004039660e-02
6.90834250495134805092e-01 -3.73679554077404141310e+00 -9.41972133800856425978e-01 1.30200993859508287187e+02 -7.16248598116509815892e-02
6.92682164207029549274e-01 -3.73554404631950687232e+00 -9.41877844513977602325e-01 1.30200477725500689985e+02 -7.23511595131163531835e-02
6.94525362003264090660e-01 -3.73429733581921663443e+00 -9.41783632223481159684e-01 1.30199958657106833471e+02 -7.30780319889942492351e-02
6.96363831334987137822e-01 -3.73305540250601453067e+00 -9.41689498993745321975e-01 1.30199436697873352387e+02 -7.38054507710411561439e-02
6.98197559685539759222e-01 -3.73181823963517311782e+00 -9.41595446883867981391e-01 1.30198911891230466154e+02 -7.45333894334211793931e-02
7.00026534570540759361e-01 -3.73058584048412633649e+00 -9.41501477947614962005e-01 1.30198384280491836762e+02 -7.52618215932523287881e-02
7.01850743537971277775e-01 -3.72935819835262094557e+00 -9.41407594233428235420e-01 1.30197853908854312976e+02 -7.59907209110491782544e-02
7.03670174168260054159e-01 -3.72813530656267433372e+00 -9.41313797784418815340e-01 1.30197320819397845071e+02 -7.67200610911848573936e-02
7.05484814074367139192e-01 -3.72691715845851723188e+00 -9.41220090638320017185e-01 1.30196785055085285876e+02 -7.74498158823662963268e-02
7.07294650901869381698e-01 -3.72570374740668830427e+00 -9.41126474827575942861e-01 1.30196246658762191828e+02 -7.81799590781192821343e-02
7.09099672329043584362e-01 -3.72449506679588449032e+00 -9.41032952379137310750e-01 1.30195705673156652438e+02 -7.89104645172487850768e-02
7.10899866066950880672e-01 -3.72329112039567000636e+00 -9.40939522913381787284e-01 1.30195162139846189575e+02 -7.96413065593967045563e-02
7.12695219859520112671e-01 -3.72209188162346427120e+00 -9.40846193488801274540e-01 1.30194616103336443302e+02 -8.03724582532021752934e-02
7.14485721483631763817e-01 -3.72089735362646312211e+00 -9.40752963514629558794e-01 1.30194067605020819656e+02 -8.11038939895942501135e-02
7.16271358749200004468e-01 -3.71970752988320363386e+00 -9.40659834999756694351e-01 1.30193516687156005673e+02 -8.18355877936007142237e-02
7.18052119499257623936e-01 -3.71852240389451393909e+00 -9.40566809947900428490e-01 1.30192963391880454083e+02 -8.25675137378925200204e-02
7.19827991610036854730e-01 -3.71734196918340131788e+00 -9.40473890357347963587e-01 1.30192407761214013817e+02 -8.32996459431542268792e-02
7.21598962991052972349e-01 -3.71616621929496648846e+00 -9.40381078221295019226e-01 1.30191849837057986861e+02 -8.40319585786169082064e-02
7.23365021585186451780e-01 -3.71499514779669359754e+00 -9.40288375527550623900e-01 1.30191289661194730343e+02 -8.47644258625079027869e-02
7.25126155368765124010e-01 -3.71382874827804254636e+00 -9.40195784258594957628e-01 1.30190727275287770226e+02 -8.54970220624306498358e-02
7.26882352351645444344e-01 -3.71266701435085444416e+00 -9.40103306391472437475e-01 1.30190162720881318137e+02 -8.62297214958901159232e-02
7.28633600577295093004e-01 -3.71150993964916686707e+00 -9.40010943897984341255e-01 1.30189596039400271366e+02 -8.69624985307077130736e-02
7.30379888122873355272e-01 -3.71035751782905576235e+00 -9.39918698744312663962e-01 1.30189027272150013914e+02 -8.76953275854130964717e-02
7.32121203099313277995e-01 -3.70920974256896451848e+00 -9.39826572891449441016e-01 1.30188456460316160701e+02 -8.84281831297935028147e-02
7.33857533651401716668e-01 -3.70806662040333456787e+00 -9.39734567704096912522e-01 1.30187883643707010606e+02 -8.91610405238372621950e-02
7.35588867957860936819e-01 -3.70692812020638218229e+00 -9.39642686766494095174e-01 1.30187308865726265594e+02 -8.98938727681742738573e-02
7.37315194231428105986e-01 -3.70579424777287158577e+00 -9.39550931048227178088e-01 1.30186732165930891369e+02 -9.06266546355417451641e-02
7.39036500718936339993e-01 -3.70466499687258465912e+00 -9.39459302472866908396e-01 1.30186153585159019030e+02 -9.13593619750432128779e-02
7.40752775701394416963e-01 -3.70354036129439911917e+00 -9.39367802988625211214e-01 1.30185573163930001783e+02 -9.20919689462546958714e-02
7.42464007494066491333e-01 -3.70242033485042654206e+00 -9.39276434528477865982e-01 1.30184990942707628392e+02 -9.28244503359868383674e-02
7.44170184446551918889e-01 -3.70130491137479555874e+00 -9.39185199020026395544e-01 1.30184406961834923777e+02 -9.35567809853257298380e-02
7.45871294942864193622e-01 -3.70019408472409239153e+00 -9.39094098385252151751e-01 1.30183821261533580582e+02 -9.42889357900269370338e-02
7.47567327401510439699e-01 -3.69908784877671559244e+00 -9.39003134540795980634e-01 1.30183233881904214968e+02 -9.50208897009589825711e-02
7.49258270275569682184e-01 -3.69798619743372691815e+00 -9.38912309397646804854e-01 1.30182644862925712914e+02 -9.57526177245214410449e-02
7.50944112052772227983e-01 -3.69688912461811947097e+00 -9.38821624861255088490e-01 1.30182054244455400749e+02 -9.64840949230673233794e-02
7.52624841255577603505e-01 -3.69579662427546740133e+00 -9.38731082831276597567e-01 1.30181462066228675667e+02 -9.72152964153221721411e-02
7.54300446441252492313e-01 -3.69470869037326599127e+00 -9.38640685201722280162e-01 1.30180868367858835200e+02 -9.79461973767270926983e-02
7.55970916201949338920e-01 -3.69362533309444396323e+00 -9.38550436527700315814e-01 1.30180273187333483520e+02 -9.86767745168730114891e-02
7.57636239164782954170e-01 -3.69254651501491393262e+00 -9.38460334169551657624e-01 1.30179676566976041840e+02 -9.94070003358899501045e-02
7.59296403991909008013e-01 -3.69147224544620966569e+00 -9.38370381948805509786e-01 1.30179078544583376242e+02 -1.00136851509200916488e-01
7.60951399380600634892e-01 -3.69040251844461719699e+00 -9.38280581743353159219e-01 1.30178479159279163468e+02 -1.00866303444465663097e-01
7.62601214063325594239e-01 -3.68933732808881842402e+00 -9.38190935425096794731e-01 1.30177878450064213212e+02 -1.01595331608172412263e-01
7.64245836807822653824e-01 -3.68827666847971569197e+00 -9.38101444860534150472e-01 1.30177276455816183898e+02 -1.02323911526062488742e-01
7.65885256417178750254e-01 -3.68722053374035851903e+00 -9.38012111910290879990e-01 1.30176673215289355312e+02 -1.03052018783548193781e-01
7.67519461729904151071e-01 -3.68616891801638768555e+00 -9.37922938428980002001e-01 1.30176068767114429647e+02 -1.03779629026073211273e-01
7.69148441620009615249e-01 -3.68512181547554096284e+00 -9.37833926265691175672e-01 1.30175463149798417817e+02 -1.04506717959570449850e-01
7.70772184997081555302e-01 -3.68407922030810119907e+00 -9.37745077262991388878e-01 1.30174856401724383659e+02 -1.05233261350758722230e-01
7.72390680806357088350e-01 -3.68304112672709660359e+00 -9.37656393257907616601e-01 1.30174248561151188142e+02 -1.05959235027668421947e-01
7.74003918028800530493e-01 -3.68200754739087710021e+00 -9.37567882249747186485e-01 1.30173639664597033061e+02 -1.06684617007472754002e-01
7.75611885681177226637e-01 -3.68097844071216284689e+00 -9.37479534892495025566e-01 1.30173029753268423292e+02 -1.07409379208685581975e-01
7.77214572816129045663e-01 -3.67995381841829205527e+00 -9.37391358125936435819e-01 1.30172418863476224260e+02 -1.08133499569038685206e-01
7.78811968522248321278e-01 -3.67893367481020172605e+00 -9.37303353770969516212e-01 1.30171807032981803331e+02 -1.08856954166495378811e-01
7.80404061924152570029e-01 -3.67791800421106040986e+00 -9.37215523642408232519e-01 1.30171194299421557616e+02 -1.09579719142209569549e-01
7.81990842182558654194e-01 -3.67690680096684463507e+00 -9.37127869549212566547e-01 1.30170580700306516064e+02 -1.10301770700976034534e-01
7.83572298494356056509e-01 -3.67590005944543873895e+00 -9.37040393293959161802e-01 1.30169966273022311043e+02 -1.11023085111465039110e-01
7.85148420092680932036e-01 -3.67489777403808126621e+00 -9.36953096672857310701e-01 1.30169351054828865699e+02 -1.11743638706755563095e-01
7.86719196246989271870e-01 -3.67389993915821388981e+00 -9.36865981475856091087e-01 1.30168735082860308694e+02 -1.12463407884576385709e-01
7.88284616263129733760e-01 -3.67290654924208181953e+00 -9.36779049486314852047e-01 1.30168118394124519455e+02 -1.13182369107742625269e-01
7.89844669483416361722e-01 -3.67191761884292855456e+00 -9.36692312588262798734e-01 1.30167501023877036914e+02 -1.13900501751390104133e-01
7.91399345286702082802e-01 -3.67093310325362454094e+00 -9.36605753891331160865e-01 1.30166883012116613827e+02 -1.14617777000760742712e-01
7.92948633088449872375e-01 -3.66995301608548363248e+00 -9.36519383864157783925e-01 1.30166264393864736348e+02 -1.15334174100687941733e-01
7.94492522340805029657e-01 -3.66897735186248352690e+00 -9.36433204274233710329e-01 1.30165645205624429082e+02 -1.16049669779339448272e-01
7.96031002532667897320e-01 -3.66800610513119140776e+00 -9.36347216882954747064e-01 1.30165025483771842119e+02 -1.16764240831837090573e-01
7.97564063189764360651e-01 -3.66703927046078126395e+00 -9.36261423444744944611e-01 1.30164405264555739450e+02 -1.17477864120609024057e-01
7.99091693874717567958e-01 -3.66607684244356102354e+00 -9.36175825707636910522e-01 1.30163784584097555808e+02 -1.18190516575728848947e-01
8.00613884187118873825e-01 -3.66511881569482644849e+00 -9.36090425412400728433e-01 1.30163163478390913497e+02 -1.18902175195260792484e-01
8.02130623763599115428e-01 -3.66416518485315068077e+00 -9.36005224293114057588e-01 1.30162541983301565551e+02 -1.19612817045686950501e-01
8.03641902277898334539e-01 -3.66321594458043398035e+00 -9.35920224076297713189e-01 1.30161920134567253626e+02 -1.20322419262117175087e-01
8.05147709440937053849e-01 -3.66227111152752904388e+00 -9.35835442453294863441e-01 1.30161297966296132245e+02 -1.21030962950290740809e-01
8.06648035000885443857e-01 -3.66133063740398823072e+00 -9.35750851309885889329e-01 1.30160675517015761216e+02 -1.21738417953197133881e-01
8.08142868743233711015e-01 -3.66039453796067082436e+00 -9.35666466402749086306e-01 1.30160052820550760089e+02 -1.22444765171620367772e-01
8.09632200490861042574e-01 -3.65946280794638800771e+00 -9.35582289442808745505e-01 1.30159429912126427098e+02 -1.23149982020613099620e-01
8.11116020104105994726e-01 -3.65853544213300674315e+00 -9.35498322134042603615e-01 1.30158806826838826964e+02 -1.23854045985759594894e-01
8.12594317480834105183e-01 -3.65761243531575175325e+00 -9.35414566173290884521e-01 1.30158183599654989848e+02 -1.24556934623422363440e-01
8.14067082556508059277e-01 -3.65669378231364561316e+00 -9.35331023249336368508e-01 1.30157560265412172384e+02 -1.25258625561110836788e-01
8.15534305304254858449e-01 -3.65577947796955760040e+00 -9.35247695043672666593e-01 1.30156936858817829261e+02 -1.25959096497824940553e-01
8.16995975734935098167e-01 -3.65486951715043018041e+00 -9.35164583229964208044e-01 1.30156313414449385846e+02 -1.26658325204430183275e-01
8.18452083897210691532e-01 -3.65396391756410077178e+00 -9.35081711584402119897e-01 1.30155689965560952714e+02 -1.27356294503910477678e-01
8.19902619877612370836e-01 -3.65306262926475078245e+00 -9.34999040234154366047e-01 1.30155066548972456530e+02 -1.28052972810309001472e-01
8.21347573800607411165e-01 -3.65216566918373564121e+00 -9.34916590500610933390e-01 1.30154443197388445697e+02 -1.28748342064516491101e-01
8.22786935828667020942e-01 -3.65127303228078181618e+00 -9.34834364020960983943e-01 1.30153819945260352142e+02 -1.29442381515126297975e-01
8.24220696162332733259e-01 -3.65038471352985238738e+00 -9.34752362454805862946e-01 1.30153196826321419621e+02 -1.30135068715041019027e-01
8.25648845040284129482e-01 -3.64950070793261494018e+00 -9.34670587443950817708e-01 1.30152573874367675444e+02 -1.30826381874751901391e-01
8.27071372739403898322e-01 -3.64862101051496923176e+00 -9.34589040621451538904e-01 1.30151951123063383875e+02 -1.31516299278809589701e-01
8.28488269574845448417e-01 -3.64774561632856642035e+00 -9.34507723611808782671e-01 1.30151328605940989291e+02 -1.32204799286279039983e-01
8.29899525900098078424e-01 -3.64687454306444847063e+00 -9.34426665721050486724e-01 1.30150706355647770351e+02 -1.32891866273264325216e-01
8.31305132107052369150e-01 -3.64600774113739012350e+00 -9.34345816382633587160e-01 1.30150084407157663691e+02 -1.33577467397695270890e-01
8.32705078626066685921e-01 -3.64514522765672710491e+00 -9.34265201960250868396e-01 1.30149462792692588664e+02 -1.34261586690019640855e-01
8.34099355926031127417e-01 -3.64428699775979891839e+00 -9.34184824062538665679e-01 1.30148841545259699615e+02 -1.34944202812188884799e-01
8.35487954514433028841e-01 -3.64343304660836375675e+00 -9.34104684288157960381e-01 1.30148220697733222551e+02 -1.35625294501983101325e-01
8.36870864937421798935e-01 -3.64258336939039129021e+00 -9.34024784227824200755e-01 1.30147600282854142506e+02 -1.36304840573755498001e-01
8.38248077779872757809e-01 -3.64173796131929572439e+00 -9.33945125462901870605e-01 1.30146980333230260385e+02 -1.36982819918446380170e-01
8.39619583665451307830e-01 -3.64089681763564954053e+00 -9.33865709565217638755e-01 1.30146360881335283466e+02 -1.37659211504055856157e-01
8.40985373256677326559e-01 -3.64005995547462291029e+00 -9.33786573472644265692e-01 1.30145741959498366214e+02 -1.38334001604313611145e-01
8.42345437254987894349e-01 -3.63922732655627800824e+00 -9.33707651886244605066e-01 1.30145123600273223019e+02 -1.39007155512207380976e-01
8.43699766400801687283e-01 -3.63839894775456462739e+00 -9.33628978158142719401e-01 1.30144505835448796915e+02 -1.39678659071437005768e-01
8.45048351473580483528e-01 -3.63757481439497487585e+00 -9.33550553842256158887e-01 1.30143888696967337637e+02 -1.40348491562628102658e-01
8.46391183291893445251e-01 -3.63675492183001125568e+00 -9.33472380484014152557e-01 1.30143272216636262328e+02 -1.41016632345101200485e-01
8.47728252713479291103e-01 -3.63593926543948642305e+00 -9.33394459618113403465e-01 1.30142656426127729219e+02 -1.41683060856878317857e-01
8.49059550635307469513e-01 -3.63512784063124350098e+00 -9.33316792769412040265e-01 1.30142041356978467093e+02 -1.42347756615165965677e-01
8.50385067993641552420e-01 -3.63432064284215439187e+00 -9.33239381453112470943e-01 1.30141427040589462649e+02 -1.43010699216813502721e-01
8.51704795764099964472e-01 -3.63351768739165992272e+00 -9.33162273100704542372e-01 1.30140813509464919662e+02 -1.43671877257082719614e-01
8.53018724961718044497e-01 -3.63271892959653142086e+00 -9.33085382167873067516e-01 1.30140200792777221750e+02 -1.44331253393692154896e-01
8.54326846641008552652e-01 -3.63192438505749048971e+00 -9.33008751642872891097e-01 1.30139588922313521380e+02 -1.44988815688084776712e-01
8.55629151896023509849e-01 -3.63113404929659466802e+00 -9.32932383021545574842e-01 1.30138977928936640183e+02 -1.45644544059094521726e-01
8.56925631860413927754e-01 -3.63034791786533839186e+00 -9.32856277789145149626e-01 1.30138367843372378729e+02 -1.46298418506553562501e-01
8.58216277707490537985e-01 -3.62956598634588534225e+00 -9.32780437420325791997e-01 1.30137758696209175469e+02 -1.46950419111576469078e-01
8.59501080650284077223e-01 -3.62878825035175722746e+00 -9.32704863378075010871e-01 1.30137150517897509872e+02 -1.47600526036876927849e-01
8.60780031941604684143e-01 -3.62801472202056851657e+00 -9.32629611916643841418e-01 1.30136543341361402781e+02 -1.48248729802349404894e-01
8.62053122874101962481e-01 -3.62724536286749454916e+00 -9.32554580447032210877e-01 1.30135937192276742280e+02 -1.48894991003882898317e-01
8.63320344780323600808e-01 -3.62648018592217313838e+00 -9.32479820069659792736e-01 1.30135332102668769494e+02 -1.49539299551056742432e-01
8.64581689032775213555e-01 -3.62571918688477490278e+00 -9.32405332228034899877e-01 1.30134728102444142905e+02 -1.50181635936683460786e-01
8.65837147043978516692e-01 -3.62496236148723216530e+00 -9.32331118353431742563e-01 1.30134125221370510417e+02 -1.50821980736459276828e-01
8.67086710266529503421e-01 -3.62420970549565923946e+00 -9.32257179865953133913e-01 1.30133523489075997759e+02 -1.51460314609595442237e-01
8.68330370193157397019e-01 -3.62346121471115178991e+00 -9.32183518174227732089e-01 1.30132922935048753743e+02 -1.52096618299181141065e-01
8.69568118356782493450e-01 -3.62271689600594548608e+00 -9.32110201165520568800e-01 1.30132323593303908638e+02 -1.52730884589156706843e-01
8.70799946330572671727e-01 -3.62197672094790723563e+00 -9.32037103769592922831e-01 1.30131725484728633546e+02 -1.53363071380953341905e-01
8.72025845728002679813e-01 -3.62124069822175220779e+00 -9.31964287820913339644e-01 1.30131128642178481414e+02 -1.53993170765594405980e-01
8.73245808202909201690e-01 -3.62050882371712656749e+00 -9.31891754704968988676e-01 1.30130533094591470444e+02 -1.54621163823471963195e-01
8.74459825449549366105e-01 -3.61978109336146491870e+00 -9.31819505796313674040e-01 1.30129938870764249259e+02 -1.55247031720575273672e-01
8.75667889202656035685e-01 -3.61905750311957108423e+00 -9.31747542456495270180e-01 1.30129345999351613727e+02 -1.55870755708300223752e-01
8.76869991237495205461e-01 -3.61833805423595045170e+00 -9.31675940596855323150e-01 1.30128754515366352962e+02 -1.56492330152401437626e-01
8.78066123369920736863e-01 -3.61762272907730109139e+00 -9.31604559603833481951e-01 1.30128164435444233504e+02 -1.57111711362899808542e-01
8.79256277456431312167e-01 -3.61691153154472511133e+00 -9.31533468721878921137e-01 1.30127575793211605060e+02 -1.57728892971336603912e-01
8.80440445394225390530e-01 -3.61620445769669007774e+00 -9.31462669289927491789e-01 1.30126988616767533813e+02 -1.58343856573356256412e-01
8.81618619121255608917e-01 -3.61550150363174127577e+00 -9.31392162633289499851e-01 1.30126402934067698425e+02 -1.58956583851423999265e-01
8.82790790616284959391e-01 -3.61480266549237638785e+00 -9.31321950065763681792e-01 1.30125818772923565803e+02 -1.59567056575894233861e-01
8.83956951898940523904e-01 -3.61410793655473616681e+00 -9.31252117800251077995e-01 1.30125236170039954686e+02 -1.60175270900417110465e-01
8.85117095029768430337e-01 -3.61341731433561674791e+00 -9.31182505254326997601e-01 1.30124655136471261585e+02 -1.60781181150723623263e-01
8.86271212110287143204e-01 -3.61273079594384283197e+00 -9.31113191226102365761e-01 1.30124075707228399779e+02 -1.61384782712700292073e-01
8.87419295283041753564e-01 -3.61204837761941099927e+00 -9.31044177004114237306e-01 1.30123497909561365304e+02 -1.61986057706954650337e-01
8.88561336731657602783e-01 -3.61137005565151758546e+00 -9.30975463864514463097e-01 1.30122921770573924505e+02 -1.62584988343492026219e-01
8.89697328680893129160e-01 -3.61069582637937980252e+00 -9.30907053071962309332e-01 1.30122347317223272967e+02 -1.63181556922332271498e-01
8.90827263396692936581e-01 -3.61002567154226383650e+00 -9.30839043792005660372e-01 1.30121774588889934421e+02 -1.63775761545448428347e-01
8.91951133186240308071e-01 -3.60935961046873421409e+00 -9.30771250299997632283e-01 1.30121203589168288772e+02 -1.64367554236441615334e-01
8.93068930398010163429e-01 -3.60869763038359625540e+00 -9.30703763463533895184e-01 1.30120634355326643572e+02 -1.64956932318480464783e-01
8.94180647421820240517e-01 -3.60803972773366199434e+00 -9.30636584521380316737e-01 1.30120066913753873905e+02 -1.65543878448492942645e-01
8.95286276688883719821e-01 -3.60738589902079365146e+00 -9.30569714701331207607e-01 1.30119501290690351425e+02 -1.66128375375227121946e-01
8.96385810671860183696e-01 -3.60673611684057648930e+00 -9.30503259872879628922e-01 1.30118937527330245985e+02 -1.66710422191424040284e-01
8.97479241884907241733e-01 -3.60609041792315121455e+00 -9.30437021223655236213e-01 1.30118375621815033583e+02 -1.67289970246427111000e-01
8.98566562883731378975e-01 -3.60544878158316972616e+00 -9.30371095896613931053e-01 1.30117815612925710411e+02 -1.67867017886491443068e-01
8.99647766265638582084e-01 -3.60481120443799873954e+00 -9.30305485092027817373e-01 1.30117257526328756967e+02 -1.68441548222461462414e-01
9.00722844669584632449e-01 -3.60417768317268594203e+00 -9.30240190003324363133e-01 1.30116701387538711288e+02 -1.69013544460304587780e-01
9.01791790776225510307e-01 -3.60354817832140295053e+00 -9.30175324967931094200e-01 1.30116147240345469527e+02 -1.69583006719104090187e-01
9.02854597307967132735e-01 -3.60292274946472046437e+00 -9.30110674619619381964e-01 1.30115595075945748249e+02 -1.70149885590243771238e-01
9.03911257029014647557e-01 -3.60230136548249646467e+00 -9.30046344075086017789e-01 1.30115044935327006215e+02 -1.70714180508137164383e-01
9.04961762745422060306e-01 -3.60168402318878300150e+00 -9.29982334500153662304e-01 1.30114496843423239625e+02 -1.71275875046756898001e-01
9.06006107305140861996e-01 -3.60107071946910739513e+00 -9.29918647055871905316e-01 1.30113950825015081136e+02 -1.71834952877231106338e-01
9.07044283598068878938e-01 -3.60046139877669491014e+00 -9.29855406371711157298e-01 1.30113406927511050526e+02 -1.72391415079912929675e-01
9.08076284556099455614e-01 -3.59985615108116707717e+00 -9.29792376915356766354e-01 1.30112865133211585089e+02 -1.72945211587386460383e-01
9.09102103153167639960e-01 -3.59925493132870899515e+00 -9.29729673565530378987e-01 1.30112325486220527182e+02 -1.73496342906625328206e-01
9.10121732405300032376e-01 -3.59865773655505938322e+00 -9.29667297459622954392e-01 1.30111788010730208498e+02 -1.74044793084217025436e-01
9.11135165370661193052e-01 -3.59806456388536055613e+00 -9.29605249737367689278e-01 1.30111252730775390773e+02 -1.74590546268322793777e-01
9.12142395149601159510e-01 -3.59747533612023895344e+00 -9.29543667107913140768e-01 1.30110719698733589667e+02 -1.75133604263957853853e-01
9.13143414884702742107e-01 -3.59689018407374794251e+00 -9.29482290270378430641e-01 1.30110188885436087958e+02 -1.75673916752935060925e-01
9.14138217760827709313e-01 -3.59630904389608652139e+00 -9.29421245678611507302e-01 1.30109660339306856258e+02 -1.76211485161225561713e-01
9.15126797005163528098e-01 -3.59573191287901394730e+00 -9.29360534469311994066e-01 1.30109134083414062388e+02 -1.76746293377089636056e-01
9.16109145887269216146e-01 -3.59515870153988270630e+00 -9.29300296367602807202e-01 1.30108610173276190380e+02 -1.77278344354198369448e-01
9.17085257719121638154e-01 -3.59458956401855322937e+00 -9.29240265906749018932e-01 1.30108088573140150856e+02 -1.77807588358311369214e-01
9.18055125855160469861e-01 -3.59402442577568148607e+00 -9.29180572588189868100e-01 1.30107569333483723995e+02 -1.78334026855123173316e-01
9.19018743692333606177e-01 -3.59346328430664385678e+00 -9.29121217531511889298e-01 1.30107052477142133284e+02 -1.78857644768768225818e-01
9.19976104670142347253e-01 -3.59290613722541607444e+00 -9.29062201871778237106e-01 1.30106538026786722639e+02 -1.79378427132960954760e-01
9.20927202270686140473e-01 -3.59235286005289466971e+00 -9.29003679939404136690e-01 1.30106026045252917811e+02 -1.79896375402939429078e-01
9.21872030018706323240e-01 -3.59180367286763635448e+00 -9.28945357246513725435e-01 1.30105516479803696939e+02 -1.80411441922453674724e-01
9.22810581481630642919e-01 -3.59125847065748171616e+00 -9.28887377630079225099e-01 1.30105009387993391101e+02 -1.80923628367101352321e-01
9.23742850269617443715e-01 -3.59071725127889118667e+00 -9.28829742240551481380e-01 1.30104504791878696324e+02 -1.81432920176064438333e-01
9.24668830035598299233e-01 -3.59017986754609319533e+00 -9.28772610088433814290e-01 1.30104002759089269148e+02 -1.81939317841034897683e-01
9.25588514475321866293e-01 -3.58964658244605594462e+00 -9.28715677002155071129e-01 1.30103503226114980862e+02 -1.82442776426427144543e-01
9.26501897327396517490e-01 -3.58911727118583634422e+00 -9.28659091755312582350e-01 1.30103006254695571897e+02 -1.82943297013530153938e-01
9.27408972373333306827e-01 -3.58859193190373382265e+00 -9.28602855544312100200e-01 1.30102511866265103890e+02 -1.83440865460965440992e-01
9.28309733437587714100e-01 -3.58807038866669536503e+00 -9.28547132350407755652e-01 1.30102020134570381060e+02 -1.83935480665801370792e-01
9.29204174387602388485e-01 -3.58755295875208179979e+00 -9.28491607527861306792e-01 1.30101530982801278924e+02 -1.84427101558974931850e-01
9.30092289133848337812e-01 -3.58703949229653229480e+00 -9.28436435311776109280e-01 1.30101044478069724164e+02 -1.84915728132835660569e-01
9.30974071629866561928e-01 -3.58652998777065956659e+00 -9.28381616975656909219e-01 1.30100560641176485888e+02 -1.85401346681090317681e-01
9.31849515872309464015e-01 -3.58602423279802451361e+00 -9.28327321121995785447e-01 1.30100079553603933391e+02 -1.85883953549841718367e-01
9.32718615900981373734e-01 -3.58552261346563660993e+00 -9.28273223003752478988e-01 1.30099601122150119181e+02 -1.86363513286611548470e-01
9.33581365798879514450e-01 -3.58502494808082383670e+00 -9.28219482338797807763e-01 1.30099125420754830884e+02 -1.86840024026724643713e-01
9.34437759692233416153e-01 -3.58453101424185804902e+00 -9.28166263481207343133e-01 1.30098652532444987173e+02 -1.87313480560517359175e-01
9.35287791750546215752e-01 -3.58404121710420087155e+00 -9.28113249436755327615e-01 1.30098182359804866337e+02 -1.87783851142870522599e-01
9.36131456186633403860e-01 -3.58355536634047444622e+00 -9.28060596419778338628e-01 1.30097714978065852165e+02 -1.88251132669629506200e-01
9.36968747256662348732e-01 -3.58307346104357860028e+00 -9.28008305893535223596e-01 1.30097250406910291076e+02 -1.88715312220504027874e-01
9.37799659260191820209e-01 -3.58259522711759270663e+00 -9.27956544855243703473e-01 1.30096788740189822420e+02 -1.89176379836865915518e-01
9.38624186540210181384e-01 -3.58212116731866414554e+00 -9.27904989380881950467e-01 1.30096329858189704964e+02 -1.89634313429626638614e-01
9.39442323483174468457e-01 -3.58165104610661311213e+00 -9.27853800088923819089e-01 1.30095873845750645614e+02 -1.90089106254184875278e-01
9.40254064519048693427e-01 -3.58118456969856913119e+00 -9.27803138971641461197e-01 1.30095420800263497085e+02 -1.90540745475545725274e-01
9.41059404121340592475e-01 -3.58072227814241550448e+00 -9.27752690898680509868e-01 1.30094970593985067353e+02 -1.90989215129841571894e-01
9.41858336807141038882e-01 -3.58026391881585315247e+00 -9.27702612789881753130e-01 1.30094523314841495676e+02 -1.91434506179490565581e-01
9.42650857137159903232e-01 -3.57980917343667037755e+00 -9.27653061043365090299e-01 1.30094079064730152595e+02 -1.91876602205360929920e-01
9.43436959715763689971e-01 -3.57935862842814200846e+00 -9.27603730247918645269e-01 1.30093637706028601997e+02 -1.92315494668616387974e-01
9.44216639191012285792e-01 -3.57891200986939717055e+00 -9.27554773341574212431e-01 1.30093199330620990395e+02 -1.92751171669390902741e-01
9.44989890254695485972e-01 -3.57846896945507042531e+00 -9.27506339958343306584e-01 1.30092764045978100285e+02 -1.93183612285005801290e-01
9.45756707642368521505e-01 -3.57803015042951644276e+00 -9.27458136410052702558e-01 1.30092331702553337891e+02 -1.93612817098450268327e-01
9.46517086133388918512e-01 -3.57759525272547040942e+00 -9.27410310904557722012e-01 1.30091902397155621429e+02 -1.94038770602315974179e-01
9.47271020550951026173e-01 -3.57716389159574843504e+00 -9.27363004376584920685e-01 1.30091476244014302210e+02 -1.94461446175200919351e-01
9.48018505762121987956e-01 -3.57673677925004440681e+00 -9.27315938259885896855e-01 1.30091053079382419355e+02 -1.94880855728964186291e-01
9.48759536677876158528e-01 -3.57631358383977548954e+00 -9.27269254662769770725e-01 1.30090633006070902411e+02 -1.95296979173130852425e-01
9.49494108253130075781e-01 -3.57589387664132463129e+00 -9.27223082914602869664e-01 1.30090216146396414842e+02 -1.95709782642367990935e-01
9.50222215486776988769e-01 -3.57547845309593848029e+00 -9.27177164786870400270e-01 1.30089802319858904411e+02 -1.96119292242543485916e-01
9.50943853421720053376e-01 -3.57506694293814941688e+00 -9.27131634112799640768e-01 1.30089391636484435821e+02 -1.96525482026324194162e-01
9.51659017144907415364e-01 -3.57465886460100001898e+00 -9.27086604425036098220e-01 1.30088984228161876899e+02 -1.96928308890612940862e-01
9.52367701787364628885e-01 -3.57425511358236969173e+00 -9.27041845429153688052e-01 1.30088579894776046331e+02 -1.97327816841349840127e-01
9.53069902524227741125e-01 -3.57385527337638508882e+00 -9.26997479463845586167e-01 1.30088178754932584980e+02 -1.97723972424453470209e-01
9.53765614574776932066e-01 -3.57345879906578334229e+00 -9.26953598364380848551e-01 1.30087780951752250758e+02 -1.98116720722096323337e-01
9.54454833202468377884e-01 -3.57306670614723120849e+00 -9.26910010539379158878e-01 1.30087386262300924500e+02 -1.98506128436834378137e-01
9.55137553714966891505e-01 -3.57267798056386620686e+00 -9.26866900884403044358e-01 1.30086994940677527666e+02 -1.98892105899212662257e-01
9.55813771464177897030e-01 -3.57229362762676316834e+00 -9.26824095347488885466e-01 1.30086606766945891422e+02 -1.99274722747158239411e-01
9.56483481846278404959e-01 -3.57191318050021422437e+00 -9.26781692048972760567e-01 1.30086221867912570360e+02 -1.99653934889031298150e-01
9.57146680301749208652e-01 -3.57153601985060298318e+00 -9.26739741792249493990e-01 1.30085840398397209583e+02 -2.00029670076235815968e-01
9.57803362315405748539e-01 -3.57116330243167334757e+00 -9.26698127892800482819e-01 1.30085462110782543732e+02 -2.00402028655039060601e-01
9.58453523416427977111e-01 -3.57079449124238612612e+00 -9.26656924367255441233e-01 1.30085087144331424724e+02 -2.00770953320711764700e-01
9.59097159178392222323e-01 -3.57042887130658970207e+00 -9.26616137701582687214e-01 1.30084715669699505725e+02 -2.01136351014665482051e-01
9.59734265219300386462e-01 -3.57006778079349640365e+00 -9.26575731498874732850e-01 1.30084347407515991790e+02 -2.01498361567506306669e-01
9.60364837201609811146e-01 -3.56970987073998724526e+00 -9.26535729437130028963e-01 1.30083982667932986033e+02 -2.01856820912541395918e-01
9.60988870832263142319e-01 -3.56935649514829966833e+00 -9.26496125469277842512e-01 1.30083621170344230222e+02 -2.02211877934232397980e-01
9.61606361862717418099e-01 -3.56900628501729588749e+00 -9.26456911132355620531e-01 1.30083263226238528887e+02 -2.02563359004669985008e-01
9.62217306088972823552e-01 -3.56866061895495834122e+00 -9.26418114513436363744e-01 1.30082908552322152218e+02 -2.02911423977661098395e-01
9.62821699351601556494e-01 -3.56831885790223690691e+00 -9.26379747177181189777e-01 1.30082557303252713155e+02 -2.03255990198249553158e-01
9.63419537535776138171e-01 -3.56798013758980703258e+00 -9.26341707049021079179e-01 1.30082209670434764348e+02 -2.03596923004399465995e-01
9.64010816571297390887e-01 -3.56764608016037110261e+00 -9.26304157683539464152e-01 1.30081865331250781992e+02 -2.03934441875883998296e-01
9.64595532432621638463e-01 -3.56731503715748132777e+00 -9.26266911714523244470e-01 1.30081524639145669653e+02 -2.04268300084089304836e-01
9.65173681138889238973e-01 -3.56698867931162855172e+00 -9.26230186698506541276e-01 1.30081187265783171370e+02 -2.04598735577288248777e-01
9.65745258753950674979e-01 -3.56666530455236774344e+00 -9.26193737451782683756e-01 1.30080853570388370599e+02 -2.04925482079802018243e-01
9.66310261386393642979e-01 -3.56634664272537493801e+00 -9.26157843713617534576e-01 1.30080523217542662451e+02 -2.05248799167221024353e-01
9.66868685189569476712e-01 -3.56603092745357486137e+00 -9.26122193626012002454e-01 1.30080196573577040908e+02 -2.05568397678832281983e-01
9.67420526361620347622e-01 -3.56571995862376578401e+00 -9.26087138768398432376e-01 1.30079873294700803399e+02 -2.05884562373866375484e-01
9.67965781145503245675e-01 -3.56541189434616434539e+00 -9.26052290133984823406e-01 1.30079553755610248800e+02 -2.06196977424366351128e-01
9.68504445829016735736e-01 -3.56510861608874218831e+00 -9.26018082546400056465e-01 1.30079237602912996863e+02 -2.06505956816487895589e-01
9.69036516744826603720e-01 -3.56480819458527697918e+00 -9.25984037515191427126e-01 1.30078925220865698975e+02 -2.06811153753316295800e-01
9.69561990270489948429e-01 -3.56451260506042366671e+00 -9.25950686566257008536e-01 1.30078616245337713053e+02 -2.07112916053230150526e-01
9.70080862828479939530e-01 -3.56421981838440560253e+00 -9.25917447169350205094e-01 1.30078311071224931084e+02 -2.07410861048858946587e-01
9.70593130886211241659e-01 -3.56393191639928419434e+00 -9.25884963374919434109e-01 1.30078009322642031975e+02 -2.07705375637810635281e-01
9.71098790956062218882e-01 -3.56364675686344734018e+00 -9.25852531473261741723e-01 1.30077711406072808131e+02 -2.07996035678161217408e-01
9.71597839595400469825e-01 -3.56336654190090529326e+00 -9.25820926749784667287e-01 1.30077416933019065937e+02 -2.08283273172710420296e-01
9.72090273406605143158e-01 -3.56308900204622558405e+00 -9.25789304089190911995e-01 1.30077126322331650954e+02 -2.08566616067377280652e-01
9.72576089037090585343e-01 -3.56281647424544178904e+00 -9.25758591946918896198e-01 1.30076839172225817265e+02 -2.08846548365284434556e-01
9.73055283179328878163e-01 -3.56254654685712246476e+00 -9.25727780110585429796e-01 1.30076555914476557518e+02 -2.09122542740324796062e-01
9.73527852570872820337e-01 -3.56228170702969260120e+00 -9.25697975960277474883e-01 1.30076276133604778806e+02 -2.09395143096658326032e-01
9.73993793994377243806e-01 -3.56201938510611126887e+00 -9.25667976445724183243e-01 1.30076000274582469274e+02 -2.09663758409823569595e-01
9.74453104277621995344e-01 -3.56176090293294667077e+00 -9.25638410498635488821e-01 1.30075728126162289300e+02 -2.09928683726594428327e-01
9.74905780293532697733e-01 -3.56150751143730115444e+00 -9.25609912043878657606e-01 1.30075459492360892000e+02 -2.10190208029473302176e-01
9.75351818960202621156e-01 -3.56125662495524775153e+00 -9.25581162470929030839e-01 1.30075194809121001072e+02 -2.10447710526455028512e-01
9.75791217240913111297e-01 -3.56101092126635654367e+00 -9.25553608264091720592e-01 1.30074933655217165551e+02 -2.10701838876756447627e-01
9.76223972144155016650e-01 -3.56076762400186508373e+00 -9.25525676316686807255e-01 1.30074676479768442050e+02 -2.10951890089454807686e-01
9.76650080723648006398e-01 -3.56052815557125157397e+00 -9.25498181348495041476e-01 1.30074423068999408315e+02 -2.11198215839919406500e-01
9.77069540078361775670e-01 -3.56029389621976788405e+00 -9.25471975947172564858e-01 1.30074173222015019746e+02 -2.11441172881728201016e-01
9.77482347352534808316e-01 -3.56006200805921357855e+00 -9.25445302545326975441e-01 1.30073927380743157300e+02 -2.11680006773633438977e-01
9.77888499735694360915e-01 -3.55983543810296465537e+00 -9.25420088345997537971e-01 1.30073685117639485043e+02 -2.11915511807669959543e-01
9.78287994462675891683e-01 -3.55961112407209645525e+00 -9.25394237470847591531e-01 1.30073446885327086875e+02 -2.12146827428259049375e-01
9.78680828813640935060e-01 -3.55939062932384686633e+00 -9.25368827264093085638e-01 1.30073212467710959572e+02 -2.12374384935058085899e-01
9.79067000114096308572e-01 -3.55917550014481953724e+00 -9.25345015989929353672e-01 1.30072981661228624262e+02 -2.12598633904553163676e-01
9.79446505734912542529e-01 -3.55896257094113677155e+00 -9.25320431800578879766e-01 1.30072754909580993399e+02 -2.12818635626160740371e-01
9.79819343092340866441e-01 -3.55875345457729919119e+00 -9.25296289280566730540e-01 1.30072532000827266074e+02 -2.13034860530892655728e-01
9.80185509648031860763e-01 -3.55854976252854005025e+00 -9.25273913318953589169e-01 1.30072312735661171246e+02 -2.13247806141698581506e-01
9.80545002909051777173e-01 -3.55834820307175458964e+00 -9.25250599660631833920e-01 1.30072097547077419222e+02 -2.13456439466438940844e-01
9.80897820427900302143e-01 -3.55815045040472677229e+00 -9.25227728658950532292e-01 1.30071886228125492835e+02 -2.13661278248739983088e-01
9.81243959802526766190e-01 -3.55795819000717994385e+00 -9.25206822226587122238e-01 1.30071678585508493597e+02 -2.13862876259212492114e-01
9.81583418676346575182e-01 -3.55776798525791360106e+00 -9.25184781892524288338e-01 1.30071475038137293723e+02 -2.14060089258951313784e-01
9.81916194738257197550e-01 -3.55758158145115377380e+00 -9.25163184850851916252e-01 1.30071275385675193093e+02 -2.14253490868235391131e-01
9.82242285722654373536e-01 -3.55740074449229704001e+00 -9.25143782567340422496e-01 1.30071079443411463217e+02 -2.14443699646561070082e-01
9.82561689409446659127e-01 -3.55722187882889118171e+00 -9.25123016230087968914e-01 1.30070887611156649655e+02 -2.14629442638737566451e-01
9.82874403624071413255e-01 -3.55704680834077446860e+00 -9.25102693310963841711e-01 1.30070699697633784808e+02 -2.14811358218406883713e-01
9.83180426237509119680e-01 -3.55687738280350895792e+00 -9.25084827810205179155e-01 1.30070515530052887243e+02 -2.14990138048838513862e-01
9.83479755166297819891e-01 -3.55670983969404685965e+00 -9.25065332730124367799e-01 1.30070335482483642409e+02 -2.15164363252543094918e-01
9.83772388372547657021e-01 -3.55654608583507148012e+00 -9.25046280480484539588e-01 1.30070159376042198573e+02 -2.15334745770673047227e-01
9.84058323863954753641e-01 -3.55638805463878604485e+00 -9.25029978775300354421e-01 1.30069987053841032321e+02 -2.15502057837442528854e-01
9.84337559693814090345e-01 -3.55623181601639748450e+00 -9.25011747319095301023e-01 1.30069818856146980579e+02 -2.15664718944476252460e-01
9.84610093961033494558e-01 -3.55607936058999296591e+00 -9.24993956755075230625e-01 1.30069654620461506056e+02 -2.15823522695867686672e-01
9.84875924810146630151e-01 -3.55593270081253720605e+00 -9.24979235364815965958e-01 1.30069494210279003710e+02 -2.15979327828104750164e-01
9.85135050431324765796e-01 -3.55578774689331167380e+00 -9.24962252812517315981e-01 1.30069337923033259585e+02 -2.16130379459094995598e-01
9.85387469060390319697e-01 -3.55564656988254634840e+00 -9.24945707868584099387e-01 1.30069185617183705972e+02 -2.16277559653943185491e-01
9.85633178978827628747e-01 -3.55550916683261819529e+00 -9.24929598153825249796e-01 1.30069037298920250123e+02 -2.16420863536144425510e-01
9.85872178513795716093e-01 -3.55537756116558023578e+00 -9.24916809523387839498e-01 1.30068892859975363763e+02 -2.16561214046329525429e-01
9.86104466038138838258e-01 -3.55524764094067968756e+00 -9.24901485159681624459e-01 1.30068752538154768672e+02 -2.16696726382160143043e-01
9.86330039970398142479e-01 -3.55512148828310792226e+00 -9.24886590868928215592e-01 1.30068616221256007748e+02 -2.16828349117169333349e-01
9.86548898774822102808e-01 -3.55500117815014871070e+00 -9.24875335292253630826e-01 1.30068483828311769912e+02 -2.16957089159440119630e-01
9.86761040961377400293e-01 -3.55488249184800997327e+00 -9.24861197025965364737e-01 1.30068355539668942811e+02 -2.17080889748285765783e-01
9.86966465085758248854e-01 -3.55476756693312223589e+00 -9.24847482585983593495e-01 1.30068231271711226782e+02 -2.17200788152762863659e-01
9.87165169749397164445e-01 -3.55465850985528586392e+00 -9.24837699313710959181e-01 1.30068110972561612471e+02 -2.17317867226332228636e-01
9.87357153599473957861e-01 -3.55455103455220289277e+00 -9.24824704314307410868e-01 1.30067994761052318609e+02 -2.17429912993368251728e-01
9.87542415328925060614e-01 -3.55444731482829201497e+00 -9.24812127034686848326e-01 1.30067882584532696910e+02 -2.17538045008905195354e-01
9.87720953676452295689e-01 -3.55434946502469317764e+00 -9.24803723030723334730e-01 1.30067774419547134812e+02 -2.17643407325413068554e-01
9.87892767426531648312e-01 -3.55425317904353832432e+00 -9.24791824391852035347e-01 1.30067670324150697070e+02 -2.17743657181557220825e-01
9.88057855409421592618e-01 -3.55416281895779073707e+00 -9.24784451775387483785e-01 1.30067570279132326050e+02 -2.17841222772330839197e-01
9.88216216501170752196e-01 -3.55407395505472178954e+00 -9.24773192604950167173e-01 1.30067474278522524855e+02 -2.17933568854878439991e-01
9.88367849623625893685e-01 -3.55398883977448365457e+00 -9.24762347211379620582e-01 1.30067382333792295412e+02 -2.18021985793668826581e-01
9.88512753744439143233e-01 -3.55390960539710620836e+00 -9.24756126851552617829e-01 1.30067294473170079527e+02 -2.18107730111757436298e-01
9.88650927877074869876e-01 -3.55383190074604060626e+00 -9.24745886104008540940e-01 1.30067210642954648847e+02 -2.18188218827688712453e-01
9.88782371080816346876e-01 -3.55376009544392168493e+00 -9.24740512404259695778e-01 1.30067130929217086077e+02 -2.18266090673462254124e-01
9.88907082460772635102e-01 -3.55368979395522988085e+00 -9.24730847542853839904e-01 1.30067055224386706413e+02 -2.18338634614805154888e-01
9.89025061167884578239e-01 -3.55362539435632207585e+00 -9.24726233221616511493e-01 1.30066983664236602181e+02 -2.18408602059931705730e-01
9.89136306398929687766e-01 -3.55356249131235735206e+00 -9.24717125791731486828e-01 1.30066916095060548741e+02 -2.18473188298870135693e-01
9.89240817396528693273e-01 -3.55350547691970408692e+00 -9.24713182209661033184e-01 1.30066852693102077865e+02 -2.18535220265330759615e-01
9.89338593449150427439e-01 -3.55345218598774126306e+00 -9.24709758093520628464e-01 1.30066793389710284146e+02 -2.18593329424335069966e-01
9.89429633891116377953e-01 -3.55340032387542681391e+00 -9.24701273374688326179e-01 1.30066738029434162627e+02 -2.18645908699492547145e-01
9.89513938102605350444e-01 -3.55335438810353654304e+00 -9.24698373098066572773e-01 1.30066686886892199482e+02 -2.18696034111792364518e-01
9.89591505509657798356e-01 -3.55330992345340002103e+00 -9.24690453246816757016e-01 1.30066639686675017629e+02 -2.18740641112649486510e-01
9.89662335584179708725e-01 -3.55327133168849318423e+00 -9.24688013128956765030e-01 1.30066596707386963772e+02 -2.18782760854519392479e-01
9.89726427843945932850e-01 -3.55323643322447058068e+00 -9.24685937757453002561e-01 1.30066557824102943641e+02 -2.18820910606380342189e-01
9.89783781852604072071e-01 -3.55320522137499406057e+00 -9.24684194393264546896e-01 1.30066523035773514039e+02 -2.18855080739841917348e-01
9.89834397219676587198e-01 -3.55317544867101808848e+00 -9.24676992388512419829e-01 1.30066492148474679880e+02 -2.18883619234805426590e-01
9.89878273600564240198e-01 -3.55315156166319834341e+00 -9.24675585563800139788e-01 1.30066465524208894067e+02 -2.18909743709142012857e-01
9.89915410696548092595e-01 -3.55313135137284996645e+00 -9.24674444873771150810e-01 1.30066442992463947803e+02 -2.18931869249882310458e-01
9.89945808254791503877e-01 -3.55311481394014583302e+00 -9.24673546513709698758e-01 1.30066424552019356042e+02 -2.18949989125803295975e-01
9.89969466068341796827e-01 -3.55310194651096944440e+00 -9.24672870195944240912e-01 1.30066410201702666427e+02 -2.18964097673283758505e-01
