00000000000000000000 4.32709214447731937980e+00 -1.35036768315930966189e+00 00000000000000000130 5.89612402797655579157e-25
2.58315720529896097890e-03 4.32981767025043406960e+00 -1.35035011253066339343e+00 1.29997618523866691476e+02 7.46122389582549267947e-04
5.16629682395841009074e-03 4.33255027139443438244e+00 -1.35033117095630394999e+00 1.29995216049388943702e+02 1.50464961816256046628e-03
7.74940126945856955221e-03 4.33528995945301964809e+00 -1.35031085056506405806e+00 1.29992792507132264745e+02 2.27559532764574521876e-03
1.03324529555191297475e-02 4.33803674598113353511e+00 -1.35028914344772688061e+00 1.29990347827676941961e+02 3.05897284538087519193e-03
1.29154342962189676997e-02 4.34079064254470470274e+00 -1.35026604165712771355e+00 1.29987881941609060732e+02 3.85479516756315676237e-03
1.54983277061159028382e-02 4.34355166072052867321e+00 -1.35024153720785400346e+00 1.29985394779518884434e+02 4.66307495875332555374e-03
1.80811156003663868475e-02 4.34631981209787365827e+00 -1.35021562207463241556e+00 1.29982886272101268332e+02 5.48382463206115514098e-03
2.06637803948452533631e-02 4.34909510827406098343e+00 -1.35018828819573988298e+00 1.29980356349902052671e+02 6.31705613433527438799e-03
2.32463045062654173611e-02 4.35187756085928878491e+00 -1.35015952746863887590e+00 1.29977804943607623045e+02 7.16278118531796931245e-03
2.58286703522975918945e-02 4.35466718147397191530e+00 -1.35012933175195182223e+00 1.29975231983894673249e+02 8.02101114797545630686e-03
2.84108603516900135033e-02 4.35746398174926508062e+00 -1.35009769286471414951e+00 1.29972637401467409290e+02 8.89175705541703914614e-03
3.09928569243880722150e-02 4.36026797332313265088e+00 -1.35006460258768123950e+00 1.29970021126833501057e+02 9.77502952027201402196e-03
3.35746424916540803229e-02 4.36307916785190119668e+00 -1.35003005265843500915e+00 1.29967383090986857042e+02 1.06708390033168117744e-02
3.61561994761869162640e-02 4.36589757699584080086e+00 -1.34999403477685553376e+00 1.29964723224571343962e+02 1.15791954793591275047e-02
3.87375103022416650278e-02 4.36872321242720396128e+00 -1.34995654060165004573e+00 1.29962041458355855639e+02 1.25001086242535978249e-02
4.13185573957493418318e-02 4.37155608582830446096e+00 -1.34991756175079835600e+00 1.29959337723130602171e+02 1.34335877720126242729e-02
4.38993231844364839578e-02 4.37439620889140545756e+00 -1.34987708980132969927e+00 1.29956611949706626774e+02 1.43796419129474575133e-02
4.64797900979448119774e-02 4.37724359331857737487e+00 -1.34983511628907204560e+00 1.29953864068914100471e+02 1.53382796919606136099e-02
4.90599405679508632216e-02 4.38009825083043402572e+00 -1.34979163270790736284e+00 1.29951094012121444621e+02 1.63095094351752428752e-02
5.16397570282855211676e-02 4.38296019313659535044e+00 -1.34974663051122223401e+00 1.29948301709513685864e+02 1.72933390514647261638e-02
5.42192219150537807471e-02 4.38582943197383023914e+00 -1.34970010110943272608e+00 1.29945487092332285783e+02 1.82897761579770279372e-02
5.67983176667541181382e-02 4.38870597908340354110e+00 -1.34965203587105797567e+00 1.29942650091555435665e+02 1.92988280024196899587e-02
5.93770267243982005634e-02 4.39158984621601788945e+00 -1.34960242612218017655e+00 1.29939790638197109729e+02 2.03205014784285965812e-02
6.19553315316303740423e-02 4.39448104513176751595e+00 -1.34955126314620121875e+00 1.29936908663309594658e+02 2.13548031234637517017e-02
6.45332145348472135948e-02 4.39737958759999880698e+00 -1.34949853818357889956e+00 1.29934004097985138060e+02 2.24017391169817926821e-02
6.71106581833170040552e-02 4.40028548539926234184e+00 -1.34944424243159355470e+00 1.29931076873359842239e+02 2.34613152780319203505e-02
6.96876449292992278250e-02 4.40319875031723029224e+00 -1.34938836704409292899e+00 1.29928126920616932694e+02 2.45335370630082212628e-02
7.22641572281641081377e-02 4.40611939415060849257e+00 -1.34933090313126591298e+00 1.29925154170990310831e+02 2.56184095631457608988e-02
7.48401775385119094608e-02 4.40904742867565779818e+00 -1.34927184175126035903e+00 1.29922158554048706947e+02 2.67159379787958624342e-02
7.74156883222925085164e-02 4.41198286575167841761e+00 -1.34921117393839273824e+00 1.29919140003754705504e+02 2.78261259460313263581e-02
7.99906720449247571336e-02 4.41492571718096460387e+00 -1.34914889066455789823e+00 1.29916098450285062427e+02 2.89489777866775814530e-02
8.25651111754157757128e-02 4.41787599479375181488e+00 -1.34908498286220535078e+00 1.29913033825006039024e+02 3.00844971406009700776e-02
8.51389881864804548561e-02 4.42083371042850092891e+00 -1.34901944141874130523e+00 1.29909946059329087120e+02 3.12326872783491339691e-02
8.77122855546606100541e-02 4.42379887593175435967e+00 -1.34895225717624467343e+00 1.29906835084711815398e+02 3.23935510999097259210e-02
9.02849857604444694381e-02 4.42677150315798151325e+00 -1.34888342093119240062e+00 1.29903700832658216768e+02 3.35670911335496577332e-02
9.28570712883857868336e-02 4.42975160396946598951e+00 -1.34881292343419345592e+00 1.29900543234719378916e+02 3.47533095349448623024e-02
9.54285246272232184905e-02 4.43273919023609952461e+00 -1.34874075538966486931e+00 1.29897362222493171657e+02 3.59522080862927501110e-02
9.79993282699994638918e-02 4.43573427383525853429e+00 -1.34866690745559125730e+00 1.29894157727624531162e+02 3.71637881958838608987e-02
1.00569464714180475950e-01 4.43873686665159628006e+00 -1.34859137024318886944e+00 1.29890929681803754647e+02 3.83880508980564486010e-02
1.03138916461774601818e-01 4.44174698063345640975e+00 -1.34851413435451616962e+00 1.29887678020073195739e+02 3.96249946319713192144e-02
1.05707666019451862471e-01 4.44476462758747903337e+00 -1.34843519024495606118e+00 1.29884402668831995697e+02 4.08746232821243851707e-02
1.08275695898662718819e-01 4.44778981946159124305e+00 -1.34835452841203440322e+00 1.29881103562386698513e+02 4.21369350967818884213e-02
1.10842988615757503945e-01 4.45082256816974730640e+00 -1.34827213927830014129e+00 1.29877780632717190201e+02 4.34119295315674169622e-02
1.13409526692105272483e-01 4.45386288563268806229e+00 -1.34818801321834258466e+00 1.29874433811869806732e+02 4.46996056494583030028e-02
1.15975292654212733257e-01 4.45691078377779348330e+00 -1.34810214055849941772e+00 1.29871063031958300371e+02 4.59999621192770796752e-02
1.18540269033843417845e-01 4.45996627453893168536e+00 -1.34801451157659224478e+00 1.29867668225166397633e+02 4.73129972129090470290e-02
1.21104438368136405058e-01 4.46302936985632214828e+00 -1.34792511650166524362e+00 1.29864249323750044596e+02 4.86387088023358116207e-02
1.23667783199725281329e-01 4.46610008167639271903e+00 -1.34783394551371094039e+00 1.29860806260039908011e+02 4.99770943570560371993e-02
1.26230286076857156630e-01 4.46917842195163750318e+00 -1.34774098874341752285e+00 1.29857338966443904837e+02 5.13281509409434025248e-02
1.28791929553511097506e-01 4.47226440264049074358e+00 -1.34764623627190704980e+00 1.29853847375450698109e+02 5.26918752082811761572e-02
1.31352696189517337277e-01 4.47535803570716161914e+00 -1.34754967813048476266e+00 1.29850331419632510688e+02 5.40682634003445475313e-02
1.33912568550675792345e-01 4.47845933312152766348e+00 -1.34745130430040305214e+00 1.29846791031648763237e+02 5.54573113407998072311e-02
1.36471529208874592376e-01 4.48156830675604922476e+00 -1.34735110458049400783e+00 1.29843226138235110056e+02 5.68590221649772978307e-02
1.39029560742209123969e-01 4.48468496876636546489e+00 -1.34724906907484354157e+00 1.29839636682454255379e+02 5.82733777508201017392e-02
1.41586645735100435939e-01 4.48780933105809509698e+00 -1.34714518751011835818e+00 1.29836022592551330490e+02 5.97003786672900063626e-02
1.44142766778413616846e-01 4.49094140562034915831e+00 -1.34703944966209410161e+00 1.29832383801454142258e+02 6.11400191840147863576e-02
1.46697906469576699884e-01 4.49408120444680925232e+00 -1.34693184525470965873e+00 1.29828720242174284749e+02 6.25922931616979538738e-02
1.49252047412698846118e-01 4.49722873953557655824e+00 -1.34682236395976495658e+00 1.29825031847809754026e+02 6.40571940500209296987e-02
1.51805172218688999575e-01 4.50038402288894268111e+00 -1.34671099539659833155e+00 1.29821318551545033415e+02 6.55347148883249630558e-02
1.54357263505374042722e-01 4.50354706651321823330e+00 -1.34659772913176900566e+00 1.29817580286653566191e+02 6.70248483039506681713e-02
1.56908303897617312783e-01 4.50671788241852144807e+00 -1.34648255467871602598e+00 1.29813816986498011374e+02 6.85275865121340171937e-02
1.59458276027436895994e-01 4.50989648261857123401e+00 -1.34636546149744318335e+00 1.29810028584531863771e+02 7.00429213166505193477e-02
1.62007162534123755337e-01 4.51308287913050776297e+00 -1.34624643899414864201e+00 1.29806215014301670863e+02 7.15708441088242358630e-02
1.64554946064359886027e-01 4.51627708397461802292e+00 -1.34612547652089431516e+00 1.29802376209445213817e+02 7.31113458700043961080e-02
1.67101609272336831813e-01 4.51947910917419104493e+00 -1.34600256337522927730e+00 1.29798512103695600217e+02 7.46644171712654153295e-02
1.69647134819873285361e-01 4.52268896675523279782e+00 -1.34587768879982627723e+00 1.29794622630879189273e+02 7.62300481761095660715e-02
1.72191505376533410265e-01 4.52590666887002512908e+00 -1.34575084232113262317e+00 1.29790707732145506270e+02 7.78082087998185345512e-02
1.74734703619744774494e-01 4.52913222733327902603e+00 -1.34562201248104407192e+00 1.29786767328893574813e+02 7.93989229195811996309e-02
1.77276712234916367095e-01 4.53236565427747528645e+00 -1.34549118862731797996e+00 1.29782801361056669975e+02 8.10021635678096624256e-02
1.79817513915556254078e-01 4.53560696173877797577e+00 -1.34535835978384410438e+00 1.29778809762933775573e+02 8.26179190311051719897e-02
1.82357091363389622884e-01 4.53885616175513106896e+00 -1.34522351491848279892e+00 1.29774792468936198020e+02 8.42461771528681402366e-02
1.84895427288476549288e-01 4.54211326636608347940e+00 -1.34508664294280100293e+00 1.29770749413589328469e+02 8.58869253296206391912e-02
1.87432504409329458994e-01 4.54537828761254392163e+00 -1.34494773271174805629e+00 1.29766680531535257614e+02 8.75401505083284042774e-02
1.89968305453031172103e-01 4.54865123753652245142e+00 -1.34480677302334239442e+00 1.29762585757532377784e+02 8.92058391840752223922e-02
1.92502813155352114904e-01 4.55193212818097059369e+00 -1.34466375261842840949e+00 1.29758465026462204150e+02 9.08839773932073047291e-02
1.95036010260868170052e-01 4.55522097158947758544e+00 -1.34451866018031163108e+00 1.29754318273326560984e+02 9.25745507136868928111e-02
1.97567879523077832848e-01 4.55851777921739831356e+00 -1.34437148382715832007e+00 1.29750145433290583696e+02 9.42775442165270372019e-02
2.00098403704520089175e-01 4.56182256428863652786e+00 -1.34422221314978340700e+00 1.29745946441534869109e+02 9.59929426248802564192e-02
2.02627565576891321975e-01 4.56513533825637551899e+00 -1.34407083614116551473e+00 1.29741721233479808006e+02 9.77207300647998239329e-02
2.05155347921162689584e-01 4.56845611316446831296e+00 -1.34391734125181838699e+00 1.29737469744640151248e+02 9.94608902226313679185e-02
2.07681733527697698349e-01 4.57178490105625190409e+00 -1.34376171687343548555e+00 1.29733191910666477042e+02 1.01213406294573607380e-01
2.10206705196368998090e-01 4.57512171393993316570e+00 -1.34360395059625314929e+00 1.29728887665356751313e+02 1.02978304421557767534e-01
2.12730245736675399604e-01 4.57846656391869366587e+00 -1.34344403200872575255e+00 1.29724556948210477003e+02 1.04755489839001250663e-01
2.15252337967859502799e-01 4.58181946300403097894e+00 -1.34328194871546124922e+00 1.29720199693633958304e+02 1.06544979873646250557e-01
2.17772964719024048064e-01 4.58518042323428076656e+00 -1.34311768886317328686e+00 1.29715815837823072343e+02 1.08346756109585398709e-01
2.20292108829248989288e-01 4.58854945664597213550e+00 -1.34295124053738135217e+00 1.29711405317122341785e+02 1.10160799670567480235e-01
2.22809753147708622389e-01 4.59192657527348746527e+00 -1.34278259176196979041e+00 1.29706968068022433727e+02 1.11987091222388646106e-01
2.25325880533787908933e-01 4.59531179114879062553e+00 -1.34261173049884585673e+00 1.29702504027164451372e+02 1.13825610971609189614e-01
2.27840473857199465879e-01 4.59870511630115164081e+00 -1.34243864464750695120e+00 1.29698013131341042481e+02 1.15676338667849182285e-01
2.30353515998100027984e-01 4.60210656275692375772e+00 -1.34226332204472531551e+00 1.29693495317503561637e+02 1.17539253599271475981e-01
2.32864989847207326523e-01 4.60551614253918017994e+00 -1.34208575046406997089e+00 1.29688950522758943862e+02 1.19414334598725149772e-01
2.35374878305916024335e-01 4.60893386766749468819e+00 -1.34190591761554456340e+00 1.29684378684378089019e+02 1.21301560041660524969e-01
2.37883164286414594546e-01 4.61235975015763699503e+00 -1.34172381114512706546e+00 1.29679779739795776550e+02 1.23200907849764756952e-01
2.40389830711801560925e-01 4.61579380202126188237e+00 -1.34153941863438053161e+00 1.29675153626614758196e+02 1.25112355492088239695e-01
2.42894860516201405165e-01 4.61923603526571113775e+00 -1.34135272760001611481e+00 1.29670500282612607634e+02 1.27035879985454597252e-01
2.45398236644881417856e-01 4.62268646189355703058e+00 -1.34116372549331774877e+00 1.29665819645736831944e+02 1.28971457906862457810e-01
2.47899942054367217192e-01 4.62614509390254013965e+00 -1.34097239969984993735e+00 1.29661111654121526726e+02 1.30919065385295435577e-01
2.50399959712559072589e-01 4.62961194290914779259e+00 -1.34077873902302213693e+00 1.29656376224069987302e+02 1.32878591268008910964e-01
2.52898272598847562165e-01 4.63308702157406582245e+00 -1.34058272805058287247e+00 1.29651613333535692618e+02 1.34850166744192589974e-01
2.55394863704230257184e-01 4.63657034156525416080e+00 -1.34038435520655796473e+00 1.29646822902880302308e+02 1.36833694157599716767e-01
2.57889716031426352583e-01 4.64006191485487118342e+00 -1.34018360761862287411e+00 1.29642004870833204677e+02 1.38829147321654550185e-01
2.60382812594993184874e-01 4.64356175340819898878e+00 -1.33998047234770134573e+00 1.29637159176299292085e+02 1.40836499543718102201e-01
2.62874136421441917388e-01 4.64706986918329700842e+00 -1.33977493638765965400e+00 1.29632285758361689432e+02 1.42855723620189584144e-01
2.65363670549352448358e-01 4.65058627413061564937e+00 -1.33956698666487716842e+00 1.29627384556281384675e+02 1.44886791836309425374e-01
2.67851398029489484731e-01 4.65411098019261793013e+00 -1.33935661003799100222e+00 1.29622455509498479387e+02 1.46929675957534477959e-01
2.70337301924917894347e-01 4.65764399930348194090e+00 -1.33914379329755606207e+00 1.29617498557638469947e+02 1.48984347224537544419e-01
2.72821365311117669528e-01 4.66118534338854750843e+00 -1.33892852316558164105e+00 1.29612513640502982071e+02 1.51050776356172561377e-01
2.75303571276099334764e-01 4.66473502436405063065e+00 -1.33871078629538819982e+00 1.29607500698079604717e+02 1.53128933532429484243e-01
2.77783902920519187862e-01 4.66829305413668027569e+00 -1.33849056927115750426e+00 1.29602459670538138425e+02 1.55218788396442236577e-01
2.80262343357794374565e-01 4.67185944460311652904e+00 -1.33826785860767594194e+00 1.29597390498230254252e+02 1.57320310044859329457e-01
2.82738875714217352542e-01 4.67543420764966644043e+00 -1.33804264075001744239e+00 1.29592293121692705427e+02 1.59433467020090424704e-01
2.85213483129071798672e-01 4.67901735515171601776e+00 -1.33781490207326303477e+00 1.29587167481639596645e+02 1.61558227302675133652e-01
2.87686148754746129352e-01 4.68260889897342824639e+00 -1.33758462888231810517e+00 1.29582013518971365329e+02 1.63694558296241854389e-01
2.90156855756849185735e-01 4.68620885234801942687e+00 -1.33735180505767425885e+00 1.29576831255532738396e+02 1.65842564588110502610e-01
2.92625587314324475674e-01 4.68981722461400707402e+00 -1.33711642102670769106e+00 1.29571620486258012761e+02 1.68001962864662873764e-01
2.95092326619564693235e-01 4.69343402876571857973e+00 -1.33687846089270867544e+00 1.29566381220837740784e+02 1.70172835175471520719e-01
2.97557056878526016153e-01 4.69705927662483802010e+00 -1.33663791066355064352e+00 1.29561113401320710636e+02 1.72355147316517853806e-01
3.00019761310842958402e-01 4.70069298000057589348e+00 -1.33639475627393178314e+00 1.29555816970000478250e+02 1.74548864553467242278e-01
3.02480423149941946015e-01 4.70433515068887775357e+00 -1.33614898358436495762e+00 1.29550491869398655354e+02 1.76753951654653046477e-01
3.04939025643155781076e-01 4.70798580047252013259e+00 -1.33590057838122544531e+00 1.29545138042297679704e+02 1.78970372862892634913e-01
3.07395552051837939178e-01 4.71164494112030407535e+00 -1.33564952637587519568e+00 1.29539755431721829382e+02 1.81198091919274550943e-01
3.09849985651476145243e-01 4.71531258438690947798e+00 -1.33539581320460043479e+00 1.29534343980958226439e+02 1.83437072041319898519e-01
3.12302309731806226889e-01 4.71898874201238349713e+00 -1.33513942442770305874e+00 1.29528903633554762109e+02 1.85687275948180546825e-01
3.14752507596926411892e-01 4.72267342572182879934e+00 -1.33488034552930323606e+00 1.29523434333332886581e+02 1.87948665846926210587e-01
3.17200562565410182359e-01 4.72636664722492394475e+00 -1.33461856191669681060e+00 1.29517936024387893212e+02 1.90221203441743591522e-01
3.19646457970420572181e-01 4.73006841821563384087e+00 -1.33435405891985592319e+00 1.29512408651103100965e+02 1.92504849937847610786e-01
3.22090177159823132236e-01 4.73377875037185447127e+00 -1.33408682179107351828e+00 1.29506852158159631472e+02 1.94799566033156956735e-01
3.24531703496299839262e-01 4.73749765535487643575e+00 -1.33381683570401876615e+00 1.29501266490535385856e+02 1.97105311947367911607e-01
3.26971020357461672479e-01 4.74122514480925882907e+00 -1.33354408575359273392e+00 1.29495651593529942147e+02 1.99422047403310293001e-01
3.29408111135962355931e-01 4.74496123036224659586e+00 -1.33326855695498891485e+00 1.29490007412761485739e+02 2.01749731653065367265e-01
3.31842959239611323685e-01 4.74870591988882573276e+00 -1.33299023786833581440e+00 1.29484333675812763431e+02 2.04088111180941195189e-01
3.34275548091486185420e-01 4.75245923179908213996e+00 -1.33270910673500830868e+00 1.29478630727671060185e+02 2.06437531567831289436e-01
3.36705861130046413265e-01 4.75622117447530534662e+00 -1.33242515142251716220e+00 1.29472898328401214485e+02 2.08797769449398845643e-01
3.39133881809245474326e-01 4.75999175945576968871e+00 -1.33213835663843460644e+00 1.29467136424070986322e+02 2.11168781261624444179e-01
3.41559593598643573831e-01 4.76377099825744654282e+00 -1.33184870700991719872e+00 1.29461344960999042542e+02 2.13550522871763959198e-01
3.43982979983520398282e-01 4.76755890237564550205e+00 -1.33155618708375333981e+00 1.29455523885768116088e+02 2.15942949545854773197e-01
3.46404024464987525533e-01 4.77135548328312797395e+00 -1.33126078132512937202e+00 1.29449673145208009828e+02 2.18346015994698189333e-01
3.48822710560100557320e-01 4.77516075242953874636e+00 -1.33096247411764312396e+00 1.29443792686397529224e+02 2.20759676341950067391e-01
3.51239021801971362802e-01 4.77897472124097522084e+00 -1.33066124976306410232e+00 1.29437882456674827836e+02 2.23183884110655955668e-01
3.53652941739880488647e-01 4.78279740111915430134e+00 -1.33035709248071931654e+00 1.29431942403624447024e+02 2.25618592229586523157e-01
3.56064453939388791959e-01 4.78662880344071695049e+00 -1.33004998640719618308e+00 1.29425972475073763235e+02 2.28063753021559040279e-01
3.58473541982449628307e-01 4.79046893955658781294e+00 -1.32973991559556248276e+00 1.29419972619092220611e+02 2.30519318219561980543e-01
3.60880189467520207103e-01 4.79431782079123447460e+00 -1.32942686401581311451e+00 1.29413942783985447704e+02 2.32985238911812553297e-01
3.63284380009673946166e-01 4.79817545844209991657e+00 -1.32911081555381893615e+00 1.29407882918300032316e+02 2.35461465572136624536e-01
3.65686097240711160961e-01 4.80204186377827113574e+00 -1.32879175401088378550e+00 1.29401792970783901637e+02 2.37947948057975561253e-01
3.68085324809271363655e-01 4.80591704804040187327e+00 -1.32846966310437153425e+00 1.29395672890421224110e+02 2.40444635542334861356e-01
3.70482046380943785824e-01 4.80980102243944518392e+00 -1.32814452646627922938e+00 1.29389522626397024396e+02 2.42951476567589447209e-01
3.72876245638379399949e-01 4.81369380612404107467e+00 -1.32781632313520292499e+00 1.29383342593979108415e+02 2.45468683447993607505e-01
3.75267906281401164570e-01 4.81759539561326644019e+00 -1.32748504483500129325e+00 1.29377131887322434523e+02 2.47995718724844438352e-01
3.77657012027115768227e-01 4.82150580888975266447e+00 -1.32715067106600081992e+00 1.29370890857605672863e+02 2.50532756187628324884e-01
3.80043546610023985632e-01 4.82542505706702318236e+00 -1.32681318509949219830e+00 1.29364619456471217518e+02 2.53079742681969643847e-01
3.82427493782131422417e-01 4.82935315122831276824e+00 -1.32647257011736940946e+00 1.29358317635932593248e+02 2.55636624507024290409e-01
3.84808837313059592944e-01 4.83329010242619361293e+00 -1.32612880921252607180e+00 1.29351985348395260189e+02 2.58203347360160317958e-01
3.87187560990155776874e-01 4.83723592168185945184e+00 -1.32578188538782026917e+00 1.29345622546657523344e+02 2.60779856367942264317e-01
3.89563648618604152496e-01 4.84119061998449673467e+00 -1.32543178155557939135e+00 1.29339229183917041155e+02 2.63366096081702305565e-01
3.91937084021535264711e-01 4.84515420829082099630e+00 -1.32507848053691090762e+00 1.29332805213788446963e+02 2.65962010488947242504e-01
3.94307851040136658760e-01 4.84912669752468961093e+00 -1.32472196506186401521e+00 1.29326350590325176881e+02 2.68567542970704398186e-01
3.96675933533762792305e-01 4.85310809857630420794e+00 -1.32436221776744855738e+00 1.29319865268017423432e+02 2.71182636386007369644e-01
3.99041315380044780969e-01 4.85709842230173549638e+00 -1.32399922119854029923e+00 1.29313349201811064404e+02 2.73807232987040127803e-01
4.01403980475000310424e-01 4.86109767952266036417e+00 -1.32363295780645140454e+00 1.29306802347137761444e+02 2.76441274471707021387e-01
4.03763912733143492950e-01 4.86510588102546925882e+00 -1.32326340994820346175e+00 1.29300224659910639957e+02 2.79084701992704076190e-01
4.06121096087593724810e-01 4.86912303756146336298e+00 -1.32289055988659431939e+00 1.29293616096582553610e+02 2.81737456121888329985e-01
4.08475514490185875882e-01 4.87314915984550367511e+00 -1.32251438978897062348e+00 1.29286976614115673101e+02 2.84399476889840796545e-01
4.10827151911578702936e-01 4.87718425855648529677e+00 -1.32213488172653925723e+00 1.29280306170057770032e+02 2.87070703793238735102e-01
4.13175992341364761717e-01 4.88122834433655050645e+00 -1.32175201767409555842e+00 1.29273604722545911727e+02 2.89751075778153066587e-01
4.15522019788178931243e-01 4.88528141084491362989e+00 -1.32136578430794671135e+00 1.29266871239346414768e+02 2.92440248333630026245e-01
4.17865218279807715263e-01 4.88934349991030448024e+00 -1.32097615459279427164e+00 1.29260107508026521828e+02 2.95138679011967886012e-01
4.20205571863297211443e-01 4.89341460735638467128e+00 -1.32058311434786901373e+00 1.29253312628647137217e+02 2.97846061221127555996e-01
4.22543064605062523853e-01 4.89749474361989278748e+00 -1.32018664517201722575e+00 1.29246486558793947097e+02 3.00562330796259657983e-01
4.24877680590995954191e-01 4.90158391909220458871e+00 -1.31978672856671352953e+00 1.29239629256394948698e+02 3.03287422910313908542e-01
4.27209403926575026489e-01 4.90568214411863934288e+00 -1.31938334593516071180e+00 1.29232740679733097977e+02 3.06021272093223217770e-01
4.29538218736971288969e-01 4.90978942899678383327e+00 -1.31897647858101296769e+00 1.29225820787401630696e+02 3.08763812272353055377e-01
4.31864109167158116698e-01 4.91390578397610067185e+00 -1.31856610770870141813e+00 1.29218869538336747382e+02 3.11514976719579950171e-01
4.34187059382018403220e-01 4.91803121925624342481e+00 -1.31815221442346697245e+00 1.29211886891773787056e+02 3.14274698014555209369e-01
4.36507053566452751792e-01 4.92216574498657166714e+00 -1.31773477972907571143e+00 1.29204872807274711022e+02 3.17042908144711810259e-01
4.38824075925487055994e-01 4.92630937126437551399e+00 -1.31731378452888536756e+00 1.29197827244681803904e+02 3.19819538407398573643e-01
4.41138110684379691762e-01 4.93046210813371121873e+00 -1.31688920962404454329e+00 1.29190750164106162856e+02 3.22604519480621132477e-01
4.43449142088729597599e-01 4.93462396558481053432e+00 -1.31646103571511807750e+00 1.29183641525951912854e+02 3.25397781292833032651e-01
4.45757154404582744966e-01 4.93879495355173236959e+00 -1.31602924339883076144e+00 1.29176501290837848046e+02 3.28199253179084826648e-01
4.48062131918540051956e-01 4.94297508191165579916e+00 -1.31559381317024715052e+00 1.29169329419615252164e+02 3.31008863716569179392e-01
4.50364058937863631638e-01 4.94716436048327423691e+00 -1.31515472541907119108e+00 1.29162125873334503012e+02 3.33826540907165569827e-01
4.52662919790584206137e-01 4.95136279902499687466e+00 -1.31471196043263249820e+00 1.29154890613201814631e+02 3.36652211965498271429e-01
4.54958698825607410487e-01 4.95557043518004114446e+00 -1.31426549694316974204e+00 1.29147625235738189531e+02 3.39485893154209850131e-01
4.57251380412820318533e-01 4.95978722685800210712e+00 -1.31381531763273962099e+00 1.29140326675966633729e+02 3.42327348996965596939e-01
4.59540948943198301890e-01 4.96401320800237311204e+00 -1.31336140126363165592e+00 1.29132996321614939461e+02 3.45176579572240793681e-01
4.61827388828911278296e-01 4.96824838819629643893e+00 -1.31290372769445018442e+00 1.29125634138993035549e+02 3.48033509734223700516e-01
4.64110684503429071768e-01 4.97249277696461611242e+00 -1.31244227667413015936e+00 1.29118240094999862322e+02 3.50898063798735615482e-01
4.66390820421628160553e-01 4.97674638377273037548e+00 -1.31197702784441561086e+00 1.29110814157123286350e+02 3.53770165362571109569e-01
4.68667781059897148310e-01 4.98100921802597174093e+00 -1.31150796073819875254e+00 1.29103356293470341143e+02 3.56649737362919716510e-01
4.70941550916242568370e-01 4.98528128906932455067e+00 -1.31103505477950688096e+00 1.29095866472819267301e+02 3.59536702042505429411e-01
4.73212114510394632472e-01 4.98956260618538571805e+00 -1.31055828928001805167e+00 1.29088344664566875508e+02 3.62430981115815065152e-01
4.75479456383912424400e-01 4.99385317859532129603e+00 -1.31007764344541288715e+00 1.29080790838857552671e+02 3.65332495360753906066e-01
4.77743561100288705035e-01 4.99815301545621970547e+00 -1.30959309636564147361e+00 1.29073204966494699875e+02 3.68241165150878069223e-01
4.80004413245055938653e-01 5.00246212586190264204e+00 -1.30910462702185448336e+00 1.29065587019063030993e+02 3.71156910011643359493e-01
4.82261997425890265312e-01 5.00678051884175356889e+00 -1.30861221428199270278e+00 1.29057936968930249577e+02 3.74079648843305412331e-01
4.84516298272717305107e-01 5.01110820335983042639e+00 -1.30811583690021593362e+00 1.29050254789269217781e+02 3.77009299913316830999e-01
4.86767300437815575442e-01 5.01544518831485941490e+00 -1.30761547351768725456e+00 1.29042540454131199112e+02 3.79945780776214103724e-01
4.89014988595922406311e-01 5.01979148253939655433e+00 -1.30711110266333552232e+00 1.29034793938473114849e+02 3.82889008188519064380e-01
4.91259347444337080013e-01 5.02414709479948218274e+00 -1.30660270274703438353e+00 1.29027015218211317915e+02 3.85838898471136448887e-01
4.93500361703025469673e-01 5.02851203379414890549e+00 -1.30609025206679763009e+00 1.29019204270272126678e+02 3.88795367049841411600e-01
4.95738016114724178163e-01 5.03288625928151311939e+00 -1.30557372131222360068e+00 1.29011358210225324683e+02 3.91758755789293589000e-01
4.97972295445044454976e-01 5.03726987054573882574e+00 -1.30505310263861362685e+00 1.29003482330443091541e+02 3.94728175017548255088e-01
5.00203184482575280434e-01 5.04166283326457964620e+00 -1.30452836729714283237e+00 1.28995574103485012074e+02 3.97703920203049676729e-01
5.02430668038987948698e-01 5.04606515573831160282e+00 -1.30399949310643403777e+00 1.28987633503444357075e+02 4.00685904634725031936e-01
5.04654730949138929930e-01 5.05047684618434278292e+00 -1.30346645776910130543e+00 1.28979660504896202156e+02 4.03674040751579477071e-01
5.06875358071172565921e-01 5.05489791273335331567e+00 -1.30292923886290590296e+00 1.28971655082751993859e+02 4.06668240619579235418e-01
5.09092534286625153506e-01 5.05932836342954672659e+00 -1.30238781384828428145e+00 1.28963617212359906716e+02 4.09668415452025092005e-01
5.11306244500527418140e-01 5.06376820622918977222e+00 -1.30184216006286224143e+00 1.28955546869504701135e+02 4.12674475891137371164e-01
5.13516473641507098513e-01 5.06821744899660142636e+00 -1.30129225472207488146e+00 1.28947444030258509429e+02 4.15686331930815666791e-01
5.15723206661891864222e-01 5.07267609950479503311e+00 -1.30073807491983184370e+00 1.28939308671107170312e+02 4.18703892837464508592e-01
5.17926428537812011399e-01 5.07714416543182078811e+00 -1.30017959762341717145e+00 1.28931140768823269127e+02 4.21727067409433886702e-01
5.20126124269301826075e-01 5.08162165435763757415e+00 -1.29961679967807408609e+00 1.28922940300374307299e+02 4.24755763666175345517e-01
5.22322278880402501855e-01 5.08610857376653591189e+00 -1.29904965780160419619e+00 1.28914707243153998206e+02 4.27789889125579525508e-01
5.24514877419263836344e-01 5.09060493103902445000e+00 -1.29847814858902110835e+00 1.28906441574601529965e+02 4.30829350488713291867e-01
5.26703904958246260648e-01 5.09511073345371645615e+00 -1.29790224850522384337e+00 1.28898143272402990078e+02 4.33874054029477318473e-01
5.28889346594021980685e-01 5.09962598818131596090e+00 -1.29732193388933714218e+00 1.28889812314235257418e+02 4.36923905296804249154e-01
5.31071187447676895665e-01 5.10415070228577505418e+00 -1.29673718095130197092e+00 1.28881448677929228097e+02 4.39978809275061555351e-01
5.33249412664811961449e-01 5.10868488271828891101e+00 -1.29614796577163704505e+00 1.28873052341214474836e+02 4.43038670354927055506e-01
5.35424007415643554708e-01 5.11322861634182146418e+00 -1.29555429229048879591e+00 1.28864627976085529326e+02 4.46101777674140109742e-01
5.37594956895105391403e-01 5.11778176100432347084e+00 -1.29495608383672133890e+00 1.28856166827297215605e+02 4.49171063186392216515e-01
5.39762246322948779920e-01 5.12234439365716198722e+00 -1.29435334100717480688e+00 1.28847672998844245740e+02 4.52244992072820872764e-01
5.41925860943843207274e-01 5.12691652097058891968e+00 -1.29374603940252752565e+00 1.28839146479037964355e+02 4.55323463791705351777e-01
5.44085786027477369409e-01 5.13149814951062577251e+00 -1.29313415449272639535e+00 1.28830587257095686482e+02 4.58406377083046434606e-01
5.46242006868658758201e-01 5.13608928573616196900e+00 -1.29251766161638692587e+00 1.28821995323076521345e+02 4.61493629961949147766e-01
5.48394508787414136641e-01 5.14068993600155987878e+00 -1.29189653598476317242e+00 1.28813370668141686792e+02 4.64585119444733851690e-01
5.50543277129089347888e-01 5.14530010655189151692e+00 -1.29127075267473401254e+00 1.28804713284380966343e+02 4.67680741917256670437e-01
5.52688297264449235335e-01 5.14991980352556399936e+00 -1.29064028663604757341e+00 1.28796023165079873252e+02 4.70780392669378489057e-01
5.54829554589777229623e-01 5.15454903294812716297e+00 -1.29000511268623019312e+00 1.28787300304465105683e+02 4.73883966149526214551e-01
5.56967034526974602571e-01 5.15918780074000693503e+00 -1.28936520550574229560e+00 1.28778544698269257651e+02 4.76991356208943784178e-01
5.59100722523659832142e-01 5.16383611270306630558e+00 -1.28872053964641919421e+00 1.28769756343060237214e+02 4.80102455561030316833e-01
5.61230604053267856379e-01 5.16849397453132120006e+00 -1.28807108952532156643e+00 1.28760935236982987817e+02 4.83217156103079803486e-01
5.63356664615148439168e-01 5.17316139180575707002e+00 -1.28741682942974389192e+00 1.28752081379574491393e+02 4.86335348579439330496e-01
5.65478889734665535194e-01 5.17783836999055413486e+00 -1.28675773350728883671e+00 1.28743194771658124864e+02 4.89456923118485598412e-01
5.67597264963295100593e-01 5.18252491443908169799e+00 -1.28609377577845473972e+00 1.28734275415820206945e+02 4.92581768456094748476e-01
5.69711775878724790978e-01 5.18722103038931958707e+00 -1.28542493011862313246e+00 1.28725323316255924055e+02 4.95709772946606175292e-01
5.71822408084950328799e-01 5.19192672296470991711e+00 -1.28475117027981777795e+00 1.28716338478952991409e+02 4.98840823246054165807e-01
5.73929147212374757281e-01 5.19664187262550569812e+00 -1.28407240182538862072e+00 1.28707313588335722443e+02 5.01978744433717594120e-01
5.76031978917906362092e-01 5.20136671634224434513e+00 -1.28338872594733488519e+00 1.28698262300074844688e+02 5.05116027020775515410e-01
5.78130888885055260751e-01 5.20610114911789523262e+00 -1.28270005533919251306e+00 1.28689178171652997662e+02 5.08256066286226770856e-01
5.80225862824032101450e-01 5.21084517533148350310e+00 -1.28200636310362070525e+00 1.28680061200624123785e+02 5.11398750666628987283e-01
5.82316886471844319395e-01 5.21559879921878266629e+00 -1.28130762218919080908e+00 1.28670911385278799344e+02 5.14543968472845447693e-01
5.84403945592394169495e-01 5.22036202485999822898e+00 -1.28060380540510521108e+00 1.28661728724060367313e+02 5.17691606979737706240e-01
5.86487025976574760655e-01 5.22513485618699835555e+00 -1.27989488540388851590e+00 1.28652513216117455386e+02 5.20841553399929435564e-01
5.88566113442367422337e-01 5.22991729697328278093e+00 -1.27918083469366394844e+00 1.28643264860858295151e+02 5.23993694116984709552e-01
5.90641193834937960894e-01 5.23470935083046651215e+00 -1.27846162563034160264e+00 1.28633983657880094142e+02 5.27147915098915120780e-01
5.92712253026733248973e-01 5.23951102121320655414e+00 -1.27773723041615649976e+00 1.28624669607398203652e+02 5.30304101941663219577e-01
5.94779276917577259809e-01 5.24432231140582238993e+00 -1.27700762110548637907e+00 1.28615322709606232365e+02 5.33462139480308072947e-01
5.96842251434767101514e-01 5.24914322452280934783e+00 -1.27627276958629876091e+00 1.28605942964843336540e+02 5.36621912832118685976e-01
5.98901162533168496260e-01 5.25397376350743794404e+00 -1.27553264761183782205e+00 1.28596530373672095493e+02 5.39783305495503129556e-01
6.00955996195312258656e-01 5.25881393112330908224e+00 -1.27478722675195244030e+00 1.28587084936510166244e+02 5.42946202156106672021e-01
6.03006738431488664709e-01 5.26366372995141418301e+00 -1.27403647844222978058e+00 1.28577606653630169831e+02 5.46110485761394981452e-01
6.05053375279843597134e-01 5.26852316238780904456e+00 -1.27328037393935900035e+00 1.28568095525155598580e+02 5.49276040092392281444e-01
6.07095892806472914316e-01 5.27339223063710527128e+00 -1.27251888434868143385e+00 1.28558551550845720612e+02 5.52442748102491276718e-01
6.09134277105518040507e-01 5.27827110105848351651e+00 -1.27175210488887313609e+00 1.28548984426292520311e+02 5.55603282382453156352e-01
6.11168514299259779676e-01 5.28315946894901866671e+00 -1.27097977283820551264e+00 1.28539376067355817668e+02 5.58771074165765657682e-01
6.13198590538213572643e-01 5.28805748096544370185e+00 -1.27020196975590460298e+00 1.28529735029417054193e+02 5.61939567928726235735e-01
6.15224492001223088877e-01 5.29296513885915054232e+00 -1.26941866627820543201e+00 1.28520061330832703561e+02 5.65108635063601205673e-01
6.17246204895555039549e-01 5.29788244420351261965e+00 -1.26862983287433706003e+00 1.28510354991190325791e+02 5.68278146847095544381e-01
6.19263715456992658304e-01 5.30280939839783549417e+00 -1.26783543987588309676e+00 1.28500616031722501020e+02 5.71447972676025983674e-01
6.21277009949929293064e-01 5.30774600265980467384e+00 -1.26703545745514567500e+00 1.28490844475024175608e+02 5.74617981290422630281e-01
6.23286074667462219878e-01 5.31269225802475109077e+00 -1.26622985563518852814e+00 1.28481040345188290530e+02 5.77788040141011816075e-01
6.25290895931486012671e-01 5.31764816534824813488e+00 -1.26541860428648789139e+00 1.28471203668131693121e+02 5.80958015544039918510e-01
6.27291460092785357894e-01 5.32261372529813225896e+00 -1.26460167312708215981e+00 1.28461334471306713567e+02 5.84127772626937269429e-01
6.29287753531128202233e-01 5.32758893836351443696e+00 -1.26377903171671834848e+00 1.28451432784405085386e+02 5.87297175631872669932e-01
6.31279762655358012147e-01 5.33257380483699794382e+00 -1.26295064948300694851e+00 1.28441498638514190134e+02 5.90466086331693729150e-01
6.33267473903487365661e-01 5.33756832482669896223e+00 -1.26211649567332440114e+00 1.28431532066982185825e+02 5.93634366814954628211e-01
6.35250873742789323728e-01 5.34257249825655922137e+00 -1.26127653941626949319e+00 1.28421533105657033502e+02 5.96801875837891904197e-01
6.37229948669889467716e-01 5.34758632485272400459e+00 -1.26043074965862089698e+00 1.28411501792246184550e+02 5.99968472475180591985e-01
6.39204685210858825073e-01 5.35260980415872467120e+00 -1.25957909521524991092e+00 1.28401438167427301096e+02 6.03134013156977122350e-01
6.41175069921305018639e-01 5.35764293552374937235e+00 -1.25872154474679787128e+00 1.28391342274346328622e+02 6.06298352931205597471e-01
6.43141089386463082889e-01 5.36268571810358363194e+00 -1.25785806675424738366e+00 1.28381214158867891229e+02 6.09461345741806992393e-01
6.45102730221288278578e-01 5.36773791129756805418e+00 -1.25698839936410999840e+00 1.28371039647785920579e+02 6.12636266026495457382e-01
6.47059979070545909785e-01 5.37279996092308742561e+00 -1.25611294398547568285e+00 1.28360845334965773645e+02 6.15797701082697046537e-01
6.49012822608903250376e-01 5.37787165394595678691e+00 -1.25523146265516460929e+00 1.28350618711027522068e+02 6.18957515989599582618e-01
6.50961247541019139007e-01 5.38295298825024914890e+00 -1.25434392297804531147e+00 1.28340359805225972423e+02 6.22115574662312931231e-01
6.52905240601636016606e-01 5.38804396147085462587e+00 -1.25345029235503524490e+00 1.28330068647254904590e+02 6.25271742270427366428e-01
6.54844788555668411156e-01 5.39314457099323707467e+00 -1.25255053803045823813e+00 1.28319745267476065465e+02 6.28425882418468861879e-01
6.56779878198294642111e-01 5.39825481394101291954e+00 -1.25164462706300350092e+00 1.28309389696391264124e+02 6.31577858801096847507e-01
6.58710496355045971306e-01 5.40337468717898339321e+00 -1.25073252633659648403e+00 1.28299001965046613805e+02 6.34727534528154890836e-01
6.60636629881896420002e-01 5.40850418730396853562e+00 -1.24981420253434460932e+00 1.28288582104704687481e+02 6.37874773609023781873e-01
6.62558265665352030815e-01 5.41364331063926584875e+00 -1.24888962216751120415e+00 1.28278130146762634922e+02 6.41019439207939800696e-01
6.64475390622540684760e-01 5.41879205322365020692e+00 -1.24795875157212177164e+00 1.28267646122334951997e+02 6.44161393796996439853e-01
6.66387991701300586023e-01 5.42395041081901041480e+00 -1.24702155685569682220e+00 1.28257130062902007239e+02 6.47300502251954457122e-01
6.68296055880269523897e-01 5.42911837889310255889e+00 -1.24607800397798684777e+00 1.28246581999585117728e+02 6.50436627058602834239e-01
6.70199570168973357553e-01 5.43429595261061759714e+00 -1.24512805868869391723e+00 1.28236001962821660527e+02 6.53569631928370475826e-01
6.72098521607914500819e-01 5.43948312683549151103e+00 -1.24417168653187237837e+00 1.28225389982747287831e+02 6.56699381503676127281e-01
6.73992897268660184906e-01 5.44467989611696356889e+00 -1.24320885286417381899e+00 1.28214746088634285570e+02 6.59825740238653923875e-01
6.75882684253930277052e-01 5.44988625468458209866e+00 -1.24223952284909477939e+00 1.28204070308844933379e+02 6.62948572696420046491e-01
6.77767869697685210184e-01 5.45510219642593785494e+00 -1.24126366142801125569e+00 1.28193362669756083960e+02 6.66067745200379701664e-01
6.79648440765214134629e-01 5.46032805983494373692e+00 -1.24028163426313486895e+00 1.28182643768446297372e+02 6.69159783992938295150e-01
6.81524384653221182440e-01 5.46556319422104674999e+00 -1.23929265021383661072e+00 1.28171875227686058452e+02 6.72268554213281688270e-01
6.83395688589913286037e-01 5.47080789731269057086e+00 -1.23829703342192365412e+00 1.28161075250881225429e+02 6.75372973634383422237e-01
6.85262339835087441742e-01 5.47606216232370091035e+00 -1.23729474852509557792e+00 1.28150243900594773550e+02 6.78472881376068426285e-01
6.87124325680216641032e-01 5.48132598217892219594e+00 -1.23628575995947564969e+00 1.28139381241900025543e+02 6.81568116977916749200e-01
6.88981633448537245101e-01 5.48659934949666183712e+00 -1.23527003204782026557e+00 1.28128487341690004087e+02 6.84658515162474112792e-01
6.90834250495134805092e-01 5.49188225658563666798e+00 -1.23424752888693922692e+00 1.28117562268701703942e+02 6.87743912425633707741e-01
6.92682164207029549274e-01 5.49717469546454573504e+00 -1.23321821445504742343e+00 1.28106606095036966053e+02 6.90824140701594036074e-01
6.94525362003264090660e-01 5.50247665784997774807e+00 -1.23218205251881296469e+00 1.28095618895673027282e+02 6.93899032793866443747e-01
6.96363831334987137822e-01 5.50778813514043097399e+00 -1.23113900672360476740e+00 1.28084600747890107186e+02 6.96968417020315200716e-01
6.98197559685539759222e-01 5.51310911843085360573e+00 -1.23008904050680079045e+00 1.28073551732362659550e+02 7.00032122299684145261e-01
7.00026534570540759361e-01 5.51843959849844090115e+00 -1.22903211718054850010e+00 1.28062471932695103760e+02 7.03089973237379872728e-01
7.01850743537971277775e-01 5.52377956582326312684e+00 -1.22796819986057759166e+00 1.28051361436893103019e+02 7.06141794306772152545e-01
7.03670174168260054159e-01 5.52912901054312744265e+00 -1.22689725155262197021e+00 1.28040220335090253911e+02 7.09187404696169143570e-01
7.05484814074367139192e-01 5.53448792252123489277e+00 -1.22581923502558076677e+00 1.28029048723755323635e+02 7.12226625809112667831e-01
7.07294650901869381698e-01 5.53985629126042500303e+00 -1.22473411297447398738e+00 1.28017846701097028017e+02 7.15259271568843613132e-01
7.09099672329043584362e-01 5.54523410599609078986e+00 -1.22364184788015939453e+00 1.28006614372759912612e+02 7.18285156736158669766e-01
7.10899866066950880672e-01 5.55062135560847025317e+00 -1.22254240211438403030e+00 1.27995351847077898810e+02 7.21304090623266724869e-01
7.12695219859520112671e-01 5.55601753413470422771e+00 -1.22143507784407190364e+00 1.27984029519893667270e+02 7.24354379424564487344e-01
7.14485721483631763817e-01 5.56142355312118219501e+00 -1.22032108336514255598e+00 1.27972702994946132549e+02 7.27363129144027675821e-01
7.16271358749200004468e-01 5.56683896337961137135e+00 -1.21919978654997374079e+00 1.27961346129021080742e+02 7.30364795079525008781e-01
7.18052119499257623936e-01 5.57226375153962383280e+00 -1.21807114837930052786e+00 1.27949958994424463299e+02 7.33359220122352994942e-01
7.19827991610036854730e-01 5.57769790381076013830e+00 -1.21693512967276307180e+00 1.27938541663973467166e+02 7.36346244619705769807e-01
7.21598962991052972349e-01 5.58314140596551933271e+00 -1.21579169097150829870e+00 1.27927094210256314000e+02 7.39325713267531270390e-01
7.23365021585186451780e-01 5.58859424333758880721e+00 -1.21464079263743496284e+00 1.27915616705981577184e+02 7.42297469239297846855e-01
7.25126155368765124010e-01 5.59405640081098276539e+00 -1.21348239484476416727e+00 1.27904109223704494980e+02 7.45261354657752006503e-01
7.26882352351645444344e-01 5.59952786281784398170e+00 -1.21231645752851435738e+00 1.27892571836028778876e+02 7.48217213618996734859e-01
7.28633600577295093004e-01 5.60500861330494259960e+00 -1.21114294037129877069e+00 1.27881004614000588049e+02 7.51164892932283279059e-01
7.30379888122873355272e-01 5.61049863577216711974e+00 -1.20996180290591470730e+00 1.27869407629864213050e+02 7.54104236086193702171e-01
7.32121203099313277995e-01 5.61599791321176589065e+00 -1.20877300437305446046e+00 1.27857780953738654262e+02 7.57035091584921104868e-01
7.33857533651401716668e-01 5.62150642810797052107e+00 -1.20757650383454384624e+00 1.27846124654100790963e+02 7.59957306254174458360e-01
7.35588867957860936819e-01 5.62702416243744263369e+00 -1.20637226010448705971e+00 1.27834438798153470884e+02 7.62870729299332639428e-01
7.37315194231428105986e-01 5.63255109767585704361e+00 -1.20516023171293285010e+00 1.27822723452591375803e+02 7.65775214457143804658e-01
7.39036500718936339993e-01 5.63808721469741680465e+00 -1.20394037707353041000e+00 1.27810978678241852435e+02 7.68670609987073039093e-01
7.40752775701394416963e-01 5.64363249389309373782e+00 -1.20271265424055151527e+00 1.27799204537241450907e+02 7.71556773142734630966e-01
7.42464007494066491333e-01 5.64918691503459236003e+00 -1.20147702109439968865e+00 1.27787401085605921480e+02 7.74433559077039701535e-01
7.44170184446551918889e-01 5.65475117343591637820e+00 -1.20023447355748213994e+00 1.27775611786497606204e+02 7.77240139065746293845e-01
7.45871294942864193622e-01 5.66032391071916674008e+00 -1.19898300480307251625e+00 1.27763755637635952667e+02 7.80091190190104422086e-01
7.47567327401510439699e-01 5.66590573785391082851e+00 -1.19772350929843773848e+00 1.27751871058150555882e+02 7.82931779981464348594e-01
7.49258270275569682184e-01 5.67149663361039646503e+00 -1.19645594498042395770e+00 1.27739958172989133800e+02 7.85761712151298086226e-01
7.50944112052772227983e-01 5.67709657632553454931e+00 -1.19518026960616308152e+00 1.27728017114354940986e+02 7.88580788869004400965e-01
7.52624841255577603505e-01 5.68270554379058978611e+00 -1.19389644078386347736e+00 1.27716048015576845387e+02 7.91388808837125590223e-01
7.54300446441252492313e-01 5.68832351331697871899e+00 -1.19260441595384980573e+00 1.27704051015477830333e+02 7.94185568496790672555e-01
7.55970916201949338920e-01 5.69395046170687280096e+00 -1.19130415233681907772e+00 1.27692026257077870355e+02 7.96970865079410062393e-01
7.57636239164782954170e-01 5.69958636522615780251e+00 -1.18999560708919815966e+00 1.27679973886670083516e+02 7.99744487395666392437e-01
7.59296403991909008013e-01 5.70523119968382808054e+00 -1.18867873708506177621e+00 1.27667894058803895518e+02 8.02506228864276138779e-01
7.60951399380600634892e-01 5.71088494032208693341e+00 -1.18735349917443522294e+00 1.27655786930583815320e+02 8.05255872112809467644e-01
7.62601214063325594239e-01 5.71654756186567958309e+00 -1.18601984994391806971e+00 1.27643652664864561075e+02 8.07993203243668745017e-01
7.64245836807822653824e-01 5.72221903852996671702e+00 -1.18467774595653940750e+00 1.27631491431540410986e+02 8.10717997657765754305e-01
7.65885256417178750254e-01 5.72789934405209244517e+00 -1.18332714339641742463e+00 1.27619303409548749073e+02 8.13430041195284725397e-01
7.67519461729904151071e-01 5.73358845155912622005e+00 -1.18196799858591550247e+00 1.27607088780201223699e+02 8.16129099353722353705e-01
7.69148441620009615249e-01 5.73928633362699081033e+00 -1.18060026868401624078e+00 1.27594847737431877022e+02 8.18814944513754250366e-01
7.70772184997081555302e-01 5.74499296254743718748e+00 -1.17922390736710869241e+00 1.27582580479319460665e+02 8.21487339715847864063e-01
7.72390680806357088350e-01 5.75070830989348280582e+00 -1.17783887148027344161e+00 1.27570287218193357148e+02 8.24146050728402190799e-01
7.74003918028800530493e-01 5.75643128991096286740e+00 -1.17644355320229077044e+00 1.27557903517536914251e+02 8.26882406153400806303e-01
7.75611885681177226637e-01 5.76216384710833828819e+00 -1.17504087218993880093e+00 1.27545550383355106305e+02 8.29522529127728058818e-01
7.77214572816129045663e-01 5.76790501694010693257e+00 -1.17362936730230527083e+00 1.27533170867476457033e+02 8.32149151734771219679e-01
7.78811968522248321278e-01 5.77365476687870504691e+00 -1.17220899257519350911e+00 1.27520765096796438343e+02 8.34762089941594842557e-01
7.80404061924152570029e-01 5.77941306367034091096e+00 -1.17077970161976296914e+00 1.27508333197664413206e+02 8.37361173060842345350e-01
7.81990842182558654194e-01 5.78517987331196081868e+00 -1.16934144791962513210e+00 1.27495875295510742831e+02 8.39946226138342022516e-01
7.83572298494356056509e-01 5.79095516114412056652e+00 -1.16789418465741046127e+00 1.27483391520799671071e+02 8.42517080456109401787e-01
7.85148420092680932036e-01 5.79673889156311528126e+00 -1.16643786495075474363e+00 1.27470881992862800303e+02 8.45073559206149238499e-01
7.86719196246989271870e-01 5.80253102829415290387e+00 -1.16497244153360468566e+00 1.27458346836401560154e+02 8.47615496873682761070e-01
7.88284616263129733760e-01 5.80833153427930959367e+00 -1.16349786695986057161e+00 1.27445786175758556169e+02 8.50142727073549098193e-01
7.89844669483416361722e-01 5.81414037147369899827e+00 -1.16201409363992991253e+00 1.27433200123520308011e+02 8.52655080189029912496e-01
7.91399345286702082802e-01 5.81995750108669884781e+00 -1.16052107375414448320e+00 1.27420588795453653574e+02 8.55152388932342022443e-01
7.92948633088449872375e-01 5.82578288352314910270e+00 -1.15901875906464679744e+00 1.27407952307461812325e+02 8.57634499578633913153e-01
7.94492522340805029657e-01 5.83161647819794826120e+00 -1.15750710118485256039e+00 1.27395290765613353301e+02 8.60101255778573214883e-01
7.96031002532667897320e-01 5.83745824361735721197e+00 -1.15598605175241186949e+00 1.27382604271951805686e+02 8.62552488453571353233e-01
7.97564063189764360651e-01 5.84330813732653719939e+00 -1.15445556190757314674e+00 1.27369892921392221297e+02 8.64988046924027309537e-01
7.99091693874717567958e-01 5.84916611600816427341e+00 -1.15291558245831704532e+00 1.27357156808565022743e+02 8.67407789339270651752e-01
8.00613884187118873825e-01 5.85503213519612675242e+00 -1.15136606437618405074e+00 1.27344396012201016788e+02 8.69811552821923905654e-01
8.02130623763599115428e-01 5.86090774187588170463e+00 -1.14980920424765353793e+00 1.27331708898570994393e+02 8.72067411545054738120e-01
8.03641902277898334539e-01 5.86678991203249822206e+00 -1.14824068324498851368e+00 1.27318911711923732355e+02 8.74425743613614026017e-01
8.05147709440937053849e-01 5.87268000877288276484e+00 -1.14666249472339942805e+00 1.27306091605767704777e+02 8.76766490029543543727e-01
8.06648035000885443857e-01 5.87857798637896156180e+00 -1.14507459012128443021e+00 1.27293248805230845733e+02 8.79089420867357862477e-01
8.08142868743233711015e-01 5.88448379815235611545e+00 -1.14347692086645769116e+00 1.27280383533720907963e+02 8.81394296505075725001e-01
8.09632200490861042574e-01 5.89039739676999474227e+00 -1.14186943814366292926e+00 1.27267496034704393537e+02 8.83680882211834384243e-01
8.11116020104105994726e-01 5.89631873395463479426e+00 -1.14025209281893835644e+00 1.27254586552791522536e+02 8.85948952372524689558e-01
8.12594317480834105183e-01 5.90224776048333055201e+00 -1.13862483606280595616e+00 1.27241655336084193095e+02 8.88198253412071925261e-01
8.14067082556508059277e-01 5.90818442641240437752e+00 -1.13698761872981846111e+00 1.27228702649621936871e+02 8.90428541426957043114e-01
8.15534305304254858449e-01 5.91412868071081643251e+00 -1.13534039156303667717e+00 1.27215728754694794134e+02 8.92639569597120097200e-01
8.16995975734935098167e-01 5.92008047173846208011e+00 -1.13368310512529535394e+00 1.27202733938315788009e+02 8.94831093259828902475e-01
8.18452083897210691532e-01 5.92603974685024503799e+00 -1.13201570984051969049e+00 1.27189718490567116760e+02 8.97002867047714480542e-01
8.19902619877612370836e-01 5.93200645236214363365e+00 -1.13033815647430602169e+00 1.27176682704320057837e+02 8.99154616252883842620e-01
8.21347573800607411165e-01 5.93798053387844593232e+00 -1.12865039520990428912e+00 1.27163626894381224020e+02 9.01286092949365680305e-01
8.22786935828667020942e-01 5.94396193609125678137e+00 -1.12695237637150924570e+00 1.27150551387674198622e+02 9.03397032594055904298e-01
8.24220696162332733259e-01 5.94995060276120657505e+00 -1.12524405021821238826e+00 1.27137456522809330295e+02 9.05487166595505210687e-01
8.25648845040284129482e-01 5.95594647673068866567e+00 -1.12352536690051563184e+00 1.27124342651877640265e+02 9.07556225214019796077e-01
8.27071372739403898322e-01 5.96194950009373325628e+00 -1.12179627633065481795e+00 1.27111210151524872458e+02 9.09603945926634849251e-01
8.28488269574845448417e-01 5.96795961367696214950e+00 -1.12005672890800145325e+00 1.27098059394132604893e+02 9.11630029285305343301e-01
8.29899525900098078424e-01 5.97397402157199941541e+00 -1.11830333688094163413e+00 1.27084720558980535543e+02 9.13830066760250914193e-01
8.31305132107052369150e-01 5.97999779143224596822e+00 -1.11654241705222467829e+00 1.27071513238733558637e+02 9.15830101598657519979e-01
8.32705078626066685921e-01 5.98602843011763230407e+00 -1.11477086275041537000e+00 1.27058286450127852163e+02 9.17809150446688093439e-01
8.34099355926031127417e-01 5.99206586986613487511e+00 -1.11298862341866877657e+00 1.27045040386229871388e+02 9.19767018188798801681e-01
8.35487954514433028841e-01 5.99811004261760771783e+00 -1.11119564682725724403e+00 1.27031775247701801845e+02 9.21703525209478402580e-01
8.36870864937421798935e-01 6.00416087871040549118e+00 -1.10939188100227359435e+00 1.27018491216865797355e+02 9.23618470114423217865e-01
8.38248077779872757809e-01 6.01021830742828555572e+00 -1.10757727340285017092e+00 1.27005188490347876495e+02 9.25511680606634357105e-01
8.39619583665451307830e-01 6.01628225655402637528e+00 -1.10575177162861537639e+00 1.26991867254706235713e+02 9.27382970482877100338e-01
8.40985373256677326559e-01 6.02235265223164617510e+00 -1.10391532336560782568e+00 1.26978527679271209649e+02 9.29232142993482335136e-01
8.42345437254987894349e-01 6.02842941950908883797e+00 -1.10206787576945752782e+00 1.26965169948976864589e+02 9.31059029445049479712e-01
8.43699766400801687283e-01 6.03451248169415688238e+00 -1.10020937605353430477e+00 1.26951794227899753764e+02 9.32863452990610464433e-01
8.45048351473580483528e-01 6.04060176057614039991e+00 -1.09833977146609984565e+00 1.26938400673885411152e+02 9.34645230829224238356e-01
8.46391183291893445251e-01 6.04669717659947725252e+00 -1.09645900925894768108e+00 1.26924989450319131379e+02 9.36404176881286187673e-01
8.47728252713479291103e-01 6.05279864824743540908e+00 -1.09456703626821272302e+00 1.26911560689436640814e+02 9.38140126393482653988e-01
8.49059550635307469513e-01 6.05890609261874946156e+00 -1.09266379965944038233e+00 1.26898114529960125196e+02 9.39852892527064387451e-01
8.50385067993641552420e-01 6.06501942494923795834e+00 -1.09074924642824866439e+00 1.26884651088624138993e+02 9.41542296081795737628e-01
8.51704795764099964472e-01 6.07113855891058040726e+00 -1.08882332346598054151e+00 1.26871170479769418193e+02 9.43208162647686143565e-01
8.53018724961718044497e-01 6.07726340652609131610e+00 -1.08688597708446899048e+00 1.26857672810729241064e+02 9.44850351771546637103e-01
8.54326846641008552652e-01 6.08339801294374904472e+00 -1.08494134044003365247e+00 1.26844417358938855500e+02 9.46223548038963802043e-01
8.55629151896023509849e-01 6.08953451221773889301e+00 -1.08298134343318941397e+00 1.26830916832168995256e+02 9.47797285275885692535e-01
8.56925631860413927754e-01 6.09567650444768016627e+00 -1.08100978984293472074e+00 1.26817402875528912887e+02 9.49345339807200483406e-01
8.58216277707490537985e-01 6.10182390010955266746e+00 -1.07902662731471155055e+00 1.26803875904619360426e+02 9.50867503138617453651e-01
8.59501080650284077223e-01 6.10797660699794686678e+00 -1.07703180481188187656e+00 1.26790336277911535490e+02 9.52363486798026848135e-01
8.60780031941604684143e-01 6.11413453248737415180e+00 -1.07502526992604585665e+00 1.26776784429938857102e+02 9.53833091011670020087e-01
8.62053122874101962481e-01 6.12029758162588422010e+00 -1.07300697156960889167e+00 1.26763220763057816498e+02 9.55276037952366152695e-01
8.63320344780323600808e-01 6.12646565809541243652e+00 -1.07097685832353683999e+00 1.26749645703967431132e+02 9.56692074815775672647e-01
8.64581689032775213555e-01 6.13263866408445323941e+00 -1.06893487853224700146e+00 1.26736059697958296510e+02 9.58080968637372132335e-01
8.65837147043978516692e-01 6.13881650036088988287e+00 -1.06688098071351777918e+00 1.26722463216072426917e+02 9.59442482381908545719e-01
8.67086710266529503421e-01 6.14499906586325561619e+00 -1.06481511368567405285e+00 1.26708856732399780753e+02 9.60776367121788821279e-01
8.68330370193157397019e-01 6.15118625745790215120e+00 -1.06273722664061698318e+00 1.26695240711331763350e+02 9.62082357853285441429e-01
8.69568118356782493450e-01 6.15737797157837540851e+00 -1.06064726788529073431e+00 1.26681615706516623732e+02 9.63360254871592713855e-01
8.70799946330572671727e-01 6.16357409969062874922e+00 -1.05854518867154023809e+00 1.26667982209923863479e+02 9.64609751981698626544e-01
8.72025845728002679813e-01 6.16977453856845592384e+00 -1.05643093483912919872e+00 1.26654340809177355709e+02 9.65830684925215288139e-01
8.73245808202909201690e-01 6.17597917660485595803e+00 -1.05430445702901609550e+00 1.26640692046324332409e+02 9.67022808350350815410e-01
8.74459825449549366105e-01 6.18218790303825738164e+00 -1.05216570574206147448e+00 1.26627036532576923378e+02 9.68185831579179256856e-01
8.75667889202656035685e-01 6.18840060514183498697e+00 -1.05001462947516821522e+00 1.26613374882527423892e+02 9.69319599392299613427e-01
8.76869991237495205461e-01 6.19461716862739031342e+00 -1.04785117894188983811e+00 1.26599707751141821177e+02 9.70423836212129908851e-01
8.78066123369920736863e-01 6.20083071880712033419e+00 -1.04567023001933789850e+00 1.26585609269675600785e+02 9.71792288004899251774e-01
8.79256277456431312167e-01 6.20705389483551162044e+00 -1.04348151515327303152e+00 1.26571885337654563841e+02 9.72857367281915963453e-01
8.80440445394225390530e-01 6.21328045472708101471e+00 -1.04128799251632253586e+00 1.26558169922219832415e+02 9.73418800667887551548e-01
8.81618619121255608917e-01 6.21951040442469071934e+00 -1.03906640738631672605e+00 1.26544412731909957870e+02 9.74899718657404656952e-01
8.82790790616284959391e-01 6.22574347847583275950e+00 -1.03683991580841183833e+00 1.26530664679213487034e+02 9.75876561774994488729e-01
8.83956951898940523904e-01 6.23197958718618050256e+00 -1.03460073418565512426e+00 1.26516909129577129534e+02 9.76823539889454028895e-01
8.85117095029768430337e-01 6.23821859706903669718e+00 -1.03234881189026683757e+00 1.26503146520973558609e+02 9.77740574479585844436e-01
8.86271212110287143204e-01 6.24446036707879947869e+00 -1.03008410409196682345e+00 1.26489376990532761624e+02 9.78627240051071156657e-01
8.87419295283041753564e-01 6.25070475650364354436e+00 -1.02780656191739616645e+00 1.26475600836098607260e+02 9.79483390923695074193e-01
8.88561336731657602783e-01 6.25695162213158528886e+00 -1.02551613793522866658e+00 1.26461818359088354669e+02 9.80308818420143723849e-01
8.89697328680893129160e-01 6.26320081724683586089e+00 -1.02321278556087835732e+00 1.26448029803699029117e+02 9.81103286194629609085e-01
8.90827263396692936581e-01 6.26945219293832245455e+00 -1.02089645877378254468e+00 1.26434235439342117502e+02 9.81866552739660503057e-01
8.91951133186240308071e-01 6.27570559711504305511e+00 -1.01856711178088499281e+00 1.26420435501689112812e+02 9.82598391135513726802e-01
8.93068930398010163429e-01 6.28196087457697238676e+00 -1.01622469969681517021e+00 1.26406630201556893667e+02 9.83298548977844077967e-01
8.94180647421820240517e-01 6.28821786653159442437e+00 -1.01386918219223787219e+00 1.26392819708204228846e+02 9.83966523099016443510e-01
8.95286276688883719821e-01 6.29447641651752665126e+00 -1.01150050671058844287e+00 1.26379004470549674011e+02 9.84602616012397957590e-01
8.96385810671860183696e-01 6.30073635499793116566e+00 -1.00911864034134501900e+00 1.26365184358474792248e+02 9.85205922912299358885e-01
8.97479241884907241733e-01 6.30699751909242678494e+00 -1.00672353433046746218e+00 1.26351359784225749650e+02 9.85776585237110980486e-01
8.98566562883731378975e-01 6.31325973344754931560e+00 -1.00431515121835501780e+00 1.26337530789017932875e+02 9.86314079603721083345e-01
8.99647766265638582084e-01 6.31952283140184523091e+00 -1.00189344970078142438e+00 1.26323697566030048733e+02 9.86818126415144991626e-01
9.00722844669584632449e-01 6.32579797748559879977e+00 -9.99463657319420439862e-01 1.26310580881178978530e+02 9.86995815837621859323e-01
9.01791790776225510307e-01 6.33206346598286540228e+00 -9.97015446963285478787e-01 1.26296813323696369480e+02 9.87420453330188685470e-01
9.02854597307967132735e-01 6.33832940353416862678e+00 -9.94553798782232711950e-01 1.26283048763743153131e+02 9.87811295496956454087e-01
9.03911257029014647557e-01 6.34459561324968035478e+00 -9.92078667190018470556e-01 1.26269287897691867784e+02 9.88168592223904185268e-01
9.04961762745422060306e-01 6.35086190860194044205e+00 -9.89590029352185096556e-01 1.26255531094233262479e+02 9.88491212663841434249e-01
9.06006107305140861996e-01 6.35712807047277106420e+00 -9.87087908221376042484e-01 1.26241777042268722653e+02 9.88775131202240031847e-01
9.07044283598068878938e-01 6.36339402471479775869e+00 -9.84572050241919294322e-01 1.26228032792724064848e+02 9.89034104699326510612e-01
9.08076284556099455614e-01 6.36965946339435440393e+00 -9.82042659866973921545e-01 1.26214292498625667349e+02 9.89252650110273079598e-01
9.09102103153167639960e-01 6.37592430868251014431e+00 -9.79499398252020592182e-01 1.26200563126285658200e+02 9.89450024534650918184e-01
9.10121732405300032376e-01 6.38218814855587712742e+00 -9.76942844664461795823e-01 1.26186834001983953613e+02 9.89587080915818928517e-01
9.11135165370661193052e-01 6.38845099112173464562e+00 -9.74372353228227239264e-01 1.26173116889222256987e+02 9.89702742797702872402e-01
9.12142395149601159510e-01 6.39471294276342927532e+00 -9.71787160965626450881e-01 1.26159429499120420815e+02 9.89843861626015453226e-01
9.13143414884702742107e-01 6.40097266662097030832e+00 -9.69190087378832165754e-01 1.26145711549807302276e+02 9.89827848377062391449e-01
9.14138217760827709313e-01 6.40723107923085599680e+00 -9.66578246369039550956e-01 1.26132024768074742838e+02 9.89837551896289302711e-01
9.15126797005163528098e-01 6.41348768929950097117e+00 -9.63952226448773763501e-01 1.26118354714997110477e+02 9.89833381084013197437e-01
9.16109145887269216146e-01 6.41974322399243568782e+00 -9.61311517471221455011e-01 1.26104759966005900651e+02 9.89849127714779841725e-01
9.17085257719121638154e-01 6.42599393955820996638e+00 -9.58659112267460700174e-01 1.26091030572792860198e+02 9.89682277028959278553e-01
9.18055125855160469861e-01 6.43224350989723347993e+00 -9.55992125106601697837e-01 1.26077402610855671128e+02 9.89526681560219834033e-01
9.19018743692333606177e-01 6.43849019202612105062e+00 -9.53310779720222933875e-01 1.26063782847033479584e+02 9.89361413165531500269e-01
9.19976104670142347253e-01 6.44473386720751495460e+00 -9.50615423264536296699e-01 1.26050180255286036868e+02 9.89163859874723105925e-01
9.20927202270686140473e-01 6.45095738559948994606e+00 -9.47903230217838399518e-01 1.26035516458385686178e+02 9.89047789609809546718e-01
9.21872030018706323240e-01 6.45719217164078518323e+00 -9.45177486821651036131e-01 1.26021805059031336782e+02 9.88922912368346840317e-01
9.22810581481630642919e-01 6.46342452426581459690e+00 -9.42441164308092771407e-01 1.26008209126256033983e+02 9.88550122662271268936e-01
9.23742850269617443715e-01 6.46965155762931942718e+00 -9.39690434741331737101e-01 1.25994548438333637819e+02 9.88160527739550875737e-01
9.24668830035598299233e-01 6.47587456963889440686e+00 -9.36926413350039233308e-01 1.25980926662721714138e+02 9.87688619081376284470e-01
9.25588514475321866293e-01 6.48209286795771078005e+00 -9.34147217588218281570e-01 1.25967310024752762843e+02 9.87251560169680630885e-01
9.26501897327396517490e-01 6.48830624720958937246e+00 -9.31353939850284584523e-01 1.25953707511034068034e+02 9.86779859080945787042e-01
9.27408972373333306827e-01 6.49451617983677031987e+00 -9.28552933174823458273e-01 1.25940256757288295830e+02 9.85875830354004500933e-01
9.28309733437587714100e-01 6.50071634481108429071e+00 -9.25727499154555100169e-01 1.25926506167399224978e+02 9.85577599543201454679e-01
9.29204174387602388485e-01 6.50691414648628185802e+00 -9.22889386861435179199e-01 1.25912993328767029766e+02 9.85168996560172205434e-01
9.30092289133848337812e-01 6.51310632400126632291e+00 -9.20037733789731082545e-01 1.25899526401016046862e+02 9.84692971936930505628e-01
9.30974071629866561928e-01 6.51928922911676966834e+00 -9.17177836564886828086e-01 1.25885914236626206275e+02 9.83796952707123084636e-01
9.31849515872309464015e-01 6.52546702298446135160e+00 -9.14300629843676326836e-01 1.25872404363030739205e+02 9.83079113772780899261e-01
9.32718615900981373734e-01 6.53163784321416063250e+00 -9.11409445971398168851e-01 1.25858911949045463530e+02 9.82320769980172592284e-01
9.33581365798879514450e-01 6.53780132431796090486e+00 -9.08503202339527748954e-01 1.25845429374767064701e+02 9.81591977564059692263e-01
9.34437759692233416153e-01 6.54395730728622737615e+00 -9.05585210224127412637e-01 1.25831982149227414425e+02 9.80681809823507943946e-01
9.35287791750546215752e-01 6.55010530251851452732e+00 -9.02652337207047850143e-01 1.25818545864945861013e+02 9.79792199789972007018e-01
9.36131456186633403860e-01 6.55624506867076117800e+00 -8.99705461236649961521e-01 1.25805130789553885506e+02 9.78868478885294157621e-01
9.36968747256662348732e-01 6.56237619682308714886e+00 -8.96744904264229036883e-01 1.25791734131606546043e+02 9.77891293740355105335e-01
9.37799659260191820209e-01 6.56849838401710428570e+00 -8.93770357396125869620e-01 1.25778357425091641630e+02 9.76882641850773225656e-01
9.38624186540210181384e-01 6.57461134266216173927e+00 -8.90782248141321120194e-01 1.25765006970962332389e+02 9.75817409524993295555e-01
9.39442323483174468457e-01 6.58071465933811516891e+00 -8.87780340830567449295e-01 1.25751678277444739251e+02 9.74712951205575550695e-01
9.40254064519048693427e-01 6.58683192581674958888e+00 -8.84759523447041340560e-01 1.25739898166148734049e+02 9.74017896464590471339e-01
9.41059404121340592475e-01 6.59291676372178692134e+00 -8.81730870246915099386e-01 1.25726742600978965925e+02 9.72799217998999932178e-01
9.41858336807141038882e-01 6.59899090432152224395e+00 -8.78687142281309507830e-01 1.25713606975058937110e+02 9.71633535142847226673e-01
9.42650857137159903232e-01 6.60505413886239445276e+00 -8.75629399332152891233e-01 1.25700507789157015281e+02 9.70456760964744535869e-01
9.43436959715763689971e-01 6.61110591537363934123e+00 -8.72558423589748888283e-01 1.25687438518056836756e+02 9.69221208613390339259e-01
9.44216639191012285792e-01 6.61714637670031091687e+00 -8.69473662092349219854e-01 1.25674431667659973755e+02 9.67969800240238376077e-01
9.44989890254695485972e-01 6.62317362039377943717e+00 -8.66376243791246891668e-01 1.25661395419859317713e+02 9.66625911819008809545e-01
9.45756707642368521505e-01 6.62918918519349897878e+00 -8.63264625358745041339e-01 1.25648449278882310409e+02 9.65304589738294582801e-01
9.46517086133388918512e-01 6.63519164766147895307e+00 -8.60139417200587397261e-01 1.25635530351308005947e+02 9.63967202389889976644e-01
9.47271020550951026173e-01 6.64118261230988071731e+00 -8.56997830958285411462e-01 1.25622756914034241049e+02 9.62812526232002863225e-01
9.48018505762121987956e-01 6.64715532976714840174e+00 -8.53848298767826863198e-01 1.25609759991097703846e+02 9.61260749185754881374e-01
9.48759536677876158528e-01 6.65311648345171846586e+00 -8.50684970695975484212e-01 1.25596975342150557253e+02 9.59739234006967145696e-01
9.49494108253130075781e-01 6.65906146303525048324e+00 -8.47511774463733602580e-01 1.25584151394819983238e+02 9.57974355264833321577e-01
9.50222215486776988769e-01 6.66499288648021703807e+00 -8.44324554111867020545e-01 1.25571467489244739113e+02 9.56263256722063026416e-01
9.50943853421720053376e-01 6.67090575213005365640e+00 -8.41123183555016362689e-01 1.25558623696545581083e+02 9.54597108157526408334e-01
9.51659017144907415364e-01 6.67680532217215638724e+00 -8.37908537483751492125e-01 1.25546002441340860400e+02 9.52959075338116745613e-01
9.52367701787364628885e-01 6.68268905512778399469e+00 -8.34680732986748719071e-01 1.25533468479059038714e+02 9.51339091581964391153e-01
9.53069902524227741125e-01 6.68855520243240952993e+00 -8.31439937109160531747e-01 1.25520939116629421051e+02 9.49728434391597819975e-01
9.53765614574776932066e-01 6.69440343793383796367e+00 -8.28187958695542070231e-01 1.25508435794353033543e+02 9.48018133694315201510e-01
9.54454833202468377884e-01 6.70023341123744575754e+00 -8.24925079959508922300e-01 1.25495970248881405951e+02 9.46200491062634041484e-01
9.55137553714966891505e-01 6.70604503234635718201e+00 -8.21649630473042957846e-01 1.25483560342488829065e+02 9.44399160618898836361e-01
9.55813771464177897030e-01 6.71183767341741521761e+00 -8.18361677340464832575e-01 1.25471198837708371343e+02 9.42622387027917008062e-01
9.56483481846278404959e-01 6.71760481380448926103e+00 -8.15075678402185199722e-01 1.25458575548747745643e+02 9.39880089481279101804e-01
9.57146680301749208652e-01 6.72339286156091464619e+00 -8.11790537604857864729e-01 1.25448821672373270530e+02 9.36548994673304324721e-01
9.57803362315405748539e-01 6.72906726505692986962e+00 -8.08455072539400187992e-01 1.25432657037717802950e+02 9.35218927972375491109e-01
9.58453523416427977111e-01 6.73477529282445175340e+00 -8.05118908756088824674e-01 1.25420272624036741149e+02 9.33523028764621898290e-01
9.59097159178392222323e-01 6.74046373121580533194e+00 -8.01786956191081312539e-01 1.25408184873023088812e+02 9.30812313145887748611e-01
9.59734265219300386462e-01 6.74612708110934811145e+00 -7.98443871501763768883e-01 1.25395964762643359336e+02 9.28097594106213286125e-01
9.60364837201609811146e-01 6.75176700230081561216e+00 -7.95087865054000086928e-01 1.25383749742598155308e+02 9.25530658424051133615e-01
9.60988870832263142319e-01 6.75738934018190562369e+00 -7.91706731811653852127e-01 1.25371889704108738783e+02 9.23996754179045809430e-01
9.61606361862717418099e-01 6.76298701345353769909e+00 -7.88322057646905438588e-01 1.25360092684858912548e+02 9.22017799690941664004e-01
9.62217306088972823552e-01 6.76855604672235156016e+00 -7.84935948753738066408e-01 1.25348146355989030098e+02 9.19445037789790475813e-01
9.62821699351601556494e-01 6.77410122401902015099e+00 -7.81536312172131819587e-01 1.25336331372553246410e+02 9.17151858342299952653e-01
9.63419537535776138171e-01 6.77962014816913516313e+00 -7.78129560327229241601e-01 1.25324572756001984430e+02 9.14715317864659538394e-01
9.64010816571297390887e-01 6.78511219232000595269e+00 -7.74713841060940988648e-01 1.25312857128581654820e+02 9.12282110659500045102e-01
9.64595532432621638463e-01 6.79057732453408480211e+00 -7.71288897738289458417e-01 1.25301223480440398816e+02 9.09897614277893285184e-01
9.65173681138889238973e-01 6.79601375576500998932e+00 -7.67867298614950954949e-01 1.25289686779548034679e+02 9.06720713945831313652e-01
9.65745258753950674979e-01 6.80142072702467803680e+00 -7.64432288318287134210e-01 1.25278116720587746613e+02 9.03917353902658371467e-01
9.66310261386393642979e-01 6.80679623957199542161e+00 -7.60986902791099151244e-01 1.25266442855080597951e+02 9.01298099594404766854e-01
9.66868685189569476712e-01 6.81215085225235483790e+00 -7.57526323365475762195e-01 1.25255396371994052629e+02 8.99308593720548055117e-01
9.67420526361620347622e-01 6.81746855605453028204e+00 -7.54071067549310969369e-01 1.25244085042797863139e+02 8.96454514315106365530e-01
9.67965781145503245675e-01 6.82275556619538292580e+00 -7.50608306308332751122e-01 1.25232883606311759195e+02 8.93698029836908935941e-01
9.68504445829016735736e-01 6.82800995769059593243e+00 -7.47139196124307347624e-01 1.25221716318445345451e+02 8.90982365477293702938e-01
9.69036516744826603720e-01 6.83323308102967086342e+00 -7.43665457802798912645e-01 1.25210737418268635679e+02 8.88237891977016302825e-01
9.69561990270489948429e-01 6.83842166925848804482e+00 -7.40186939918320963017e-01 1.25199771666755140131e+02 8.85491537209664669739e-01
9.70080862828479939530e-01 6.84357451352743861861e+00 -7.36708041230780263930e-01 1.25188820440210108131e+02 8.82469540591871881574e-01
9.70593130886211241659e-01 6.84869400591545041124e+00 -7.33224634196570135281e-01 1.25178066139208468144e+02 8.79521101752396727846e-01
9.71098790956062218882e-01 6.85377598219574402094e+00 -7.29736988105898376489e-01 1.25167272887484372745e+02 8.76638791724477894896e-01
9.71597839595400469825e-01 6.85882397717603353726e+00 -7.26246043373825811429e-01 1.25156745877651431442e+02 8.73835539808597627776e-01
9.72090273406605143158e-01 6.86383056571751826169e+00 -7.22753599209171815332e-01 1.25146035632925588743e+02 8.70971502228813920787e-01
9.72576089037090585343e-01 6.86880401822119601718e+00 -7.19259644399028341688e-01 1.25135772016521542582e+02 8.68171416885558211440e-01
9.73055283179328878163e-01 6.87375927244726536713e+00 -7.15771284635118743012e-01 1.25127121217649033724e+02 8.65128015135493533272e-01
9.73527852570872820337e-01 6.87864849944850309527e+00 -7.12271233444101925514e-01 1.25116631977784791729e+02 8.62678258885117621446e-01
9.73993793994377243806e-01 6.88349081616146207807e+00 -7.08765835221816908884e-01 1.25105745564871980946e+02 8.60605603625295034753e-01
9.74453104277621995344e-01 6.88830014035051441113e+00 -7.05261365517420912852e-01 1.25095555921680130496e+02 8.58660813058585881130e-01
9.74905780293532697733e-01 6.89306032761029019440e+00 -7.01828201675991580899e-01 1.25085650323387994831e+02 8.51787351121710112345e-01
9.75351818960202621156e-01 6.89782138605426276001e+00 -6.98362587120925915052e-01 1.25078643971112128952e+02 8.47840895462314225739e-01
9.75791217240913111297e-01 6.90245641950301536127e+00 -6.94837190821975703159e-01 1.25065338623243761162e+02 8.47615595949547717680e-01
9.76223972144155016650e-01 6.90709764423541727751e+00 -6.91348610474482927479e-01 1.25056076871492919622e+02 8.45627822964019393304e-01
9.76650080723648006398e-01 6.91168510769392785420e+00 -6.87871056957493731687e-01 1.25046425866565911633e+02 8.43189496201839139289e-01
9.77069540078361775670e-01 6.91622419521563180922e+00 -6.84410863404066205362e-01 1.25036890282011682984e+02 8.39973996526793609263e-01
9.77482347352534808316e-01 6.92071524765663603773e+00 -6.80958719533248602040e-01 1.25027459896607467726e+02 8.36722384132990604222e-01
9.77888499735694360915e-01 6.92515687211465102990e+00 -6.77513513448854243215e-01 1.25018081514096536466e+02 8.33579887000524877294e-01
9.78287994462675891683e-01 6.92955045454881624067e+00 -6.74076919065339508208e-01 1.25008925882020434983e+02 8.30525220893890914198e-01
9.78680828813640935060e-01 6.93389245671978038388e+00 -6.70649980404732448669e-01 1.24999815268824676195e+02 8.27532566482471199087e-01
9.79067000114096308572e-01 6.93818235826834772695e+00 -6.67234360650501123757e-01 1.24990784586700414138e+02 8.24565834694991339759e-01
9.79446505734912542529e-01 6.94241786883391398533e+00 -6.63831705903800139978e-01 1.24981744735864410245e+02 8.21573284289538574576e-01
9.79819343092340866441e-01 6.94660362533541153596e+00 -6.60444117794478757766e-01 1.24973111466647523571e+02 8.18549423758918703875e-01
9.80185509648031860763e-01 6.95073348868557960856e+00 -6.57074922426102214779e-01 1.24964538270978763990e+02 8.15283706089058535227e-01
9.80545002909051777173e-01 6.95480637795830514136e+00 -6.53721376978135149116e-01 1.24955973884757511883e+02 8.12062180549084411396e-01
9.80897820427900302143e-01 6.95882175202375830025e+00 -6.50397252844579498721e-01 1.24947595664462852483e+02 8.07982835088062123496e-01
9.81243959802526766190e-01 6.96277650907889089638e+00 -6.47091042050479292591e-01 1.24939104237081494375e+02 8.03949164660880954969e-01
9.81583418676346575182e-01 6.96668772431834870673e+00 -6.43807956301596706616e-01 1.24931856834500990772e+02 7.99897726645639850496e-01
9.81916194738257197550e-01 6.97051903260931826622e+00 -6.40479836109182465442e-01 1.24922444668063690187e+02 8.00482946994546584740e-01
9.82242285722654373536e-01 6.97431127498168024204e+00 -6.37182254956816462865e-01 1.24914793632795010581e+02 8.00813163254789128764e-01
9.82561689409446659127e-01 6.97801953056324641977e+00 -6.34088177449959267129e-01 1.24907826233152121631e+02 7.87779501285835292990e-01
9.82874403624071413255e-01 6.98166821327257292040e+00 -6.30942199798864788995e-01 1.24900252018173063107e+02 7.80487408312317443304e-01
9.83180426237509119680e-01 6.98526693092134642882e+00 -6.27787233108567099826e-01 1.24893340970896502995e+02 7.76063172477794549486e-01
9.83479755166297819891e-01 6.98880149508398229585e+00 -6.24603968381130192355e-01 1.24885836910339989458e+02 7.75899414398929176961e-01
9.83772388372547657021e-01 6.99226149029257282308e+00 -6.21461303651213992083e-01 1.24877893793942575940e+02 7.74930076029625158895e-01
9.84058323863954753641e-01 6.99566712375403110258e+00 -6.18337736464545928428e-01 1.24870771628902474504e+02 7.75142609868464504963e-01
9.84337559693814090345e-01 6.99899103790488563703e+00 -6.15247811303097136282e-01 1.24862678855707073922e+02 7.75249822255426823681e-01
9.84610093961033494558e-01 7.00225720655294470163e+00 -6.12258703802839532315e-01 1.24856357054836195175e+02 7.70717516638296129550e-01
9.84875924810146630151e-01 7.00545159621494040181e+00 -6.09296453426028339351e-01 1.24849822222249670745e+02 7.66984357243422398831e-01
9.85135050431324765796e-01 7.00857968629015459783e+00 -6.06372895662275368522e-01 1.24843683433166560803e+02 7.63397858020346209429e-01
9.85387469060390319697e-01 7.01163135450981034325e+00 -6.03450672893427353394e-01 1.24836701069486252891e+02 7.62757711388696524324e-01
9.85633178978827628747e-01 7.01461125944674623867e+00 -6.00601668827190904310e-01 1.24830264628861911547e+02 7.59925616949533533351e-01
9.85872178513795716093e-01 7.01751758394941482777e+00 -5.97799734167705043575e-01 1.24823913030989743334e+02 7.56979584143166794874e-01
9.86104466038138838258e-01 7.02035098152574565944e+00 -5.95045485015235908755e-01 1.24817739726163722480e+02 7.54041955373880967706e-01
9.86330039970398142479e-01 7.02311518021955016877e+00 -5.92340345756537711708e-01 1.24812078826759574213e+02 7.51223147039794758584e-01
9.86548898774822102808e-01 7.02580498772341588420e+00 -5.89684854463998320284e-01 1.24806580025198002204e+02 7.48571865233139122076e-01
9.86761040961377400293e-01 7.02844458338558109034e+00 -5.87088385659442435482e-01 1.24803230199520243104e+02 7.45924122563872082914e-01
9.86966465085758248854e-01 7.03097553813165276893e+00 -5.84558500878669229373e-01 1.24797781571301584336e+02 7.41975617952662980237e-01
9.87165169749397164445e-01 7.03343353707282759046e+00 -5.82083600024435376952e-01 1.24792765442929677988e+02 7.38311217485826842832e-01
9.87357153599473957861e-01 7.03581683551885994632e+00 -5.79669556804641494807e-01 1.24788162436000277467e+02 7.34631248334788988785e-01
9.87542415328925060614e-01 7.03812169128309950139e+00 -5.77315694493610864768e-01 1.24783698458311860691e+02 7.31098542660469585819e-01
9.87720953676452295689e-01 7.04034461073119732788e+00 -5.75023224335993732304e-01 1.24779143029066034387e+02 7.27735552949343666995e-01
9.87892767426531648312e-01 7.04248420691700527385e+00 -5.72796700468570563203e-01 1.24774475499846346338e+02 7.24342573103652020983e-01
9.88057855409421592618e-01 7.04455405472297435665e+00 -5.70638902489824073605e-01 1.24770783403114606358e+02 7.21094997423001649040e-01
9.88216216501170752196e-01 7.04653149161948189061e+00 -5.68546207186721885840e-01 1.24766293914728279901e+02 7.18069554850432778537e-01
9.88367849623625893685e-01 7.04843683825021649625e+00 -5.66430994312338231822e-01 1.24761110710853301953e+02 7.22442256079657618706e-01
9.88512753744439143233e-01 7.05026594057153932482e+00 -5.64611065008306711732e-01 1.24760174730999693793e+02 7.10084525108334863042e-01
9.88650927877074869876e-01 7.05201690370223399640e+00 -5.62841485055473822463e-01 1.24759325500113135377e+02 6.99783396148856318142e-01
9.88782371080816346876e-01 7.05365873621552630368e+00 -5.60877523596613247747e-01 1.24752041415589957296e+02 7.09911962028487608656e-01
9.88907082460772635102e-01 7.05523163378629281084e+00 -5.59136765489258724671e-01 1.24748403479948365202e+02 7.09365943540416266089e-01
9.89025061167884578239e-01 7.05672576028389642033e+00 -5.57477521532355746459e-01 1.24745280577341802086e+02 7.08971271895967203314e-01
9.89136306398929687766e-01 7.05812846759951639797e+00 -5.55899824269112330377e-01 1.24741699688233651955e+02 7.08654040070550550467e-01
9.89240817396528693273e-01 7.05944670002517060681e+00 -5.54406203768106120577e-01 1.24738229721999218214e+02 7.08479356907467883175e-01
9.89338593449150427439e-01 7.06070372109984933928e+00 -5.52995748550518251285e-01 1.24736634054097109470e+02 7.09060117690540114843e-01
9.89429633891116377953e-01 7.06185001820673363682e+00 -5.51761998466213876569e-01 1.24734750557010812599e+02 7.02471202722283583064e-01
9.89513938102605350444e-01 7.06292282131068560602e+00 -5.50603515793879783047e-01 1.24733657851636706937e+02 6.97275130223048544842e-01
9.89591505509657798356e-01 7.06389492504880145418e+00 -5.49511868124800684221e-01 1.24731099033270780296e+02 6.93758292902899253995e-01
9.89662335584179708725e-01 7.06480320839196984650e+00 -5.48493841376479718264e-01 1.24730016306076166188e+02 6.92166494991243386181e-01
9.89726427843945932850e-01 7.06563341425715663036e+00 -5.47546265067791693149e-01 1.24729242300143312150e+02 6.92596202759536372362e-01
9.89783781852604072071e-01 7.06634890093796741439e+00 -5.46681528387914950073e-01 1.24726162271507291734e+02 6.93527912347280062200e-01
9.89834397219676587198e-01 7.06698949966417089286e+00 -5.45917084593983248375e-01 1.24724149367732593419e+02 6.94415835023040162177e-01
9.89878273600564240198e-01 7.06755232516106346452e+00 -5.45254273057559468718e-01 1.24722998999206240001e+02 6.95180447628496178680e-01
9.89915410696548092595e-01 7.06802363046983028738e+00 -5.44694196918186879230e-01 1.24721664358080857937e+02 6.95552586160142705118e-01
9.89945808254791503877e-01 7.06841227789768655754e+00 -5.44235505837006527941e-01 1.24720798411515914950e+02 6.95852765589617283659e-01
9.89969466068341796827e-01 7.06871139949859284002e+00 -5.43872553639770273115e-01 1.24719762687802585788e+02 6.96437606362905303747e-01
