00000000000000000000 -4.32709214562793764713e+00 -1.35036768396655237900e+00 00000000000000000130 3.00054320537633839917e-27
2.58315720529896097890e-03 -4.32320864442046470799e+00 -1.35039112815281847624e+00 1.30003379642223848123e+02 1.05396700137289447453e-03
5.16629682395841009074e-03 -4.31933524630230269992e+00 -1.35041321618821474893e+00 1.30006744319815766175e+02 2.10180287893880178574e-03
7.74940126945856955221e-03 -4.31547192990464001383e+00 -1.35043395753155603956e+00 1.30010094088079085850e+02 3.14351547019241835818e-03
1.03324529555191297475e-02 -4.31161867392261033416e+00 -1.35045336159485573901e+00 1.30013429002171392312e+02 4.17911273950209802980e-03
1.29154342962189676997e-02 -4.30777545711508746962e+00 -1.35047143774365929758e+00 1.30016749117101056754e+02 5.20860278250040963088e-03
1.54983277061159028382e-02 -4.30394225830457344273e+00 -1.35048819529720720567e+00 1.30020054487730732262e+02 6.23199382020736981219e-03
1.80811156003663868475e-02 -4.30011905637702085414e+00 -1.35050364352872009910e+00 1.30023345168775051661e+02 7.24929420056512514858e-03
2.06637803948452533631e-02 -4.29630583036527724516e+00 -1.35051779160476703723e+00 1.30026621214801735960e+02 8.26051239678214470341e-03
2.32463045062654173611e-02 -4.29250255911807343523e+00 -1.35053064882905782262e+00 1.30029882680239637693e+02 9.26565699843816086012e-03
2.58286703522975918945e-02 -4.28870922179088154280e+00 -1.35054222427735193257e+00 1.30033129619351939255e+02 1.02647367353450921085e-02
2.84108603516900135033e-02 -4.28492579752196967036e+00 -1.35055252704110650974e+00 1.30036362086269747351e+02 1.12577604456858045706e-02
3.09928569243880722150e-02 -4.28115226551220739992e+00 -1.35056156616701983353e+00 1.30039580134972908354e+02 1.22447370926233155969e-02
3.35746424916540803229e-02 -4.27738860502496454075e+00 -1.35056935065720229439e+00 1.30042783819294214709e+02 1.32256757594782659720e-02
3.61561994761869162640e-02 -4.27363479538596013896e+00 -1.35057588946941464769e+00 1.30045973192919262829e+02 1.42005856487633433383e-02
3.87375103022416650278e-02 -4.26989081598311326360e+00 -1.35058119151729227880e+00 1.30049148309386453093e+02 1.51694760812474700035e-02
4.13185573957493418318e-02 -4.26615664626636714729e+00 -1.35058526567059122847e+00 1.30052309222086847740e+02 1.61323564950291049869e-02
4.38993231844364839578e-02 -4.26243226574823097508e+00 -1.35058812075508649642e+00 1.30055455984303904415e+02 1.70892364256837528402e-02
4.64797900979448119774e-02 -4.25871765400131607748e+00 -1.35058976555390386487e+00 1.30058588649079467814e+02 1.80401255689914934155e-02
4.90599405679508632216e-02 -4.25501279066119320049e+00 -1.35059020880631130979e+00 1.30061707269389472685e+02 1.89850336965818287938e-02
5.16397570282855211676e-02 -4.25131765542445183570e+00 -1.35058945920879680536e+00 1.30064811898039607740e+02 1.99239707044390999824e-02
5.42192219150537807471e-02 -4.24763222804894358120e+00 -1.35058752541510096457e+00 1.30067902587688905669e+02 2.08569466007843991318e-02
5.67983176667541181382e-02 -4.24395648835363825668e+00 -1.35058441603644530105e+00 1.30070979390849913671e+02 2.17839715051106608268e-02
5.93770267243982005634e-02 -4.24029041621845870225e+00 -1.35058013964175871457e+00 1.30074042359888494502e+02 2.27050556472401347807e-02
6.19553315316303740423e-02 -4.23663399158413156442e+00 -1.35057470475789043185e+00 1.30077091547024167539e+02 2.36202093663720052996e-02
6.45332145348472135948e-02 -4.23298719445203008860e+00 -1.35056811986984492968e+00 1.30080127004329824558e+02 2.45294431101419595220e-02
6.71106581833170040552e-02 -4.22935000488402934593e+00 -1.35056039342098421763e+00 1.30083148783732013953e+02 2.54327674337045152309e-02
6.96876449292992278250e-02 -4.22572240300234014398e+00 -1.35055153381325876438e+00 1.30086156937010599677e+02 2.63301929987877665618e-02
7.22641572281641081377e-02 -4.22210436899111130060e+00 -1.35054154940716331090e+00 1.30089151515901534140e+02 2.72217305571947065790e-02
7.48401775385119094608e-02 -4.21849588308996370500e+00 -1.35053044852289638733e+00 1.30092132571727404411e+02 2.81073910059441850473e-02
7.74156883222925085164e-02 -4.21489692560250350795e+00 -1.35051823943927606919e+00 1.30095100155904248140e+02 2.89871853095569030623e-02
7.99906720449247571336e-02 -4.21130747689083850815e+00 -1.35050493039475316692e+00 1.30098054319629881093e+02 2.98611245463231145258e-02
8.25651111754157757128e-02 -4.20772751737665906546e+00 -1.35049052958744075781e+00 1.30100995113956344085e+02 3.07292198964414856044e-02
8.51389881864804548561e-02 -4.20415702754109688044e+00 -1.35047504517532024337e+00 1.30103922589789959829e+02 3.15914826411069771250e-02
8.77122855546606100541e-02 -4.20059598792456867500e+00 -1.35045848527645762083e+00 1.30106836797891588731e+02 3.24479241615879751559e-02
9.02849857604444694381e-02 -4.19704437912663053112e+00 -1.35044085796920465548e+00 1.30109737788876543618e+02 3.32985559383375262499e-02
9.28570712883857868336e-02 -4.19350218180581180150e+00 -1.35042217129242358986e+00 1.30112625613214646592e+02 3.41433895500886097629e-02
9.54285246272232184905e-02 -4.18996937667949964634e+00 -1.35040243324566722194e+00 1.30115500321230513237e+02 3.49824366729640998108e-02
9.79993282699994638918e-02 -4.18644594452374896321e+00 -1.35038165178941405031e+00 1.30118361963103552625e+02 3.58157090795826332785e-02
1.00569464714180475950e-01 -4.18293186617316159470e+00 -1.35035983484524768627e+00 1.30121210588867910474e+02 3.66432186381556376786e-02
1.03138916461774601818e-01 -4.17942712252072023915e+00 -1.35033699029607423547e+00 1.30124046248412668092e+02 3.74649773116482801005e-02
1.05707666019451862471e-01 -4.17593169452032331179e+00 -1.35031312598670782954e+00 1.30126868991637508088e+02 3.82809971795029096997e-02
1.08275695898662718819e-01 -4.17244556317669879064e+00 -1.35028824972262850856e+00 1.30129678867873707304e+02 3.90912903522283583513e-02
1.10842988615757503945e-01 -4.16896870955920917368e+00 -1.35026236927221332529e+00 1.30132475926698418789e+02 3.98958690896743448095e-02
1.13409526692105272483e-01 -4.16550111479295459560e+00 -1.35023549236566386966e+00 1.30135260217423308404e+02 4.06947457252119296212e-02
1.15975292654212733257e-01 -4.16204276006067885874e+00 -1.35020762669549054813e+00 1.30138031789215858680e+02 4.14879326826093908220e-02
1.18540269033843417845e-01 -4.15859362660264419986e+00 -1.35017877991672419213e+00 1.30140790691099283549e+02 4.22754424751854221420e-02
1.21104438368136405058e-01 -4.15515369571645809543e+00 -1.35014895964711167942e+00 1.30143536971952642034e+02 4.30572877049728783283e-02
1.23667783199725281329e-01 -4.15172294875696490379e+00 -1.35011817346729778855e+00 1.30146270680511122464e+02 4.38334810618441830798e-02
1.26230286076857156630e-01 -4.14830136727824072551e+00 -1.35008642887962149182e+00 1.30148991865370646792e+02 4.46040353210741744028e-02
1.28791929553511097506e-01 -4.14488893246990475205e+00 -1.35005373347612867008e+00 1.30151700574969851232e+02 4.53689633489636201524e-02
1.31352696189517337277e-01 -4.14148562599471148360e+00 -1.35002009468393402436e+00 1.30154396857617030037e+02 4.61282780922779300781e-02
1.33912568550675792345e-01 -4.13809142943490293476e+00 -1.34998551993723969744e+00 1.30157080761472798258e+02 4.68819925838906415017e-02
1.36471529208874592376e-01 -4.13470632442921193217e+00 -1.34995001663411096082e+00 1.30159752334554298159e+02 4.76301199403686356670e-02
1.39029560742209123969e-01 -4.13133029267272355867e+00 -1.34991359213665940153e+00 1.30162411624735568694e+02 4.83726733611079609543e-02
1.41586645735100435939e-01 -4.12796331591672505112e+00 -1.34987625377123787729e+00 1.30165058679747573933e+02 4.91096661275352008857e-02
1.44142766778413616846e-01 -4.12460537596856191556e+00 -1.34983800882861837422e+00 1.30167693547178203062e+02 4.98411116022738354125e-02
1.46697906469576699884e-01 -4.12125645469513912644e+00 -1.34979886456590447708e+00 1.30170316274685148983e+02 5.05670233291369286555e-02
1.49252047412698846118e-01 -4.11791653400897317283e+00 -1.34975882820017756281e+00 1.30172926909189925482e+02 5.12874146496849203647e-02
1.51805172218688999575e-01 -4.11458559588775418803e+00 -1.34971790691801940554e+00 1.30175525498028974880e+02 5.20022992491988300667e-02
1.54357263505374042722e-01 -4.11126362236167430808e+00 -1.34967610786973635228e+00 1.30178112088221098475e+02 5.27116908075718759719e-02
1.56908303897617312783e-01 -4.10795059551627428363e+00 -1.34963343817098180288e+00 1.30180686726642960593e+02 5.34156030819330704396e-02
1.59458276027436895994e-01 -4.10464649749230403586e+00 -1.34958990490291985687e+00 1.30183249460029344391e+02 5.41140499058647556074e-02
1.62007162534123755337e-01 -4.10135131048558942979e+00 -1.34954551511241782613e+00 1.30185800334973151848e+02 5.48070451885902878986e-02
1.64554946064359886027e-01 -4.09806501674688306025e+00 -1.34950027581221632111e+00 1.30188339397925659569e+02 5.54946029142308547288e-02
1.67101609272336831813e-01 -4.09478759858173635422e+00 -1.34945419398109556219e+00 1.30190866695196689307e+02 5.61767371409864074705e-02
1.69647134819873285361e-01 -4.09151903835034680412e+00 -1.34940727656407877255e+00 1.30193382272954750078e+02 5.68534620003752835804e-02
1.72191505376533410265e-01 -4.08825931846743095832e+00 -1.34935953047258050397e+00 1.30195886177227095004e+02 5.75247916964714209320e-02
1.74734703619744774494e-01 -4.08500842140207431896e+00 -1.34931096258459648496e+00 1.30198378453899948681e+02 5.81907405051231840787e-02
1.77276712234916367095e-01 -4.08176632967760166792e+00 -1.34926157974486415903e+00 1.30200859148718905089e+02 5.88513227731852911484e-02
1.79817513915556254078e-01 -4.07853302587143851099e+00 -1.34921138876505386506e+00 1.30203328307288643373e+02 5.95065529177684626738e-02
1.82357091363389622884e-01 -4.07530849261497163383e+00 -1.34916039642391027975e+00 1.30205785975073411009e+02 6.01564454254733260719e-02
1.84895427288476549288e-01 -4.07209271259340344074e+00 -1.34910860946745936317e+00 1.30208232197397165919e+02 6.08010148516325149570e-02
1.87432504409329458994e-01 -4.06888566854563737962e+00 -1.34905603460913536829e+00 1.30210667019443690151e+02 6.14402758195741610647e-02
1.89968305453031172103e-01 -4.06568734326411718172e+00 -1.34900267852999111717e+00 1.30213090486256561462e+02 6.20742430198509276273e-02
1.92502813155352114904e-01 -4.06249771959837424617e+00 -1.34894854788220985853e+00 1.30215502642953339318e+02 6.27029314066875065325e-02
1.95036010260868170052e-01 -4.05931678044080879175e+00 -1.34889364927632748881e+00 1.30217903533905996483e+02 6.33263554403166312179e-02
1.97567879523077832848e-01 -4.05614450874686216508e+00 -1.34883798930009324302e+00 1.30220293203922949488e+02 6.39445301784800079758e-02
2.00098403704520089175e-01 -4.05298088752184160199e+00 -1.34878157450661806394e+00 1.30222671697490312681e+02 6.45574705738246601427e-02
2.02627565576891321975e-01 -4.04982589982392138239e+00 -1.34872441141744170423e+00 1.30225039058955047722e+02 6.51651916425980554104e-02
2.05155347921162689584e-01 -4.04667952876402736706e+00 -1.34866650652268527111e+00 1.30227395332525276217e+02 6.57677084639482628647e-02
2.07681733527697698349e-01 -4.04354175750568511916e+00 -1.34860786628123552333e+00 1.30229740562270336568e+02 6.63650361791595921890e-02
2.10206705196368998090e-01 -4.04041256926489200652e+00 -1.34854849712087210278e+00 1.30232074792121125029e+02 6.69571899909785772653e-02
2.12730245736675399604e-01 -4.03729194730999552121e+00 -1.34848840543846093531e+00 1.30234398065870180972e+02 6.75441851628757750081e-02
2.15252337967859502799e-01 -4.03417987517012122112e+00 -1.34842759761022823461e+00 1.30236710427182515559e+02 6.81260370178348173553e-02
2.17772964719024048064e-01 -4.03107633580725277511e+00 -1.34836607995724766518e+00 1.30239011919553718144e+02 6.87027609399225858144e-02
2.20292108829248989288e-01 -4.02798131284810345676e+00 -1.34830385878918468379e+00 1.30241302586372711403e+02 6.92743723698267255262e-02
2.22809753147708622389e-01 -4.02489478976905079577e+00 -1.34824094038078401425e+00 1.30243582470880511437e+02 6.98408868068730454004e-02
2.25325880533787908933e-01 -4.02181675009815098321e+00 -1.34817733097664937958e+00 1.30245851616180885912e+02 7.04023198076127176837e-02
2.27840473857199465879e-01 -4.01874717741501186197e+00 -1.34811303679139027345e+00 1.30248110065240268796e+02 7.09586869851085155769e-02
2.30353515998100027984e-01 -4.01568605535066769363e+00 -1.34804806400978893777e+00 1.30250357860888215100e+02 7.15100040082684990095e-02
2.32864989847207326523e-01 -4.01263336758743349719e+00 -1.34798241878694446960e+00 1.30252595045817457731e+02 7.20562866011296432323e-02
2.35374878305916024335e-01 -4.00958909785878958587e+00 -1.34791610724842292335e+00 1.30254821662584134856e+02 7.25975505422114392173e-02
2.37883164286414594546e-01 -4.00655322994924389945e+00 -1.34784913549042473235e+00 1.30257037753607960440e+02 7.31338116637952617705e-02
2.40389830711801560925e-01 -4.00352574769420943568e+00 -1.34778150957991305070e+00 1.30259243361172423192e+02 7.36650858512849365800e-02
2.42894860516201405165e-01 -4.00050663498259329032e+00 -1.34771323555952804440e+00 1.30261438527583038649e+02 7.41913893199673407652e-02
2.45398236644881417856e-01 -3.99749587574614739793e+00 -1.34764431942935170028e+00 1.30263623294556623478e+02 7.47127375410153171664e-02
2.47899942054367217192e-01 -3.99449345397462662888e+00 -1.34757476717376367681e+00 1.30265797704108791777e+02 7.52291468003307844947e-02
2.50399959712559072589e-01 -3.99149935370576880445e+00 -1.34750458474431367151e+00 1.30267961797980461824e+02 7.57406331894672629756e-02
2.52898272598847562165e-01 -3.98851355902758841765e+00 -1.34743377806406816610e+00 1.30270115617777491934e+02 7.62472128497710399664e-02
2.55394863704230257184e-01 -3.98553605407822475470e+00 -1.34736235302775098077e+00 1.30272259204970708879e+02 7.67489019717541992582e-02
2.57889716031426352583e-01 -3.98256682304584552767e+00 -1.34729031550188915745e+00 1.30274392600896334216e+02 7.72457167944183703545e-02
2.60382812594993184874e-01 -3.97960585016848211737e+00 -1.34721767132495640062e+00 1.30276515846755927441e+02 7.77376736046056088236e-02
2.62874136421441917388e-01 -3.97665311973394430822e+00 -1.34714442630751296548e+00 1.30278628983616783898e+02 7.82247887363788918513e-02
2.65363670549352448358e-01 -3.97370861607966263662e+00 -1.34707058623235398365e+00 1.30280732052411963195e+02 7.87070785703471303973e-02
2.67851398029489484731e-01 -3.97077232359259735262e+00 -1.34699615685464824111e+00 1.30282825093940829220e+02 7.91845595330463586370e-02
2.70337301924917894347e-01 -3.96784422670907321873e+00 -1.34692114390207362540e+00 1.30284908148868879607e+02 7.96572480962850770769e-02
2.72821365311117669528e-01 -3.96492430991468802759e+00 -1.34684555307497233478e+00 1.30286981257728228911e+02 8.01251607765371548497e-02
2.75303571276099334764e-01 -3.96201255774418026334e+00 -1.34676939004646367692e+00 1.30289044460917722290e+02 8.05883141342853132061e-02
2.77783902920519187862e-01 -3.95910895478130120395e+00 -1.34669266046261304481e+00 1.30291097798703106037e+02 8.10467247734110857182e-02
2.80262343357794374565e-01 -3.95621348565869190850e+00 -1.34661536994253872024e+00 1.30293141311217425482e+02 8.15004093405554824736e-02
2.82738875714217352542e-01 -3.95332613505776864216e+00 -1.34653752407858262607e+00 1.30295175038460996575e+02 8.19493845245105878572e-02
2.85213483129071798672e-01 -3.95044688770859808713e+00 -1.34645912843641357703e+00 1.30297199020301803785e+02 8.23936670555854566711e-02
2.87686148754746129352e-01 -3.94757572865021799657e+00 -1.34638018864267294816e+00 1.30299213296492496283e+02 8.28332737081429459902e-02
2.90156855756849185735e-01 -3.94471264219540040941e+00 -1.34630071004575668780e+00 1.30301217906603909569e+02 8.32682212880526545495e-02
2.92625587314324475674e-01 -3.94185761347314800318e+00 -1.34622069820963052855e+00 1.30303212890124456180e+02 8.36985266491108159670e-02
2.95092326619564693235e-01 -3.93901062740688745478e+00 -1.34614015859469593472e+00 1.30305198286394784191e+02 8.41242066816135503071e-02
2.97557056878526016153e-01 -3.93617166896809234089e+00 -1.34605909663536893461e+00 1.30307174134624233375e+02 8.45452783143556402257e-02
3.00019761310842958402e-01 -3.93334072317742000635e+00 -1.34597751774621610110e+00 1.30309140473964163220e+02 8.49617588646457699841e-02
3.02480423149941946015e-01 -3.93051777509967914526e+00 -1.34589542729867672755e+00 1.30311097343224190581e+02 8.53736646732076442934e-02
3.04939025643155781076e-01 -3.92770280985089348391e+00 -1.34581283065542067767e+00 1.30313044781286947682e+02 8.57810130969288986424e-02
3.07395552051837939178e-01 -3.92489581259351227871e+00 -1.34572973314820454327e+00 1.30314982826838956953e+02 8.61838212128323843952e-02
3.09849985651476145243e-01 -3.92209676853743616221e+00 -1.34564614008344629603e+00 1.30316911518436796769e+02 8.65821061334988428815e-02
3.12302309731806226889e-01 -3.91930566293989901538e+00 -1.34556205674236184500e+00 1.30318830894506902496e+02 8.69758850064174249272e-02
3.14752507596926411892e-01 -3.91652248110534406678e+00 -1.34547748838107317226e+00 1.30320740993346191772e+02 8.73651750134666060799e-02
3.17200562565410182359e-01 -3.91374720838530754108e+00 -1.34539244023074866519e+00 1.30322641853122092925e+02 8.77499933702843154526e-02
3.19646457970420572181e-01 -3.91097983017831296593e+00 -1.34530691749772568500e+00 1.30324533511872800773e+02 8.81303573257144201580e-02
3.22090177159823132236e-01 -3.90822033192974727100e+00 -1.34522092536362936066e+00 1.30326416007507503991e+02 8.85062841612435508010e-02
3.24531703496299839262e-01 -3.90546869913173511080e+00 -1.34513446898549449138e+00 1.30328289377806697757e+02 8.88777911904008871558e-02
3.26971020357461672479e-01 -3.90272491732304560585e+00 -1.34504755349590099378e+00 1.30330153660422240591e+02 8.92448957582162027968e-02
3.29408111135962355931e-01 -3.89998897208895156652e+00 -1.34496018400309580443e+00 1.30332008892877837525e+02 8.96076152406510562098e-02
3.31842959239611323685e-01 -3.89726084906113667827e+00 -1.34487236559110590051e+00 1.30333855112569040102e+02 8.99659670440071529418e-02
3.34275548091486185420e-01 -3.89454053391757604174e+00 -1.34478410331985887005e+00 1.30335692356763615862e+02 9.03199686044155736209e-02
3.36705861130046413265e-01 -3.89182801238240649866e+00 -1.34469540222531636076e+00 1.30337520662601662025e+02 9.06696373872350885881e-02
3.39133881809245474326e-01 -3.88912327022582937630e+00 -1.34460626731958798885e+00 1.30339340067096117082e+02 9.10149908865165030436e-02
3.41559593598643573831e-01 -3.88642629326399235978e+00 -1.34451670359103503394e+00 1.30341150607132561845e+02 9.13560466244637131572e-02
3.43982979983520398282e-01 -3.88373706735889001607e+00 -1.34442671600443230950e+00 1.30342952319469901568e+02 9.16928221508584995192e-02
3.46404024464987525533e-01 -3.88105557841821635634e+00 -1.34433630950102389612e+00 1.30344745240740337522e+02 9.20253350425360716613e-02
3.48822710560100557320e-01 -3.87838181239528934086e+00 -1.34424548899869122920e+00 1.30346529407449622795e+02 9.23536029028172722466e-02
3.51239021801971362802e-01 -3.87571575528891854034e+00 -1.34415425939206012451e+00 1.30348304855977346506e+02 9.26776433609992345009e-02
3.53652941739880488647e-01 -3.87305739344645472144e+00 -1.34406262577127066926e+00 1.30350071622601092258e+02 9.29974740829681983945e-02
3.56064453939388791959e-01 -3.87040671235582234289e+00 -1.34397059256520190473e+00 1.30351829743401850692e+02 9.33131127271469434925e-02
3.58473541982449628307e-01 -3.86776369844969769574e+00 -1.34387816480112687323e+00 1.30353579254405360643e+02 9.36245770075552069533e-02
3.60880189467520207103e-01 -3.86512833790704357639e+00 -1.34378534728799703402e+00 1.30355320191448072364e+02 9.39318850135042043847e-02
3.63284380009673946166e-01 -3.86250061695376967208e+00 -1.34369214479401777318e+00 1.30357052590360751765e+02 9.42350538060251208261e-02
3.65686097240711160961e-01 -3.85988052185866870047e+00 -1.34359856208236627673e+00 1.30358776486733347610e+02 9.45341014901557447070e-02
3.68085324809271363655e-01 -3.85726803893589398342e+00 -1.34350460388805337253e+00 1.30360491916069094032e+02 9.48290458621666720873e-02
3.70482046380943785824e-01 -3.85466315454419961029e+00 -1.34341027492375597596e+00 1.30362198913746993867e+02 9.51199047400862335300e-02
3.72876245638379399949e-01 -3.85206585508685650510e+00 -1.34331557987989702596e+00 1.30363897515021960771e+02 9.54066959631458127999e-02
3.75267906281401164570e-01 -3.84947612701153696335e+00 -1.34322052342477316067e+00 1.30365587755025273964e+02 9.56894373912947071581e-02
3.77657012027115768227e-01 -3.84689395681018986295e+00 -1.34312511020466440748e+00 1.30367269668764606649e+02 9.59681469046664431533e-02
3.80043546610023985632e-01 -3.84431933101895983995e+00 -1.34302934484392677561e+00 1.30368943291124423922e+02 9.62428424030880858009e-02
3.82427493782131422417e-01 -3.84175223621806738450e+00 -1.34293323194512415064e+00 1.30370608656866238562e+02 9.65135418055691057804e-02
3.84808837313059592944e-01 -3.83919265903169515397e+00 -1.34283677608912310752e+00 1.30372265800628667876e+02 9.67802630497782007124e-02
3.87187560990155776874e-01 -3.83664058612788760882e+00 -1.34273998183519260863e+00 1.30373914756927916869e+02 9.70430240915690356385e-02
3.89563648618604152496e-01 -3.83409600421845153662e+00 -1.34264285372113345574e+00 1.30375555560157778245e+02 9.73018429044713722975e-02
3.91937084021535264711e-01 -3.83155890005885924054e+00 -1.34254539626335889224e+00 1.30377188244590200839e+02 9.75567374791789093669e-02
3.94307851040136658760e-01 -3.82902926044810287820e+00 -1.34244761395701694973e+00 1.30378812844375175928e+02 9.78077258230759388757e-02
3.96675933533762792305e-01 -3.82650707222862962453e+00 -1.34234951127609170030e+00 1.30380429393541305672e+02 9.80548259597269072918e-02
3.99041315380044780969e-01 -3.82399232228622443230e+00 -1.34225109267350495301e+00 1.30382037925995774685e+02 9.82980559284149513211e-02
4.01403980475000310424e-01 -3.82148499754992387878e+00 -1.34215236258121484170e+00 1.30383638475524776368e+02 9.85374337836168734395e-02
4.03763912733143492950e-01 -3.81898508499186073450e+00 -1.34205332541032351656e+00 1.30385231075793797118e+02 9.87729775945444116170e-02
4.06121096087593724810e-01 -3.81649257162721822212e+00 -1.34195398555119393968e+00 1.30386815760347644755e+02 9.90047054446621804802e-02
4.08475514490185875882e-01 -3.81400744482041931249e+00 -1.34185434774089773491e+00 1.30388392562639893413e+02 9.92326354530366494533e-02
4.10827151911578702936e-01 -3.81152969106001915378e+00 -1.34175441561900177234e+00 1.30389961515917605084e+02 9.94567856883544348934e-02
4.13175992341364761717e-01 -3.80905929779489493825e+00 -1.34165419385752060499e+00 1.30391522653393934661e+02 9.96771742940296828772e-02
4.15522019788178931243e-01 -3.80659625221124153782e+00 -1.34155368676484676449e+00 1.30393076008134073618e+02 9.98938194057282929927e-02
4.17865218279807715263e-01 -3.80414054153775849088e+00 -1.34145289862910166434e+00 1.30394621613083813827e+02 1.00106739171001379862e-01
4.20205571863297211443e-01 -3.80169215304556695756e+00 -1.34135183371828414778e+00 1.30396159501070059150e+02 1.00315951748785700537e-01
4.22543064605062523853e-01 -3.79925107404808359846e+00 -1.34125049628031134397e+00 1.30397689704800768595e+02 1.00521475308967267459e-01
4.24877680590995954191e-01 -3.79681729189849592743e+00 -1.34114889054846941896e+00 1.30399212256721710901e+02 1.00723328339781023621e-01
4.27209403926575026489e-01 -3.79439079399926715297e+00 -1.34104702072069215113e+00 1.30400727189580521781e+02 1.00921528439759045082e-01
4.29538218736971288969e-01 -3.79197156778788802001e+00 -1.34094489099026237255e+00 1.30402234535596846854e+02 1.01116094094424929795e-01
4.31864109167158116698e-01 -3.78955960074601705401e+00 -1.34084250552587214145e+00 1.30403734327006020521e+02 1.01307043512891936654e-01
4.34187059382018403220e-01 -3.78715488039714021085e+00 -1.34073986847666337674e+00 1.30405226595925739730e+02 1.01494394912914523421e-01
4.36507053566452751792e-01 -3.78475739430644830819e+00 -1.34063698397228647785e+00 1.30406711374356490296e+02 1.01678166520459356548e-01
4.38824075925487055994e-01 -3.78236713008075664533e+00 -1.34053385612302844443e+00 1.30408188694181632172e+02 1.01858376569205669182e-01
4.41138110684379691762e-01 -3.77998407536839309273e+00 -1.34043048901988748334e+00 1.30409658587167854193e+02 1.02035043300184549708e-01
4.43449142088729597599e-01 -3.77760821785911282689e+00 -1.34032688673467115237e+00 1.30411121084965174077e+02 1.02208184961225190257e-01
4.45757154404582744966e-01 -3.77523954528397842623e+00 -1.34022305332008961898e+00 1.30412576219107421593e+02 1.02377819806597325503e-01
4.48062131918540051956e-01 -3.77287804541530569225e+00 -1.34011899280984336791e+00 1.30414024021012323828e+02 1.02543966096530561605e-01
4.50364058937863631638e-01 -3.77052370606650333329e+00 -1.34001470921873022668e+00 1.30415464521981846246e+02 1.02706642096788425267e-01
4.52662919790584206137e-01 -3.76817651509206141824e+00 -1.33991020654272841028e+00 1.30416897753202505328e+02 1.02865866078226231295e-01
4.54958698825607410487e-01 -3.76583646038736130635e+00 -1.33980548875906579909e+00 1.30418323745745340148e+02 1.03021656316358928285e-01
4.57251380412820318533e-01 -3.76350353015320227001e+00 -1.33970056037557450068e+00 1.30419742530598853136e+02 1.03174031127480900216e-01
4.59540948943198301890e-01 -3.76117771182960725085e+00 -1.33959542426690192407e+00 1.30421154138540089207e+02 1.03323008724777176681e-01
4.61827388828911278296e-01 -3.75885899370515152995e+00 -1.33949008487203968798e+00 1.30422558600327874956e+02 1.03468607429115067031e-01
4.64110684503429071768e-01 -3.75654736383793741439e+00 -1.33938454609420798391e+00 1.30423955946574722020e+02 1.03610845530357625899e-01
4.66390820421628160553e-01 -3.75424281032651840917e+00 -1.33927881181835584101e+00 1.30425346207779199403e+02 1.03749741320897009844e-01
4.68667781059897148310e-01 -3.75194532130980373807e+00 -1.33917288591122662922e+00 1.30426729414326104006e+02 1.03885313095224807167e-01
4.70941550916242568370e-01 -3.74965488496701571108e+00 -1.33906677222144687711e+00 1.30428105596486716422e+02 1.04017579149510958070e-01
4.73212114510394632472e-01 -3.74737148951752097048e+00 -1.33896047457962064087e+00 1.30429474784419141997e+02 1.04146557781187185099e-01
4.75479456383912424400e-01 -3.74509512322077808832e+00 -1.33885399679843120069e+00 1.30430837008168253988e+02 1.04272267288543787900e-01
4.77743561100288705035e-01 -3.74282577437625496586e+00 -1.33874734267269746013e+00 1.30432192297666489367e+02 1.04394725970305704554e-01
4.80004413245055938653e-01 -3.74056343132331603485e+00 -1.33864051597945787897e+00 1.30433540682733479343e+02 1.04513952125231249224e-01
4.82261997425890265312e-01 -3.73830808244114409788e+00 -1.33853352047809814884e+00 1.30434882193076930434e+02 1.04629964051678694958e-01
4.84516298272717305107e-01 -3.73605971614862708563e+00 -1.33842635991038694243e+00 1.30436216858292254983e+02 1.04742780047237638019e-01
4.86767300437815575442e-01 -3.73381832090428966708e+00 -1.33831903800058604759e+00 1.30437544707863310123e+02 1.04852418408299619124e-01
4.89014988595922406311e-01 -3.73158388520620976081e+00 -1.33821155845552874908e+00 1.30438865771162483043e+02 1.04958897429644010257e-01
4.91259347444337080013e-01 -3.72935639759190840081e+00 -1.33810392496470331736e+00 1.30440180077450804674e+02 1.05062235404079634682e-01
4.93500361703025469673e-01 -3.72713584663826180687e+00 -1.33799614120033161235e+00 1.30441487655878404439e+02 1.05162450622003800227e-01
4.95738016114724178163e-01 -3.72492222096141301080e+00 -1.33788821081745079589e+00 1.30442788535484737622e+02 1.05259561371026780230e-01
4.97972295445044454976e-01 -3.72271550921246197063e+00 -1.33778013745841661830e+00 1.30444082744952396524e+02 1.05353586191618012191e-01
5.00203184482575280434e-01 -3.72051570025898525884e+00 -1.33767192548159830068e+00 1.30445370313609032564e+02 1.05444542923775530507e-01
5.02430668038987948698e-01 -3.71832278248040859481e+00 -1.33756357704331318992e+00 1.30446651269867231804e+02 1.05532449979369294391e-01
5.04654730949138929930e-01 -3.71613674483172662377e+00 -1.33745509643769122654e+00 1.30447925642358484311e+02 1.05617325681931897852e-01
5.06875358071172565921e-01 -3.71395757612394117331e+00 -1.33734648723505578083e+00 1.30449193459572313714e+02 1.05699188299298085791e-01
5.09092534286625153506e-01 -3.71178526520681195677e+00 -1.33723775298904934417e+00 1.30450454749888990591e+02 1.05778056094190803238e-01
5.11306244500527418140e-01 -3.70961980096873267243e+00 -1.33712889723664019037e+00 1.30451709541579901952e+02 1.05853947323793634583e-01
5.13516473641507098513e-01 -3.70746117233663641244e+00 -1.33701992349828779894e+00 1.30452957862807721767e+02 1.05926880239448045762e-01
5.15723206661891864222e-01 -3.70530936827597967564e+00 -1.33691083527799836617e+00 1.30454199741626638342e+02 1.05996873086172865852e-01
5.17926428537812011399e-01 -3.70316437779056473190e+00 -1.33680163606334367898e+00 1.30455435205982610114e+02 1.06063944102396306990e-01
5.20126124269301826075e-01 -3.70102618992251386487e+00 -1.33669232932560255733e+00 1.30456664283713820396e+02 1.06128111519497692061e-01
5.22322278880402501855e-01 -3.69889479375216989609e+00 -1.33658291851982569121e+00 1.30457887002550535271e+02 1.06189393561456346671e-01
5.24514877419263836344e-01 -3.69677017839800692300e+00 -1.33647340708487760708e+00 1.30459103390115700449e+02 1.06247808444518823667e-01
5.26703904958246260648e-01 -3.69465233301652551390e+00 -1.33636379844356234514e+00 1.30460313473925111794e+02 1.06303374376777184929e-01
5.28889346594021980685e-01 -3.69254124680221229582e+00 -1.33625409600267475163e+00 1.30461517281387500589e+02 1.06356109557836475688e-01
5.31071187447676895665e-01 -3.69043690898744536355e+00 -1.33614430315306997876e+00 1.30462714839805016709e+02 1.06406032178441911640e-01
5.33249412664811961449e-01 -3.68833930884234328929e+00 -1.33603442326973542720e+00 1.30463906176373313883e+02 1.06453160420083375870e-01
5.35424007415643554708e-01 -3.68624843567480908746e+00 -1.33592445971189510701e+00 1.30465091318181947599e+02 1.06497512454700349327e-01
5.37594956895105391403e-01 -3.68416427883031349921e+00 -1.33581441582303983573e+00 1.30466270292214431947e+02 1.06539106444261899576e-01
5.39762246322948779920e-01 -3.68208682766676576037e+00 -1.33570429590562955724e+00 1.30467443125375922364e+02 1.06577960618883749166e-01
5.41925860943843207274e-01 -3.68001607161589916473e+00 -1.33559410136862677376e+00 1.30468609844382882557e+02 1.06614092967539861312e-01
5.44085786027477369409e-01 -3.67795200014583079096e+00 -1.33548383643837098589e+00 1.30469770475931056808e+02 1.06647521693984226321e-01
5.46242006868658758201e-01 -3.67589460275152113411e+00 -1.33537350439616631093e+00 1.30470925046582834739e+02 1.06678264916843151822e-01
5.48394508787414136641e-01 -3.67384386896515602317e+00 -1.33526310850798046737e+00 1.30472073582795815128e+02 1.06706340743021432793e-01
5.50543277129089347888e-01 -3.67179978835606046772e+00 -1.33515265202445010395e+00 1.30473216110923260658e+02 1.06731767267340904581e-01
5.52688297264449235335e-01 -3.66976235053056587532e+00 -1.33504213818102512867e+00 1.30474352657214154760e+02 1.06754562572210956461e-01
5.54829554589777229623e-01 -3.66773154513200738691e+00 -1.33493157019799646434e+00 1.30475483247813599519e+02 1.06774744727302209335e-01
5.56967034526974602571e-01 -3.66570736184062839769e+00 -1.33482095128060507250e+00 1.30476607908763156729e+02 1.06792331789154898436e-01
5.59100722523659832142e-01 -3.66368979037342246130e+00 -1.33471028461905438789e+00 1.30477726666000648947e+02 1.06807341800876740012e-01
5.61230604053267856379e-01 -3.66167882048419324192e+00 -1.33459957338866463950e+00 1.30478839545361097407e+02 1.06819792791767217977e-01
5.63356664615148439168e-01 -3.65967444196329338979e+00 -1.33448882074983821155e+00 1.30479946572576210428e+02 1.06829702777041582462e-01
5.65478889734665535194e-01 -3.65767664463773778394e+00 -1.33437802984819953167e+00 1.30481047773275264490e+02 1.06837089757417458280e-01
5.67597264963295100593e-01 -3.65568541837096727676e+00 -1.33426720381469254839e+00 1.30482143172985075807e+02 1.06841971718842049244e-01
5.69711775878724790978e-01 -3.65370075306290198469e+00 -1.33415634576550923285e+00 1.30483232797130085601e+02 1.06844366632115744808e-01
5.71822408084950328799e-01 -3.65172263864974455672e+00 -1.33404545880234870481e+00 1.30484316671033099055e+02 1.06844292452587710796e-01
5.73929147212374757281e-01 -3.64975106482131117502e+00 -1.33393454717698056733e+00 1.30485394819931769916e+02 1.06841767222588340802e-01
5.76031978917906362092e-01 -3.64778602209013724789e+00 -1.33382361167996044138e+00 1.30486467268908995720e+02 1.06836808665987839650e-01
5.78130888885055260751e-01 -3.64582750027470714471e+00 -1.33371265648705872309e+00 1.30487534043002511908e+02 1.06829434786804233770e-01
5.80225862824032101450e-01 -3.64387548945552275370e+00 -1.33360168464208528327e+00 1.30488595167129631136e+02 1.06819663475277187858e-01
5.82316886471844319395e-01 -3.64192997974262011596e+00 -1.33349069917785190142e+00 1.30489650665730465562e+02 1.06807512795993764243e-01
5.84403945592394169495e-01 -3.63999096130092247847e+00 -1.33337970310322839751e+00 1.30490700564254325400e+02 1.06793000232060522614e-01
5.86487025976574760655e-01 -3.63805842431240744617e+00 -1.33326869942252712598e+00 1.30491744886959622818e+02 1.06776143803151479794e-01
5.88566113442367422337e-01 -3.63613235900089870611e+00 -1.33315769112282800357e+00 1.30492783658362299093e+02 1.06756961329236482738e-01
5.90641193834937960894e-01 -3.63421275562591672426e+00 -1.33304668117722879828e+00 1.30493816902878592145e+02 1.06735470611930324814e-01
5.92712253026733248973e-01 -3.63229960448249311611e+00 -1.33293567254486178264e+00 1.30494844644825178648e+02 1.06711689434169643143e-01
5.94779276917577259809e-01 -3.63039289590117997264e+00 -1.33282466817097167144e+00 1.30495866908419628771e+02 1.06685635559896171976e-01
5.96842251434767101514e-01 -3.62849262024795393700e+00 -1.33271367098700221909e+00 1.30496883717780491452e+02 1.06657326733755858372e-01
5.98901162533168496260e-01 -3.62659876792408120139e+00 -1.33260268391064373716e+00 1.30497895096927436498e+02 1.06626780680778687760e-01
6.00955996195312258656e-01 -3.62471132936617657094e+00 -1.33249170984589793143e+00 1.30498901069781794604e+02 1.06594015106088638167e-01
6.03006738431488664709e-01 -3.62283029448718263410e+00 -1.33238075296876767872e+00 1.30499901660169854267e+02 1.06559047818111582440e-01
6.05053375279843597134e-01 -3.62095565482803660728e+00 -1.33226981362870877668e+00 1.30500896891805382438e+02 1.06521896240886190799e-01
6.07095892806472914316e-01 -3.61908740044908050493e+00 -1.33215889592970171407e+00 1.30501886788322963184e+02 1.06482578134935834679e-01
6.09134277105518040507e-01 -3.61722552192696911177e+00 -1.33204800272128176530e+00 1.30502871373252361309e+02 1.06441111122634393671e-01
6.11168514299259779676e-01 -3.61537000987319911971e+00 -1.33193713683962688954e+00 1.30503850670025883574e+02 1.06397512804946400844e-01
6.13198590538213572643e-01 -3.61352085493411889772e+00 -1.33182630110756261566e+00 1.30504824701978833446e+02 1.06351800761096529357e-01
6.15224492001223088877e-01 -3.61167804779083168043e+00 -1.33171549833466751345e+00 1.30505793492349766893e+02 1.06303992548304387933e-01
6.17246204895555039549e-01 -3.60984157915906633818e+00 -1.33160473131722989493e+00 1.30506757064280606073e+02 1.06254105701413789631e-01
6.19263715456992658304e-01 -3.60801143978928662293e+00 -1.33149400283848295956e+00 1.30507715440816923547e+02 1.06202157732698837522e-01
6.21277009949929293064e-01 -3.60618762046636254226e+00 -1.33138331566850220966e+00 1.30508668644908340184e+02 1.06148166131518603694e-01
6.23286074667462219878e-01 -3.60437011200976931136e+00 -1.33127267256429626663e+00 1.30509616699408496743e+02 1.06092148364010999129e-01
6.25290895931486012671e-01 -3.60255890527325339789e+00 -1.33116207627000604496e+00 1.30510559627075451772e+02 1.06034121872854533719e-01
6.27291460092785357894e-01 -3.60075399114499461461e+00 -1.33105152951678062934e+00 1.30511497450571965828e+02 1.05974104076927630458e-01
6.29287753531128202233e-01 -3.59895536054735742937e+00 -1.33094103502295157959e+00 1.30512430192465672008e+02 1.05912112371067360095e-01
6.31279762655358012147e-01 -3.59716300344489159357e+00 -1.33083059689603966369e+00 1.30513357875207447023e+02 1.05848164277595080396e-01
6.33267473903487365661e-01 -3.59537691269670744987e+00 -1.33072021505811965980e+00 1.30514280521211361474e+02 1.05782276846286563132e-01
6.35250873742789323728e-01 -3.59359707844325715342e+00 -1.33060989355497971687e+00 1.30515198152745995230e+02 1.05714467542492987495e-01
6.37229948669889467716e-01 -3.59182349174294612837e+00 -1.33049963505361046323e+00 1.30516110792000858964e+02 1.05644753661957288560e-01
6.39204685210858825073e-01 -3.59005614368812242532e+00 -1.33038944220844079780e+00 1.30517018461071330648e+02 1.05573152474958756319e-01
6.41175069921305018639e-01 -3.58829502540495548502e+00 -1.33027931766137763603e+00 1.30517921181959195565e+02 1.05499681226027736125e-01
6.43141089386463082889e-01 -3.58654012805339794667e+00 -1.33016926404181456967e+00 1.30518818976572674728e+02 1.05424357133699506117e-01
6.45102730221288278578e-01 -3.58479144282704309532e+00 -1.33005928396678974046e+00 1.30519711866726936478e+02 1.05347197390184485477e-01
6.47059979070545909785e-01 -3.58304896095326297356e+00 -1.32994938004092433381e+00 1.30520599874143897523e+02 1.05268219161155890395e-01
6.49012822608903250376e-01 -3.58131267369286909741e+00 -1.32983955485658733586e+00 1.30521483020452961910e+02 1.05187439585442021883e-01
6.50961247541019139007e-01 -3.57958257234020127413e+00 -1.32972981099390152870e+00 1.30522361327190765223e+02 1.05104875774759146112e-01
6.52905240601636016606e-01 -3.57785864822313248723e+00 -1.32962015102077213413e+00 1.30523234815801856712e+02 1.05020544813467300860e-01
6.54844788555668411156e-01 -3.57614089270281487742e+00 -1.32951057749301937427e+00 1.30524103507638528754e+02 1.04934463758269952427e-01
6.56779878198294642111e-01 -3.57442929565968947614e+00 -1.32940109438845466272e+00 1.30524967423905309261e+02 1.04846649817649517633e-01
6.58710496355045971306e-01 -3.57272385139818293709e+00 -1.32929170138369667775e+00 1.30525826585872437136e+02 1.04757119640963097806e-01
6.60636629881896420002e-01 -3.57102455000706564547e+00 -1.32918240241362006770e+00 1.30526681014571295236e+02 1.04665890372076880732e-01
6.62558265665352030815e-01 -3.56933138297996510602e+00 -1.32907319998538353545e+00 1.30527530730988218011e+02 1.04572978954497852744e-01
6.64475390622540684760e-01 -3.56764434184359080504e+00 -1.32896409659424707961e+00 1.30528375756018817810e+02 1.04478402302779577182e-01
6.66387991701300586023e-01 -3.56596341815768713701e+00 -1.32885509472362217664e+00 1.30529216110467785938e+02 1.04382177302251313855e-01
6.68296055880269523897e-01 -3.56428860351479714907e+00 -1.32874619684521144691e+00 1.30530051815049517927e+02 1.04284320808793892765e-01
6.70199570168973357553e-01 -3.56261988954033270716e+00 -1.32863740541892516589e+00 1.30530882890388113537e+02 1.04184849648561200786e-01
6.72098521607914500819e-01 -3.56095726789258870681e+00 -1.32852872289306578324e+00 1.30531709357017746242e+02 1.04083780617749435682e-01
6.73992897268660184906e-01 -3.55930073026248194878e+00 -1.32842015170427885096e+00 1.30532531235382833756e+02 1.03981130482297595696e-01
6.75882684253930277052e-01 -3.55765026837357423162e+00 -1.32831169427772466385e+00 1.30533348545838151722e+02 1.03876915977730160945e-01
6.77767869697685210184e-01 -3.55600587398205680856e+00 -1.32820335302706715730e+00 1.30534161308649288458e+02 1.03771153808784127870e-01
6.79648440765214134629e-01 -3.55436753677295103060e+00 -1.32809513171255422215e+00 1.30534969543331527575e+02 1.03663860927321646588e-01
6.81524384653221182440e-01 -3.55273525258671307725e+00 -1.32798702999111650769e+00 1.30535773271256573480e+02 1.03555053430912147316e-01
6.83395688589913286037e-01 -3.55110901135060030853e+00 -1.32787905160848684893e+00 1.30536572511798453888e+02 1.03444748197596650408e-01
6.85262339835087441742e-01 -3.54948880495023066928e+00 -1.32777119893187278699e+00 1.30537367284867599437e+02 1.03332961806741244204e-01
6.87124325680216641032e-01 -3.54787462530337105449e+00 -1.32766347431731501771e+00 1.30538157610286361887e+02 1.03219710805745337745e-01
6.88981633448537245101e-01 -3.54626646436019044017e+00 -1.32755588010945202448e+00 1.30538943507789156229e+02 1.03105011709824334609e-01
6.90834250495134805092e-01 -3.54466431410286730852e+00 -1.32744841864194595971e+00 1.30539724997022545949e+02 1.02988881001769810863e-01
6.92682164207029549274e-01 -3.54306816654569489700e+00 -1.32734109223724261462e+00 1.30540502097545726201e+02 1.02871335131685309738e-01
6.94525362003264090660e-01 -3.54147801373503900990e+00 -1.32723390320679168752e+00 1.30541274828830466959e+02 1.02752390516776551110e-01
6.96363831334987137822e-01 -3.53989384774915816223e+00 -1.32712685385099926627e+00 1.30542043210261624608e+02 1.02632063541096385517e-01
6.98197559685539759222e-01 -3.53831566069812541997e+00 -1.32701994645948606610e+00 1.30542807261137113528e+02 1.02510370555360996736e-01
7.00026534570540759361e-01 -3.53674344204035229211e+00 -1.32691318447417994086e+00 1.30543567000519544763e+02 1.02387328100187455227e-01
7.01850743537971277775e-01 -3.53517718909601574850e+00 -1.32680656777780070499e+00 1.30544322447811907750e+02 1.02262952018858696568e-01
7.03670174168260054159e-01 -3.53361689159655290027e+00 -1.32670009983507997120e+00 1.30545073621922085749e+02 1.02137258776536607452e-01
7.05484814074367139192e-01 -3.53206254177890111023e+00 -1.32659378289106566484e+00 1.30545820541802754633e+02 1.02010264588015861498e-01
7.07294650901869381698e-01 -3.53051413191158314220e+00 -1.32648761917998014859e+00 1.30546563226321012507e+02 1.01881985633550775638e-01
7.09099672329043584362e-01 -3.52897165429457349006e+00 -1.32638161092549511366e+00 1.30547301694258152338e+02 1.01752438058630018114e-01
7.10899866066950880672e-01 -3.52743510125949111256e+00 -1.32627576034049043940e+00 1.30548035964310514601e+02 1.01621637973754466722e-01
7.12695219859520112671e-01 -3.52590446516919930886e+00 -1.32617006962744188314e+00 1.30548766055089004112e+02 1.01489601454240171985e-01
7.14485721483631763817e-01 -3.52437973841796203800e+00 -1.32606454097829429273e+00 1.30549491985119971105e+02 1.01356344539955151030e-01
7.16271358749200004468e-01 -3.52286091343130891573e+00 -1.32595917657449891003e+00 1.30550213772844870164e+02 1.01221883235123835676e-01
7.18052119499257623936e-01 -3.52134798266581716675e+00 -1.32585397858715725583e+00 1.30550931436620857085e+02 1.01086233508099032630e-01
7.19827991610036854730e-01 -3.51984093513724172197e+00 -1.32574894994554526306e+00 1.30551644994497337393e+02 1.00949411532560873184e-01
7.21598962991052972349e-01 -3.51833977005003006866e+00 -1.32564409113905612436e+00 1.30552354465084505364e+02 1.00811432726752525646e-01
7.23365021585186451780e-01 -3.51684447672975109001e+00 -1.32553940517999313542e+00 1.30553059866287696877e+02 1.00672313185602504970e-01
7.25126155368765124010e-01 -3.51535504775753082640e+00 -1.32543489419663940154e+00 1.30553761216128378919e+02 1.00532068731698495667e-01
7.26882352351645444344e-01 -3.51387147574515834592e+00 -1.32533056030714213591e+00 1.30554458532544600757e+02 1.00390715150674381118e-01
7.28633600577295093004e-01 -3.51239375333546144375e+00 -1.32522640561942650628e+00 1.30555151833391278160e+02 1.00248268190963718549e-01
7.30379888122873355272e-01 -3.51092187320201976064e+00 -1.32512243223152048621e+00 1.30555841136440307082e+02 1.00104743563683748486e-01
7.32121203099313277995e-01 -3.50945582804915012787e+00 -1.32501864223119225628e+00 1.30556526459381075256e+02 9.99601569422905456008e-02
7.33857533651401716668e-01 -3.50799561061160281028e+00 -1.32491503769643492738e+00 1.30557207819820177974e+02 9.98145239625142927098e-02
7.35588867957860936819e-01 -3.50654120973094940439e+00 -1.32481162107924066440e+00 1.30557885235008399150e+02 9.96678604666063616691e-02
7.37315194231428105986e-01 -3.50509262577448588161e+00 -1.32470839349400559826e+00 1.30558558722905388549e+02 9.95201815279758567057e-02
7.39036500718936339993e-01 -3.50364984791149991494e+00 -1.32460535752341268534e+00 1.30559228300625619568e+02 9.93715029080363687619e-02
7.40752775701394416963e-01 -3.50221286899924466596e+00 -1.32450251520397044303e+00 1.30559893985447814657e+02 9.92218400890780977130e-02
7.42464007494066491333e-01 -3.50078168192542049653e+00 -1.32439986856236879831e+00 1.30560555794569069121e+02 9.90712085145737525460e-02
7.44170184446551918889e-01 -3.49935627960794493063e+00 -1.32429741961563807173e+00 1.30561213745105220596e+02 9.89196235889779479367e-02
7.45871294942864193622e-01 -3.49793665499510142425e+00 -1.32419517037115697100e+00 1.30561867854091190111e+02 9.87671006774961529606e-02
7.47567327401510439699e-01 -3.49652280106509438795e+00 -1.32409312282674473948e+00 1.30562518138480783136e+02 9.86136551059264149233e-02
7.49258270275569682184e-01 -3.49511471082644531450e+00 -1.32399127897059454284e+00 1.30563164615147371705e+02 9.84593021604445728379e-02
7.50944112052772227983e-01 -3.49371237731761263845e+00 -1.32388964078150661585e+00 1.30563807300883865992e+02 9.83040570874111757638e-02
7.52624841255577603505e-01 -3.49231578881653703661e+00 -1.32378820978634559324e+00 1.30564446212022772897e+02 9.81479353357981032513e-02
7.54300446441252492313e-01 -3.49092494770101868795e+00 -1.32368698854822919309e+00 1.30565081365918558731e+02 9.79909515843141593061e-02
7.55970916201949338920e-01 -3.48953984260322469524e+00 -1.32358597882243422816e+00 1.30565712778779499104e+02 9.78331212015759316136e-02
7.57636239164782954170e-01 -3.48816046668194612579e+00 -1.32348518254757929746e+00 1.30566340467078504162e+02 9.76744592724940463579e-02
7.59296403991909008013e-01 -3.48678681312581950635e+00 -1.32338460165326576856e+00 1.30566964447209159061e+02 9.75149808412050789208e-02
7.60951399380600634892e-01 -3.48541887515296711086e+00 -1.32328423805968098392e+00 1.30567584735485752390e+02 9.73547009108924610299e-02
7.62601214063325594239e-01 -3.48405664601115905299e+00 -1.32318409367797840126e+00 1.30568201348143588802e+02 9.71936344435598703617e-02
7.64245836807822653824e-01 -3.48270011897773068554e+00 -1.32308417040999604097e+00 1.30568814301339017447e+02 9.70317963598366362010e-02
7.65885256417178750254e-01 -3.48134928217633188297e+00 -1.32298446908071132277e+00 1.30569423610707588068e+02 9.68692017690729878510e-02
7.67519461729904151071e-01 -3.48000413900527316713e+00 -1.32288499335616682728e+00 1.30570029293090186684e+02 9.67058650419923143682e-02
7.69148441620009615249e-01 -3.47866467794731493157e+00 -1.32278574435626672390e+00 1.30570631364005919295e+02 9.65418012080344750681e-02
7.70772184997081555302e-01 -3.47733089239833459416e+00 -1.32268672394416042515e+00 1.30571229839297586750e+02 9.63770250203491718466e-02
7.72390680806357088350e-01 -3.47600277578394134537e+00 -1.32258793397379070811e+00 1.30571824734730398632e+02 9.62115511897634750893e-02
7.74003918028800530493e-01 -3.47468032155837924790e+00 -1.32248937629081275702e+00 1.30572416065991717460e+02 9.60453943847239255405e-02
7.75611885681177226637e-01 -3.47336352320512098402e+00 -1.32239105273138957131e+00 1.30573003848691655548e+02 9.58785692310022558127e-02
7.77214572816129045663e-01 -3.47205237423676216224e+00 -1.32229296512354577153e+00 1.30573588098362733945e+02 9.57110903115801076035e-02
7.78811968522248321278e-01 -3.47074686819443423147e+00 -1.32219511528635291775e+00 1.30574168830460706658e+02 9.55429721664605713372e-02
7.80404061924152570029e-01 -3.46944699270257572721e+00 -1.32209750263165304318e+00 1.30574746059788225239e+02 9.53742294866026102396e-02
7.81990842182558654194e-01 -3.46815275295585445647e+00 -1.32200013325779841544e+00 1.30575319802747372933e+02 9.52048763213967363939e-02
7.83572298494356056509e-01 -3.46686413693613104670e+00 -1.32190300700795826394e+00 1.30575890074036692567e+02 9.50349272871083006198e-02
7.85148420092680932036e-01 -3.46558113828909908349e+00 -1.32180612566081623349e+00 1.30576456888076336327e+02 9.48643965900160118787e-02
7.86719196246989271870e-01 -3.46430375072649132662e+00 -1.32170949099468337806e+00 1.30577020261374940446e+02 9.46932988669244857238e-02
7.88284616263129733760e-01 -3.46303196795161705168e+00 -1.32161310477160154342e+00 1.30577580208222457259e+02 9.45216482408699071316e-02
7.89844669483416361722e-01 -3.46176578370834064913e+00 -1.32151696874780388846e+00 1.30578136743540312636e+02 9.43494589457647137021e-02
7.91399345286702082802e-01 -3.46050519176844950664e+00 -1.32142108467083163603e+00 1.30578689882174160175e+02 9.41767451711820885452e-02
7.92948633088449872375e-01 -3.45925017951120095105e+00 -1.32132545051326277807e+00 1.30579239638198913553e+02 9.40035212032932915305e-02
7.94492522340805029657e-01 -3.45800075334413836714e+00 -1.32123007489962351890e+00 1.30579786027641347346e+02 9.38298008336026501119e-02
7.96031002532667897320e-01 -3.45675690097973342674e+00 -1.32113495636447764170e+00 1.30580329064482526746e+02 9.36555982803187331287e-02
7.97564063189764360651e-01 -3.45551861630546452986e+00 -1.32104009661951615762e+00 1.30580868763267886834e+02 9.34809275535219558195e-02
7.99091693874717567958e-01 -3.45428589323717405435e+00 -1.32094549736767286063e+00 1.30581405138468085170e+02 9.33058026180644539682e-02
8.00613884187118873825e-01 -3.45305872571817218386e+00 -1.32085116030425075984e+00 1.30581938204479541810e+02 9.31302373934888710894e-02
8.02130623763599115428e-01 -3.45183710771954466168e+00 -1.32075708711624240088e+00 1.30582467975624211931e+02 9.29542457538384131466e-02
8.03641902277898334539e-01 -3.45062102663778436096e+00 -1.32066327455487697584e+00 1.30582994465365345604e+02 9.27778416132732097754e-02
8.05147709440937053849e-01 -3.44941048948563100396e+00 -1.32056973339164995807e+00 1.30583517689381352511e+02 9.26010385464396956756e-02
8.06648035000885443857e-01 -3.44820548395623793780e+00 -1.32047646104739269113e+00 1.30584037661049677581e+02 9.24238504059713694705e-02
8.08142868743233711015e-01 -3.44700600413534274935e+00 -1.32038345917336563673e+00 1.30584554394397144961e+02 9.22462908817473087320e-02
8.09632200490861042574e-01 -3.44581204413551356325e+00 -1.32029072941357927817e+00 1.30585067903377080256e+02 9.20683736174686406795e-02
8.11116020104105994726e-01 -3.44462359809661267107e+00 -1.32019827340402007287e+00 1.30585578201869765280e+02 9.18901122103755185755e-02
8.12594317480834105183e-01 -3.44344066018557581899e+00 -1.32010609277271528939e+00 1.30586085303682381209e+02 9.17115202110951183156e-02
8.14067082556508059277e-01 -3.44226321787893319026e+00 -1.32001418266942693869e+00 1.30586589221651109938e+02 9.15326111257240976338e-02
8.15534305304254858449e-01 -3.44109127868829700603e+00 -1.31992255674792113851e+00 1.30587089971162896518e+02 9.13533983568740881598e-02
8.16995975734935098167e-01 -3.43992483032580809166e+00 -1.31983121096414057760e+00 1.30587587564976814747e+02 9.11738953591051254355e-02
8.18452083897210691532e-01 -3.43876386707093972817e+00 -1.31974014691179908354e+00 1.30588082016609774882e+02 9.09941154946425773131e-02
8.19902619877612370836e-01 -3.43760838323058592891e+00 -1.31964936617684314157e+00 1.30588573339506638149e+02 9.08140720782847216119e-02
8.21347573800607411165e-01 -3.43645837313736413066e+00 -1.31955887033801655406e+00 1.30589061547040188316e+02 9.06337783774572858242e-02
8.22786935828667020942e-01 -3.43531383115031507813e+00 -1.31946866096694592763e+00 1.30589546652511586444e+02 9.04532476119955103355e-02
8.24220696162332733259e-01 -3.43417474499711961045e+00 -1.31937873111682657523e+00 1.30590028668111614252e+02 9.02724928297182482861e-02
8.25648845040284129482e-01 -3.43304112238113257050e+00 -1.31928909828157658879e+00 1.30590507608998024125e+02 9.00915273336576200025e-02
8.27071372739403898322e-01 -3.43191295116327221848e+00 -1.31919975649349541236e+00 1.30590983487293442522e+02 8.99103641354561805565e-02
8.28488269574845448417e-01 -3.43079022581425041594e+00 -1.31911070729024282322e+00 1.30591456316013562855e+02 8.97290162622668835413e-02
8.29899525900098078424e-01 -3.42967294083054641263e+00 -1.31902195220180074031e+00 1.30591926108103081106e+02 8.95474966929007687444e-02
8.31305132107052369150e-01 -3.42856109073352355310e+00 -1.31893349275129945219e+00 1.30592392876435923199e+02 8.93658183578012327297e-02
8.32705078626066685921e-01 -3.42745466373346818756e+00 -1.31884532047721991788e+00 1.30592856632689318985e+02 8.91839939091102207325e-02
8.34099355926031127417e-01 -3.42635366716727896019e+00 -1.31875745563448809605e+00 1.30593317391767868685e+02 8.90020365543084668314e-02
8.35487954514433028841e-01 -3.42525808928131825226e+00 -1.31866989085998476128e+00 1.30593775165285990170e+02 8.88199589214343221411e-02
8.36870864937421798935e-01 -3.42416792470755293465e+00 -1.31858262764374223330e+00 1.30594229965836348129e+02 8.86377737448241775908e-02
8.38248077779872757809e-01 -3.42308316810269808173e+00 -1.31849566746912838511e+00 1.30594681805941490893e+02 8.84554937097090793197e-02
8.39619583665451307830e-01 -3.42200381414774934541e+00 -1.31840901181167069467e+00 1.30595130698054276763e+02 8.82731314521099652559e-02
8.40985373256677326559e-01 -3.42092985174940933391e+00 -1.31832265030039441633e+00 1.30595576653326133965e+02 8.80906991830857633019e-02
8.42345437254987894349e-01 -3.41986128748784068421e+00 -1.31823660671808684519e+00 1.30596019686451313646e+02 8.79082100853502135251e-02
8.43699766400801687283e-01 -3.41879811016658496925e+00 -1.31815087193689106648e+00 1.30596459808523491120e+02 8.77256763627551616747e-02
8.45048351473580483528e-01 -3.41774031457603744144e+00 -1.31806544740099651492e+00 1.30596897031718242488e+02 8.75431104519252545337e-02
8.46391183291893445251e-01 -3.41668789552979967894e+00 -1.31798033454647733898e+00 1.30597331368141738039e+02 8.73605247396179590558e-02
8.47728252713479291103e-01 -3.41564084786433852514e+00 -1.31789553480387033879e+00 1.30597762829831509634e+02 8.71779315627938533595e-02
8.49059550635307469513e-01 -3.41459916154114040410e+00 -1.31781103542241484483e+00 1.30598191427403122589e+02 8.69953426307965294040e-02
8.50385067993641552420e-01 -3.41356284172182844472e+00 -1.31772686462993249279e+00 1.30598617175379757782e+02 8.68127712019577252311e-02
8.51704795764099964472e-01 -3.41253187806705682306e+00 -1.31764301108984449584e+00 1.30599040084323036126e+02 8.66302290014445836031e-02
8.53018724961718044497e-01 -3.41150626552068825248e+00 -1.31755947620025826161e+00 1.30599460165996731575e+02 8.64477281636422539846e-02
8.54326846641008552652e-01 -3.41048599904896265755e+00 -1.31747626135301132422e+00 1.30599877432096604934e+02 8.62652807723882780744e-02
8.55629151896023509849e-01 -3.40947107364017654163e+00 -1.31739336793135164427e+00 1.30600291894250176483e+02 8.60828988607931777644e-02
8.56925631860413927754e-01 -3.40846148087886602340e+00 -1.31731078025541448184e+00 1.30600703562532117985e+02 8.59005935551283295037e-02
8.58216277707490537985e-01 -3.40745722344921020408e+00 -1.31722853208017043336e+00 1.30601112451325064967e+02 8.57183783303517993213e-02
8.59501080650284077223e-01 -3.40645829235384711708e+00 -1.31714660933163574263e+00 1.30601518570650199536e+02 8.55362643594745480913e-02
8.60780031941604684143e-01 -3.40546468268502167120e+00 -1.31706501336315540129e+00 1.30601921931865206261e+02 8.53542634703184643907e-02
8.62053122874101962481e-01 -3.40447638955699627417e+00 -1.31698374552052976938e+00 1.30602322546260552372e+02 8.51723874393214702705e-02
8.63320344780323600808e-01 -3.40349340599375915772e+00 -1.31690278840869190446e+00 1.30602720423516956316e+02 8.49906469440173534258e-02
8.64581689032775213555e-01 -3.40251573241310767415e+00 -1.31682217899435038966e+00 1.30603115577800849678e+02 8.48090555602274837055e-02
8.65837147043978516692e-01 -3.40154336104397447826e+00 -1.31674190159333326378e+00 1.30603508018737699103e+02 8.46276240333253271242e-02
8.67086710266529503421e-01 -3.40057628710271853123e+00 -1.31666195752009884679e+00 1.30603897757351035125e+02 8.44463639320165854185e-02
8.68330370193157397019e-01 -3.39961450582454727254e+00 -1.31658234808246032976e+00 1.30604284804597682523e+02 8.42652867733303945208e-02
8.69568118356782493450e-01 -3.39865801212753204652e+00 -1.31650305382351140437e+00 1.30604669169765884362e+02 8.40844027256098247580e-02
8.70799946330572671727e-01 -3.39770680331598162738e+00 -1.31642411560952998784e+00 1.30605050866817236965e+02 8.39037255715539415091e-02
8.72025845728002679813e-01 -3.39676087323485864644e+00 -1.31634551580598535558e+00 1.30605429904980042011e+02 8.37232655742533166121e-02
8.73245808202909201690e-01 -3.39582021721902904687e+00 -1.31626725568999192184e+00 1.30605806294947086599e+02 8.35430340407490035215e-02
8.74459825449549366105e-01 -3.39488483062099355436e+00 -1.31618933652978187254e+00 1.30606180047344878403e+02 8.33630422258140740821e-02
8.75667889202656035685e-01 -3.39395471088696076833e+00 -1.31611173644550416562e+00 1.30606551171078933749e+02 8.31832997128072321180e-02
8.76869991237495205461e-01 -3.39302985101964793557e+00 -1.31603450092461282672e+00 1.30606919679902176767e+02 8.30038206271596079588e-02
8.78066123369920736863e-01 -3.39211024702842722789e+00 -1.31595761002502031900e+00 1.30607285582650916922e+02 8.28246146811979916391e-02
8.79256277456431312167e-01 -3.39119589436273072280e+00 -1.31588106498306345316e+00 1.30607648889690352689e+02 8.26456929174745752453e-02
8.80440445394225390530e-01 -3.39028678848577191829e+00 -1.31580486702591725745e+00 1.30608009611319857868e+02 8.24670663260682335061e-02
8.81618619121255608917e-01 -3.38938293025196024644e+00 -1.31572899149633326665e+00 1.30608367756085243627e+02 8.22887438096285006583e-02
8.82790790616284959391e-01 -3.38848430670886502369e+00 -1.31565348922659053343e+00 1.30608723337502453887e+02 8.21107400108326279664e-02
8.83956951898940523904e-01 -3.38759091679800050656e+00 -1.31557833759754028158e+00 1.30609076364031437834e+02 8.19330640041557867193e-02
8.85117095029768430337e-01 -3.38670275607610271607e+00 -1.31550353780461048991e+00 1.30609426845712988552e+02 8.17557265654444004221e-02
8.86271212110287143204e-01 -3.38581982740480125216e+00 -1.31542906423286876105e+00 1.30609774790856107529e+02 8.15787361836153718242e-02
8.87419295283041753564e-01 -3.38494211437587155800e+00 -1.31535496952938757431e+00 1.30610120212689679420e+02 8.14021076613745953043e-02
8.88561336731657602783e-01 -3.38406961768024006076e+00 -1.31528123013128306340e+00 1.30610463119426157164e+02 8.12258496804137697378e-02
8.89697328680893129160e-01 -3.38320233296322037120e+00 -1.31520784719911065785e+00 1.30610803520849316328e+02 8.10499728009598796596e-02
8.90827263396692936581e-01 -3.38234026557823863612e+00 -1.31513479395741605948e+00 1.30611141425044309017e+02 8.08744850432065037760e-02
8.91951133186240308071e-01 -3.38148339475373571617e+00 -1.31506212528310517662e+00 1.30611476844938067643e+02 8.06994014696858635860e-02
8.93068930398010163429e-01 -3.38063172334908434991e+00 -1.31498981645744561497e+00 1.30611809788504046992e+02 8.05247303196389846436e-02
8.94180647421820240517e-01 -3.37978524709398397974e+00 -1.31491786860521808755e+00 1.30612140265270710415e+02 8.03504819361403194167e-02
8.95286276688883719821e-01 -3.37894396172826194658e+00 -1.31484628283255133852e+00 1.30612468284701634502e+02 8.01766666081173279279e-02
8.96385810671860183696e-01 -3.37810787911017618157e+00 -1.31477502896216580375e+00 1.30612793854647918579e+02 8.00032913717569765799e-02
8.97479241884907241733e-01 -3.37727696666439580753e+00 -1.31470416857471472660e+00 1.30613116987602836616e+02 7.98303723687377453366e-02
8.98566562883731378975e-01 -3.37645123291040727409e+00 -1.31463367353955518091e+00 1.30613437691259946405e+02 7.96579169226676458981e-02
8.99647766265638582084e-01 -3.37563067365073754544e+00 -1.31456354491343008206e+00 1.30613755974005158578e+02 7.94859345780320608599e-02
9.00722844669584632449e-01 -3.37481530517504646483e+00 -1.31449375116265776420e+00 1.30614071845189528176e+02 7.93144327643649088566e-02
9.01791790776225510307e-01 -3.37400508691857492494e+00 -1.31442435659724932151e+00 1.30614385316046622165e+02 7.91434277012791065342e-02
9.02854597307967132735e-01 -3.37320003125537937194e+00 -1.31435533162818596331e+00 1.30614696394101855503e+02 7.89729261049363362446e-02
9.03911257029014647557e-01 -3.37240013407283401037e+00 -1.31428667727379422381e+00 1.30615005088313068882e+02 7.88029378252873002886e-02
9.04961762745422060306e-01 -3.37160541711276939836e+00 -1.31421836064006392064e+00 1.30615311406327975874e+02 7.86334685084988382897e-02
9.06006107305140861996e-01 -3.37081582980669747229e+00 -1.31415044878549225338e+00 1.30615615359630197645e+02 7.84645356599610599435e-02
9.07044283598068878938e-01 -3.37003138933876078553e+00 -1.31408291062756132916e+00 1.30615916955627653806e+02 7.82961453021484982129e-02
9.08076284556099455614e-01 -3.36925211884515851679e+00 -1.31401571370420078289e+00 1.30616216201870457780e+02 7.81283028299051413024e-02
9.09102103153167639960e-01 -3.36847796534091470377e+00 -1.31394892423234077583e+00 1.30616513109495741674e+02 7.79610257391211841638e-02
9.10121732405300032376e-01 -3.36770894723529012893e+00 -1.31388251146309631423e+00 1.30616807685799074079e+02 7.77943198106614691723e-02
9.11135165370661193052e-01 -3.36694506054138464890e+00 -1.31381647632652032165e+00 1.30617099939301425593e+02 7.76281945050928262608e-02
9.12142395149601159510e-01 -3.36618633590953253432e+00 -1.31375078524231869714e+00 1.30617389877615210025e+02 7.74626543062972849896e-02
9.13143414884702742107e-01 -3.36543270647062531253e+00 -1.31368550685423657320e+00 1.30617677511086242248e+02 7.72977177998379755275e-02
9.14138217760827709313e-01 -3.36468419725904288597e+00 -1.31362060899414245796e+00 1.30617962847000626425e+02 7.71333899150416779644e-02
9.15126797005163528098e-01 -3.36394084156429595822e+00 -1.31355605852122314658e+00 1.30618245892945679998e+02 7.69696747720753776667e-02
9.16109145887269216146e-01 -3.36320256774334191974e+00 -1.31349192329743713614e+00 1.30618526658796952233e+02 7.68065911582610366670e-02
9.17085257719121638154e-01 -3.36246940315482722994e+00 -1.31342817141246914758e+00 1.30618805151785437602e+02 7.66441436574497592105e-02
9.18055125855160469861e-01 -3.36174134391508028230e+00 -1.31336480367173336070e+00 1.30619081379996572423e+02 7.64823413363951987165e-02
9.19018743692333606177e-01 -3.36101843371850339537e+00 -1.31330178670583475053e+00 1.30619355351314737845e+02 7.63211871938631603030e-02
9.19976104670142347253e-01 -3.36030058152669708349e+00 -1.31323918927684091251e+00 1.30619627074401279287e+02 7.61607015094342004735e-02
9.20927202270686140473e-01 -3.35958782391876997764e+00 -1.31317697865950822056e+00 1.30619896556671534427e+02 7.60008878163431766950e-02
9.21872030018706323240e-01 -3.35888020901680306451e+00 -1.31311512240121230910e+00 1.30620163806125930250e+02 7.58417486129914636406e-02
9.22810581481630642919e-01 -3.35817763760626064595e+00 -1.31305368767743790848e+00 1.30620428830703218637e+02 7.56833046407226761598e-02
9.23742850269617443715e-01 -3.35748015019269185899e+00 -1.31299264232643708716e+00 1.30620691637879559721e+02 7.55255589584165332173e-02
9.24668830035598299233e-01 -3.35678780017532130131e+00 -1.31293195509666160703e+00 1.30620952235843930112e+02 7.53685135020421420604e-02
9.25588514475321866293e-01 -3.35610047853534476658e+00 -1.31287169108785861660e+00 1.30621210631681350378e+02 7.52121895944235646647e-02
9.26501897327396517490e-01 -3.35541823047025555837e+00 -1.31281181888524756118e+00 1.30621466832987920270e+02 7.50565897602595843985e-02
9.27408972373333306827e-01 -3.35474111562810817233e+00 -1.31275230888225213910e+00 1.30621720848233735524e+02 7.49017153080930725428e-02
9.28309733437587714100e-01 -3.35406901333113882657e+00 -1.31269322332476301440e+00 1.30621972683482312050e+02 7.47475882677688108213e-02
9.29204174387602388485e-01 -3.35340197434614939453e+00 -1.31263453187320866533e+00 1.30622222346526797310e+02 7.45942105673875616167e-02
9.30092289133848337812e-01 -3.35274006566888882475e+00 -1.31257620718174727870e+00 1.30622469846232917234e+02 7.44415828200714335683e-02
9.30974071629866561928e-01 -3.35208315285394142791e+00 -1.31251830752052445206e+00 1.30622715187431310824e+02 7.42897278939962518729e-02
9.31849515872309464015e-01 -3.35143129323896937777e+00 -1.31246080410070886657e+00 1.30622958378208835484e+02 7.41386470543953929324e-02
9.32718615900981373734e-01 -3.35078456241280164818e+00 -1.31240367271343227884e+00 1.30623199427972139119e+02 7.39883401508786148204e-02
9.33581365798879514450e-01 -3.35014280976694678316e+00 -1.31234696606564504862e+00 1.30623438340051052364e+02 7.38388310238878159408e-02
9.34437759692233416153e-01 -3.34950610035344231719e+00 -1.31229065759238117117e+00 1.30623675122947730642e+02 7.36901202065169819155e-02
9.35287791750546215752e-01 -3.34887451975851702102e+00 -1.31223472742600577590e+00 1.30623909786792637533e+02 7.35422067188148398387e-02
9.36131456186633403860e-01 -3.34824789849367565608e+00 -1.31217922052164981395e+00 1.30624142333076406430e+02 7.33951155064914706472e-02
9.36968747256662348732e-01 -3.34762639880206647192e+00 -1.31212409462588719400e+00 1.30624372774118427287e+02 7.32488374901294758690e-02
9.37799659260191820209e-01 -3.34700985333449629877e+00 -1.31206939240586351048e+00 1.30624601111259835307e+02 7.31033972293424483269e-02
9.38624186540210181384e-01 -3.34639833518274043556e+00 -1.31201509152033213290e+00 1.30624827353468333513e+02 7.29587944692052237095e-02
9.39442323483174468457e-01 -3.34579194100772170373e+00 -1.31196117951509139132e+00 1.30625051511785045477e+02 7.28150273246857271392e-02
9.40254064519048693427e-01 -3.34519048046624778436e+00 -1.31190768776245536564e+00 1.30625273585175619928e+02 7.26721216546940829151e-02
9.41059404121340592475e-01 -3.34459403764461304931e+00 -1.31185459862789266516e+00 1.30625493583422070287e+02 7.25300762991125808066e-02
9.41858336807141038882e-01 -3.34400272316810776019e+00 -1.31180190827608811333e+00 1.30625711518886902240e+02 7.23888883973344138267e-02
9.42650857137159903232e-01 -3.34341632012963829723e+00 -1.31174963243906050891e+00 1.30625927387582095207e+02 7.22485852112289134164e-02
9.43436959715763689971e-01 -3.34283504030445666189e+00 -1.31169775900594487439e+00 1.30626141206570423492e+02 7.21091542998117951413e-02
9.44216639191012285792e-01 -3.34225866538963023444e+00 -1.31164629921028308424e+00 1.30626352971319420249e+02 7.19706227485822913614e-02
9.44989890254695485972e-01 -3.34168729291923405356e+00 -1.31159524401487193046e+00 1.30626562692764338180e+02 7.18329883358802961935e-02
9.45756707642368521505e-01 -3.34112105098172174067e+00 -1.31154460464796152053e+00 1.30626770385217014336e+02 7.16962470961730879981e-02
9.46517086133388918512e-01 -3.34055968939645886451e+00 -1.31149436911490524516e+00 1.30626976040223553355e+02 7.15604276216238455177e-02
9.47271020550951026173e-01 -3.34000345479595139864e+00 -1.31144455429676676239e+00 1.30627179678935959828e+02 7.14255154934520658516e-02
9.48018505762121987956e-01 -3.33945209285285704581e+00 -1.31139514086088504463e+00 1.30627381291947244790e+02 7.12915392357212351904e-02
9.48759536677876158528e-01 -3.33890585506413106742e+00 -1.31134615354608996540e+00 1.30627580901219403131e+02 7.11584842318978144649e-02
9.49494108253130075781e-01 -3.33836448169568145161e+00 -1.31129756450164758341e+00 1.30627778496215199766e+02 7.10263789914802046166e-02
9.50222215486776988769e-01 -3.33782823037028952839e+00 -1.31124940761679997792e+00 1.30627974099894856863e+02 7.08952086513554707858e-02
9.50943853421720053376e-01 -3.33729683467921312001e+00 -1.31120164510633174793e+00 1.30628167700391628614e+02 7.07650017495705663251e-02
9.51659017144907415364e-01 -3.33677041550483410859e+00 -1.31115428909575304495e+00 1.30628359311190507697e+02 7.06357544704903222987e-02
9.52367701787364628885e-01 -3.33624913087263141875e+00 -1.31110738754372446735e+00 1.30628548950923999428e+02 7.05074614179264230751e-02
9.53069902524227741125e-01 -3.33573267322817024194e+00 -1.31106086026782442389e+00 1.30628736601559182873e+02 7.03801525349977141754e-02
9.53765614574776932066e-01 -3.33522134970235528684e+00 -1.31101479641820972688e+00 1.30628922293342355943e+02 7.02538109426943113700e-02
9.54454833202468377884e-01 -3.33471484311456567440e+00 -1.31096909946549033954e+00 1.30629106006161094911e+02 7.01284665665145301450e-02
9.55137553714966891505e-01 -3.33421347092835818060e+00 -1.31092387610801663911e+00 1.30629287772263865008e+02 7.00041023106599685777e-02
9.55813771464177897030e-01 -3.33371690511794760425e+00 -1.31087901081023061600e+00 1.30629467569146044070e+02 6.98807480619115101161e-02
9.56483481846278404959e-01 -3.33322547466444740749e+00 -1.31083463067781269551e+00 1.30629645431388439647e+02 6.97583865410628806147e-02
9.57146680301749208652e-01 -3.33273883953048732920e+00 -1.31079059810579479084e+00 1.30629821333746377832e+02 6.96370475509016650939e-02
9.57803362315405748539e-01 -3.33225734135812734493e+00 -1.31074706388630923826e+00 1.30629995313500927523e+02 6.95167136861766649103e-02
9.58453523416427977111e-01 -3.33178062702453159361e+00 -1.31070386476457878544e+00 1.30630167342275029796e+02 6.93974145867164021739e-02
9.59097159178392222323e-01 -3.33130905183515091394e+00 -1.31066117908863954966e+00 1.30630337460466449784e+02 6.92791328204475503894e-02
9.59734265219300386462e-01 -3.33084224865931499693e+00 -1.31061881378090272499e+00 1.30630505636125178626e+02 6.91618977424701547596e-02
9.60364837201609811146e-01 -3.33038058729118091605e+00 -1.31057697922240290467e+00 1.30630671913230969494e+02 6.90456920390457168368e-02
9.60988870832263142319e-01 -3.32992368587593245977e+00 -1.31053544768240892715e+00 1.30630836255768230103e+02 6.89305446075835770436e-02
9.61606361862717418099e-01 -3.32947192936255254025e+00 -1.31049446675177949651e+00 1.30630998711822059022e+02 6.88164384468293033326e-02
9.62217306088972823552e-01 -3.32902511731006445217e+00 -1.31045390742033185383e+00 1.30631159263911399648e+02 6.87033908050967145886e-02
9.62821699351601556494e-01 -3.32858306008063342674e+00 -1.31041364351697331436e+00 1.30631317895334404966e+02 6.85914181532553124399e-02
9.63419537535776138171e-01 -3.32814613988025653768e+00 -1.31037394112156424519e+00 1.30631474655566336196e+02 6.84805043394501183895e-02
9.64010816571297390887e-01 -3.32771396200730329440e+00 -1.31033451077552420827e+00 1.30631629501942370553e+02 6.83706762605941764654e-02
9.64595532432621638463e-01 -3.32728692506633150217e+00 -1.31029566755821202939e+00 1.30631782489230232613e+02 6.82619185445592774331e-02
9.65173681138889238973e-01 -3.32686461826658064211e+00 -1.31025706896332105877e+00 1.30631933568881180463e+02 6.81542568471086990245e-02
9.65745258753950674979e-01 -3.32644745612014736125e+00 -1.31021908712569090660e+00 1.30632082801697123386e+02 6.80476770189595431271e-02
9.66310261386393642979e-01 -3.32603522461590994652e+00 -1.31018153047241470155e+00 1.30632230163291580993e+02 6.79421941480595759089e-02
9.66868685189569476712e-01 -3.32562771700824200138e+00 -1.31014419925120106925e+00 1.30632375628818522273e+02 6.78378223133980912118e-02
9.67420526361620347622e-01 -3.32522534817611248315e+00 -1.31010750667566355787e+00 1.30632519262792811787e+02 6.77345490562978602700e-02
9.67965781145503245675e-01 -3.32482790447190357241e+00 -1.31007124102503591523e+00 1.30632661038787801999e+02 6.76323883277981652284e-02
9.68504445829016735736e-01 -3.32443517827458423497e+00 -1.31003517570969196804e+00 1.30632800929214056396e+02 6.75313528432585630235e-02
9.69036516744826603720e-01 -3.32404758552371193403e+00 -1.30999977651587684591e+00 1.30632939003438167447e+02 6.74314323481249866532e-02
9.69561990270489948429e-01 -3.32366470078843612157e+00 -1.30996453467882445487e+00 1.30633075196073292545e+02 6.73326454269217306026e-02
9.70080862828479939530e-01 -3.32328695129082829496e+00 -1.30993000348690746826e+00 1.30633209585210238401e+02 6.72349849800433080338e-02
9.70593130886211241659e-01 -3.32291411799327418564e+00 -1.30989590125713939450e+00 1.30633342137270773264e+02 6.71384617718118886787e-02
9.71098790956062218882e-01 -3.32254598906324405405e+00 -1.30986191747595115409e+00 1.30633472816223473956e+02 6.70430845236201222725e-02
9.71597839595400469825e-01 -3.32218298809197687405e+00 -1.30982868494630189105e+00 1.30633601707374083389e+02 6.69488501157607662773e-02
9.72090273406605143158e-01 -3.32182489834707794785e+00 -1.30979588263192359143e+00 1.30633728773354476971e+02 6.68557670338875004168e-02
9.72576089037090585343e-01 -3.32147151189719735953e+00 -1.30976315062224113461e+00 1.30633853973451238062e+02 6.67638410676913568453e-02
9.73055283179328878163e-01 -3.32112324412395976125e+00 -1.30973121925295599155e+00 1.30633977401700178689e+02 6.66730744033716959951e-02
9.73527852570872820337e-01 -3.32077988275025415277e+00 -1.30969971918286187673e+00 1.30634099016185217579e+02 6.65834725999434190458e-02
9.73993793994377243806e-01 -3.32044142632106042967e+00 -1.30966865111117236609e+00 1.30634218820638977832e+02 6.64950400544553621440e-02
9.74453104277621995344e-01 -3.32010767895958158746e+00 -1.30963760201245627002e+00 1.30634336769622905194e+02 6.64077786606400294334e-02
9.74905780293532697733e-01 -3.31977903181529043763e+00 -1.30960740574286438331e+00 1.30634452965704753069e+02 6.63216975591997964790e-02
9.75351818960202621156e-01 -3.31945528513489662714e+00 -1.30957764228669337747e+00 1.30634567362500973786e+02 6.62367984958776440108e-02
9.75791217240913111297e-01 -3.31913625731826122944e+00 -1.30954782492413901451e+00 1.30634679908044375907e+02 6.61530782455131555198e-02
9.76223972144155016650e-01 -3.31882231133252947330e+00 -1.30951893330278035243e+00 1.30634790717333487464e+02 6.60705555380933090559e-02
9.76650080723648006398e-01 -3.31851326167502236331e+00 -1.30949047512998784093e+00 1.30634899737594992075e+02 6.59892270748974052452e-02
9.77069540078361775670e-01 -3.31820910697866722217e+00 -1.30946245098682467756e+00 1.30635006972175602868e+02 6.59090968242271452171e-02
9.77482347352534808316e-01 -3.31790984595185589612e+00 -1.30943486136848297186e+00 1.30635112424363683203e+02 6.58301686835116584007e-02
9.77888499735694360915e-01 -3.31761532971132355740e+00 -1.30940713601657399145e+00 1.30635216035432222270e+02 6.57524320400489775684e-02
9.78287994462675891683e-01 -3.31732585698165438615e+00 -1.30938041759461465396e+00 1.30635317932755299353e+02 6.56759191884643683812e-02
9.78680828813640935060e-01 -3.31704127429846762354e+00 -1.30935413409473988544e+00 1.30635418057136689640e+02 6.56006197027036996872e-02
9.79067000114096308572e-01 -3.31676158047770197612e+00 -1.30932828611304041821e+00 1.30635516411664468706e+02 6.55265372373011190099e-02
9.79446505734912542529e-01 -3.31648667099648708501e+00 -1.30930219448750340128e+00 1.30635612929025654694e+02 6.54536514328286217479e-02
9.79819343092340866441e-01 -3.31621675777278479558e+00 -1.30927721663234164495e+00 1.30635707752914385082e+02 6.53820130265446441964e-02
9.80185509648031860763e-01 -3.31595173030089362953e+00 -1.30925267459119676339e+00 1.30635800815770608096e+02 6.53116021289309039988e-02
9.80545002909051777173e-01 -3.31569158752770265508e+00 -1.30922856888183658519e+00 1.30635892120466934330e+02 6.52424221399040271674e-02
9.80897820427900302143e-01 -3.31543632839408219937e+00 -1.30920490004657597005e+00 1.30635981669824559503e+02 6.51744764015012439939e-02
9.81243959802526766190e-01 -3.31518595188811415753e+00 -1.30918166841225636077e+00 1.30636069466592857680e+02 6.51077681809000829993e-02
9.81583418676346575182e-01 -3.31494043738616372963e+00 -1.30915805388793904385e+00 1.30636155433473533094e+02 6.50422619539455931781e-02
9.81916194738257197550e-01 -3.31469983259823575139e+00 -1.30913569220223213740e+00 1.30636239732992947893e+02 6.49780371882536234018e-02
9.82242285722654373536e-01 -3.31446410788072798326e+00 -1.30911376864206152604e+00 1.30636322287868551939e+02 6.49150593334234110587e-02
9.82561689409446659127e-01 -3.31423326238077420314e+00 -1.30909228399669741449e+00 1.30636403100688994527e+02 6.48533314252478509943e-02
9.82874403624071413255e-01 -3.31400729500046331566e+00 -1.30907123887246079619e+00 1.30636482173959706188e+02 6.47928564543353707750e-02
9.83180426237509119680e-01 -3.31378620497163245417e+00 -1.30905063392005627243e+00 1.30636559510153887231e+02 6.47336373219001559587e-02
9.83479755166297819891e-01 -3.31356999136395469208e+00 -1.30903047002385441999e+00 1.30636635111705970758e+02 6.46756768963244466075e-02
9.83772388372547657021e-01 -3.31335877315731552883e+00 -1.30900974436208072937e+00 1.30636708889800900124e+02 6.46189170098102061424e-02
9.84058323863954753641e-01 -3.31315232281494154165e+00 -1.30899045608665942630e+00 1.30636781028865271992e+02 6.45634806705883551592e-02
9.84337559693814090345e-01 -3.31295074625770702426e+00 -1.30897161144652574016e+00 1.30636851440273318303e+02 6.45093112641781096794e-02
9.84610093961033494558e-01 -3.31275404228114300764e+00 -1.30895321152218113703e+00 1.30636920126253272656e+02 6.44564114555657430294e-02
9.84875924810146630151e-01 -3.31256220991150618360e+00 -1.30893525746188243986e+00 1.30636987088998722584e+02 6.44047838308538511676e-02
9.85135050431324765796e-01 -3.31237524794883331225e+00 -1.30891775082370420691e+00 1.30637052330679097167e+02 6.43544309581720458402e-02
9.85387469060390319697e-01 -3.31219315520027945965e+00 -1.30890069283647769716e+00 1.30637115853379611963e+02 6.43053553288435303381e-02
9.85633178978827628747e-01 -3.31201624284501106033e+00 -1.30888288291390963991e+00 1.30637177557728705324e+02 6.42574702491539723193e-02
9.85872178513795716093e-01 -3.31184389971717108025e+00 -1.30886672045105245665e+00 1.30637237648639938925e+02 6.42109546663811175948e-02
9.86104466038138838258e-01 -3.31167642140865758904e+00 -1.30885101220079591577e+00 1.30637296026653530134e+02 6.41657236103226197299e-02
9.86330039970398142479e-01 -3.31151380632354097600e+00 -1.30883576011966162866e+00 1.30637352693695561356e+02 6.41217794070769314674e-02
9.86548898774822102808e-01 -3.31135605287925027795e+00 -1.30882096616793752730e+00 1.30637407651640614858e+02 6.40791243215895756080e-02
9.86761040961377400293e-01 -3.31120315924647190542e+00 -1.30880663226752380623e+00 1.30637460902295060805e+02 6.40377605809488714694e-02
9.86966465085758248854e-01 -3.31105563708752193008e+00 -1.30879139051589543641e+00 1.30637512339087351165e+02 6.39975736173764297998e-02
9.87165169749397164445e-01 -3.31091246758176627196e+00 -1.30877798537136147417e+00 1.30637562181070990164e+02 6.39587981955897638686e-02
9.87357153599473957861e-01 -3.31077415081865611413e+00 -1.30876504845559393786e+00 1.30637610321028461158e+02 6.39213207096528263085e-02
9.87542415328925060614e-01 -3.31064068501874064765e+00 -1.30875258206005207207e+00 1.30637656760595405103e+02 6.38851431597695224029e-02
9.87720953676452295689e-01 -3.31051206801556574533e+00 -1.30874058828140849009e+00 1.30637701501316968233e+02 6.38502675142799541730e-02
9.87892767426531648312e-01 -3.31038898144655791000e+00 -1.30872758208519357481e+00 1.30637744432883920354e+02 6.38165567326208216237e-02
9.88057855409421592618e-01 -3.31027005371384897003e+00 -1.30871655494852823232e+00 1.30637785781663467333e+02 6.37842914875920569129e-02
9.88216216501170752196e-01 -3.31015596664876099453e+00 -1.30870600891643396047e+00 1.30637825436057624984e+02 6.37533339565083678746e-02
9.88367849623625893685e-01 -3.31004671894364355111e+00 -1.30869594594750893179e+00 1.30637863397430237455e+02 6.37236857771334014311e-02
9.88512753744439143233e-01 -3.30994311648021621863e+00 -1.30868480827221933538e+00 1.30637899553947761433e+02 6.36951940641610342420e-02
9.88650927877074869876e-01 -3.30984352400104508973e+00 -1.30867574438269440584e+00 1.30637934134796353192e+02 6.36681724954488298396e-02
9.88782371080816346876e-01 -3.30974876458100153442e+00 -1.30866717006851818184e+00 1.30637967026351020650e+02 6.36424650935091956727e-02
9.88907082460772635102e-01 -3.30965973867876828152e+00 -1.30865747495780615495e+00 1.30637998115897232765e+02 6.36179070325093021232e-02
9.89025061167884578239e-01 -3.30957460827754657018e+00 -1.30864992286242620700e+00 1.30638027634247578135e+02 6.35948371472943863036e-02
9.89136306398929687766e-01 -3.30949530717534745605e+00 -1.30864118972756382497e+00 1.30638055351133544946e+02 6.35729065068214721501e-02
9.89240817396528693273e-01 -3.30941978712565010312e+00 -1.30863467517432230380e+00 1.30638081500569967375e+02 6.35524809206604313072e-02
9.89338593449150427439e-01 -3.30935017233222250610e+00 -1.30862693740321467395e+00 1.30638105849683739734e+02 6.35331870498634238009e-02
9.89429633891116377953e-01 -3.30928424898078787919e+00 -1.30862147148519469830e+00 1.30638128633905694187e+02 6.35154113702071920766e-02
9.89513938102605350444e-01 -3.30922428167492332918e+00 -1.30861475996416443124e+00 1.30638149619460136819e+02 6.34987630509534772827e-02
9.89591505509657798356e-01 -3.30916794941464109669e+00 -1.30861034801141884465e+00 1.30638169041570165518e+02 6.34836413389804343765e-02
9.89662335584179708725e-01 -3.30911759520313220051e+00 -1.30860468871327451090e+00 1.30638186667093492588e+02 6.34696462032336428116e-02
9.89726427843945932850e-01 -3.30907085819110191593e+00 -1.30860132961416009145e+00 1.30638202729611009545e+02 6.34571807720887837156e-02
9.89783781852604072071e-01 -3.30903009033150974361e+00 -1.30859674254100122326e+00 1.30638216997996011060e+02 6.34458449346421704540e-02
9.89834397219676587198e-01 -3.30899414828879390171e+00 -1.30859266974240462389e+00 1.30638229587940628562e+02 6.34358352958977189662e-02
9.89878273600564240198e-01 -3.30896302059875191404e+00 -1.30858912026500329162e+00 1.30638240500176522119e+02 6.34271538667885714791e-02
9.89915410696548092595e-01 -3.30893538098640416223e+00 -1.30858794531239852610e+00 1.30638249852250027061e+02 6.34200202957492936706e-02
9.89945808254791503877e-01 -3.30891379742789437657e+00 -1.30858549778587973655e+00 1.30638257411404396180e+02 6.34140073521239494569e-02
9.89969466068341796827e-01 -3.30889700831445487950e+00 -1.30858358702963073483e+00 1.30638263294084680410e+02 6.34093262121552952992e-02
