00000000000000000000 -4.32709214567629540937e+00 -1.35036768384764438444e+00 00000000000000000130 1.46677905034094759744e-24
2.58315720529896097890e-03 -4.32282041788928594883e+00 -1.35039354008580247957e+00 1.30003719570676963713e+02 1.16095688151058684494e-03
5.16629682395841009074e-03 -4.31856004907382828861e+00 -1.35041803933687099004e+00 1.30007426595534951730e+02 2.31835205881478125661e-03
7.74940126945856955221e-03 -4.31431101348139733886e+00 -1.35044119126967920863e+00 1.30011121115638275114e+02 3.47218834494347370831e-03
1.03324529555191297475e-02 -4.31007328544886991750e+00 -1.35046300550453635125e+00 1.30014803171901661472e+02 4.62246861042191117125e-03
1.29154342962189676997e-02 -4.30584683939727508317e+00 -1.35048349161355663028e+00 1.30018472805090283373e+02 5.76919578270228446126e-03
1.54983277061159028382e-02 -4.30163164983173906819e+00 -1.35050265912088596210e+00 1.30022130055820269945e+02 6.91237284560437380970e-03
1.80811156003663868475e-02 -4.29742769134121882502e+00 -1.35052051750295065702e+00 1.30025774964559190039e+02 8.05200283875526744148e-03
2.06637803948452533631e-02 -4.29323493859825688901e+00 -1.35053707618870144636e+00 1.30029407571626364870e+02 9.18808885703754039953e-03
2.32463045062654173611e-02 -4.28905336635871758943e+00 -1.35055234455986106212e+00 1.30033027917193606982e+02 1.03206340500377156955e-02
2.58286703522975918945e-02 -4.28488294946154102405e+00 -1.35056633195115827206e+00 1.30036636041285277088e+02 1.14496416215006877048e-02
2.84108603516900135033e-02 -4.28072366282848104646e+00 -1.35057904765058123253e+00 1.30040231983779023039e+02 1.25751148287876288873e-02
3.09928569243880722150e-02 -4.27657548146385835253e+00 -1.35059050089960974717e+00 1.30043815784406092462e+02 1.36970569823368099743e-02
3.35746424916540803229e-02 -4.27243838045430912587e+00 -1.35060070089344796962e+00 1.30047387482751844345e+02 1.48154714451290952376e-02
3.61561994761869162640e-02 -4.26831233496852480158e+00 -1.35060965678128064305e+00 1.30050947118256175372e+02 1.59303616321570494507e-02
3.87375103022416650278e-02 -4.26419732025701581080e+00 -1.35061737766648559678e+00 1.30054494730213804132e+02 1.70417310098960918252e-02
4.13185573957493418318e-02 -4.26009331165185223256e+00 -1.35062387260688887558e+00 1.30058030357775010089e+02 1.81495830957842350928e-02
4.38993231844364839578e-02 -4.25600028456641421570e+00 -1.35062915061498189928e+00 1.30061554039945804107e+02 1.92539214576967453174e-02
4.64797900979448119774e-02 -4.25191821449514861797e+00 -1.35063322065816748818e+00 1.30065065815588525311e+02 2.03547497134364888116e-02
4.90599405679508632216e-02 -4.24784707701332386875e+00 -1.35063609165898390607e+00 1.30068565723422153724e+02 2.14520715302134734603e-02
5.16397570282855211676e-02 -4.24378684777677950279e+00 -1.35063777249533245595e+00 1.30072053802022935542e+02 2.25458906241422646355e-02
5.42192219150537807471e-02 -4.23973750252167658203e+00 -1.35063827200070996071e+00 1.30075530089824582092e+02 2.36362107597313207685e-02
5.67983176667541181382e-02 -4.23569901706426055199e+00 -1.35063759896443880137e+00 1.30078994625118781414e+02 2.47230357493857487439e-02
5.93770267243982005634e-02 -4.23167136730061432814e+00 -1.35063576213188429875e+00 1.30082447446055823548e+02 2.58063694529022599755e-02
6.19553315316303740423e-02 -4.22765452920641404688e+00 -1.35063277020468852641e+00 1.30085888590644799478e+02 2.68862157769802039009e-02
6.45332145348472135948e-02 -4.22364847883668481643e+00 -1.35062863184098769231e+00 1.30089318096754027465e+02 2.79625786747247501163e-02
6.71106581833170040552e-02 -4.21965319232556357321e+00 -1.35062335565564106687e+00 1.30092736002111678317e+02 2.90354621451634729856e-02
6.96876449292992278250e-02 -4.21566864588606105002e+00 -1.35061695022044303549e+00 1.30096142344306031191e+02 3.01048702327564726700e-02
7.22641572281641081377e-02 -4.21169481580980686886e+00 -1.35060942406435113838e+00 1.30099537160785985179e+02 3.11708070269165436750e-02
7.48401775385119094608e-02 -4.20773167846682660809e+00 -1.35060078567370434044e+00 1.30102920488861428794e+02 3.22332766615339022520e-02
7.74156883222925085164e-02 -4.20377921030529666524e+00 -1.35059104349243308540e+00 1.30106292365703723135e+02 3.32922833144948110418e-02
7.99906720449247571336e-02 -4.19983738785130267246e+00 -1.35058020592229088841e+00 1.30109652828346128217e+02 3.43478312072180297365e-02
8.25651111754157757128e-02 -4.19590618770860945830e+00 -1.35056828132304729273e+00 1.30113001913684115607e+02 3.53999246041775197935e-02
8.51389881864804548561e-02 -4.19198558655842035137e+00 -1.35055527801272923227e+00 1.30116339658475936858e+02 3.64485678124459033800e-02
8.77122855546606100541e-02 -4.18807556115914447759e+00 -1.35054120426781132380e+00 1.30119666099343021415e+02 3.74937651812262615070e-02
9.02849857604444694381e-02 -4.18417608834615961655e+00 -1.35052606832343968790e+00 1.30122981272770203987e+02 3.85355211013955686883e-02
9.28570712883857868336e-02 -4.18028714503157683424e+00 -1.35050987837364000477e+00 1.30126285215106548776e+02 3.95738400050502231453e-02
9.54285246272232184905e-02 -4.17640870820401399754e+00 -1.35049264257152379365e+00 1.30129577962565321059e+02 4.06087263650528260128e-02
9.79993282699994638918e-02 -4.17254075492835951877e+00 -1.35047436902950646065e+00 1.30132859551224669303e+02 4.16401846945808479239e-02
1.00569464714180475950e-01 -4.16868326234553698839e+00 -1.35045506581950247593e+00 1.30136130017027966232e+02 4.26682195466829908281e-02
1.03138916461774601818e-01 -4.16483620767227957771e+00 -1.35043474097314097904e+00 1.30139389395784206727e+02 4.36928355138377910727e-02
1.05707666019451862471e-01 -4.16099956820090177700e+00 -1.35041340248196584106e+00 1.30142637723168576258e+02 4.47140372275089265086e-02
1.08275695898662718819e-01 -4.15717332129906491645e+00 -1.35039105829764372046e+00 1.30145875034722649843e+02 4.57318293577104809100e-02
1.10842988615757503945e-01 -4.15335744440954801604e+00 -1.35036771633216101662e+00 1.30149101365854818368e+02 4.67462166125735961719e-02
1.13409526692105272483e-01 -4.14955191505002396468e+00 -1.35034338445803814288e+00 1.30152316751840913867e+02 4.77572037379156710823e-02
1.15975292654212733257e-01 -4.14575671081283481101e+00 -1.35031807050851271335e+00 1.30155521227824493735e+02 4.87647955168115931901e-02
1.18540269033843417845e-01 -4.14197180936475906066e+00 -1.35029178227775492616e+00 1.30158714828817068110e+02 4.97689967691689813534e-02
1.21104438368136405058e-01 -4.13819718844678963166e+00 -1.35026452752105741162e+00 1.30161897589698895672e+02 5.07698123513050936229e-02
1.23667783199725281329e-01 -4.13443282587391092164e+00 -1.35023631395503729280e+00 1.30165069545219040492e+02 5.17672471555280788724e-02
1.26230286076857156630e-01 -4.13067869953486965784e+00 -1.35020714925782536753e+00 1.30168230729996025730e+02 5.27613061097234950503e-02
1.28791929553511097506e-01 -4.12693478739196351057e+00 -1.35017704106927882712e+00 1.30171381178518004162e+02 5.37519941769363795991e-02
1.31352696189517337277e-01 -4.12320106748079595604e+00 -1.35014599699115134257e+00 1.30174520925143326622e+02 5.47393163549655600852e-02
1.33912568550675792345e-01 -4.11947751791008354161e+00 -1.35011402458730755960e+00 1.30177650004100968317e+02 5.57232776759477438366e-02
1.36471529208874592376e-01 -4.11576411686141341306e+00 -1.35008113138390428709e+00 1.30180768449490898320e+02 5.67038832059642075589e-02
1.39029560742209123969e-01 -4.11206084258903015183e+00 -1.35004732486958656246e+00 1.30183876295284335356e+02 5.76811380446293486823e-02
1.41586645735100435939e-01 -4.10836767341961994759e+00 -1.35001261249567372502e+00 1.30186973575324344665e+02 5.86550473246942941086e-02
1.44142766778413616846e-01 -4.10468458775208766554e+00 -1.34997700167635414914e+00 1.30190060323326179059e+02 5.96256162116512930527e-02
1.46697906469576699884e-01 -4.10101156405733924259e+00 -1.34994049978886443419e+00 1.30193136572877619983e+02 6.05928499033401360419e-02
1.49252047412698846118e-01 -4.09734858087806941285e+00 -1.34990311417369279745e+00 1.30196202357439432262e+02 6.15567536295507852784e-02
1.51805172218688999575e-01 -4.09369561682853522200e+00 -1.34986485213474871614e+00 1.30199257710345762007e+02 6.25173326516474114900e-02
1.54357263505374042722e-01 -4.09005265059435352271e+00 -1.34982572093955388581e+00 1.30202302664804562937e+02 6.34745922621680613851e-02
1.56908303897617312783e-01 -4.08641966093227448908e+00 -1.34978572781943206849e+00 1.30205337253897766914e+02 6.44285377844545370518e-02
1.59458276027436895994e-01 -4.08279662666997822384e+00 -1.34974487996968806058e+00 1.30208361510582022902e+02 6.53791745722592659851e-02
1.62007162534123755337e-01 -4.07918352670584916098e+00 -1.34970318454978244205e+00 1.30211375467688952767e+02 6.63265080093782682935e-02
1.64554946064359886027e-01 -4.07558034000877533742e+00 -1.34966064868352897399e+00 1.30214379157925350228e+02 6.72705435092712800138e-02
1.67101609272336831813e-01 -4.07198704561792990120e+00 -1.34961727945926091010e+00 1.30217372613873834553e+02 6.82112865146867614063e-02
1.69647134819873285361e-01 -4.06840362264255883673e+00 -1.34957308393002040070e+00 1.30220355867993134780e+02 6.91487424972978270699e-02
1.72191505376533410265e-01 -4.06483005026177757202e+00 -1.34952806911372369392e+00 1.30223328952618487619e+02 7.00829169573259080916e-02
1.74734703619744774494e-01 -4.06126630772435515127e+00 -1.34948224199335897744e+00 1.30226291899961978515e+02 7.10138154231843565789e-02
1.77276712234916367095e-01 -4.05771237434850373660e+00 -1.34943560951714158769e+00 1.30229244742113053235e+02 7.19414434511096434477e-02
1.79817513915556254078e-01 -4.05416822952168320882e+00 -1.34938817859870141547e+00 1.30232187511038745242e+02 7.28658066248045327429e-02
1.82357091363389622884e-01 -4.05063385270037201735e+00 -1.34933995611725898733e+00 1.30235120238584187291e+02 7.37869105550797432791e-02
1.84895427288476549288e-01 -4.04710922340988599188e+00 -1.34929094891779000065e+00 1.30238042956472867218e+02 7.47047608795004258742e-02
1.87432504409329458994e-01 -4.04359432124414652776e+00 -1.34924116381120740016e+00 1.30240955696307224798e+02 7.56193632620235645092e-02
1.89968305453031172103e-01 -4.04008912586549673307e+00 -1.34919060757452546895e+00 1.30243858489568708592e+02 7.65307233926677682456e-02
1.92502813155352114904e-01 -4.03659361700449093036e+00 -1.34913928695103702005e+00 1.30246751367618600170e+02 7.74388469871402085332e-02
1.95036010260868170052e-01 -4.03310777445967527655e+00 -1.34908720865048725734e+00 1.30249634361697843588e+02 7.83437397865104356853e-02
1.97567879523077832848e-01 -4.02963157809740657456e+00 -1.34903437934922165731e+00 1.30252507502927926453e+02 7.92454075568626986614e-02
2.00098403704520089175e-01 -4.02616500785164532772e+00 -1.34898080569037692733e+00 1.30255370822310965195e+02 8.01438560889465995141e-02
2.02627565576891321975e-01 -4.02270804372374080060e+00 -1.34892649428404820533e+00 1.30258224350730245078e+02 8.10390911978487449296e-02
2.05155347921162689584e-01 -4.01926066578224183701e+00 -1.34887145170743361078e+00 1.30261068118950419148e+02 8.19311187226503118142e-02
2.07681733527697698349e-01 -4.01582285416269524347e+00 -1.34881568450501809764e+00 1.30263902157617991406e+02 8.28199445260975053440e-02
2.10206705196368998090e-01 -4.01239458906744506095e+00 -1.34875919918873821146e+00 1.30266726497261799977e+02 8.37055744942658969121e-02
2.12730245736675399604e-01 -4.00897585076543094829e+00 -1.34870200223813818674e+00 1.30269541168293130795e+02 8.45880145362357255268e-02
2.15252337967859502799e-01 -4.00556661959199544754e+00 -1.34864410010053514810e+00 1.30272346201006314459e+02 8.54672705837595803047e-02
2.17772964719024048064e-01 -4.00216687594868325561e+00 -1.34858549919118031468e+00 1.30275141625578868343e+02 8.63433485909362308242e-02
2.20292108829248989288e-01 -3.99877660030304404870e+00 -1.34852620589342597768e+00 1.30277927472072263981e+02 8.72162545339014161350e-02
2.22809753147708622389e-01 -3.99539577318843974751e+00 -1.34846622655887804498e+00 1.30280703770431756539e+02 8.80859944104881581461e-02
2.25325880533787908933e-01 -3.99202437520384512126e+00 -1.34840556750755613535e+00 1.30283470550487265882e+02 8.89525742399244478964e-02
2.27840473857199465879e-01 -3.98866238701365727337e+00 -1.34834423502806122208e+00 1.30286227841953376583e+02 8.98160000625063403845e-02
2.30353515998100027984e-01 -3.98530978934749979814e+00 -1.34828223537771818563e+00 1.30288975674429849505e+02 9.06762779392863982331e-02
2.32864989847207326523e-01 -3.98196656300002738149e+00 -1.34821957478274745412e+00 1.30291714077402019711e+02 9.15334139517743200498e-02
2.35374878305916024335e-01 -3.97863268883073706306e+00 -1.34815625943841177481e+00 1.30294443080241165944e+02 9.23874142016057053883e-02
2.37883164286414594546e-01 -3.97530814776377594555e+00 -1.34809229550917475393e+00 1.30297162712204652735e+02 9.32382848102467909346e-02
2.40389830711801560925e-01 -3.97199292078774757186e+00 -1.34802768912885317931e+00 1.30299873002436669367e+02 9.40860319186960364357e-02
2.42894860516201405165e-01 -3.96868698895552451944e+00 -1.34796244640077178545e+00 1.30302573979968201456e+02 9.49306616871617298115e-02
2.45398236644881417856e-01 -3.96539033338405833007e+00 -1.34789657339792245949e+00 1.30305265673717684649e+02 9.57721802947831546415e-02
2.47899942054367217192e-01 -3.96210293525418855154e+00 -1.34783007616309591370e+00 1.30307948112491231996e+02 9.66105939393073764876e-02
2.50399959712559072589e-01 -3.95882477581045044701e+00 -1.34776296070905998725e+00 1.30310621324983003433e+02 9.74459088368102299693e-02
2.52898272598847562165e-01 -3.95555583636090313249e+00 -1.34769523301868621168e+00 1.30313285339775546845e+02 9.82781312213982655157e-02
2.55394863704230257184e-01 -3.95229609827692129898e+00 -1.34762689904511367978e+00 1.30315940185340224389e+02 9.91072673449089613928e-02
2.57889716031426352583e-01 -3.94904554299302601450e+00 -1.34755796471189626118e+00 1.30318585890037439867e+02 9.99333234766242167746e-02
2.60382812594993184874e-01 -3.94580415200669021303e+00 -1.34748843591313782753e+00 1.30321222482117150321e+02 1.00756305902978460232e-01
2.62874136421441917388e-01 -3.94257190687815306518e+00 -1.34741831851365923001e+00 1.30323849989719121822e+02 1.01576220927271171357e-01
2.65363670549352448358e-01 -3.93934878923025033615e+00 -1.34734761834912375456e+00 1.30326468440873270538e+02 1.02393074869393946313e-01
2.67851398029489484731e-01 -3.93613478074820166697e+00 -1.34727634122620032464e+00 1.30329077863500060630e+02 1.03206874065524506490e-01
2.70337301924917894347e-01 -3.93292986317945869601e+00 -1.34720449292270405550e+00 1.30331678285410816898e+02 1.04017624867866725902e-01
2.72821365311117669528e-01 -3.92973401833350921564e+00 -1.34713207918772059912e+00 1.30334269734308151101e+02 1.04825333644355173091e-01
2.75303571276099334764e-01 -3.92654722808168532566e+00 -1.34705910574177578631e+00 1.30336852237786104070e+02 1.05630006778388421673e-01
2.77783902920519187862e-01 -3.92336947435699912035e+00 -1.34698557827697307232e+00 1.30339425823330856247e+02 1.06431650668549773742e-01
2.80262343357794374565e-01 -3.92020073915396682906e+00 -1.34691150245712076838e+00 1.30341990518320670844e+02 1.07230271728333714787e-01
2.82738875714217352542e-01 -3.91704100452839609758e+00 -1.34683688391788303207e+00 1.30344546350026519121e+02 1.08025876385870522878e-01
2.85213483129071798672e-01 -3.91389025259725054084e+00 -1.34676172826691953333e+00 1.30347093345612222492e+02 1.08818471083664353172e-01
2.87686148754746129352e-01 -3.91074846553843791241e+00 -1.34668604108402556463e+00 1.30349631532135106227e+02 1.09608062278310672277e-01
2.90156855756849185735e-01 -3.90761562559065156464e+00 -1.34660982792126460161e+00 1.30352160936545885761e+02 1.10394656440251065499e-01
2.92625587314324475674e-01 -3.90449171505318659570e+00 -1.34653309430311263206e+00 1.30354681585689405665e+02 1.11178260053490449155e-01
2.95092326619564693235e-01 -3.90137671628576043759e+00 -1.34645584572659093858e+00 1.30357193506304810171e+02 1.11958879615339637614e-01
2.97557056878526016153e-01 -3.89827061170834410220e+00 -1.34637808766140820715e+00 1.30359696725025912656e+02 1.12736521636156591941e-01
3.00019761310842958402e-01 -3.89517338380098010475e+00 -1.34629982555008909095e+00 1.30362191268381423015e+02 1.13511192639089139589e-01
3.02480423149941946015e-01 -3.89208501510362214759e+00 -1.34622106480810943552e+00 1.30364677162795487675e+02 1.14282899159808506995e-01
3.04939025643155781076e-01 -3.88900548821593616822e+00 -1.34614181082404038570e+00 1.30367154434587973810e+02 1.15051647746263946415e-01
3.07395552051837939178e-01 -3.88593478579715689847e+00 -1.34606206895967428494e+00 1.30369623109974583031e+02 1.15817444958424400903e-01
3.09849985651476145243e-01 -3.88287289056589068892e+00 -1.34598184455014879823e+00 1.30372083215067448236e+02 1.16580297368025970206e-01
3.12302309731806226889e-01 -3.87981978529995519267e+00 -1.34590114290409479381e+00 1.30374534775875417836e+02 1.17340211558316379059e-01
3.14752507596926411892e-01 -3.87677545283621238781e+00 -1.34581996930376002197e+00 1.30376977818304283119e+02 1.18097194123821983003e-01
3.17200562565410182359e-01 -3.87373987607038827718e+00 -1.34573832900514256394e+00 1.30379412368157147739e+02 1.18851251670081495271e-01
3.19646457970420572181e-01 -3.87071303795691035177e+00 -1.34565622723810829342e+00 1.30381838451134882462e+02 1.19602390813414033444e-01
3.22090177159823132236e-01 -3.86769492150873306358e+00 -1.34557366920654719600e+00 1.30384256092836210428e+02 1.20350618180668528234e-01
3.24531703496299839262e-01 -3.86468550979717262450e+00 -1.34549066008847173492e+00 1.30386665318758275589e+02 1.21095940408984636960e-01
3.26971020357461672479e-01 -3.86168478595173025880e+00 -1.34540720503615829351e+00 1.30389066154296813238e+02 1.21838364145553226803e-01
3.29408111135962355931e-01 -3.85869273315995364726e+00 -1.34532330917628306644e+00 1.30391458624746604755e+02 1.22577896047374401700e-01
3.31842959239611323685e-01 -3.85570933466722554073e+00 -1.34523897761003619067e+00 1.30393842755301704983e+02 1.23314542781018512962e-01
3.34275548091486185420e-01 -3.85273457377663319789e+00 -1.34515421541324187160e+00 1.30396218571055698021e+02 1.24048311022404586512e-01
3.36705861130046413265e-01 -3.84976843384878231191e+00 -1.34506902763650892929e+00 1.30398586097002237238e+02 1.24779207456543431154e-01
3.39133881809245474326e-01 -3.84681089830165889865e+00 -1.34498341930531495336e+00 1.30400945358035187382e+02 1.25507238777325336176e-01
3.41559593598643573831e-01 -3.84386195061042634791e+00 -1.34489739542018682528e+00 1.30403296378949050904e+02 1.26232411687281498303e-01
3.43982979983520398282e-01 -3.84092157430729397305e+00 -1.34481096095674867996e+00 1.30405639184439166911e+02 1.26954732897348265830e-01
3.46404024464987525533e-01 -3.83798975298134159573e+00 -1.34472412086592796321e+00 1.30407973799102137491e+02 1.27674209126658916302e-01
3.48822710560100557320e-01 -3.83506647027835034791e+00 -1.34463688007401005464e+00 1.30410300247436197196e+02 1.28390847102293037540e-01
3.51239021801971362802e-01 -3.83215170990065656653e+00 -1.34454924348279170054e+00 1.30412618553841326730e+02 1.29104653559067888979e-01
3.53652941739880488647e-01 -3.82924545560698437185e+00 -1.34446121596970113998e+00 1.30414928742619736113e+02 1.29815635239316135019e-01
3.56064453939388791959e-01 -3.82634769121227291677e+00 -1.34437280238789425013e+00 1.30417230837976177327e+02 1.30523798892655112924e-01
3.58473541982449628307e-01 -3.82345840058753161372e+00 -1.34428400756641419633e+00 1.30419524864018114840e+02 1.31229151275771033225e-01
3.60880189467520207103e-01 -3.82057756765968337120e+00 -1.34419483631026515091e+00 1.30421810844756265624e+02 1.31931699152203180114e-01
3.63284380009673946166e-01 -3.81770517641139051079e+00 -1.34410529340057149916e+00 1.30424088804104684414e+02 1.32631449292126418760e-01
3.65686097240711160961e-01 -3.81484121088090599727e+00 -1.34401538359465466677e+00 1.30426358765881275303e+02 1.33328408472130843787e-01
3.68085324809271363655e-01 -3.81198565516190601699e+00 -1.34392511162619343601e+00 1.30428620753807933852e+02 1.34022583475012335708e-01
3.70482046380943785824e-01 -3.80913849340336208016e+00 -1.34383448220529211348e+00 1.30430874791510973409e+02 1.34713981089557011117e-01
3.72876245638379399949e-01 -3.80629970980934206892e+00 -1.34374350001864417692e+00 1.30433120902521324069e+02 1.35402608110337552283e-01
3.75267906281401164570e-01 -3.80346928863889077732e+00 -1.34365216972960577202e+00 1.30435359110275015837e+02 1.36088471337492383784e-01
3.77657012027115768227e-01 -3.80064721420585183154e+00 -1.34356049597834803500e+00 1.30437589438113292317e+02 1.36771577576526165432e-01
3.80043546610023985632e-01 -3.79783347087873135450e+00 -1.34346848338192570438e+00 1.30439811909283008617e+02 1.37451933638093160006e-01
3.82427493782131422417e-01 -3.79502804308051988613e+00 -1.34337613653442233819e+00 1.30442026546937029252e+02 1.38129546337806802248e-01
3.84808837313059592944e-01 -3.79223091528856892651e+00 -1.34328346000707909980e+00 1.30444233374134284986e+02 1.38804422496027507483e-01
3.87187560990155776874e-01 -3.78944207203441063569e+00 -1.34319045834834671638e+00 1.30446432413840369691e+02 1.39476568937652339875e-01
3.89563648618604152496e-01 -3.78666149790361394878e+00 -1.34309713608405112417e+00 1.30448623688927625608e+02 1.40145992491922749545e-01
3.91937084021535264711e-01 -3.78388917753565623414e+00 -1.34300349771749183425e+00 1.30450807222175455991e+02 1.40812699992234502400e-01
3.94307851040136658760e-01 -3.78112509562373322325e+00 -1.34290954772953741170e+00 1.30452983036270865114e+02 1.41476698275915580005e-01
3.96675933533762792305e-01 -3.77836923691463733022e+00 -1.34281529057872783817e+00 1.30455151153808429854e+02 1.42137994184044574864e-01
3.99041315380044780969e-01 -3.77562158620859378289e+00 -1.34272073070141884088e+00 1.30457311597290839700e+02 1.42796594561255624223e-01
4.01403980475000310424e-01 -3.77288212835910963250e+00 -1.34262587251186626958e+00 1.30459464389129067285e+02 1.43452506255534351087e-01
4.03763912733143492950e-01 -3.77015084827284985280e+00 -1.34253072040233067952e+00 1.30461609551642681026e+02 1.44105736118039673421e-01
4.06121096087593724810e-01 -3.76742773090944371717e+00 -1.34243527874319079629e+00 1.30463747107060243025e+02 1.44756291002894360576e-01
4.08475514490185875882e-01 -3.76471276128138354622e+00 -1.34233955188305009720e+00 1.30465877077519508020e+02 1.45404177767010117650e-01
4.10827151911578702936e-01 -3.76200592445386039486e+00 -1.34224354414884938791e+00 1.30467999485067650767e+02 1.46049403269883443235e-01
4.13175992341364761717e-01 -3.75930720554459130156e+00 -1.34214725984595628638e+00 1.30470114351661749197e+02 1.46691974373424766087e-01
4.15522019788178931243e-01 -3.75661658972371848009e+00 -1.34205070325828423883e+00 1.30472221699168954956e+02 1.47331897941757661297e-01
4.17865218279807715263e-01 -3.75393406221362724295e+00 -1.34195387864837889502e+00 1.30474321549366749196e+02 1.47969180841040298668e-01
4.20205571863297211443e-01 -3.75125960828882565323e+00 -1.34185679025754978078e+00 1.30476413923943397322e+02 1.48603829939279563632e-01
4.22543064605062523853e-01 -3.74859321327579220196e+00 -1.34175944230595356466e+00 1.30478498844498034259e+02 1.49235852106152672159e-01
4.24877680590995954191e-01 -3.74593486255282703823e+00 -1.34166183899269575441e+00 1.30480576332541090778e+02 1.49865254212819237756e-01
4.27209403926575026489e-01 -3.74328454154990897251e+00 -1.34156398449593461386e+00 1.30482646409494492445e+02 1.50492043131737945894e-01
4.29538218736971288969e-01 -3.74064223574855425625e+00 -1.34146588297299107495e+00 1.30484709096692114372e+02 1.51116225736502740595e-01
4.31864109167158116698e-01 -3.73800793068169401323e+00 -1.34136753856044066424e+00 1.30486764415379866477e+02 1.51737808901651088922e-01
4.34187059382018403220e-01 -3.73538161193348283717e+00 -1.34126895537423096449e+00 1.30488812386716062974e+02 1.52356799502490897202e-01
4.36507053566452751792e-01 -3.73276326513922374062e+00 -1.34117013750973823605e+00 1.30490853031771678161e+02 1.52973204414925262329e-01
4.38824075925487055994e-01 -3.73015287598517408796e+00 -1.34107108904191218990e+00 1.30492886371530801171e+02 1.53587030515284606036e-01
4.41138110684379691762e-01 -3.72755043020843190860e+00 -1.34097181402536969053e+00 1.30494912426890579127e+02 1.54198284680142766456e-01
4.43449142088729597599e-01 -3.72495591359680044974e+00 -1.34087231649446514403e+00 1.30496931218661870844e+02 1.54806973786150769978e-01
4.45757154404582744966e-01 -3.72236931198860565573e+00 -1.34077260046340929200e+00 1.30498942767569218404e+02 1.55413104709870242282e-01
4.48062131918540051956e-01 -3.71979061127263799236e+00 -1.34067266992635558687e+00 1.30500947094251387171e+02 1.56016684327596327764e-01
4.50364058937863631638e-01 -3.71721979738793173453e+00 -1.34057252885751365667e+00 1.30502944219261451053e+02 1.56617719515196346380e-01
4.52662919790584206137e-01 -3.71465685632368280977e+00 -1.34047218121123301593e+00 1.30504934163067133568e+02 1.57216217147935322096e-01
4.54958698825607410487e-01 -3.71210177411908892608e+00 -1.34037163092208411186e+00 1.30506916946051120476e+02 1.57812184100316749147e-01
4.57251380412820318533e-01 -3.70955453686322256246e+00 -1.34027088190499399367e+00 1.30508892588511315580e+02 1.58405627245912977719e-01
4.59540948943198301890e-01 -3.70701513069486932039e+00 -1.34016993805529405215e+00 1.30510861110661124940e+02 1.58996553457208505966e-01
4.61827388828911278296e-01 -3.70448354180245287282e+00 -1.34006880324885258027e+00 1.30512822532629684247e+02 1.59584969605427173800e-01
4.64110684503429071768e-01 -3.70195975642382713033e+00 -1.33996748134213561343e+00 1.30514776874462143041e+02 1.60170882560375787973e-01
4.66390820421628160553e-01 -3.69944376084620563105e+00 -1.33986597617233438307e+00 1.30516724156120034195e+02 1.60754299190290245170e-01
4.68667781059897148310e-01 -3.69693554140597679947e+00 -1.33976429155740750510e+00 1.30518664397481472861e+02 1.61335226361665778905e-01
4.70941550916242568370e-01 -3.69443508448861024362e+00 -1.33966243129626816355e+00 1.30520597618341327006e+02 1.61913670939105247548e-01
4.73212114510394632472e-01 -3.69194237652849510667e+00 -1.33956039916872615692e+00 1.30522523838411729002e+02 1.62489639785156542162e-01
4.75479456383912424400e-01 -3.68945740400882504773e+00 -1.33945819893575035486e+00 1.30524443077322104045e+02 1.63063139760169728554e-01
4.77743561100288705035e-01 -3.68698015346146901194e+00 -1.33935583433940808007e+00 1.30526355354619596483e+02 1.63634177722122103882e-01
4.80004413245055938653e-01 -3.68451061146684022418e+00 -1.33925330910306028542e+00 1.30528260689769268765e+02 1.64202760526483054759e-01
4.82261997425890265312e-01 -3.68204876465374164596e+00 -1.33915062693139041983e+00 1.30530159102154442508e+02 1.64768895026045802954e-01
4.84516298272717305107e-01 -3.67959459969927227263e+00 -1.33904779151053276998e+00 1.30532050611076783753e+02 1.65332588070794150870e-01
4.86767300437815575442e-01 -3.67714810332865704723e+00 -1.33894480650812486289e+00 1.30533935235756786142e+02 1.65893846507729841866e-01
4.89014988595922406311e-01 -3.67470926231516115124e+00 -1.33884167557343469745e+00 1.30535812995333941444e+02 1.66452677180740832297e-01
4.91259347444337080013e-01 -3.67227806347995100467e+00 -1.33873840233740004635e+00 1.30537683908866995353e+02 1.67009086930449524022e-01
4.93500361703025469673e-01 -3.66985449369193084124e+00 -1.33863499041277944634e+00 1.30539547995334203279e+02 1.67563082594052392693e-01
4.95738016114724178163e-01 -3.66743853986765522279e+00 -1.33853144339417995390e+00 1.30541405273633557726e+02 1.68114671005190424724e-01
4.97972295445044454976e-01 -3.66503018897118382213e+00 -1.33842776485814995979e+00 1.30543255762583243040e+02 1.68663858993797322050e-01
5.00203184482575280434e-01 -3.66262942801396773618e+00 -1.33832395836332795902e+00 1.30545099480921606983e+02 1.69210653385949122418e-01
5.02430668038987948698e-01 -3.66023624405471537102e+00 -1.33822002745043033833e+00 1.30546936447307672324e+02 1.69755061003726448465e-01
5.04654730949138929930e-01 -3.65785062419924678068e+00 -1.33811597564242257263e+00 1.30548766680321250533e+02 1.70297088665073537150e-01
5.06875358071172565921e-01 -3.65547255560042927414e+00 -1.33801180644454942303e+00 1.30550590198463225988e+02 1.70836743183660322298e-01
5.09092534286625153506e-01 -3.65310202545799089791e+00 -1.33790752334444751348e+00 1.30552407020155897044e+02 1.71374031368722368196e-01
5.11306244500527418140e-01 -3.65073902101840186418e+00 -1.33780312981221682911e+00 1.30554217163743032870e+02 1.71908960024950707712e-01
5.13516473641507098513e-01 -3.64838352957480438477e+00 -1.33769862930049887595e+00 1.30556020647490413467e+02 1.72441535952324920267e-01
5.15723206661891864222e-01 -3.64603553846683459128e+00 -1.33759402524456838535e+00 1.30557817489585801241e+02 1.72971765945995642477e-01
5.17926428537812011399e-01 -3.64369503508051861829e+00 -1.33748932106242546247e+00 1.30559607708139424176e+02 1.73499656796145290683e-01
5.20126124269301826075e-01 -3.64136200684817534778e+00 -1.33738452015485131952e+00 1.30561391321184089520e+02 1.74025215287833961986e-01
5.22322278880402501855e-01 -3.63903644124823211214e+00 -1.33727962590549132038e+00 1.30563168346675439579e+02 1.74548448200892686311e-01
5.24514877419263836344e-01 -3.63671832580517540023e+00 -1.33717464168096755728e+00 1.30564938802492264358e+02 1.75069362309766801689e-01
5.26703904958246260648e-01 -3.63440764808939720254e+00 -1.33706957083095367977e+00 1.30566702706436814196e+02 1.75587964383401906598e-01
5.28889346594021980685e-01 -3.63210439571706089623e+00 -1.33696441668819065995e+00 1.30568460076234856615e+02 1.76104261185088345476e-01
5.31071187447676895665e-01 -3.62980855635000354553e+00 -1.33685918256866664855e+00 1.30570210929536045796e+02 1.76618259472361094353e-01
5.33249412664811961449e-01 -3.62752011769562798804e+00 -1.33675387177161186791e+00 1.30571955283914149959e+02 1.77129965996836447051e-01
5.35424007415643554708e-01 -3.62523906750673718946e+00 -1.33664848757963117265e+00 1.30573693156867363996e+02 1.77639387504114176775e-01
5.37594956895105391403e-01 -3.62296539358148006471e+00 -1.33654303325874446173e+00 1.30575424565818536848e+02 1.78146530733617247666e-01
5.39762246322948779920e-01 -3.62069908376315963139e+00 -1.33643751205848348995e+00 1.30577149528115199928e+02 1.78651402418496141333e-01
5.41925860943843207274e-01 -3.61844012594022412799e+00 -1.33633192721199511865e+00 1.30578868061030078707e+02 1.79154009285482113123e-01
5.44085786027477369409e-01 -3.61618850804600544535e+00 -1.33622628193605175184e+00 1.30580580181761405356e+02 1.79654358054767315789e-01
5.46242006868658758201e-01 -3.61394421805871868258e+00 -1.33612057943120099424e+00 1.30582285907432776639e+02 1.80152455439882258625e-01
5.48394508787414136641e-01 -3.61170724400130316312e+00 -1.33601482288176165447e+00 1.30583985255093665501e+02 1.80648308147569242044e-01
5.50543277129089347888e-01 -3.60947757394135715359e+00 -1.33590901545600160283e+00 1.30585678241719818971e+02 1.81141922877651628809e-01
5.52688297264449235335e-01 -3.60725519599090738154e+00 -1.33580316030609802525e+00 1.30587364884213059213e+02 1.81633306322932813748e-01
5.54829554589777229623e-01 -3.60504009830638327827e+00 -1.33569726056834303662e+00 1.30589045199401908803e+02 1.82122465169059138956e-01
5.56967034526974602571e-01 -3.60283226908852238779e+00 -1.33559131936307440292e+00 1.30590719204041619150e+02 1.82609406094396076181e-01
5.59100722523659832142e-01 -3.60063169658222426150e+00 -1.33548533979485917200e+00 1.30592386914814511556e+02 1.83094135769926086299e-01
5.61230604053267856379e-01 -3.59843836907638037204e+00 -1.33537932495250877274e+00 1.30594048348330204590e+02 1.83576660859108370394e-01
5.63356664615148439168e-01 -3.59625227490385102058e+00 -1.33527327790919669859e+00 1.30595703521125784619e+02 1.84056988017780420730e-01
5.65478889734665535194e-01 -3.59407340244132544882e+00 -1.33516720172251179832e+00 1.30597352449666090024e+02 1.84535123894024405411e-01
5.67597264963295100593e-01 -3.59190174010917928626e+00 -1.33506109943448847410e+00 1.30598995150343966998e+02 1.85011075128070634488e-01
5.69711775878724790978e-01 -3.58973727637140571645e+00 -1.33495497407173990823e+00 1.30600631639480468493e+02 1.85484848352156617146e-01
5.71822408084950328799e-01 -3.58757999973550090189e+00 -1.33484882864550513659e+00 1.30602261933325138443e+02 1.85956450190444572135e-01
5.73929147212374757281e-01 -3.58542989875231077335e+00 -1.33474266615172743045e+00 1.30603886048056068603e+02 1.86425887258868078211e-01
5.76031978917906362092e-01 -3.58328696201595331416e+00 -1.33463648957111158388e+00 1.30605503999780438562e+02 1.86893166165059299022e-01
5.78130888885055260751e-01 -3.58115117816372174886e+00 -1.33453030186918741862e+00 1.30607115804534515746e+02 1.87358293508214146517e-01
5.80225862824032101450e-01 -3.57902253587597041218e+00 -1.33442410599645544522e+00 1.30608721478283882789e+02 1.87821275878976318152e-01
5.82316886471844319395e-01 -3.57690102387599306866e+00 -1.33431790488829804531e+00 1.30610321036923807014e+02 1.88282119859338931134e-01
5.84403945592394169495e-01 -3.57478663092985904370e+00 -1.33421170146523238031e+00 1.30611914496279297282e+02 1.88740832022549209768e-01
5.86487025976574760655e-01 -3.57267934584645496798e+00 -1.33410549863286220784e+00 1.30613501872105643997e+02 1.89197418932954553039e-01
5.88566113442367422337e-01 -3.57057915747724363698e+00 -1.33399929928196248063e+00 1.30615083180088134895e+02 1.89651887145935560408e-01
5.90641193834937960894e-01 -3.56848605471621693752e+00 -1.33389310628858392960e+00 1.30616658435842822428e+02 1.90104243207793982551e-01
5.92712253026733248973e-01 -3.56640002649974929838e+00 -1.33378692251408703662e+00 1.30618227654916381653e+02 1.90554493655615830860e-01
5.94779276917577259809e-01 -3.56432106180655638994e+00 -1.33368075080523773579e+00 1.30619790852786479718e+02 1.91002645017203376288e-01
5.96842251434767101514e-01 -3.56224914965752015306e+00 -1.33357459399424915780e+00 1.30621348044862003235e+02 1.91448703810943976489e-01
5.98901162533168496260e-01 -3.56018427911561019528e+00 -1.33346845489885490466e+00 1.30622899246483228808e+02 1.91892676545723311898e-01
6.00955996195312258656e-01 -3.55812643928585314868e+00 -1.33336233632238432278e+00 1.30624444472922078830e+02 1.92334569720803899573e-01
6.03006738431488664709e-01 -3.55607561931509330577e+00 -1.33325624105382800622e+00 1.30625983739382348858e+02 1.92774389825734082660e-01
6.05053375279843597134e-01 -3.55403180839195398377e+00 -1.33315017186788820069e+00 1.30627517060999934984e+02 1.93212143340252662238e-01
6.07095892806472914316e-01 -3.55199499574678068115e+00 -1.33304413152505762952e+00 1.30629044452843032786e+02 1.93647836734163775185e-01
6.09134277105518040507e-01 -3.54996517065146788283e+00 -1.33293812277169787528e+00 1.30630565929912336287e+02 1.94081476467262203922e-01
6.11168514299259779676e-01 -3.54794232241939466732e+00 -1.33283214834004093419e+00 1.30632081507141322163e+02 1.94513068989209392257e-01
6.13198590538213572643e-01 -3.54592644040529192395e+00 -1.33272621094837906419e+00 1.30633591199396391858e+02 1.94942620739466832003e-01
6.15224492001223088877e-01 -3.54391751400519927628e+00 -1.33262031330092800552e+00 1.30635095021477155797e+02 1.95370138147151151120e-01
6.17246204895555039549e-01 -3.54191553265630965086e+00 -1.33251445808815982552e+00 1.30636592988116603919e+02 1.95795627630992313817e-01
6.19263715456992658304e-01 -3.53992048583686402807e+00 -1.33240864798661240442e+00 1.30638085113981361474e+02 1.96219095599178855460e-01
6.21277009949929293064e-01 -3.53793236306612080000e+00 -1.33230288565909904541e+00 1.30639571413671831124e+02 1.96640548449308144585e-01
6.23286074667462219878e-01 -3.53595115390411818268e+00 -1.33219717375469537402e+00 1.30641051901722534012e+02 1.97059992568257763557e-01
6.25290895931486012671e-01 -3.53397684795180655470e+00 -1.33209151490888166869e+00 1.30642526592602166602e+02 1.97477434332112289361e-01
6.27291460092785357894e-01 -3.53200943485068652450e+00 -1.33198591174352620747e+00 1.30643995500713998581e+02 1.97892880106060042866e-01
6.29287753531128202233e-01 -3.53004890428289419546e+00 -1.33188036686702115929e+00 1.30645458640395872862e+02 1.98306336244307740424e-01
6.31279762655358012147e-01 -3.52809524597099244403e+00 -1.33177488287422174373e+00 1.30646916025920546645e+02 1.98717809089964364544e-01
6.33267473903487365661e-01 -3.52614844967800022957e+00 -1.33166946234668426285e+00 1.30648367671495975628e+02 1.99127304974976104823e-01
6.35250873742789323728e-01 -3.52420850520715189802e+00 -1.33156410785256040796e+00 1.30649813591265285595e+02 1.99534830220017417313e-01
6.37229948669889467716e-01 -3.52227540240188696785e+00 -1.33145882194674891608e+00 1.30651253799307255576e+02 1.99940391134416278751e-01
6.39204685210858825073e-01 -3.52034913114576930582e+00 -1.33135360717095663219e+00 1.30652688309636346276e+02 2.00343994016033560834e-01
6.41175069921305018639e-01 -3.51842968136227840503e+00 -1.33124846605369184793e+00 1.30654117136202842175e+02 2.00745645151215429403e-01
6.43141089386463082889e-01 -3.51651704301487244564e+00 -1.33114340111035089897e+00 1.30655540292893391552e+02 2.01145350814669277018e-01
6.45102730221288278578e-01 -3.51461120610674893072e+00 -1.33103841484337670487e+00 1.30656957793530892786e+02 2.01543117269391364177e-01
6.47059979070545909785e-01 -3.51271216068086555850e+00 -1.33093350974218349592e+00 1.30658369651874636475e+02 2.01938950766575558982e-01
6.49012822608903250376e-01 -3.51081989681974571127e+00 -1.33082868828322853361e+00 1.30659775881621015969e+02 2.02332857545523492337e-01
6.50961247541019139007e-01 -3.50893440464548289626e+00 -1.33072395293015199869e+00 1.30661176496403101055e+02 2.02724843833570478324e-01
6.52905240601636016606e-01 -3.50705567431956621860e+00 -1.33061930613376766530e+00 1.30662571509791234803e+02 2.03114915845974436381e-01
6.54844788555668411156e-01 -3.50518369604281687657e+00 -1.33051475033215682586e+00 1.30663960935293175680e+02 2.03503079785868401519e-01
6.56779878198294642111e-01 -3.50331846005528557697e+00 -1.33041028795068561053e+00 1.30665344786354154394e+02 2.03889341844136900983e-01
6.58710496355045971306e-01 -3.50145995663620457350e+00 -1.33030592140214287689e+00 1.30666723076357271793e+02 2.04273708199357362236e-01
6.60636629881896420002e-01 -3.49960817610390817478e+00 -1.33020165308664095605e+00 1.30668095818623584137e+02 2.04656185017704883577e-01
6.62558265665352030815e-01 -3.49776310881553387233e+00 -1.33009748539178951354e+00 1.30669463026412216777e+02 2.05036778452867662903e-01
6.64475390622540684760e-01 -3.49592474516728701772e+00 -1.32999342069281212275e+00 1.30670824712920875754e+02 2.05415494645983132127e-01
6.66387991701300586023e-01 -3.49409307559403137233e+00 -1.32988946135251184799e+00 1.30672180891285563575e+02 2.05792339725548223406e-01
6.68296055880269523897e-01 -3.49226809056939391240e+00 -1.32978560972118220462e+00 1.30673531574581375025e+02 2.06167319807307181101e-01
6.70199570168973357553e-01 -3.49044978060549970778e+00 -1.32968186813699151827e+00 1.30674876775822042418e+02 2.06540440994225277249e-01
6.72098521607914500819e-01 -3.48863813625316465661e+00 -1.32957823892573601121e+00 1.30676216507960731406e+02 2.06911709376369129521e-01
6.73992897268660184906e-01 -3.48683314810145317253e+00 -1.32947472440114311532e+00 1.30677550783889728336e+02 2.07281131030845167107e-01
6.75882684253930277052e-01 -3.48503480677786869890e+00 -1.32937132686467740506e+00 1.30678879616441093958e+02 2.07648712021716530529e-01
6.77767869697685210184e-01 -3.48324310294817784950e+00 -1.32926804860574443445e+00 1.30680203018386464464e+02 2.08014458399915308506e-01
6.79648440765214134629e-01 -3.48145802731620923609e+00 -1.32916489190179709645e+00 1.30681521002437506240e+02 2.08378376203193188543e-01
6.81524384653221182440e-01 -3.47967957062395960577e+00 -1.32906185901818463257e+00 1.30682833581245972709e+02 2.08740471456010323603e-01
6.83395688589913286037e-01 -3.47790772365136513500e+00 -1.32895895220841597784e+00 1.30684140767403931704e+02 2.09100750169477878071e-01
6.85262339835087441742e-01 -3.47614247721629121557e+00 -1.32885617371410003074e+00 1.30685442573444021264e+02 2.09459218341286307341e-01
6.87124325680216641032e-01 -3.47438382217440411281e+00 -1.32875352576497740564e+00 1.30686739011839506475e+02 2.09815881955613570131e-01
6.88981633448537245101e-01 -3.47263174941904306792e+00 -1.32865101057909096305e+00 1.30688030095004592113e+02 2.10170746983070810820e-01
6.90834250495134805092e-01 -3.47088624988132243843e+00 -1.32854863036273029842e+00 1.30689315835294564749e+02 2.10523819380616455943e-01
6.92682164207029549274e-01 -3.46914731452976132786e+00 -1.32844638731045394664e+00 1.30690596245005934861e+02 2.10875105091463677098e-01
6.94525362003264090660e-01 -3.46741493437044301373e+00 -1.32834428360532386115e+00 1.30691871336376749468e+02 2.11224610045059213448e-01
6.96363831334987137822e-01 -3.46568910044684752592e+00 -1.32824232141874332136e+00 1.30693141121586592135e+02 2.11572340156967436675e-01
6.98197559685539759222e-01 -3.46396980383968999817e+00 -1.32814050291057439424e+00 1.30694405612756952451e+02 2.11918301328803404537e-01
7.00026534570540759361e-01 -3.46225703566698728153e+00 -1.32803883022928981283e+00 1.30695664821951254453e+02 2.12262499448167496485e-01
7.01850743537971277775e-01 -3.46055078708378838215e+00 -1.32793730551192812328e+00 1.30696918761175254531e+02 2.12604940388600505141e-01
7.03670174168260054159e-01 -3.45885104928229480947e+00 -1.32783593088413898187e+00 1.30698167442376984582e+02 2.12945630009466091437e-01
7.05484814074367139192e-01 -3.45715781349167672332e+00 -1.32773470846020447134e+00 1.30699410877447036228e+02 2.13284574155908124293e-01
7.07294650901869381698e-01 -3.45547107097791972308e+00 -1.32763364034314457207e+00 1.30700649078218816612e+02 2.13621778658771854786e-01
7.09099672329043584362e-01 -3.45379081304383328543e+00 -1.32753272862485749428e+00 1.30701882056468605242e+02 2.13957249334556426357e-01
7.10899866066950880672e-01 -3.45211703102902323081e+00 -1.32743197538598023399e+00 1.30703109823915752941e+02 2.14290991985328277414e-01
7.12695219859520112671e-01 -3.45044971630965191522e+00 -1.32733138269609951543e+00 1.30704332392223022907e+02 2.14623012398656026756e-01
7.14485721483631763817e-01 -3.44878886029854259121e+00 -1.32723095261360835018e+00 1.30705549772996533875e+02 2.14953316347530010155e-01
7.16271358749200004468e-01 -3.44713445444484012370e+00 -1.32713068718583504513e+00 1.30706761977786101170e+02 2.15281909590313208502e-01
7.18052119499257623936e-01 -3.44548649023432140837e+00 -1.32703058844937049621e+00 1.30707969018085378821e+02 2.15608797870702612043e-01
7.19827991610036854730e-01 -3.44384495918887800769e+00 -1.32693065842957858003e+00 1.30709170905332001666e+02 2.15933986917581977050e-01
7.21598962991052972349e-01 -3.44220985286680969395e+00 -1.32683089914121965514e+00 1.30710367650907727466e+02 2.16257482445061488541e-01
7.23365021585186451780e-01 -3.44058116286243809157e+00 -1.32673131258785081954e+00 1.30711559266138806379e+02 2.16579290152304426709e-01
7.25126155368765124010e-01 -3.43895888080623501892e+00 -1.32663190076262771377e+00 1.30712745762295838858e+02 2.16899415723568300685e-01
7.26882352351645444344e-01 -3.43734299836470880152e+00 -1.32653266564766458835e+00 1.30713927150594372506e+02 2.17217864828054607607e-01
7.28633600577295093004e-01 -3.43573350724034742854e+00 -1.32643360921438380196e+00 1.30715103442194561012e+02 2.17534643119890069851e-01
7.30379888122873355272e-01 -3.43413039917134899071e+00 -1.32633473342374608173e+00 1.30716274648201789432e+02 2.17849756238065905833e-01
7.32121203099313277995e-01 -3.43253366593173225851e+00 -1.32623604022598540197e+00 1.30717440779666617345e+02 2.18163209806371494182e-01
7.33857533651401716668e-01 -3.43094329933130337551e+00 -1.32613753156057878613e+00 1.30718601847585034648e+02 2.18475009433285211058e-01
7.35588867957860936819e-01 -3.42935929121550753251e+00 -1.32603920935686869775e+00 1.30719757862898546819e+02 2.18785160712016701900e-01
7.37315194231428105986e-01 -3.42778163346510433840e+00 -1.32594107553326190363e+00 1.30720908836494373872e+02 2.19093669220320003133e-01
7.39036500718936339993e-01 -3.42621031799658393169e+00 -1.32584313199819847640e+00 1.30722054779205762998e+02 2.19400540520559766966e-01
7.40752775701394416963e-01 -3.42464533676176152710e+00 -1.32574538064935509851e+00 1.30723195701811960134e+02 2.19705780159538843765e-01
7.42464007494066491333e-01 -3.42308668174763708336e+00 -1.32564782337419839742e+00 1.30724331615038352084e+02 2.20009393668519848131e-01
7.44170184446551918889e-01 -3.42153434497669906023e+00 -1.32555046204982263092e+00 1.30725462529557006519e+02 2.20311386563106420544e-01
7.45871294942864193622e-01 -3.41998831850637152741e+00 -1.32545329854318660878e+00 1.30726588455986274084e+02 2.20611764343251054443e-01
7.47567327401510439699e-01 -3.41844859442944715155e+00 -1.32535633471098956981e+00 1.30727709404891470513e+02 2.20910532493142575117e-01
7.49258270275569682184e-01 -3.41691516487340463115e+00 -1.32525957239954483846e+00 1.30728825386784734519e+02 2.21207696481141607991e-01
7.50944112052772227983e-01 -3.41538802200092694861e+00 -1.32516301344528497630e+00 1.30729936412125255174e+02 2.21503261759782354989e-01
7.52624841255577603505e-01 -3.41386715800952611488e+00 -1.32506665967448600263e+00 1.30731042491319556120e+02 2.21797233765673063033e-01
7.54300446441252492313e-01 -3.41235256513148010882e+00 -1.32497051290334866280e+00 1.30732143634721467151e+02 2.22089617919453613526e-01
7.55970916201949338920e-01 -3.41084423563383154487e+00 -1.32487457493794025254e+00 1.30733239852632436850e+02 2.22380419625700043174e-01
7.57636239164782954170e-01 -3.40934216181825044956e+00 -1.32477884757453190367e+00 1.30734331155301646277e+02 2.22669644272939420970e-01
7.59296403991909008013e-01 -3.40784633602111064477e+00 -1.32468333259941939417e+00 1.30735417552926122653e+02 2.22957297233553730642e-01
7.60951399380600634892e-01 -3.40635675061312337419e+00 -1.32458803178896888930e+00 1.30736499055651052004e+02 2.23243383863721139848e-01
7.62601214063325594239e-01 -3.40487339799953714348e+00 -1.32449294690964536336e+00 1.30737575673569665469e+02 2.23527909503371924327e-01
7.64245836807822653824e-01 -3.40339627062002181290e+00 -1.32439807971832768096e+00 1.30738647416723779315e+02 2.23810879476155133450e-01
7.65885256417178750254e-01 -3.40192536094864728113e+00 -1.32430343196188116117e+00 1.30739714295103595987e+02 2.24092299089324847872e-01
7.67519461729904151071e-01 -3.40046066149335146633e+00 -1.32420900537751373705e+00 1.30740776318647931475e+02 2.24372173633756999411e-01
7.69148441620009615249e-01 -3.39900216479670591596e+00 -1.32411480169284789810e+00 1.30741833497244698492e+02 2.24650508383870212148e-01
7.70772184997081555302e-01 -3.39754986343501608204e+00 -1.32402082262579789962e+00 1.30742885840730536984e+02 2.24927308597559605374e-01
7.72390680806357088350e-01 -3.39610375001890396618e+00 -1.32392706988451891448e+00 1.30743933358891524676e+02 2.25202579516142253890e-01
7.74003918028800530493e-01 -3.39466381719270948736e+00 -1.32383354516785667343e+00 1.30744976061462779171e+02 2.25476326364354079379e-01
7.75611885681177226637e-01 -3.39323005763485241459e+00 -1.32374025016486096540e+00 1.30746013958129083221e+02 2.25748554350219426956e-01
7.77214572816129045663e-01 -3.39180246405739804771e+00 -1.32364718655540292147e+00 1.30747047058524827889e+02 2.26019268665119316131e-01
7.78811968522248321278e-01 -3.39038102920640538329e+00 -1.32355435600955284592e+00 1.30748075372234097813e+02 2.26288474483580581698e-01
7.80404061924152570029e-01 -3.38896574586144572194e+00 -1.32346176018822059284e+00 1.30749098908790955420e+02 2.26556176963380290212e-01
7.81990842182558654194e-01 -3.38755660683579318260e+00 -1.32336940074282072288e+00 1.30750117677679526196e+02 2.26822381245402604488e-01
7.83572298494356056509e-01 -3.38615360497625461633e+00 -1.32327727931544436579e+00 1.30751131688334140790e+02 2.27087092453628347499e-01
7.85148420092680932036e-01 -3.38475673316305503135e+00 -1.32318539753891339927e+00 1.30752140950139647657e+02 2.27350315695072219269e-01
7.86719196246989271870e-01 -3.38336598431006230214e+00 -1.32309375703659792833e+00 1.30753145472431327789e+02 2.27612056059714767953e-01
7.88284616263129733760e-01 -3.38198135136424760105e+00 -1.32300235942296584568e+00 1.30754145264495178935e+02 2.27872318620528813149e-01
7.89844669483416361722e-01 -3.38060282730614902746e+00 -1.32291120630305525374e+00 1.30755140335567915599e+02 2.28131108433358265053e-01
7.91399345286702082802e-01 -3.37923040514910955068e+00 -1.32282029927279753956e+00 1.30756130694837423789e+02 2.28388430536877073962e-01
7.92948633088449872375e-01 -3.37786407794027709883e+00 -1.32272963991904290992e+00 1.30757116351442732594e+02 2.28644289952598667170e-01
7.94492522340805029657e-01 -3.37650383875933535194e+00 -1.32263922981951442814e+00 1.30758097314473900497e+02 2.28898691684764621357e-01
7.96031002532667897320e-01 -3.37514968071925203219e+00 -1.32254907054298920244e+00 1.30759073592972555389e+02 2.29151640720351018610e-01
7.97564063189764360651e-01 -3.37380159696591253038e+00 -1.32245916364886406669e+00 1.30760045195932008255e+02 2.29403142028942019781e-01
7.99091693874717567958e-01 -3.37245958067826734350e+00 -1.32236951068807018217e+00 1.30761012132297139487e+02 2.29653200562809745033e-01
8.00613884187118873825e-01 -3.37112362506781959581e+00 -1.32228011320219174252e+00 1.30761974410964711524e+02 2.29901821256757094014e-01
8.02130623763599115428e-01 -3.36979372337915750180e+00 -1.32219097272430730072e+00 1.30762932040783510956e+02 2.30149009028166040558e-01
8.03641902277898334539e-01 -3.36846986888954713635e+00 -1.32210209077825679991e+00 1.30763885030554490640e+02 2.30394768776860325854e-01
8.05147709440937053849e-01 -3.36715205490840574498e+00 -1.32201346887892268178e+00 1.30764833389030826538e+02 2.30639105385085835254e-01
8.06648035000885443857e-01 -3.36584027477869396350e+00 -1.32192510853314271202e+00 1.30765777124918173513e+02 2.30882023717603940272e-01
8.08142868743233711015e-01 -3.36453452187516122152e+00 -1.32183701123808727829e+00 1.30766716246874722174e+02 2.31123528621396540084e-01
8.09632200490861042574e-01 -3.36323478960532762372e+00 -1.32174917848257544861e+00 1.30767650763511454670e+02 2.31363624925809363564e-01
8.11116020104105994726e-01 -3.36194107140908071685e+00 -1.32166161174703189474e+00 1.30768580683392116271e+02 2.31602317442535260428e-01
8.12594317480834105183e-01 -3.36065336075856757603e+00 -1.32157431250246415466e+00 1.30769506015033471158e+02 2.31839610965348247307e-01
8.14067082556508059277e-01 -3.35937165115842972796e+00 -1.32148728221202715893e+00 1.30770426766905387694e+02 2.32075510270374041344e-01
8.15534305304254858449e-01 -3.35809593614546075813e+00 -1.32140052232979221536e+00 1.30771342947431094217e+02 2.32310020115772175586e-01
8.16995975734935098167e-01 -3.35682620928864139387e+00 -1.32131403430135829780e+00 1.30772254564987093772e+02 2.32543145241847937221e-01
8.18452083897210691532e-01 -3.35556246418887260674e+00 -1.32122781956394330649e+00 1.30773161627903505178e+02 2.32774890371003934098e-01
8.19902619877612370836e-01 -3.35430469447947077200e+00 -1.32114187954595707630e+00 1.30774064144464119863e+02 2.33005260207600733979e-01
8.21347573800607411165e-01 -3.35305289382566718004e+00 -1.32105621566781161746e+00 1.30774962122906572404e+02 2.33234259438075408610e-01
8.22786935828667020942e-01 -3.35180705592421190886e+00 -1.32097082934091991646e+00 1.30775855571422340518e+02 2.33461892730734171808e-01
8.24220696162332733259e-01 -3.35056717450437036021e+00 -1.32088572196865161601e+00 1.30776744498157000862e+02 2.33688164735829206897e-01
8.25648845040284129482e-01 -3.34933324332689252856e+00 -1.32080089494585672938e+00 1.30777628911210456408e+02 2.33913080085462604663e-01
8.27071372739403898322e-01 -3.34810525618457122121e+00 -1.32071634965917716897e+00 1.30778508818636936439e+02 2.34136643393603599561e-01
8.28488269574845448417e-01 -3.34688320690107632416e+00 -1.32063208748663818426e+00 1.30779384228444939708e+02 2.34358859255979323777e-01
8.29899525900098078424e-01 -3.34566708933273959659e+00 -1.32054810979834136297e+00 1.30780255148597802872e+02 2.34579732250097039437e-01
8.31305132107052369150e-01 -3.34445689736728368757e+00 -1.32046441795595703717e+00 1.30781121587013586804e+02 2.34799266935159317571e-01
8.32705078626066685921e-01 -3.34325262492347530241e+00 -1.32038101331325030685e+00 1.30781983551565048174e+02 2.35017467852132982964e-01
8.34099355926031127417e-01 -3.34205426595212218288e+00 -1.32029789721492663013e+00 1.30782841050080207879e+02 2.35234339523445912246e-01
8.35487954514433028841e-01 -3.34086181443495400245e+00 -1.32021507099846524547e+00 1.30783694090341839456e+02 2.35449886453330065050e-01
8.36870864937421798935e-01 -3.33967526438596129523e+00 -1.32013253599285551587e+00 1.30784542680088463840e+02 2.35664113127477425902e-01
8.38248077779872757809e-01 -3.33849460984925761053e+00 -1.32005029351922109626e+00 1.30785386827013553557e+02 2.35877024013204483754e-01
8.39619583665451307830e-01 -3.33731984490084432338e+00 -1.31996834488972991650e+00 1.30786226538766271688e+02 2.36088623559153304443e-01
8.40985373256677326559e-01 -3.33615096364836594134e+00 -1.31988669140968961635e+00 1.30787061822951471868e+02 2.36298916195634089998e-01
8.42345437254987894349e-01 -3.33498796022982091358e+00 -1.31980533437559000021e+00 1.30787892687129613023e+02 2.36507906334256057246e-01
8.43699766400801687283e-01 -3.33383082881502801342e+00 -1.31972427507624967546e+00 1.30788719138817242538e+02 2.36715598368056806544e-01
8.45048351473580483528e-01 -3.33267956360418082795e+00 -1.31964351479267016920e+00 1.30789541185486740460e+02 2.36921996671484447194e-01
8.46391183291893445251e-01 -3.33153415882899084366e+00 -1.31956305479769064881e+00 1.30790358834566745827e+02 2.37127105600256987694e-01
8.47728252713479291103e-01 -3.33039460875164206044e+00 -1.31948289635622084681e+00 1.30791172093441986135e+02 2.37330929491392755848e-01
8.49059550635307469513e-01 -3.32926090766577154056e+00 -1.31940304072552772041e+00 1.30791980969453817352e+02 2.37533472663182282369e-01
8.50385067993641552420e-01 -3.32813304989573355286e+00 -1.31932348915497632547e+00 1.30792785469899968120e+02 2.37734739415156159925e-01
8.51704795764099964472e-01 -3.32701102979633667189e+00 -1.31924424288563546526e+00 1.30793585602034710291e+02 2.37934734027933608713e-01
8.53018724961718044497e-01 -3.32589484175333449656e+00 -1.31916530315168745169e+00 1.30794381373069256824e+02 2.38133460763469251287e-01
8.54326846641008552652e-01 -3.32478448018302552569e+00 -1.31908667117867262064e+00 1.30795172790171477573e+02 2.38330923864673249746e-01
8.55629151896023509849e-01 -3.32367993953280871366e+00 -1.31900834818504453239e+00 1.30795959860466382452e+02 2.38527127555676815573e-01
8.56925631860413927754e-01 -3.32258121428050268165e+00 -1.31893033538124315740e+00 1.30796742591036064596e+02 2.38722076041599756691e-01
8.58216277707490537985e-01 -3.32148829893346997366e+00 -1.31885263397040897182e+00 1.30797520988919671936e+02 2.38915773508699996741e-01
8.59501080650284077223e-01 -3.32040118803131711900e+00 -1.31877524514730981586e+00 1.30798295061114032478e+02 2.39108224124057661131e-01
8.60780031941604684143e-01 -3.31931987614254575547e+00 -1.31869817009967915666e+00 1.30799064814573029025e+02 2.39299432035856768364e-01
8.62053122874101962481e-01 -3.31824435786714433405e+00 -1.31862141000723620543e+00 1.30799830256208423407e+02 2.39489401373132931861e-01
8.63320344780323600808e-01 -3.31717462783453242992e+00 -1.31854496604272775073e+00 1.30800591392889486997e+02 2.39678136245958239847e-01
8.64581689032775213555e-01 -3.31611068070528780538e+00 -1.31846883937103775963e+00 1.30801348231443455461e+02 2.39865640745181851745e-01
8.65837147043978516692e-01 -3.31505251116934029909e+00 -1.31839303114933481531e+00 1.30802100778655244540e+02 2.40051918942517539257e-01
8.67086710266529503421e-01 -3.31400011394747373572e+00 -1.31831754252742605615e+00 1.30802849041268103747e+02 2.40236974890480237121e-01
8.68330370193157397019e-01 -3.31295348379060072830e+00 -1.31824237464793347918e+00 1.30803593025983218467e+02 2.40420812622430951633e-01
8.69568118356782493450e-01 -3.31191261547913740060e+00 -1.31816752864586317351e+00 1.30804332739459994173e+02 2.40603436152473787457e-01
8.70799946330572671727e-01 -3.31087750382416023953e+00 -1.31809300564821940682e+00 1.30805068188316397482e+02 2.40784849475332379809e-01
8.72025845728002679813e-01 -3.30984814366639623628e+00 -1.31801880677592841984e+00 1.30805799379128700366e+02 2.40965056566649349357e-01
8.73245808202909201690e-01 -3.30882452987714303916e+00 -1.31794493314120497729e+00 1.30806526318431963318e+02 2.41144061382510349612e-01
8.74459825449549366105e-01 -3.30780665735650547532e+00 -1.31787138584955143550e+00 1.30807249012719694292e+02 2.41321867859775024412e-01
8.75667889202656035685e-01 -3.30679452103546012154e+00 -1.31779816599924104459e+00 1.30807967468444388714e+02 2.41498479915907587889e-01
8.76869991237495205461e-01 -3.30578811587412824124e+00 -1.31772527468163058728e+00 1.30808681692017444220e+02 2.41673901449055178459e-01
8.78066123369920736863e-01 -3.30478743686322573581e+00 -1.31765271297880515178e+00 1.30809391689809217496e+02 2.41848136337526553596e-01
8.79256277456431312167e-01 -3.30379247902166195416e+00 -1.31758048196873334135e+00 1.30810097468149194810e+02 2.42021188440800533170e-01
8.80440445394225390530e-01 -3.30280323740001247046e+00 -1.31750858271975301861e+00 1.30810799033326304652e+02 2.42193061598331177420e-01
8.81618619121255608917e-01 -3.30181970707719196767e+00 -1.31743701629404585951e+00 1.30811496391588548249e+02 2.42363759630305819481e-01
8.82790790616284959391e-01 -3.30084188316115012540e+00 -1.31736578374650026291e+00 1.30812189549143425893e+02 2.42533286337373643615e-01
8.83956951898940523904e-01 -3.29986976079157123820e+00 -1.31729488612420975180e+00 1.30812878512158277999e+02 2.42701645500388890619e-01
8.85117095029768430337e-01 -3.29890333513552480582e+00 -1.31722432446810877593e+00 1.30813563286759773518e+02 2.42868840880880620947e-01
8.86271212110287143204e-01 -3.29794260139067807458e+00 -1.31715409981113773519e+00 1.30814243879034535212e+02 2.43034876220545037473e-01
8.87419295283041753564e-01 -3.29698755478350147285e+00 -1.31708421318030710623e+00 1.30814920295029054387e+02 2.43199755241654186344e-01
8.88561336731657602783e-01 -3.29603819056947866528e+00 -1.31701466559511715104e+00 1.30815592540749577211e+02 2.43363481646750146048e-01
8.89697328680893129160e-01 -3.29509450403506365390e+00 -1.31694545806606444494e+00 1.30816260622162701566e+02 2.43526059118233911827e-01
8.90827263396692936581e-01 -3.29415649049444558827e+00 -1.31687659160038972317e+00 1.30816924545195149676e+02 2.43687491319548643620e-01
8.91951133186240308071e-01 -3.29322414529170304220e+00 -1.31680806719515963721e+00 1.30817584315733853373e+02 2.43847781893765880312e-01
8.93068930398010163429e-01 -3.29229746379959165026e+00 -1.31673988584266665747e+00 1.30818239939626096202e+02 2.44006934464621072500e-01
8.94180647421820240517e-01 -3.29137644142074803355e+00 -1.31667204852585628672e+00 1.30818891422679655534e+02 2.44164952635566867567e-01
8.95286276688883719821e-01 -3.29046107358678119326e+00 -1.31660455622361682870e+00 1.30819538770663115201e+02 2.44321839990778666429e-01
8.96385810671860183696e-01 -3.28955135575737944720e+00 -1.31653740990487722051e+00 1.30820181989305268644e+02 2.44477600094055946833e-01
8.97479241884907241733e-01 -3.28864728342253664906e+00 -1.31647061053466551961e+00 1.30820821084296113668e+02 2.44632236489831483839e-01
8.98566562883731378975e-01 -3.28774885210115108691e+00 -1.31640415906944974189e+00 1.30821456061286369277e+02 2.44785752702337627840e-01
8.99647766265638582084e-01 -3.28685605733962615815e+00 -1.31633805645915757943e+00 1.30822086925887617781e+02 2.44938152236006151385e-01
9.00722844669584632449e-01 -3.28596889471500519520e+00 -1.31627230364671121698e+00 1.30822713683672674279e+02 2.45089438575214396687e-01
9.01791790776225510307e-01 -3.28508735983257649238e+00 -1.31620690156861597231e+00 1.30823336340175472969e+02 2.45239615184487336208e-01
9.02854597307967132735e-01 -3.28421144832660605317e+00 -1.31614185115381499003e+00 1.30823954900891152420e+02 2.45388685508222542664e-01
9.03911257029014647557e-01 -3.28334115585957242445e+00 -1.31607715332653563145e+00 1.30824569371276226093e+02 2.45536652971203056550e-01
9.04961762745422060306e-01 -3.28247647812225196162e+00 -1.31601280900188077894e+00 1.30825179756748497084e+02 2.45683520977751118641e-01
9.06006107305140861996e-01 -3.28161741083587799039e+00 -1.31594881908956051753e+00 1.30825786062687541289e+02 2.45829292912329300247e-01
9.07044283598068878938e-01 -3.28076394975018148514e+00 -1.31588518449235047925e+00 1.30826388294434707404e+02 2.45973972139296725992e-01
9.08076284556099455614e-01 -3.27991609064072919821e+00 -1.31582190610633520400e+00 1.30826986457292406385e+02 2.46117562003024953343e-01
9.09102103153167639960e-01 -3.27907382931568891493e+00 -1.31575898482102271458e+00 1.30827580556525674638e+02 2.46260065827619473167e-01
9.10121732405300032376e-01 -3.27823716160917566498e+00 -1.31569642151792032259e+00 1.30828170597360838201e+02 2.46401486916912215719e-01
9.11135165370661193052e-01 -3.27740608338370087438e+00 -1.31563421707559080609e+00 1.30828756584986450662e+02 2.46541828555270070567e-01
9.12142395149601159510e-01 -3.27658059053152772577e+00 -1.31557237236172608341e+00 1.30829338524553094203e+02 2.46681094006026058185e-01
9.13143414884702742107e-01 -3.27576067897388156780e+00 -1.31551088823922857074e+00 1.30829916421173777508e+02 2.46819286512637681152e-01
9.14138217760827709313e-01 -3.27494634465845413374e+00 -1.31544976556522308364e+00 1.30830490279923395747e+02 2.46956409298591361701e-01
9.15126797005163528098e-01 -3.27413758356208361988e+00 -1.31538900518998325140e+00 1.30831060105839299013e+02 2.47092465567010283189e-01
9.16109145887269216146e-01 -3.27333439169113304956e+00 -1.31532860795623363082e+00 1.30831625903921491272e+02 2.47227458500548280540e-01
9.17085257719121638154e-01 -3.27253676507659196915e+00 -1.31526857470069380440e+00 1.30832187679131806135e+02 2.47361391261843477363e-01
9.18055125855160469861e-01 -3.27174469978389570457e+00 -1.31520890625484931924e+00 1.30832745436395924798e+02 2.47494266993168121616e-01
9.19018743692333606177e-01 -3.27095819190008718635e+00 -1.31514960344158482464e+00 1.30833299180600874934e+02 2.47626088816407519122e-01
9.19976104670142347253e-01 -3.27017723754664713098e+00 -1.31509066707895172499e+00 1.30833848916597617063e+02 2.47756859833125314685e-01
9.20927202270686140473e-01 -3.26940183286813557118e+00 -1.31503209797947739901e+00 1.30834394649199225569e+02 2.47886583124933917999e-01
9.21872030018706323240e-01 -3.26863197403886029946e+00 -1.31497389694369193336e+00 1.30834936383181627662e+02 2.48015261751965143677e-01
9.22810581481630642919e-01 -3.26786765726171957169e+00 -1.31491606477431632882e+00 1.30835474123284257075e+02 2.48142898755530583177e-01
9.23742850269617443715e-01 -3.26710887876857025702e+00 -1.31485860226122275307e+00 1.30836007874209684587e+02 2.48269497155298279889e-01
9.24668830035598299233e-01 -3.26635563481677593245e+00 -1.31480151019115587552e+00 1.30836537640623106427e+02 2.48395059951231650386e-01
9.25588514475321866293e-01 -3.26560792169451907796e+00 -1.31474478934079841430e+00 1.30837063427153651674e+02 2.48519590122006278632e-01
9.26501897327396517490e-01 -3.26486573571409177674e+00 -1.31468844048689725845e+00 1.30837585238393074860e+02 2.48643090627246654556e-01
9.27408972373333306827e-01 -3.26412907322319778558e+00 -1.31463246439350256445e+00 1.30838103078897802334e+02 2.48765564404539896159e-01
9.28309733437587714100e-01 -3.26339793058754112920e+00 -1.31457686182146060716e+00 1.30838616953186175351e+02 2.48887014371998477325e-01
9.29204174387602388485e-01 -3.26267230420673737257e+00 -1.31452163352318751599e+00 1.30839126865740922767e+02 2.49007443426558949806e-01
9.30092289133848337812e-01 -3.26195219050603713029e+00 -1.31446678025111696186e+00 1.30839632821008450492e+02 2.49126854445904322155e-01
9.30974071629866561928e-01 -3.26123758594249002485e+00 -1.31441230274130482769e+00 1.30840134823399239394e+02 2.49245250285087538433e-01
9.31849515872309464015e-01 -3.26052848699300179547e+00 -1.31435820173331396887e+00 1.30840632877286537905e+02 2.49362633780784104243e-01
9.32718615900981373734e-01 -3.25982489017188559188e+00 -1.31430447795569049774e+00 1.30841126987008891547e+02 2.49479007747750558543e-01
9.33581365798879514450e-01 -3.25912679201616750646e+00 -1.31425113213055544392e+00 1.30841617156868181837e+02 2.49594374980335653724e-01
9.34437759692233416153e-01 -3.25843418908663196021e+00 -1.31419816497319152937e+00 1.30842103391129398915e+02 2.49708738252317180573e-01
9.35287791750546215752e-01 -3.25774707797987206348e+00 -1.31414557719707092431e+00 1.30842585694023370024e+02 2.49822100317310752393e-01
9.36131456186633403860e-01 -3.25706545531214475275e+00 -1.31409336950666744137e+00 1.30843064069743576283e+02 2.49934463908101422991e-01
9.36968747256662348732e-01 -3.25638931773482509513e+00 -1.31404154259682282024e+00 1.30843538522449023276e+02 2.50045831735821955100e-01
9.37799659260191820209e-01 -3.25571866192076120328e+00 -1.31399009716522185975e+00 1.30844009056262279955e+02 2.50156206492893162796e-01
9.38624186540210181384e-01 -3.25505348457199250589e+00 -1.31393903389376887070e+00 1.30844475675270246029e+02 2.50265590849140517893e-01
9.39442323483174468457e-01 -3.25439378242250132445e+00 -1.31388835346470278509e+00 1.30844938383525374093e+02 2.50373987454705515532e-01
9.40254064519048693427e-01 -3.25373955222634592133e+00 -1.31383805655105234678e+00 1.30845397185043253785e+02 2.50481398938749766359e-01
9.41059404121340592475e-01 -3.25309079077171769967e+00 -1.31378814382281206008e+00 1.30845852083805425536e+02 2.50587827909965144002e-01
9.41858336807141038882e-01 -3.25244749486706385966e+00 -1.31373861594090435290e+00 1.30846303083756652086e+02 2.50693276956050592474e-01
9.42650857137159903232e-01 -3.25180966135436833042e+00 -1.31368947356167464768e+00 1.30846750188807703807e+02 2.50797748643927786993e-01
9.43436959715763689971e-01 -3.25117728710028641714e+00 -1.31364071733032194977e+00 1.30847193402833482878e+02 2.50901245518901638842e-01
9.44216639191012285792e-01 -3.25055036899798821537e+00 -1.31359234789848322578e+00 1.30847632729674216989e+02 2.51003770107880108675e-01
9.44989890254695485972e-01 -3.24992890397638367617e+00 -1.31354436590127243711e+00 1.30848068173136113046e+02 2.51105324914574212780e-01
9.45756707642368521505e-01 -3.24931288897733283605e+00 -1.31349677196619474273e+00 1.30848499736987747610e+02 2.51205912422217292335e-01
9.46517086133388918512e-01 -3.24870232097636568724e+00 -1.31344956672907775541e+00 1.30848927424964671218e+02 2.51305535095651566557e-01
9.47271020550951026173e-01 -3.24809719698207999272e+00 -1.31340275080233248595e+00 1.30849351240767902027e+02 2.51404195375246775068e-01
9.48018505762121987956e-01 -3.24749751401916775251e+00 -1.31335632480216935036e+00 1.30849771188061993143e+02 2.51501895682904763607e-01
9.48759536677876158528e-01 -3.24690326914852311901e+00 -1.31331028933665350245e+00 1.30850187270478528490e+02 2.51598638418797926342e-01
9.49494108253130075781e-01 -3.24631445945704388834e+00 -1.31326464501226780612e+00 1.30850599491614275394e+02 2.51694425963086387821e-01
9.50222215486776988769e-01 -3.24573108205485816313e+00 -1.31321939241669194409e+00 1.30851007855030218252e+02 2.51789260672767245541e-01
9.50943853421720053376e-01 -3.24515313408110506188e+00 -1.31317453214833057551e+00 1.30851412364254031218e+02 2.51883144886978382893e-01
9.51659017144907415364e-01 -3.24458061269736131038e+00 -1.31313006479356775280e+00 1.30851813022777633932e+02 2.51976080922997724976e-01
9.52367701787364628885e-01 -3.24401351510433055836e+00 -1.31308599092469813208e+00 1.30852209834060573712e+02 2.52068071075015553983e-01
9.53069902524227741125e-01 -3.24345183851843765765e+00 -1.31304231111763880513e+00 1.30852602801526359144e+02 2.52159117618596440025e-01
9.53765614574776932066e-01 -3.24289558018357926272e+00 -1.31299902594731676686e+00 1.30852991928564534874e+02 2.52249222809285855718e-01
9.54454833202468377884e-01 -3.24234473738333051074e+00 -1.31295613596055060768e+00 1.30853377218531875315e+02 2.52338388876759189827e-01
9.55137553714966891505e-01 -3.24179930740771071740e+00 -1.31291364171823721207e+00 1.30853758674747950863e+02 2.52426618034481298203e-01
9.55813771464177897030e-01 -3.24125928758627157578e+00 -1.31287154378346815342e+00 1.30854136300501153301e+02 2.52513912475860469176e-01
9.56483481846278404959e-01 -3.24072467528621954713e+00 -1.31282984268177016496e+00 1.30854510099046308369e+02 2.52600274366709065532e-01
9.57146680301749208652e-01 -3.24019546787308643232e+00 -1.31278853896996539063e+00 1.30854880073600696733e+02 2.52685705860240805709e-01
9.57803362315405748539e-01 -3.23967166275975193557e+00 -1.31274763316143117109e+00 1.30855246227349653054e+02 2.52770209080472707530e-01
9.58453523416427977111e-01 -3.23915325738752768459e+00 -1.31270712579872284032e+00 1.30855608563446821790e+02 2.52853786136995661860e-01
9.59097159178392222323e-01 -3.23864024921003812452e+00 -1.31266701739271374194e+00 1.30855967085007904416e+02 2.52936439114036293319e-01
9.59734265219300386462e-01 -3.23813263571850473710e+00 -1.31262730846815478536e+00 1.30856321795117906959e+02 2.53018170078026183312e-01
9.60364837201609811146e-01 -3.23763041443456422996e+00 -1.31258799953125504523e+00 1.30856672696828269409e+02 2.53098981071665229958e-01
9.60988870832263142319e-01 -3.23713358289583341687e+00 -1.31254909107808681590e+00 1.30857019793154535137e+02 2.53178874116254171156e-01
9.61606361862717418099e-01 -3.23664213867118322199e+00 -1.31251058362219774622e+00 1.30857363087080670994e+02 2.53257851216192486632e-01
9.62217306088972823552e-01 -3.23615607934955962222e+00 -1.31247247764658658831e+00 1.30857702581554548260e+02 2.53335914350346635970e-01
9.62821699351601556494e-01 -3.23567540256320773651e+00 -1.31243477363946459135e+00 1.30858038279494337530e+02 2.53413065477732013520e-01
9.63419537535776138171e-01 -3.23520010595425722144e+00 -1.31239747208460411088e+00 1.30858370183781744345e+02 2.53489306537295566724e-01
9.64010816571297390887e-01 -3.23473018719740856852e+00 -1.31236057345966128374e+00 1.30858698297266073496e+02 2.53564639446462292138e-01
9.64595532432621638463e-01 -3.23426564400196925320e+00 -1.31232407822568353239e+00 1.30859022622764427979e+02 2.53639066099023813283e-01
9.65173681138889238973e-01 -3.23380647410043575718e+00 -1.31228798687236714038e+00 1.30859343163061538462e+02 2.53712588374377767675e-01
9.65745258753950674979e-01 -3.23335267522344604885e+00 -1.31225229982616942159e+00 1.30859659920900838870e+02 2.53785208120964334011e-01
9.66310261386393642979e-01 -3.23290424516974406188e+00 -1.31221701755053810068e+00 1.30859972899002514168e+02 2.53856927172367463630e-01
9.66868685189569476712e-01 -3.23246118175181962329e+00 -1.31218214050753090305e+00 1.30860282100051364296e+02 2.53927747342302778666e-01
9.67420526361620347622e-01 -3.23202348279787443630e+00 -1.31214766913244251789e+00 1.30860587526696093619e+02 2.53997670419817356269e-01
9.67965781145503245675e-01 -3.23159114616392439956e+00 -1.31211360386282560597e+00 1.30860889181553005756e+02 2.54066698174138738686e-01
9.68504445829016735736e-01 -3.23116416975156139912e+00 -1.31207994511601011567e+00 1.30861187067208390999e+02 2.54134832349571404553e-01
9.69036516744826603720e-01 -3.23074255144748523350e+00 -1.31204669334301793349e+00 1.30861481186209545058e+02 2.54202074678742118152e-01
9.69561990270489948429e-01 -3.23032628922941356109e+00 -1.31201384893562145173e+00 1.30861771541080713632e+02 2.54268426859583840383e-01
9.70080862828479939530e-01 -3.22991538103182707076e+00 -1.31198141233994114430e+00 1.30862058134302742474e+02 2.54333890583706867528e-01
9.70593130886211241659e-01 -3.22950982487326143655e+00 -1.31194938392840865227e+00 1.30862340968331636759e+02 2.54398467505536463040e-01
9.71098790956062218882e-01 -3.22910961875443369706e+00 -1.31191776414720173705e+00 1.30862620045585828166e+02 2.54462159275697930028e-01
9.71597839595400469825e-01 -3.22871476070969221084e+00 -1.31188655335909332145e+00 1.30862895368448704403e+02 2.54524967508087174295e-01
9.72090273406605143158e-01 -3.22832524884312821456e+00 -1.31185575197608939035e+00 1.30863166939282081103e+02 2.54586893803921854307e-01
9.72576089037090585343e-01 -3.22794108124449330433e+00 -1.31182536037481134450e+00 1.30863434760405766610e+02 2.54647939739243323043e-01
9.73055283179328878163e-01 -3.22756225602764379445e+00 -1.31179537893739617260e+00 1.30863698834107196944e+02 2.54708106871073314270e-01
9.73527852570872820337e-01 -3.22718877132541948072e+00 -1.31176580805267106733e+00 1.30863959162640270506e+02 2.54767396737835993825e-01
9.73993793994377243806e-01 -3.22682062536684588494e+00 -1.31173664807369005914e+00 1.30864215748238649439e+02 2.54825810847423062100e-01
9.74453104277621995344e-01 -3.22645781632219152968e+00 -1.31170789938367460259e+00 1.30864468593088702164e+02 2.54883350697398869400e-01
9.74905780293532697733e-01 -3.22610034240578302800e+00 -1.31167956233211024930e+00 1.30864717699346471136e+02 2.54940017757700421175e-01
9.75351818960202621156e-01 -3.22574820187801414306e+00 -1.31165163728148792543e+00 1.30864963069140344487e+02 2.54995813479573230076e-01
9.75791217240913111297e-01 -3.22540139306785755835e+00 -1.31162412457464117033e+00 1.30865204704573955041e+02 2.55050739288051497855e-01
9.76223972144155016650e-01 -3.22505991423031312948e+00 -1.31159702453849291715e+00 1.30865442607698554411e+02 2.55104796589731230849e-01
9.76650080723648006398e-01 -3.22472376372124092114e+00 -1.31157033753139828924e+00 1.30865676780549563318e+02 2.55157986773374201306e-01
9.77069540078361775670e-01 -3.22439293991601561018e+00 -1.31154406390523647907e+00 1.30865907225128751179e+02 2.55210311206427398201e-01
9.77482347352534808316e-01 -3.22406744113963306120e+00 -1.31151820396635043764e+00 1.30866133943388916805e+02 2.55261771231044098940e-01
9.77888499735694360915e-01 -3.22374726588297377816e+00 -1.31149275800848230666e+00 1.30866356937277458883e+02 2.55312368159751723606e-01
9.78287994462675891683e-01 -3.22343241253775136812e+00 -1.31146772640687570011e+00 1.30866576208689565419e+02 2.55362103306634613542e-01
9.78680828813640935060e-01 -3.22312287961512922152e+00 -1.31144310942566733047e+00 1.30866791759501268189e+02 2.55410977939397765279e-01
9.79067000114096308572e-01 -3.22281866552213092092e+00 -1.31141890740148170380e+00 1.30867003591535080886e+02 2.55458993325819450071e-01
9.79446505734912542529e-01 -3.22251976882799873181e+00 -1.31139512059045126868e+00 1.30867211706604365418e+02 2.55506150691044153778e-01
9.79819343092340866441e-01 -3.22222618807250293926e+00 -1.31137174936638545297e+00 1.30867416106485478622e+02 2.55552451265407654102e-01
9.80185509648031860763e-01 -3.22193792184024818681e+00 -1.31134879393660552793e+00 1.30867616792918823876e+02 2.55597896225658538505e-01
9.80545002909051777173e-01 -3.22165496872095946657e+00 -1.31132625461236718145e+00 1.30867813767614023845e+02 2.55642486749407649160e-01
9.80897820427900302143e-01 -3.22137732730519843471e+00 -1.31130413172275295253e+00 1.30868007032245117216e+02 2.55686223998554007508e-01
9.81243959802526766190e-01 -3.22110499624974799815e+00 -1.31128242546874695940e+00 1.30868196588455987239e+02 2.55729109087808770262e-01
9.81583418676346575182e-01 -3.22083797426083506821e+00 -1.31126113613011541226e+00 1.30868382437867438739e+02 2.55771143125583244604e-01
9.81916194738257197550e-01 -3.22057626000224006546e+00 -1.31124026402709747963e+00 1.30868564582057388179e+02 2.55812327211162648943e-01
9.82242285722654373536e-01 -3.22031985217688099254e+00 -1.31121980940410742811e+00 1.30868743022571095480e+02 2.55852662408097619728e-01
9.82561689409446659127e-01 -3.22006874962544520358e+00 -1.31119977245186003501e+00 1.30868917760941343431e+02 2.55892149743500496584e-01
9.82874403624071413255e-01 -3.21982295104016591480e+00 -1.31118015344831251312e+00 1.30869088798639950255e+02 2.55930790249720541141e-01
9.83180426237509119680e-01 -3.21958245523369512853e+00 -1.31116095268580812316e+00 1.30869256137126257045e+02 2.55968584936735299440e-01
9.83479755166297819891e-01 -3.21934726107163937669e+00 -1.31114217031059965279e+00 1.30869419777826323070e+02 2.56005534764443931639e-01
9.83772388372547657021e-01 -3.21911736740055820505e+00 -1.31112380665365813037e+00 1.30869579722135142674e+02 2.56041640710407414350e-01
9.84058323863954753641e-01 -3.21889277309174959285e+00 -1.31110586186077582305e+00 1.30869735971407067154e+02 2.56076903695813928863e-01
9.84337559693814090345e-01 -3.21867347702867601100e+00 -1.31108833621775211498e+00 1.30869888526969248232e+02 2.56111324649349048066e-01
9.84610093961033494558e-01 -3.21845947819268518586e+00 -1.31107122986617352645e+00 1.30870037390124451804e+02 2.56144904447603904973e-01
9.84875924810146630151e-01 -3.21825077543293724958e+00 -1.31105454305449331542e+00 1.30870182562118685610e+02 2.56177643975376345686e-01
9.85135050431324765796e-01 -3.21804736792630619036e+00 -1.31103827606350220591e+00 1.30870324044227061222e+02 2.56209544088299379094e-01
9.85387469060390319697e-01 -3.21784925442119007499e+00 -1.31102242893731846252e+00 1.30870461837593182963e+02 2.56240605598092141548e-01
9.85633178978827628747e-01 -3.21765643420708524758e+00 -1.31100700197479080877e+00 1.30870595943442566522e+02 2.56270829319946880087e-01
9.85872178513795716093e-01 -3.21746890622628400891e+00 -1.31099199534204036155e+00 1.30870726362890053451e+02 2.56300216041321249349e-01
9.86104466038138838258e-01 -3.21728666951372499483e+00 -1.31097740922558902987e+00 1.30870853097033545964e+02 2.56328766529861251655e-01
9.86330039970398142479e-01 -3.21710972334575151521e+00 -1.31096324377880257828e+00 1.30870976146980012800e+02 2.56356481515528922266e-01
9.86548898774822102808e-01 -3.21693806666138426564e+00 -1.31094949923407022574e+00 1.30871095513738481486e+02 2.56383361741305215720e-01
9.86761040961377400293e-01 -3.21677169874162816043e+00 -1.31093617573046850033e+00 1.30871211198343843307e+02 2.56409407895735796945e-01
9.86966465085758248854e-01 -3.21661061882325549632e+00 -1.31092327346797343779e+00 1.30871323201789238055e+02 2.56434620662254975088e-01
9.87165169749397164445e-01 -3.21645482600525856043e+00 -1.31091079252852504844e+00 1.30871431524999053408e+02 2.56459000688978699944e-01
9.87357153599473957861e-01 -3.21630431958761775491e+00 -1.31089873310413795870e+00 1.30871536168906118291e+02 2.56482548616212058246e-01
9.87542415328925060614e-01 -3.21615909885910156163e+00 -1.31088709528089530920e+00 1.30871637134399691149e+02 2.56505265044975783173e-01
9.87720953676452295689e-01 -3.21601916306091428766e+00 -1.31087587939915639623e+00 1.30871734422336601256e+02 2.56527150608982068558e-01
9.87892767426531648312e-01 -3.21588451148413634328e+00 -1.31086508526888678716e+00 1.30871828033520642975e+02 2.56548205816948038382e-01
9.88057855409421592618e-01 -3.21575514361479086745e+00 -1.31085471334459557902e+00 1.30871917968789915676e+02 2.56568431274137032094e-01
9.88216216501170752196e-01 -3.21563105882454536300e+00 -1.31084476359349877406e+00 1.30872004228899754708e+02 2.56587827477408103594e-01
9.88367849623625893685e-01 -3.21551225615604918673e+00 -1.31083523609923835451e+00 1.30872086814511334296e+02 2.56606394943543814069e-01
9.88512753744439143233e-01 -3.21539873538516207674e+00 -1.31082613120168867127e+00 1.30872165726405484065e+02 2.56624134183326912950e-01
9.88650927877074869876e-01 -3.21529049599286453898e+00 -1.31081744855440196496e+00 1.30872240965235164367e+02 2.56641045569288461792e-01
9.88782371080816346876e-01 -3.21518753724772743396e+00 -1.31080918880189178921e+00 1.30872312531625766496e+02 2.56657129658553417872e-01
9.88907082460772635102e-01 -3.21508985873992969573e+00 -1.31080135175482714871e+00 1.30872380426187589819e+02 2.56672386810354702380e-01
9.89025061167884578239e-01 -3.21499745996307373375e+00 -1.31079393759796247743e+00 1.30872444649494838131e+02 2.56686817442446757465e-01
9.89136306398929687766e-01 -3.21491034057756586151e+00 -1.31078694631386594160e+00 1.30872505202108271760e+02 2.56700421905563191949e-01
9.89240817396528693273e-01 -3.21482849999851216793e+00 -1.31078037814965830954e+00 1.30872562084518165193e+02 2.56713200595079849009e-01
9.89338593449150427439e-01 -3.21475193781763834977e+00 -1.31077423299957129821e+00 1.30872615297195579842e+02 2.56725153809479911260e-01
9.89429633891116377953e-01 -3.21468065388964463480e+00 -1.31076851102424907225e+00 1.30872664840640425155e+02 2.56736281866740800872e-01
9.89513938102605350444e-01 -3.21461464754136416744e+00 -1.31076321230864856204e+00 1.30872710715209848331e+02 2.56746585077332722946e-01
9.89591505509657798356e-01 -3.21455391877404439427e+00 -1.31075833692768384253e+00 1.30872752921356322986e+02 2.56756063696666148033e-01
9.89662335584179708725e-01 -3.21449846712160525186e+00 -1.31075388501935585772e+00 1.30872791459408318815e+02 2.56764717996668223599e-01
9.89726427843945932850e-01 -3.21444829238049711861e+00 -1.31074985647414954393e+00 1.30872826329697289793e+02 2.56772548168567038562e-01
9.89783781852604072071e-01 -3.21440339424791554634e+00 -1.31074625130115807181e+00 1.30872857532505378231e+02 2.56779554412455035539e-01
9.89834397219676587198e-01 -3.21436377245601700992e+00 -1.31074306976394483470e+00 1.30872885068098611328e+02 2.56785736957053312146e-01
9.89878273600564240198e-01 -3.21432942691204059926e+00 -1.31074031173343485968e+00 1.30872908936721444206e+02 2.56791095926453272202e-01
9.89915410696548092595e-01 -3.21430035748169018461e+00 -1.31073797733619734629e+00 1.30872929138587267062e+02 2.56795631477439445511e-01
9.89945808254791503877e-01 -3.21427656383538185025e+00 -1.31073606660410146851e+00 1.30872945673830884061e+02 2.56799343738886520772e-01
9.89969466068341796827e-01 -3.21425804612009091699e+00 -1.31073457947463722917e+00 1.30872958542639366897e+02 2.56802232778048589168e-01
