00000000000000000000 -3.99357558823613079113e+00 -1.91727744259047316877e-01 00000000000000000108 -2.01030624057960103554e-21
2.58315720529896097890e-03 -3.99319893663742764289e+00 -1.91727800240953344391e-01 1.08000362807667940501e+02 1.68270971245272622883e-05
5.16629682395841009074e-03 -3.99282588937453564171e+00 -1.91727668459122702060e-01 1.08000700980868543866e+02 3.12895184117101846045e-05
7.74940126945856955221e-03 -3.99245644522478393412e+00 -1.91727349106850630811e-01 1.08001014531956286646e+02 4.33877505815320976975e-05
1.03324529555191297475e-02 -3.99209060293443851464e+00 -1.91726842374533329449e-01 1.08001303473692928492e+02 5.31223482664150528946e-05
1.29154342962189676997e-02 -3.99172836121821283939e+00 -1.91726148449467170831e-01 1.08001567819218763589e+02 6.04939226345275058903e-05
1.54983277061159028382e-02 -3.99136971876051127595e+00 -1.91725267516337005702e-01 1.08001807582117294260e+02 6.55031673174413412797e-05
1.80811156003663868475e-02 -3.99101467421421940429e+00 -1.91724199756728524990e-01 1.08002022776348084676e+02 6.81508317488430884895e-05
2.06637803948452533631e-02 -3.99066322620144164901e+00 -1.91722945349419388039e-01 1.08002213416284178038e+02 6.84377363287281019130e-05
2.32463045062654173611e-02 -3.99031537331216057396e+00 -1.91721504469776787838e-01 1.08002379516638157497e+02 6.63647395705194127020e-05
2.58286703522975918945e-02 -3.98997111410769456086e+00 -1.91719877291310930589e-01 1.08002521092646489365e+02 6.19328213361126364090e-05
2.84108603516900135033e-02 -3.98963044711672631948e+00 -1.91718063983880721013e-01 1.08002638159853802335e+02 5.51429856430830288251e-05
3.09928569243880722150e-02 -3.98929337083754109727e+00 -1.91716064714698680715e-01 1.08002730734231803922e+02 4.59963144092757596627e-05
3.35746424916540803229e-02 -3.98895988373759546874e+00 -1.91713879648136825695e-01 1.08002798832154596198e+02 3.44939564918752360049e-05
3.61561994761869162640e-02 -3.98862998425357018206e+00 -1.91711508945749453670e-01 1.08002842470399897934e+02 2.06371283767293781336e-05
3.87375103022416650278e-02 -3.98830367078855951846e+00 -1.91708952764857942785e-01 1.08002861665996348961e+02 4.42703755020383443074e-06
4.13185573957493418318e-02 -3.98798094172113470890e+00 -1.91706211263112463739e-01 1.08002856436710771959e+02 -1.41348723717683704955e-05
4.38993231844364839578e-02 -3.98766179539391352193e+00 -1.91703284592737388525e-01 1.08002826800430867138e+02 -3.50472320858377764429e-05
4.64797900979448119774e-02 -3.98734623012021627275e+00 -1.91700172903882665176e-01 1.08002772775522828397e+02 -5.83085665640486921807e-05
4.90599405679508632216e-02 -3.98703424418260921058e+00 -1.91696876343896649431e-01 1.08002694380752060965e+02 -8.39173348061828081219e-05
5.16397570282855211676e-02 -3.98672583583292894360e+00 -1.91693395057339011078e-01 1.08002591635283465621e+02 -1.11871929640256607226e-04
5.42192219150537807471e-02 -3.98642100329002202486e+00 -1.91689729184726154188e-01 1.08002464558558983754e+02 -1.42170745846311499241e-04
5.67983176667541181382e-02 -3.98611974474743657737e+00 -1.91685878866828335321e-01 1.08002313170711431667e+02 -1.74811949199645590971e-04
5.93770267243982005634e-02 -3.98582205836333702820e+00 -1.91681844239043164269e-01 1.08002137492020239051e+02 -2.09793780160089229437e-04
6.19553315316303740423e-02 -3.98552794226651263543e+00 -1.91677625434761911283e-01 1.08001937543235101202e+02 -2.47114373055388005830e-04
6.45332145348472135948e-02 -3.98523739455502701290e+00 -1.91673222584619912245e-01 1.08001713345502537322e+02 -2.86771797020593955524e-04
6.71106581833170040552e-02 -3.98495041329621813020e+00 -1.91668635816508503567e-01 1.08001464920365762623e+02 -3.28764055989629543596e-04
6.96876449292992278250e-02 -3.98466699652669920084e+00 -1.91663865255584958680e-01 1.08001192289764475163e+02 -3.73089088660855897495e-04
7.22641572281641081377e-02 -3.98438714225060630625e+00 -1.91658911023206646185e-01 1.08000895475940410506e+02 -4.19744826539896257172e-04
7.48401775385119094608e-02 -3.98411084844575080766e+00 -1.91653773240730185279e-01 1.08000574501768866753e+02 -4.68728989911037867942e-04
7.74156883222925085164e-02 -3.98383811305531487790e+00 -1.91648452024413107342e-01 1.08000229390311304201e+02 -5.20039363028882480749e-04
7.99906720449247571336e-02 -3.98356893399288125579e+00 -1.91642947488525228206e-01 1.07999860165086445818e+02 -5.73673627128236298528e-04
8.25651111754157757128e-02 -3.98330330914126440334e+00 -1.91637259744647264759e-01 1.07999466850007905805e+02 -6.29629398881189077282e-04
8.51389881864804548561e-02 -3.98304123635250029167e+00 -1.91631388901680271841e-01 1.07999049469383692212e+02 -6.87904230446395505844e-04
8.77122855546606100541e-02 -3.98278271344716738867e+00 -1.91625335065407326196e-01 1.07998608047880253480e+02 -7.48495633761859461425e-04
9.02849857604444694381e-02 -3.98252773821675143395e+00 -1.91619098340113647172e-01 1.07998142610650532447e+02 -8.11400993902163252154e-04
9.28570712883857868336e-02 -3.98227630842038182735e+00 -1.91612678826400179011e-01 1.07997653183158661250e+02 -8.76617687504359323000e-04
9.54285246272232184905e-02 -3.98202842178680338492e+00 -1.91606076622541116050e-01 1.07997139791287082744e+02 -9.44143010278772776972e-04
9.79993282699994638918e-02 -3.98178407601389450221e+00 -1.91599291824183448618e-01 1.07996602461311368870e+02 -1.01397419390539408023e-03
1.00569464714180475950e-01 -3.98154326876864494977e+00 -1.91592324524357732196e-01 1.07996041219900050123e+02 -1.08610840609972623787e-03
1.03138916461774601818e-01 -3.98130599768713366871e+00 -1.91585174813489134138e-01 1.07995456094114373968e+02 -1.16054275069273657266e-03
1.05707666019451862471e-01 -3.98107226037450345757e+00 -1.91577842779409368568e-01 1.07994847111408176943e+02 -1.23727426770039289870e-03
1.08275695898662718819e-01 -3.98084205440493343886e+00 -1.91570328507367854121e-01 1.07994214299627529385e+02 -1.31629993339095669770e-03
1.10842988615757503945e-01 -3.98061537732160841685e+00 -1.91562632080044148442e-01 1.07993557687010607538e+02 -1.39761666035935895429e-03
1.13409526692105272483e-01 -3.98039222663669622904e+00 -1.91554753577559383482e-01 1.07992877302187622490e+02 -1.48122129759235029826e-03
1.15975292654212733257e-01 -3.98017259983130777812e+00 -1.91546693077489255108e-01 1.07992173174180464912e+02 -1.56711063052815836177e-03
1.18540269033843417845e-01 -3.97995649435408349603e+00 -1.91538450653859160244e-01 1.07991445332327870688e+02 -1.65528143584107133301e-03
1.21104438368136405058e-01 -3.97974390762625152007e+00 -1.91530026380895834759e-01 1.07990693806559875156e+02 -1.74573028025083753535e-03
1.23667783199725281329e-01 -3.97953483703449251152e+00 -1.91521420327829455799e-01 1.07989918627015086372e+02 -1.83845380106818713679e-03
1.26230286076857156630e-01 -3.97932927993532903344e+00 -1.91512632562154921922e-01 1.07989119824278972715e+02 -1.93344853140515354241e-03
1.28791929553511097506e-01 -3.97912723365403975251e+00 -1.91503663148880620692e-01 1.07988297429327531063e+02 -2.03071094136662551669e-03
1.31352696189517337277e-01 -3.97892869548462257967e+00 -1.91494512150541418283e-01 1.07987451473527201529e+02 -2.13023743814167712193e-03
1.33912568550675792345e-01 -3.97873366268974892890e+00 -1.91485179627211066222e-01 1.07986581988634625873e+02 -2.23202436608910823393e-03
1.36471529208874592376e-01 -3.97854213250071886421e+00 -1.91475665636516217960e-01 1.07985689006796420131e+02 -2.33606800681740315109e-03
1.39029560742209123969e-01 -3.97835410211741402620e+00 -1.91465970233648613563e-01 1.07984772560549117770e+02 -2.44236457928263079806e-03
1.41586645735100435939e-01 -3.97816956870825144676e+00 -1.91456093471379318327e-01 1.07983832682818928106e+02 -2.55091023986312760707e-03
1.44142766778413616846e-01 -3.97798852941012981432e+00 -1.91446035400072073207e-01 1.07982869406921537347e+02 -2.66170108245002796574e-03
1.46697906469576699884e-01 -3.97781098132838195625e+00 -1.91435796067697200362e-01 1.07981882766562094389e+02 -2.77473313852680128835e-03
1.49252047412698846118e-01 -3.97763692153671843954e+00 -1.91425375519845314409e-01 1.07980872795834784483e+02 -2.89000237725667253816e-03
1.51805172218688999575e-01 -3.97746634707717561241e+00 -1.91414773799741977367e-01 1.07979839529222999772e+02 -3.00750470555740528900e-03
1.54357263505374042722e-01 -3.97729925496005964902e+00 -1.91403990948261937266e-01 1.07978783001598969804e+02 -3.12723596818192429991e-03
1.56908303897617312783e-01 -3.97713564216046533417e+00 -1.91393027001242777008e-01 1.07977703248039688333e+02 -3.24919209306331847539e-03
1.59458276027436895994e-01 -3.97697550563104096355e+00 -1.91381881999631325852e-01 1.07976600304516736628e+02 -3.37336854645572861017e-03
1.62007162534123755337e-01 -3.97681884228378912383e+00 -1.91370555975159006845e-01 1.07975474206920026177e+02 -3.49976110429942727231e-03
1.64554946064359886027e-01 -3.97666564900145713679e+00 -1.91359048959415384283e-01 1.07974324991674052399e+02 -3.62836536504651443330e-03
1.67101609272336831813e-01 -3.97651592263475128775e+00 -1.91347360981710457040e-01 1.07973152695591323891e+02 -3.75917686562085963733e-03
1.69647134819873285361e-01 -3.97636966000226754758e+00 -1.91335492069087259592e-01 1.07971957355872078210e+02 -3.89219108151922640534e-03
1.72191505376533410265e-01 -3.97622685789042629168e+00 -1.91323442246339514572e-01 1.07970739010104253452e+02 -4.02740342691168453498e-03
1.74734703619744774494e-01 -3.97608751305340257787e+00 -1.91311211536025954638e-01 1.07969497696263289299e+02 -4.16480925474640561318e-03
1.77276712234916367095e-01 -3.97595162221305420402e+00 -1.91298799958485893358e-01 1.07968233452711984910e+02 -4.30440385684813069112e-03
1.79817513915556254078e-01 -3.97581918205884932149e+00 -1.91286207531855045882e-01 1.07966946318200399446e+02 -4.44618246402443944437e-03
1.82357091363389622884e-01 -3.97569018924779227220e+00 -1.91273434272082293317e-01 1.07965636331865667330e+02 -4.59014024616248485916e-03
1.84895427288476549288e-01 -3.97556464040434942575e+00 -1.91260480192944615219e-01 1.07964303533231984034e+02 -4.73627231233330128757e-03
1.87432504409329458994e-01 -3.97544253212036835521e+00 -1.91247345306064325809e-01 1.07962947962210307651e+02 -4.88457371089391721025e-03
1.89968305453031172103e-01 -3.97532386095500189782e+00 -1.91234029620925782833e-01 1.07961569659098415741e+02 -5.03503942958089846516e-03
1.92502813155352114904e-01 -3.97520862343041914144e+00 -1.91220533141311432868e-01 1.07960168664354512202e+02 -5.18766458798234405408e-03
1.95036010260868170052e-01 -3.97509681604766251795e+00 -1.91206855878890136236e-01 1.07958745019454084968e+02 -5.34244370844854689351e-03
1.97567879523077832848e-01 -3.97498843526382072966e+00 -1.91192997833859790191e-01 1.07957298765666905638e+02 -5.49937175720071908663e-03
2.00098403704520089175e-01 -3.97488347750641413114e+00 -1.91178959007298227002e-01 1.07955829944835102197e+02 -5.65844348179938075316e-03
2.02627565576891321975e-01 -3.97478193916984468004e+00 -1.91164739398226840583e-01 1.07954338599186755232e+02 -5.81965356987283483764e-03
2.05155347921162689584e-01 -3.97468381661530889559e+00 -1.91150339003628932932e-01 1.07952824771335841092e+02 -5.98299664923101874592e-03
2.07681733527697698349e-01 -3.97458910617070637628e+00 -1.91135757818467810765e-01 1.07951288504282075564e+02 -6.14846728798478393135e-03
2.10206705196368998090e-01 -3.97449780413054654105e+00 -1.91120995835703660903e-01 1.07949729841410842823e+02 -6.31605999466816007276e-03
2.12730245736675399604e-01 -3.97440990675585892333e+00 -1.91106053046312812649e-01 1.07948148826493081742e+02 -6.48576921835379571757e-03
2.15252337967859502799e-01 -3.97432541027409458323e+00 -1.91090929439305029502e-01 1.07946545503685186418e+02 -6.65758934877641248007e-03
2.17772964719024048064e-01 -3.97424431087903062831e+00 -1.91075625001742105402e-01 1.07944919917528849851e+02 -6.83151471645032995483e-03
2.20292108829248989288e-01 -3.97416660473067473447e+00 -1.91060139718757709959e-01 1.07943272112950978681e+02 -7.00753959279007410110e-03
2.22809753147708622389e-01 -3.97409228795516167310e+00 -1.91044473573574541403e-01 1.07941602135263707396e+02 -7.18565819023600591692e-03
2.25325880533787908933e-01 -3.97402135664128541848e+00 -1.91028626544432672540e-01 1.07939910029983181516e+02 -7.36586482833882782995e-03
2.27840473857199465879e-01 -3.97395380685323873493e+00 -1.91012598616403017626e-01 1.07938195843519409323e+02 -7.54815330080064062629e-03
2.30353515998100027984e-01 -3.97388963461208355454e+00 -1.90996389764478996520e-01 1.07936459622186518459e+02 -7.73251778424350125207e-03
2.32864989847207326523e-01 -3.97382883590742830293e+00 -1.90979999964422608727e-01 1.07934701412835352130e+02 -7.91895225720545305192e-03
2.35374878305916024335e-01 -3.97377140669448358778e+00 -1.90963429190180583594e-01 1.07932921262701285059e+02 -8.10745063996668076378e-03
2.37883164286414594546e-01 -3.97371734289395472928e+00 -1.90946677413907139886e-01 1.07931119219404166643e+02 -8.29800679467643069465e-03
2.40389830711801560925e-01 -3.97366664039193873137e+00 -1.90929744605981832617e-01 1.07929295330948292531e+02 -8.49061452549508197118e-03
2.42894860516201405165e-01 -3.97361929503979638412e+00 -1.90912630735030758311e-01 1.07927449645722191462e+02 -8.68526757872201821131e-03
2.45398236644881417856e-01 -3.97357530265405678449e+00 -1.90895335767947899042e-01 1.07925582212498682111e+02 -8.88195964293756086427e-03
2.47899942054367217192e-01 -3.97353465901628499779e+00 -1.90877859669915300733e-01 1.07923693080434631497e+02 -9.08068434914092829924e-03
2.50399959712559072589e-01 -3.97349735987297902895e+00 -1.90860202404424778022e-01 1.07921782299071011835e+02 -9.28143527088765712962e-03
2.52898272598847562165e-01 -3.97346340093374328362e+00 -1.90842363931610525807e-01 1.07919849918241553155e+02 -9.48420601494109720420e-03
2.55394863704230257184e-01 -3.97343277787767323872e+00 -1.90824344214733515601e-01 1.07917895988421534526e+02 -9.68898987494206005711e-03
2.57889716031426352583e-01 -3.97340548634387902283e+00 -1.90806143210899753493e-01 1.07915920560225742975e+02 -9.89578033033977101651e-03
2.60382812594993184874e-01 -3.97338152193735849593e+00 -1.90787760877049211716e-01 1.07913923684730207242e+02 -1.01045707266650530015e-02
2.62874136421441917388e-01 -3.97336088022742650594e+00 -1.90769197168539267340e-01 1.07911905413394464404e+02 -1.03153543527562986670e-02
2.65363670549352448358e-01 -3.97334355674759187593e+00 -1.90750452039168322260e-01 1.07909865798061659348e+02 -1.05281244409044898169e-02
2.67851398029489484731e-01 -3.97332954699542817423e+00 -1.90731525441197841131e-01 1.07907804890958431088e+02 -1.07428741670046075385e-02
2.70337301924917894347e-01 -3.97331884643244492850e+00 -1.90712417325375860333e-01 1.07905722744694770654e+02 -1.09595966507060760958e-02
2.72821365311117669528e-01 -3.97331145048395528718e+00 -1.90693127640959553259e-01 1.07903619412263964250e+02 -1.11782849555622613991e-02
2.75303571276099334764e-01 -3.97330735453894456910e+00 -1.90673656335739849510e-01 1.07901494947042593253e+02 -1.13989320891844381212e-02
2.77783902920519187862e-01 -3.97330655394993792484e+00 -1.90654003356064000174e-01 1.07899349402790392105e+02 -1.16215310034013721147e-02
2.80262343357794374565e-01 -3.97330904403205753539e+00 -1.90634168645994056535e-01 1.07897182833607033103e+02 -1.18460746407811935710e-02
2.82738875714217352542e-01 -3.97331482006597713763e+00 -1.90614152150655608020e-01 1.07894995294097753913e+02 -1.20725557567749157417e-02
2.85213483129071798672e-01 -3.97332387729332436876e+00 -1.90593953811464517090e-01 1.07892786839134231514e+02 -1.23009671767778955981e-02
2.87686148754746129352e-01 -3.97333621091940880632e+00 -1.90573573569235293901e-01 1.07890557524008116275e+02 -1.25313016311782588624e-02
2.90156855756849185735e-01 -3.97335181611238263955e+00 -1.90553011363461588523e-01 1.07888307404393955835e+02 -1.27635517953785023598e-02
2.92625587314324475674e-01 -3.97337068800310388994e+00 -1.90532267132341143201e-01 1.07886036536348967729e+02 -1.29977102899640536288e-02
2.95092326619564693235e-01 -3.97339282168499030590e+00 -1.90511340812801993616e-01 1.07883744976313167285e+02 -1.32337696808659498193e-02
2.97557056878526016153e-01 -3.97341821221386881646e+00 -1.90490232340527809729e-01 1.07881432781109182883e+02 -1.34717224795172091367e-02
3.00019761310842958402e-01 -3.97344685460783608733e+00 -1.90468941649983847242e-01 1.07879100007942270167e+02 -1.37115611430326765630e-02
3.02480423149941946015e-01 -3.97347874384710308959e+00 -1.90447468674443926018e-01 1.07876746714400198357e+02 -1.39532780743706029403e-02
3.04939025643155781076e-01 -3.97351387487384677399e+00 -1.90425813346016326033e-01 1.07874372958453136562e+02 -1.41968656225019019407e-02
3.07395552051837939178e-01 -3.97355224259205952464e+00 -1.90403975595672153576e-01 1.07871978798453838522e+02 -1.44423160825754570702e-02
3.09849985651476145243e-01 -3.97359384186739328371e+00 -1.90381955353270404530e-01 1.07869564293137258915e+02 -1.46896216961025158354e-02
3.12302309731806226889e-01 -3.97363866752700634066e+00 -1.90359752547587079974e-01 1.07867129501620780729e+02 -1.49387746511175627945e-02
3.14752507596926411892e-01 -3.97368671435940656878e+00 -1.90337367106342802980e-01 1.07864674483403959471e+02 -1.51897670823585729388e-02
3.17200562565410182359e-01 -3.97373797711429244117e+00 -1.90314798956230518678e-01 1.07862199298368551581e+02 -1.54425910714440298155e-02
3.19646457970420572181e-01 -3.97379245050239404691e+00 -1.90292048022944026986e-01 1.07859704006778500229e+02 -1.56972386470415788129e-02
3.22090177159823132236e-01 -3.97385012919531410702e+00 -1.90269114231206654120e-01 1.07857188669279807414e+02 -1.59537017850592127699e-02
3.24531703496299839262e-01 -3.97391100782536321745e+00 -1.90245997504800784528e-01 1.07854653346900533961e+02 -1.62119724088144248619e-02
3.26971020357461672479e-01 -3.97397508098539775645e+00 -1.90222697766596143820e-01 1.07852098101050714263e+02 -1.64720423892179348990e-02
3.29408111135962355931e-01 -3.97404234322865201889e+00 -1.90199214938580413170e-01 1.07849522993522313641e+02 -1.67339035449612892614e-02
3.31842959239611323685e-01 -3.97411278906857434734e+00 -1.90175548941888677978e-01 1.07846928086489171505e+02 -1.69975476426888136294e-02
3.34275548091486185420e-01 -3.97418641297865882223e+00 -1.90151699696834097786e-01 1.07844313442506987144e+02 -1.72629663971983204895e-02
3.36705861130046413265e-01 -3.97426320939227339935e+00 -1.90127667122937937805e-01 1.07841679124513220245e+02 -1.75301514716135163618e-02
3.39133881809245474326e-01 -3.97434317270249071186e+00 -1.90103451138960710676e-01 1.07839025195827105108e+02 -1.77990944775786794074e-02
3.41559593598643573831e-01 -3.97442629726191531958e+00 -1.90079051662933679046e-01 1.07836351720149508537e+02 -1.80697869754445974988e-02
3.43982979983520398282e-01 -3.97451257738250651741e+00 -1.90054468612189914056e-01 1.07833658761562986683e+02 -1.83422204744647654451e-02
3.46404024464987525533e-01 -3.97460200733540958140e+00 -1.90029701903397491014e-01 1.07830946384531571880e+02 -1.86163864329796160946e-02
3.48822710560100557320e-01 -3.97469458134722142262e+00 -1.90004751448591996388e-01 1.07828214653711370374e+02 -1.88922764719093722041e-02
3.51239021801971362802e-01 -3.97479029361333591197e+00 -1.89979617170635051160e-01 1.07825463634683856640e+02 -1.91698815493142674105e-02
3.53652941739880488647e-01 -3.97488913827866374717e+00 -1.89954298980942709596e-01 1.07822693392889831898e+02 -1.94491931609920912227e-02
3.56064453939388791959e-01 -3.97499110944907529941e+00 -1.89928796793793042141e-01 1.07819903994318949003e+02 -1.97302025639330413931e-02
3.58473541982449628307e-01 -3.97509620118893547414e+00 -1.89903110523006818378e-01 1.07817095505342166462e+02 -2.00129009652382436335e-02
3.60880189467520207103e-01 -3.97520440752070758350e+00 -1.89877240081937348481e-01 1.07814267992711663169e+02 -2.02972795223136590059e-02
3.63284380009673946166e-01 -3.97531572242476904933e+00 -1.89851185383503789916e-01 1.07811421523560909463e+02 -2.05833293430732928997e-02
3.65686097240711160961e-01 -3.97543013983922488563e+00 -1.89824946340226508035e-01 1.07808556165404453964e+02 -2.08710414861467408176e-02
3.68085324809271363655e-01 -3.97554765365971540803e+00 -1.89798522864262547705e-01 1.07805671986137966201e+02 -2.11604069610836810489e-02
3.70482046380943785824e-01 -3.97566825773923016030e+00 -1.89771914867439245311e-01 1.07802769054038151353e+02 -2.14514167285662846196e-02
3.72876245638379399949e-01 -3.97579194588791917653e+00 -1.89745122261292392674e-01 1.07799847437762778668e+02 -2.17440617006138675604e-02
3.75267906281401164570e-01 -3.97591871187289536138e+00 -1.89718144957100459669e-01 1.07796907206350525144e+02 -2.20383327408019968896e-02
3.77657012027115768227e-01 -3.97604854941804175539e+00 -1.89690982865922286305e-01 1.07793948429220904472e+02 -2.23342206644657793879e-02
3.80043546610023985632e-01 -3.97618145220381924432e+00 -1.89663635898632748633e-01 1.07790971176174366519e+02 -2.26317162389303438985e-02
3.82427493782131422417e-01 -3.97631741386706805130e+00 -1.89636103965961838602e-01 1.07787975517392069946e+02 -2.29308101837049672922e-02
3.84808837313059592944e-01 -3.97645642800080878487e+00 -1.89608386978531107125e-01 1.07784961523435910635e+02 -2.32314931707238193914e-02
3.87187560990155776874e-01 -3.97659848815404659561e+00 -1.89580484846891772488e-01 1.07781929265248464844e+02 -2.35337558245455012729e-02
3.89563648618604152496e-01 -3.97674358783156556285e+00 -1.89552397481563328352e-01 1.07778878814152932364e+02 -2.38375887225955700177e-02
3.91937084021535264711e-01 -3.97689172049373196316e+00 -1.89524124793073012185e-01 1.07775810241853037041e+02 -2.41429823953650084245e-02
3.94307851040136658760e-01 -3.97704287955628776885e+00 -1.89495666691994496533e-01 1.07772723620433040992e+02 -2.44499273266544983607e-02
3.96675933533762792305e-01 -3.97719705839014414650e+00 -1.89467023088987884805e-01 1.07769619022357517224e+02 -2.47584139537887007454e-02
3.99041315380044780969e-01 -3.97735425031673184293e+00 -1.89438193889522682456e-01 1.07766496520234625223e+02 -2.50684329506548272959e-02
4.01403980475000310424e-01 -3.97751444862506886579e+00 -1.89409179014577017108e-01 1.07763356187735965364e+02 -2.53799741290342169286e-02
4.03763912733143492950e-01 -3.97767764654635591626e+00 -1.89379978370539547861e-01 1.07760198098254804222e+02 -2.56930280420863133006e-02
4.06121096087593724810e-01 -3.97784383727011459086e+00 -1.89350591868815004704e-01 1.07757022325776631533e+02 -2.60075849438657843993e-02
4.08475514490185875882e-01 -3.97801301393999295897e+00 -1.89321019421098579727e-01 1.07753828944666921075e+02 -2.63236350431312431108e-02
4.10827151911578702936e-01 -3.97818516965355906123e+00 -1.89291260939417560483e-01 1.07750618029671329623e+02 -2.66411685035968098800e-02
4.13175992341364761717e-01 -3.97836029746207797686e+00 -1.89261316336175433594e-01 1.07747389655915299045e+02 -2.69601754441568773613e-02
4.15522019788178931243e-01 -3.97853839037030532211e+00 -1.89231185524194100989e-01 1.07744143898904255252e+02 -2.72806459391326493191e-02
4.17865218279807715263e-01 -3.97871944133626387341e+00 -1.89200868416757372881e-01 1.07740880834523352405e+02 -2.76025700185183221758e-02
4.20205571863297211443e-01 -3.97890344327103173683e+00 -1.89170364927655154652e-01 1.07737600539037472913e+02 -2.79259376682196441832e-02
4.22543064605062523853e-01 -3.97909038903851719482e+00 -1.89139674971228383127e-01 1.07734303089091184802e+02 -2.82507388303083820102e-02
4.24877680590995954191e-01 -3.97928027145524731978e+00 -1.89108798462412353025e-01 1.07730988561708599605e+02 -2.85769634032584547711e-02
4.27209403926575026489e-01 -3.97947308329013571537e+00 -1.89077735316784317776e-01 1.07727657034293258675e+02 -2.89046012422112114093e-02
4.29538218736971288969e-01 -3.97966881726427024191e+00 -1.89046485450607343326e-01 1.07724308584628175822e+02 -2.92336421592130461800e-02
4.31864109167158116698e-01 -3.97986746605068120175e+00 -1.89015048780878186507e-01 1.07720943290875638354e+02 -2.95640759234796768329e-02
4.34187059382018403220e-01 -3.98006902227412195927e+00 -1.88983425225372397849e-01 1.07717561231577136027e+02 -2.98958922616433704633e-02
4.36507053566452751792e-01 -3.98027347851083757035e+00 -1.88951614702693004855e-01 1.07714162485653289991e+02 -3.02290808580156292185e-02
4.38824075925487055994e-01 -3.98048082728834362598e+00 -1.88919617132317668728e-01 1.07710747132403838577e+02 -3.05636313548462122680e-02
4.41138110684379691762e-01 -3.98069106108519088494e+00 -1.88887432434647090096e-01 1.07707315251507324660e+02 -3.08995333525807006070e-02
4.43449142088729597599e-01 -3.98090417232689208760e+00 -1.88855060526155332790e-01 1.07703866922816970941e+02 -3.12367766698232254829e-02
4.45757154404582744966e-01 -3.98112015340067282310e+00 -1.88822501338519271874e-01 1.07700402227155848323e+02 -3.15753503319078157596e-02
4.48062131918540051956e-01 -3.98133899663333723495e+00 -1.88789754790767372317e-01 1.07696921245154072722e+02 -3.19152440506643916840e-02
4.50364058937863631638e-01 -3.98156069430527947972e+00 -1.88756820807479103186e-01 1.07693424058004907806e+02 -3.22564472622063128093e-02
4.52662919790584206137e-01 -3.98178523864676892074e+00 -1.88723699314406384575e-01 1.07689910747279881775e+02 -3.25989493621968995374e-02
4.54958698825607410487e-01 -3.98201262183771831360e+00 -1.88690390238522298638e-01 1.07686381394928986310e+02 -3.29427397061220553209e-02
4.57251380412820318533e-01 -3.98224283600744533018e+00 -1.88656893508074824384e-01 1.07682836083280278672e+02 -3.32878076095642003174e-02
4.59540948943198301890e-01 -3.98247587323443541507e+00 -1.88623209052637658134e-01 1.07679274895039952753e+02 -3.36341423484822071854e-02
4.61827388828911278296e-01 -3.98271172554610464189e+00 -1.88589336803164198120e-01 1.07675697913292083285e+02 -3.39817331594925164939e-02
4.64110684503429071768e-01 -3.98295038491855546425e+00 -1.88555276692040252318e-01 1.07672105221498625838e+02 -3.43305692401451242879e-02
4.66390820421628160553e-01 -3.98319184327634134846e+00 -1.88521028653137745490e-01 1.07668496903499217865e+02 -3.46806397492130727422e-02
4.68667781059897148310e-01 -3.98343609249222074808e+00 -1.88486592621869425423e-01 1.07664873043511036599e+02 -3.50319338069716920692e-02
4.70941550916242568370e-01 -3.98368312438691463129e+00 -1.88451968535243763458e-01 1.07661233726128713784e+02 -3.53844404954914010242e-02
4.73212114510394632472e-01 -3.98393293072886489625e+00 -1.88417156331920299106e-01 1.07657579036324122512e+02 -3.57381488589305698622e-02
4.75479456383912424400e-01 -3.98418550323398656943e+00 -1.88382155952265817334e-01 1.07653909059446348806e+02 -3.60930479038161777794e-02
4.77743561100288705035e-01 -3.98444083356542311236e+00 -1.88346967338410747894e-01 1.07650223881221421607e+02 -3.64491265993457172478e-02
4.80004413245055938653e-01 -3.98469891333330084038e+00 -1.88311590434306674879e-01 1.07646523587752312778e+02 -3.68063738776846643974e-02
4.82261997425890265312e-01 -3.98495973409198533943e+00 -1.88276025182396306024e-01 1.07642808265386776156e+02 -3.71647788133368864316e-02
4.84516298272717305107e-01 -3.98522328734955255669e+00 -1.88240271536890796389e-01 1.07639078001231396797e+02 -3.75243299245888936588e-02
4.86767300437815575442e-01 -3.98548956455331548909e+00 -1.88204329444466883503e-01 1.07635332882398856214e+02 -3.78850161974837590373e-02
4.89014988595922406311e-01 -3.98575855709883164479e+00 -1.88168198856940055430e-01 1.07631572996497808958e+02 -3.82468264191749701686e-02
4.91259347444337080013e-01 -3.98603025632739393913e+00 -1.88131879728241552252e-01 1.07627798431512900379e+02 -3.86097493413001882634e-02
4.93500361703025469673e-01 -3.98630465352577267879e+00 -1.88095372014478151579e-01 1.07624009275804695562e+02 -3.89737736802870174402e-02
4.95738016114724178163e-01 -3.98658173992596331914e+00 -1.88058675673993341837e-01 1.07620205618109338275e+02 -3.93388881176753371638e-02
4.97972295445044454976e-01 -3.98686150670493466563e+00 -1.88021790667429716803e-01 1.07616387547538593594e+02 -3.97050813004251879068e-02
5.00203184482575280434e-01 -3.98714394498437352254e+00 -1.87984716957790815028e-01 1.07612555153579478429e+02 -4.00723418412285356527e-02
5.02430668038987948698e-01 -3.98742904583042401256e+00 -1.87947454510504846636e-01 1.07608708526094090985e+02 -4.04406583188330684409e-02
5.04654730949138929930e-01 -3.98771680025343755460e+00 -1.87910003293487171128e-01 1.07604847755319497082e+02 -4.08100192783582907397e-02
5.06875358071172565921e-01 -3.98800719920770996296e+00 -1.87872363277206161358e-01 1.07600972931867417515e+02 -4.11804132316249196788e-02
5.09092534286625153506e-01 -3.98830023359122565196e+00 -1.87834534434745847875e-01 1.07597084146724114362e+02 -4.15518286574722492399e-02
5.11306244500527418140e-01 -3.98859589424540006419e+00 -1.87796516741874169876e-01 1.07593181491250163617e+02 -4.19242540020900583686e-02
5.13516473641507098513e-01 -3.98889417195481588152e+00 -1.87758310177106618744e-01 1.07589265057180128338e+02 -4.22976776793435940704e-02
5.15723206661891864222e-01 -3.98919505744696634153e+00 -1.87719914721774600030e-01 1.07585334936622473379e+02 -4.26720880711095318372e-02
5.17926428537812011399e-01 -3.98949854139060766656e+00 -1.87681330358073161779e-01 1.07581391221986208961e+02 -4.30474736339694630249e-02
5.20126124269301826075e-01 -3.98980461440090428127e+00 -1.87642557077017824163e-01 1.07577434006265946209e+02 -4.34238224839126399357e-02
5.22322278880402501855e-01 -3.99011326703091029344e+00 -1.87603594866401324204e-01 1.07573463382623558005e+02 -4.38011230061066125785e-02
5.24514877419263836344e-01 -3.99042448977780095376e+00 -1.87564443720557805229e-01 1.07569479444660359491e+02 -4.41793634581560124008e-02
5.26703904958246260648e-01 -3.99073827307935102837e+00 -1.87525103635397816237e-01 1.07565482286350416530e+02 -4.45585320669832987694e-02
5.28889346594021980685e-01 -3.99105460731500105709e+00 -1.87485574610580879584e-01 1.07561472002040105167e+02 -4.49386170296916728772e-02
5.31071187447676895665e-01 -3.99137348280525783295e+00 -1.87445856649067765787e-01 1.07557448686447955311e+02 -4.53196065137908554732e-02
5.33249412664811961449e-01 -3.99169488981143372186e+00 -1.87405949757191298000e-01 1.07553412434664267039e+02 -4.57014886575361628518e-02
5.35424007415643554708e-01 -3.99201881853537354772e+00 -1.87365853944729904290e-01 1.07549363342150883227e+02 -4.60842515702904673147e-02
5.37594956895105391403e-01 -3.99234525911919702068e+00 -1.87325569224980809091e-01 1.07545301504740962173e+02 -4.64678833328851792484e-02
5.39762246322948779920e-01 -3.99267420164502473412e+00 -1.87285095614833779765e-01 1.07541227018638608115e+02 -4.68523719979553956994e-02
5.41925860943843207274e-01 -3.99300563613471393154e+00 -1.87244433134845955635e-01 1.07537139980418530172e+02 -4.72377055903295539618e-02
5.44085786027477369409e-01 -3.99333955254958938852e+00 -1.87203581809317232132e-01 1.07533040487025871812e+02 -4.76238721073710818965e-02
5.46242006868658758201e-01 -3.99367594079017917963e+00 -1.87162541666366560866e-01 1.07528928635775812950e+02 -4.80108595193578721605e-02
5.48394508787414136641e-01 -3.99401479069594289584e+00 -1.87121312738008804821e-01 1.07524804524353228885e+02 -4.83986557698341535172e-02
5.50543277129089347888e-01 -3.99435609204500119418e+00 -1.87079895060231315984e-01 1.07520668250812420297e+02 -4.87872487759946835140e-02
5.52688297264449235335e-01 -3.99469983455387289695e+00 -1.87038288673073427315e-01 1.07516519913576686918e+02 -4.91766264290574364737e-02
5.54829554589777229623e-01 -3.99504600787719832411e+00 -1.86996493620704556937e-01 1.07512359611438128582e+02 -4.95667765946229688101e-02
5.56967034526974602571e-01 -3.99539460160747594841e+00 -1.86954509951504227461e-01 1.07508187443557133633e+02 -4.99576871130728503156e-02
5.59100722523659832142e-01 -3.99574560527478794825e+00 -1.86912337718141974285e-01 1.07504003509462123134e+02 -5.03493457999358295929e-02
5.61230604053267856379e-01 -3.99609900834653508639e+00 -1.86869976977659085771e-01 1.07499807909049224008e+02 -5.07417404462767035467e-02
5.63356664615148439168e-01 -3.99645480022716093060e+00 -1.86827427791549677272e-01 1.07495600742581643772e+02 -5.11348588190798508668e-02
5.65478889734665535194e-01 -3.99681297025788584421e+00 -1.86784690225843624800e-01 1.07491382110689713159e+02 -5.15286886616358047464e-02
5.67597264963295100593e-01 -3.99717350771643431528e+00 -1.86741764351190303595e-01 1.07487152114370005052e+02 -5.19232176939351738887e-02
5.69711775878724790978e-01 -3.99753640181676717091e+00 -1.86698650242941271982e-01 1.07482910854985348692e+02 -5.23184336130638680262e-02
5.71822408084950328799e-01 -3.99790164170880535366e+00 -1.86655347981236452437e-01 1.07478658434264090715e+02 -5.27143240935838558459e-02
5.73929147212374757281e-01 -3.99826921647816790895e+00 -1.86611857651088342003e-01 1.07474394954299995675e+02 -5.31108767879532248091e-02
5.76031978917906362092e-01 -3.99863911514589265295e+00 -1.86568179342469692150e-01 1.07470120517551549710e+02 -5.35080793269087154340e-02
5.78130888885055260751e-01 -3.99901132666817327177e+00 -1.86524313150399467798e-01 1.07465835226841662120e+02 -5.39059193198778777156e-02
5.80225862824032101450e-01 -3.99938583993608354206e+00 -1.86480259175030360641e-01 1.07461539185357153769e+02 -5.43043843553880634101e-02
5.82316886471844319395e-01 -3.99976264377531043337e+00 -1.86436017521738467417e-01 1.07457232496648359188e+02 -5.47034620014631850493e-02
5.84403945592394169495e-01 -4.00014172694588232559e+00 -1.86391588301211386103e-01 1.07452915264628629188e+02 -5.51031398060501317882e-02
5.86487025976574760655e-01 -4.00052307814189855861e+00 -1.86346971629539476245e-01 1.07448587593573805066e+02 -5.55034052974130165392e-02
5.88566113442367422337e-01 -4.00090668599126253469e+00 -1.86302167628305037628e-01 1.07444249588121891748e+02 -5.59042459845814354580e-02
5.90641193834937960894e-01 -4.00129253905541215630e+00 -1.86257176424675624515e-01 1.07439901353272375673e+02 -5.63056493577227812342e-02
5.92712253026733248973e-01 -4.00168062582904582314e+00 -1.86211998151494917408e-01 1.07435542994385826887e+02 -5.67076028886158572950e-02
5.94779276917577259809e-01 -4.00207093473985864307e+00 -1.86166632947377008733e-01 1.07431174617183344822e+02 -5.71100940310365762231e-02
5.96842251434767101514e-01 -4.00246345414420900966e+00 -1.86121080950724437919e-01 1.07426796327533153885e+02 -5.75131105387964372544e-02
5.98901162533168496260e-01 -4.00285817234278784582e+00 -1.86075342323656023336e-01 1.07422408232284794849e+02 -5.79166392201834467901e-02
6.00955996195312258656e-01 -4.00325507755690335188e+00 -1.86029417217021736386e-01 1.07418010438040568033e+02 -5.83206677724997513135e-02
6.03006738431488664709e-01 -4.00365415794355250512e+00 -1.85983305793460146349e-01 1.07413603051958205015e+02 -5.87251835819793885363e-02
6.05053375279843597134e-01 -4.00405540159139139433e+00 -1.85937008221857130730e-01 1.07409186181553408801e+02 -5.91301740190316726942e-02
6.07095892806472914316e-01 -4.00445879652046876629e+00 -1.85890524677443352841e-01 1.07404759934698944335e+02 -5.95356264386858805016e-02
6.09134277105518040507e-01 -4.00486433068196312490e+00 -1.85843855341893210431e-01 1.07400324419624283223e+02 -5.99415281810423902775e-02
6.11168514299259779676e-01 -4.00527199195791272501e+00 -1.85797000403424256154e-01 1.07395879744914850562e+02 -6.03478665717038925687e-02
6.13198590538213572643e-01 -4.00568176816095888881e+00 -1.85749960056898033578e-01 1.07391426019511499135e+02 -6.07546289222375898720e-02
6.15224492001223088877e-01 -4.00609364703407955233e+00 -1.85702734503919636433e-01 1.07386963352709869923e+02 -6.11618025306276749675e-02
6.17246204895555039549e-01 -4.00650761625032281188e+00 -1.85655323952940459753e-01 1.07382491854159653144e+02 -6.15693746817135081906e-02
6.19263715456992658304e-01 -4.00692366341255734596e+00 -1.85607728619361145306e-01 1.07378011633864062446e+02 -6.19773326476633981685e-02
6.21277009949929293064e-01 -4.00734177605319885629e+00 -1.85559948725633916400e-01 1.07373522802179152791e+02 -6.23856636884343659921e-02
6.23286074667462219878e-01 -4.00776194163416388250e+00 -1.85511984499817039751e-01 1.07369025469812896745e+02 -6.27943550517003762357e-02
6.25290895931486012671e-01 -4.00818414754584129156e+00 -1.85463836181826963179e-01 1.07364519747825028162e+02 -6.32033939753962742403e-02
6.27291460092785357894e-01 -4.00860838110791384281e+00 -1.85415504014405929656e-01 1.07360005747625777417e+02 -6.36127676851127449309e-02
6.29287753531128202233e-01 -4.00903462956843092968e+00 -1.85366988249266673172e-01 1.07355483580975388236e+02 -6.40224633965965350679e-02
6.31279762655358012147e-01 -4.00946288010370466282e+00 -1.85318289145702669307e-01 1.07350953359983435575e+02 -6.44324683157152244828e-02
6.33267473903487365661e-01 -4.00989311981806473284e+00 -1.85269406970697519954e-01 1.07346415197107987183e+02 -6.48427696389404784050e-02
6.35250873742789323728e-01 -4.01032533574359906225e+00 -1.85220341999034115998e-01 1.07341869205154864630e+02 -6.52533545538232229166e-02
6.37229948669889467716e-01 -4.01075951483990422730e+00 -1.85171094513403022841e-01 1.07337315497276904352e+02 -6.56642102394848908853e-02
6.39204685210858825073e-01 -4.01119564399383765618e+00 -1.85121664804515168035e-01 1.07332754186973104993e+02 -6.60753238670908765728e-02
6.41175069921305018639e-01 -4.01163371001926805093e+00 -1.85072053171212030920e-01 1.07328185388087888441e+02 -6.64866826003416566682e-02
6.43141089386463082889e-01 -4.01207369965682758561e+00 -1.85022259920578385772e-01 1.07323609214810289814e+02 -6.68982735959680052673e-02
6.45102730221288278578e-01 -4.01251559957366765730e+00 -1.84972285368055350263e-01 1.07319025781673005326e+02 -6.73100840042197556823e-02
6.47059979070545909785e-01 -4.01295939636321463695e+00 -1.84922129837554183318e-01 1.07314435203551639120e+02 -6.77221009693627362669e-02
6.49012822608903250376e-01 -4.01340507654492739675e+00 -1.84871793661571470757e-01 1.07309837595663879029e+02 -6.81343116301787732336e-02
6.50961247541019139007e-01 -4.01385262656405927828e+00 -1.84821277181303672554e-01 1.07305233073568530244e+02 -6.85467031204625154572e-02
6.52905240601636016606e-01 -4.01430203279141295525e+00 -1.84770580746764334634e-01 1.07300621753164605821e+02 -6.89592625695338717895e-02
6.54844788555668411156e-01 -4.01475328152311483620e+00 -1.84719704716901550468e-01 1.07296003750690587708e+02 -6.93719771027386244988e-02
6.56779878198294642111e-01 -4.01520635898036903910e+00 -1.84668649459713812844e-01 1.07291379182723247254e+02 -6.97848338419621155859e-02
6.58710496355045971306e-01 -4.01566125130923090580e+00 -1.84617415352371777582e-01 1.07286748166176877817e+02 -7.01978199061396301861e-02
6.60636629881896420002e-01 -4.01611794458037429933e+00 -1.84566002781334642657e-01 1.07282110818302285793e+02 -7.06109224117700967627e-02
6.62558265665352030815e-01 -4.01657642478886156567e+00 -1.84514412142472938871e-01 1.07277467256685852703e+02 -7.10241284734344641150e-02
6.64475390622540684760e-01 -4.01703667785391971279e+00 -1.84462643841187767801e-01 1.07272817599248369902e+02 -7.14374252043246810162e-02
6.66387991701300586023e-01 -4.01749868961145306656e+00 -1.84410698281399387799e-01 1.07268161963867328268e+02 -7.18508002940500684064e-02
6.68296055880269523897e-01 -4.01796244584237172148e+00 -1.84358575909473021426e-01 1.07263500469857902431e+02 -7.22642397379212181319e-02
6.70199570168973357553e-01 -4.01842793223025829263e+00 -1.84306277149693664708e-01 1.07258833235785544957e+02 -7.26777311897095490423e-02
6.72098521607914500819e-01 -4.01889513438877266083e+00 -1.84253802446812553484e-01 1.07254160380898895255e+02 -7.30912617624117494364e-02
6.73992897268660184906e-01 -4.01936403785463625127e+00 -1.84201152255728611840e-01 1.07249482024775929290e+02 -7.35048185702686235343e-02
6.75882684253930277052e-01 -4.01983462808742686434e+00 -1.84148327041614073840e-01 1.07244798287322765873e+02 -7.39183887293174968214e-02
6.77767869697685210184e-01 -4.02030689046936373643e+00 -1.84095327280042408979e-01 1.07240109288772657692e+02 -7.43319593579181009391e-02
6.79648440765214134629e-01 -4.02078081030510592342e+00 -1.84042153457113860648e-01 1.07235415149684769176e+02 -7.47455175773205360290e-02
6.81524384653221182440e-01 -4.02125637282154002605e+00 -1.83988806069584509562e-01 1.07230715990943025417e+02 -7.51590505121833424296e-02
6.83395688589913286037e-01 -4.02173356316758923157e+00 -1.83935285624994254716e-01 1.07226011933755003724e+02 -7.55725452911330530803e-02
6.85262339835087441742e-01 -4.02221236641400903267e+00 -1.83881592641797181331e-01 1.07221303099650583590e+02 -7.59859890473184029780e-02
6.87124325680216641032e-01 -4.02269276755319271643e+00 -1.83827727649489430783e-01 1.07216589610480994565e+02 -7.63993689189634145320e-02
6.88981633448537245101e-01 -4.02317475149898307052e+00 -1.83773691188743620861e-01 1.07211871588417267276e+02 -7.68126720499089782335e-02
6.90834250495134805092e-01 -4.02365830308647520752e+00 -1.83719483811536715701e-01 1.07207149155949210240e+02 -7.72258855901949842204e-02
6.92682164207029549274e-01 -4.02414340707184159385e+00 -1.83665106081285389727e-01 1.07202422435883960361e+02 -7.76389966965955607980e-02
6.94525362003264090660e-01 -4.02463004813465374809e+00 -1.83610558570318604943e-01 1.07197691551343780247e+02 -7.80519925321259966378e-02
6.96363831334987137822e-01 -4.02511821086786625301e+00 -1.83555841870591124332e-01 1.07192956625768900381e+02 -7.84648602708826470309e-02
6.98197559685539759222e-01 -4.02560787979210932264e+00 -1.83500956578031920730e-01 1.07188217782909802622e+02 -7.88775870922319849443e-02
7.00026534570540759361e-01 -4.02609903934605561915e+00 -1.83445903303147084262e-01 1.07183475146830119229e+02 -7.92901601855984239364e-02
7.01850743537971277775e-01 -4.02659167388857941461e+00 -1.83390682668551768808e-01 1.07178728841904302271e+02 -7.97025667500025070122e-02
7.03670174168260054159e-01 -4.02708576769858428435e+00 -1.83335295309107138007e-01 1.07173978992815932543e+02 -8.01147939946341425266e-02
7.05484814074367139192e-01 -4.02758130497484589938e+00 -1.83279741872058338226e-01 1.07169225724556525847e+02 -8.05268291394196505939e-02
7.07294650901869381698e-01 -4.02807826983585925973e+00 -1.83224023017169640459e-01 1.07164469162423969806e+02 -8.09386594156210753548e-02
7.09099672329043584362e-01 -4.02857664631968415136e+00 -1.83168139416865161095e-01 1.07159709432021244879e+02 -8.13502720664055073430e-02
7.10899866066950880672e-01 -4.02907641838379237953e+00 -1.83112091756365391593e-01 1.07154946659254548536e+02 -8.17616543474374152245e-02
7.12695219859520112671e-01 -4.02957756990493187743e+00 -1.83055880733828862938e-01 1.07150180970332201014e+02 -8.21727935274601806181e-02
7.14485721483631763817e-01 -4.03008008467898282134e+00 -1.82999507060489619015e-01 1.07145412491762797913e+02 -8.25836768888965483404e-02
7.16271358749200004468e-01 -4.03058394642082262749e+00 -1.82942971460798409211e-01 1.07140641350353760686e+02 -8.29942917284382658538e-02
7.18052119499257623936e-01 -4.03108913876419627798e+00 -1.82886274672566656596e-01 1.07135867673209673967e+02 -8.34046253576321977574e-02
7.19827991610036854730e-01 -4.03159564526159108766e+00 -1.82829417447102293703e-01 1.07131091587730836068e+02 -8.38146651034893386267e-02
7.21598962991052972349e-01 -4.03210344938411235916e+00 -1.82772400549356756061e-01 1.07126313221611383142e+02 -8.42243983090848885587e-02
7.23365021585186451780e-01 -4.03261253452137058417e+00 -1.82715224758066452360e-01 1.07121532702837768625e+02 -8.46338123341446313397e-02
7.25126155368765124010e-01 -4.03312288398137042122e+00 -1.82657890865893596244e-01 1.07116750159687086352e+02 -8.50428945556684356966e-02
7.26882352351645444344e-01 -4.03363448098149834919e+00 -1.82600399665516971437e-01 1.07111965720266937296e+02 -8.54516330913313165718e-02
7.28633600577295093004e-01 -4.03414730868349646897e+00 -1.82542752005189240494e-01 1.07107179514319653890e+02 -8.58600139502143228087e-02
7.30379888122873355272e-01 -4.03466135014153071126e+00 -1.82484948706930300011e-01 1.07102391670551199354e+02 -8.62680252483300213928e-02
7.32121203099313277995e-01 -4.03517658833615833203e+00 -1.82426990620550011357e-01 1.07097602318383451347e+02 -8.66756544379184284965e-02
7.33857533651401716668e-01 -4.03569300616585113772e+00 -1.82368878610509294047e-01 1.07092811587520046146e+02 -8.70828889915381959552e-02
7.35588867957860936819e-01 -4.03621058644691110828e+00 -1.82310613556063538798e-01 1.07088019607944488598e+02 -8.74897164026769286194e-02
7.37315194231428105986e-01 -4.03672931191339934287e+00 -1.82252196351410045150e-01 1.07083226509918304714e+02 -8.78961241863818187880e-02
7.39036500718936339993e-01 -4.03724916521706678196e+00 -1.82193627905833405167e-01 1.07078432423979052146e+02 -8.83020998798752232428e-02
7.40752775701394416963e-01 -4.03777012892729203486e+00 -1.82134909143851608793e-01 1.07073637480938515409e+02 -8.87076310431816200675e-02
7.42464007494066491333e-01 -4.03829218553102364808e+00 -1.82076041005363786773e-01 1.07068841811880616888e+02 -8.91127052597340818529e-02
7.44170184446551918889e-01 -4.03881531743273214374e+00 -1.82017024445799341370e-01 1.07064045548159512578e+02 -8.95173101370230206442e-02
7.45871294942864193622e-01 -4.03933950696180321671e+00 -1.81957860434228319013e-01 1.07059248821393850903e+02 -8.99214333063756976472e-02
7.47567327401510439699e-01 -4.03986473634322251769e+00 -1.81898549961785976903e-01 1.07054451763479320903e+02 -9.03250624269949925482e-02
7.49258270275569682184e-01 -4.04039098774075977616e+00 -1.81839094029221298721e-01 1.07049654506564877465e+02 -9.07281851813805939599e-02
7.50944112052772227983e-01 -4.04091824322859061169e+00 -1.81779493655554902354e-01 1.07044857183065062145e+02 -9.11307892794990526131e-02
7.52624841255577603505e-01 -4.04144648479825097098e+00 -1.81719749876076086537e-01 1.07040059925654162498e+02 -9.15328624585013961301e-02
7.54300446441252492313e-01 -4.04197569435862558151e+00 -1.81659863742490518268e-01 1.07035262867264080455e+02 -9.19343924833907477634e-02
7.55970916201949338920e-01 -4.04250585373595594518e+00 -1.81599836323068530852e-01 1.07030466141082229115e+02 -9.23353671476279808106e-02
7.57636239164782954170e-01 -4.04303694467382079836e+00 -1.81539668702793949295e-01 1.07025669880549131108e+02 -9.27357742737857926318e-02
7.59296403991909008013e-01 -4.04356894883316808631e+00 -1.81479361983514109191e-01 1.07020874219356301182e+02 -9.31356017141837660978e-02
7.60951399380600634892e-01 -4.04410184779231851593e+00 -1.81418917284085462471e-01 1.07016079291444000887e+02 -9.35348373515256514832e-02
7.62601214063325594239e-01 -4.04463562304699308925e+00 -1.81358335740524928559e-01 1.07011285230998666407e+02 -9.39334690995483889697e-02
7.64245836807822653824e-01 -4.04517025601034418969e+00 -1.81297618506157803830e-01 1.07006492172450762723e+02 -9.43314849036573643826e-02
7.65885256417178750254e-01 -4.04570572801299910282e+00 -1.81236766751765698835e-01 1.07001700250472410403e+02 -9.47288727415749737260e-02
7.67519461729904151071e-01 -4.04624202030310264888e+00 -1.81175781665735724513e-01 1.06996909599974827643e+02 -9.51256206239793900004e-02
7.69148441620009615249e-01 -4.04677911404637136172e+00 -1.81114664454206764077e-01 1.06992120356105871792e+02 -9.55217165951503660581e-02
7.70772184997081555302e-01 -4.04731699032616365486e+00 -1.81053416341222489505e-01 1.06987332654247694563e+02 -9.59171487336336753282e-02
7.72390680806357088350e-01 -4.04785563014354377032e+00 -1.80992038568871860260e-01 1.06982546630014155653e+02 -9.63119051528547875929e-02
7.74003918028800530493e-01 -4.04839501441736437926e+00 -1.80930532397444721049e-01 1.06977762419248193737e+02 -9.67059740017968405557e-02
7.75611885681177226637e-01 -4.04893512398435717614e+00 -1.80868899105572966679e-01 1.06972980158019296937e+02 -9.70993434656336057431e-02
7.77214572816129045663e-01 -4.04947593959922436113e+00 -1.80807139990381199324e-01 1.06968199982620916444e+02 -9.74920017663842841671e-02
7.78811968522248321278e-01 -4.05001744193474699784e+00 -1.80745256367631529359e-01 1.06963422029567638560e+02 -9.78839371635573246566e-02
7.80404061924152570029e-01 -4.05055961157339528000e+00 -1.80683249558017539060e-01 1.06958646435158385657e+02 -9.82751386614235111772e-02
7.81990842182558654194e-01 -4.05110242904102246797e+00 -1.80621120942027618694e-01 1.06953873337188142045e+02 -9.86655932185758755004e-02
7.83572298494356056509e-01 -4.05164587475728765753e+00 -1.80558871879027027507e-01 1.06949102872406314191e+02 -9.90552898837071954530e-02
7.85148420092680932036e-01 -4.05218992908344155524e+00 -1.80496503764271565284e-01 1.06944335178177169610e+02 -9.94442170751563270237e-02
7.86719196246989271870e-01 -4.05273457225550171046e+00 -1.80434018002713858486e-01 1.06939570392096115370e+02 -9.98323632455797582708e-02
7.88284616263129733760e-01 -4.05327978447158887576e+00 -1.80371416027786446445e-01 1.06934808651939789570e+02 -1.00219716895043359228e-01
7.89844669483416361722e-01 -4.05382554583474163934e+00 -1.80308699289795176801e-01 1.06930050095694014090e+02 -1.00606266563805613057e-01
7.91399345286702082802e-01 -4.05437183636724718383e+00 -1.80245869258842061900e-01 1.06925294861543306979e+02 -1.00992000834795619957e-01
7.92948633088449872375e-01 -4.05491863601083846191e+00 -1.80182927424964278718e-01 1.06920543087867898180e+02 -1.01376908334308776793e-01
7.94492522340805029657e-01 -4.05546592462688160197e+00 -1.80119875298276999054e-01 1.06915794913240560504e+02 -1.01760977732635010673e-01
7.96031002532667897320e-01 -4.05601368199659884084e+00 -1.80056714409114970721e-01 1.06911050476423739042e+02 -1.02144197744715448106e-01
7.97564063189764360651e-01 -4.05656188782127991033e+00 -1.79993446308168741909e-01 1.06906309916366296875e+02 -1.02526557130786843963e-01
7.99091693874717567958e-01 -4.05711052172251740444e+00 -1.79930072566623106001e-01 1.06901573372200388690e+02 -1.02908044697042511118e-01
8.00613884187118873825e-01 -4.05765956324244925213e+00 -1.79866594776299237868e-01 1.06896840983238419653e+02 -1.03288649296252088572e-01
8.02130623763599115428e-01 -4.05820899184400563087e+00 -1.79803014549783618525e-01 1.06892112888969563755e+02 -1.03668359828446257631e-01
8.03641902277898334539e-01 -4.05875878691117986108e+00 -1.79739333520569588565e-01 1.06887389229056708473e+02 -1.04047165241529820934e-01
8.05147709440937053849e-01 -4.05930892774929485967e+00 -1.79675553343189881028e-01 1.06882670143333101009e+02 -1.04425054531942715363e-01
8.06648035000885443857e-01 -4.05985939358529446253e+00 -1.79611675693346045657e-01 1.06877955771798895057e+02 -1.04802016745308756995e-01
8.08142868743233711015e-01 -4.06041016356804362886e+00 -1.79547702268044312435e-01 1.06873246254618038620e+02 -1.05178040977048137261e-01
8.09632200490861042574e-01 -4.06096121676862331640e+00 -1.79483634785727569350e-01 1.06868541732114451293e+02 -1.05553116373068259226e-01
8.11116020104105994726e-01 -4.06151253218067065376e+00 -1.79419474986396598748e-01 1.06863842344768841031e+02 -1.05927232130352752537e-01
8.12594317480834105183e-01 -4.06206408872069335558e+00 -1.79355224631747023345e-01 1.06859148233215151436e+02 -1.06300377497636489021e-01
8.14067082556508059277e-01 -4.06261586522842588209e+00 -1.79290885505288627444e-01 1.06854459538236980620e+02 -1.06672541776016968629e-01
8.15534305304254858449e-01 -4.06316784048935719653e+00 -1.79226459429986023641e-01 1.06849776400751025562e+02 -1.07043714330678330082e-01
8.16995975734935098167e-01 -4.06371999314719012375e+00 -1.79161948200435683365e-01 1.06845098961854503727e+02 -1.07413884548543558939e-01
8.18452083897210691532e-01 -4.06427230183485743709e+00 -1.79097353681935078651e-01 1.06840427362745771234e+02 -1.07783041901505449722e-01
8.19902619877612370836e-01 -4.06482474508865898599e+00 -1.79032677746505136662e-01 1.06835761744770607606e+02 -1.08151175906485860767e-01
8.21347573800607411165e-01 -4.06537730137001851460e+00 -1.78967922288594066815e-01 1.06831102249405944349e+02 -1.08518276135932678628e-01
8.22786935828667020942e-01 -4.06592994906590732285e+00 -1.78903089225188716149e-01 1.06826449018256198542e+02 -1.08884332218444082607e-01
8.24220696162332733259e-01 -4.06648266648927325662e+00 -1.78838180495931725611e-01 1.06821802193049265384e+02 -1.09249333839384774048e-01
8.25648845040284129482e-01 -4.06703543187948834969e+00 -1.78773198063232968691e-01 1.06817161915632723890e+02 -1.09613270741508686545e-01
8.27071372739403898322e-01 -4.06758822340280801200e+00 -1.78708143912381461904e-01 1.06812528327969928910e+02 -1.09976132725578101823e-01
8.28488269574845448417e-01 -4.06814101915283821143e+00 -1.78643020051649781266e-01 1.06807901572135847346e+02 -1.10337909650944990259e-01
8.29899525900098078424e-01 -4.06869379714386969482e+00 -1.78577828500397606248e-01 1.06803281789950659686e+02 -1.10698592043437876731e-01
8.31305132107052369150e-01 -4.06924653533967983776e+00 -1.78512571336673558919e-01 1.06798669124409116193e+02 -1.11058168693322911746e-01
8.32705078626066685921e-01 -4.06979921161206625868e+00 -1.78447250626835196563e-01 1.06794063717550358206e+02 -1.11416630221358309294e-01
8.34099355926031127417e-01 -4.07035180376904826005e+00 -1.78381868472133914283e-01 1.06789465711855342533e+02 -1.11773966727452628289e-01
8.35487954514433028841e-01 -4.07090428954856964339e+00 -1.78316426997314009251e-01 1.06784875249896160199e+02 -1.12130168373140978733e-01
8.36870864937421798935e-01 -4.07145664661905470894e+00 -1.78250928350709825221e-01 1.06780292474331687913e+02 -1.12485225382188386289e-01
8.38248077779872757809e-01 -4.07200885257997313715e+00 -1.78185374704330629081e-01 1.06775717527903253767e+02 -1.12839128041149872050e-01
8.39619583665451307830e-01 -4.07256088496242707464e+00 -1.78119768253952537318e-01 1.06771150553430288710e+02 -1.13191866699976217969e-01
8.40985373256677326559e-01 -4.07311272125365331220e+00 -1.78054111266090275834e-01 1.06766591693792079809e+02 -1.13543431803179578621e-01
8.42345437254987894349e-01 -4.07366433880180789373e+00 -1.77988405895092266507e-01 1.06762041091979043017e+02 -1.13893813771038521221e-01
8.43699766400801687283e-01 -4.07421571496048873229e+00 -1.77922654451220879634e-01 1.06757498891004274810e+02 -1.14243003174948842826e-01
8.45048351473580483528e-01 -4.07476682699346159922e+00 -1.77856859226170616051e-01 1.06752965233955194435e+02 -1.14590990624167027301e-01
8.46391183291893445251e-01 -4.07531765209927332450e+00 -1.77791022535804199567e-01 1.06748440263974700315e+02 -1.14937766794195095343e-01
8.47728252713479291103e-01 -4.07586816741193125324e+00 -1.77725146720222049179e-01 1.06743924124256579944e+02 -1.15283322427324752546e-01
8.49059550635307469513e-01 -4.07641835000159513669e+00 -1.77659234143834138253e-01 1.06739416958040976624e+02 -1.15627648333195415242e-01
8.50385067993641552420e-01 -4.07696817687527790497e+00 -1.77593287195419308189e-01 1.06734918908609401456e+02 -1.15970735389323897913e-01
8.51704795764099964472e-01 -4.07751762497758285519e+00 -1.77527308288189772378e-01 1.06730430119280143231e+02 -1.16312574541665561534e-01
8.53018724961718044497e-01 -4.07806667119143018141e+00 -1.77461299859848264937e-01 1.06725950733403209369e+02 -1.16653156805127236617e-01
8.54326846641008552652e-01 -4.07861529233882080803e+00 -1.77395264372638389316e-01 1.06721480894355622127e+02 -1.16992473264102378461e-01
8.55629151896023509849e-01 -4.07916346518160466417e+00 -1.77329204313398741677e-01 1.06717020745536359527e+02 -1.17330515073002586424e-01
8.56925631860413927754e-01 -4.07971116642226938609e+00 -1.77263122193610650479e-01 1.06712570430361395779e+02 -1.17667273456746754312e-01
8.58216277707490537985e-01 -4.08025837270475033591e+00 -1.77197020549435868553e-01 1.06708130092258556942e+02 -1.18002739711304427406e-01
8.59501080650284077223e-01 -4.08080506061525127848e+00 -1.77130901941760898755e-01 1.06703699874662646607e+02 -1.18336905204162151639e-01
8.60780031941604684143e-01 -4.08135120669244955138e+00 -1.77064769044707109868e-01 1.06699279921006507266e+02 -1.18669761434435083736e-01
8.62053122874101962481e-01 -4.08189678738755556964e+00 -1.76998624299335188814e-01 1.06694870374732587948e+02 -1.19001299800186505218e-01
8.63320344780323600808e-01 -4.08244177913074413055e+00 -1.76932470422274529254e-01 1.06690471379259520290e+02 -1.19331511941193513238e-01
8.64581689032775213555e-01 -4.08298615828577116105e+00 -1.76866310073627935884e-01 1.06686083077997437840e+02 -1.19660389515992462983e-01
8.65837147043978516692e-01 -4.08352990116301928225e+00 -1.76800145938346225938e-01 1.06681705614337033694e+02 -1.19987924257042133380e-01
8.67086710266529503421e-01 -4.08407298402042062690e+00 -1.76733980726251488358e-01 1.06677339131644188797e+02 -1.20314107971215375481e-01
8.68330370193157397019e-01 -4.08461538306440985480e+00 -1.76667817172042190821e-01 1.06672983773254571815e+02 -1.20638932540223314804e-01
8.69568118356782493450e-01 -4.08515707445086739824e+00 -1.76601658035294484250e-01 1.06668639682467969010e+02 -1.20962389921076968191e-01
8.70799946330572671727e-01 -4.08569803428611244556e+00 -1.76535506100465644508e-01 1.06664307002542926739e+02 -1.21284472146500385548e-01
8.72025845728002679813e-01 -4.08623823862789059547e+00 -1.76469364176890519680e-01 1.06659985876690939222e+02 -1.21605171325389366244e-01
8.73245808202909201690e-01 -4.08677766348639881500e+00 -1.76403235098766958400e-01 1.06655676448071005780e+02 -1.21924479643197219980e-01
8.74459825449549366105e-01 -4.08731628482529529833e+00 -1.76337121725143985973e-01 1.06651378859783648068e+02 -1.22242389362365241889e-01
8.75667889202656035685e-01 -4.08785407855735094529e+00 -1.76271026930547330958e-01 1.06647093254592789435e+02 -1.22558893291681902937e-01
8.76869991237495205461e-01 -4.08839102053610936593e+00 -1.76204953780736223168e-01 1.06642819776025703504e+02 -1.22873983023665769854e-01
8.78066123369920736863e-01 -4.08892708663923443169e+00 -1.76138904933241330353e-01 1.06638558566665864191e+02 -1.23187651322260505182e-01
8.79256277456431312167e-01 -4.08946225263213758438e+00 -1.76072883474973324036e-01 1.06634309769342365826e+02 -1.23499890850522972552e-01
8.80440445394225390530e-01 -4.08999649426184674894e+00 -1.76006892388819530249e-01 1.06630073526776740778e+02 -1.23810694261616893730e-01
8.81618619121255608917e-01 -4.09052978723544136130e+00 -1.75940934682312172255e-01 1.06625849981596815041e+02 -1.24120054287950157268e-01
8.82790790616284959391e-01 -4.09106210722121144130e+00 -1.75875013387581630164e-01 1.06621639276330725465e+02 -1.24427963741501987349e-01
8.83956951898940523904e-01 -4.09159342984983087632e+00 -1.75809131561287940171e-01 1.06617441553400567500e+02 -1.24734415514174690198e-01
8.85117095029768430337e-01 -4.09212373071556179127e+00 -1.75743292284571916984e-01 1.06613256955116540325e+02 -1.25039402578098646224e-01
8.86271212110287143204e-01 -4.09265298537747757024e+00 -1.75677498662969416854e-01 1.06609085623670353016e+02 -1.25342917985951762816e-01
8.87419295283041753564e-01 -4.09318116936069564815e+00 -1.75611753826346111973e-01 1.06604927701129255979e+02 -1.25644954871270697616e-01
8.88561336731657602783e-01 -4.09370825815763339506e+00 -1.75546060928818914437e-01 1.06600783329429503965e+02 -1.25945506448720961901e-01
8.89697328680893129160e-01 -4.09423422722929508666e+00 -1.75480423148655889642e-01 1.06596652650370003812e+02 -1.26244566014392017861e-01
8.90827263396692936581e-01 -4.09475905189001032625e+00 -1.75414843884124482809e-01 1.06592535805696343232e+02 -1.26542127083636046780e-01
8.91951133186240308071e-01 -4.09528270775429170669e+00 -1.75349325981884740511e-01 1.06588432936748162660e+02 -1.26838182849550035192e-01
8.93068930398010163429e-01 -4.09580517009824696117e+00 -1.75283872875997975838e-01 1.06584344184950467138e+02 -1.27132726983165217360e-01
8.94180647421820240517e-01 -4.09632641427007548884e+00 -1.75218487840285014334e-01 1.06580269691488098260e+02 -1.27425753108735217989e-01
8.95286276688883719821e-01 -4.09684641559322404447e+00 -1.75153174172179015855e-01 1.06576209597376049487e+02 -1.27717254933135015982e-01
8.96385810671860183696e-01 -4.09736514936774476325e+00 -1.75087935192605376189e-01 1.06572164043452431770e+02 -1.28007226246084238053e-01
8.97479241884907241733e-01 -4.09788259087174022710e+00 -1.75022774245840562202e-01 1.06568133170372050245e+02 -1.28295660920331733301e-01
8.98566562883731378975e-01 -4.09839871536277566832e+00 -1.74957694699385740700e-01 1.06564117118599384071e+02 -1.28582552911845893195e-01
8.99647766265638582084e-01 -4.09891349807933469407e+00 -1.74892699943811069652e-01 1.06560116028401736799e+02 -1.28867896259988790053e-01
9.00722844669584632449e-01 -4.09942691424228744523e+00 -1.74827793392611841039e-01 1.06556130039842500423e+02 -1.29151685087673800956e-01
9.01791790776225510307e-01 -4.09993893882127213857e+00 -1.74762978713778216466e-01 1.06552159292955863634e+02 -1.29433913765391150896e-01
9.02854597307967132735e-01 -4.10044954744163003824e+00 -1.74698258913002890669e-01 1.06548203927039580208e+02 -1.29714576262721703603e-01
9.03911257029014647557e-01 -4.10095871507627762753e+00 -1.74633637692295978772e-01 1.06544264081661154364e+02 -1.29993667110392507880e-01
9.04961762745422060306e-01 -4.10146641689035185152e+00 -1.74569118554930902132e-01 1.06540339895998329212e+02 -1.30271180766645705562e-01
9.06006107305140861996e-01 -4.10197262803901008255e+00 -1.74504705026222672881e-01 1.06536431508989565486e+02 -1.30547111773839680238e-01
9.07044283598068878938e-01 -4.10247732366898887335e+00 -1.74440400653307292611e-01 1.06532539059326865072e+02 -1.30821454758541427799e-01
9.08076284556099455614e-01 -4.10298047892025241623e+00 -1.74376209004963533822e-01 1.06528662685448679781e+02 -1.31094204431568717162e-01
9.09102103153167639960e-01 -4.10348206892756905972e+00 -1.74312133671397168078e-01 1.06524802525532493291e+02 -1.31365355588084542493e-01
9.10121732405300032376e-01 -4.10398206882220417668e+00 -1.74248178264027664408e-01 1.06520958717487545186e+02 -1.31634903107592265981e-01
9.11135165370661193052e-01 -4.10448045333700051174e+00 -1.74184346655422622741e-01 1.06517131399255688962e+02 -1.31902842122556679394e-01
9.12142395149601159510e-01 -4.10497719834064334066e+00 -1.74120642021669297383e-01 1.06513320707612280103e+02 -1.32169167345164567662e-01
9.13143414884702742107e-01 -4.10547227861510055646e+00 -1.74057068271011694538e-01 1.06509526779888645365e+02 -1.32433874073598245591e-01
9.14138217760827709313e-01 -4.10596566929385176081e+00 -1.73993629096923535515e-01 1.06505749752846995193e+02 -1.32696957524474190571e-01
9.15126797005163528098e-01 -4.10645734551188645867e+00 -1.73930328206754331033e-01 1.06501989762772325321e+02 -1.32958413302599137706e-01
9.16109145887269216146e-01 -4.10694728242115569827e+00 -1.73867169345718775020e-01 1.06498246946145940228e+02 -1.33218236194350747592e-01
9.17085257719121638154e-01 -4.10743545517197716777e+00 -1.73804156260528613887e-01 1.06494521438624005327e+02 -1.33476421964134700504e-01
9.18055125855160469861e-01 -4.10792183892829765313e+00 -1.73741292723015139376e-01 1.06490813375700469123e+02 -1.33732966165405225967e-01
9.19018743692333606177e-01 -4.10840640886618402305e+00 -1.73678582523928703996e-01 1.06487122892532951823e+02 -1.33987864435614389969e-01
9.19976104670142347253e-01 -4.10888913951288081705e+00 -1.73616029669151933357e-01 1.06483450124454179786e+02 -1.34241112625515524037e-01
9.20927202270686140473e-01 -4.10937000731734780601e+00 -1.73553637577787439605e-01 1.06479795204951855681e+02 -1.34492706266919365143e-01
9.21872030018706323240e-01 -4.10984898691430711182e+00 -1.73491410301677695394e-01 1.06476158268589060185e+02 -1.34742641387586098434e-01
9.22810581481630642919e-01 -4.11032605354613345128e+00 -1.73429351703290685061e-01 1.06472539449100395359e+02 -1.34990913959008612677e-01
9.23742850269617443715e-01 -4.11080118247662706921e+00 -1.73367465662434300233e-01 1.06468938879844884582e+02 -1.35237520035922625938e-01
9.24668830035598299233e-01 -4.11127434899293486836e+00 -1.73305756075929601190e-01 1.06465356693797900789e+02 -1.35482455756160996563e-01
9.25588514475321866293e-01 -4.11174552840749196747e+00 -1.73244226857287658694e-01 1.06461793023543179970e+02 -1.35725717340448664983e-01
9.26501897327396517490e-01 -4.11221469605998279917e+00 -1.73182881936390253852e-01 1.06458248001264820459e+02 -1.35967301092212028424e-01
9.27408972373333306827e-01 -4.11268182633757728439e+00 -1.73121725319952790567e-01 1.06454721759513560642e+02 -1.36207203411309846208e-01
9.28309733437587714100e-01 -4.11314689648959852519e+00 -1.73060760798991297715e-01 1.06451214428190837680e+02 -1.36445420695400609912e-01
9.29204174387602388485e-01 -4.11360988107121627877e+00 -1.72999992448507861065e-01 1.06447726138925716555e+02 -1.36681949541281350102e-01
9.30092289133848337812e-01 -4.11407075555027912372e+00 -1.72939424258658436262e-01 1.06444257022222657838e+02 -1.36916786579289850856e-01
9.30974071629866561928e-01 -4.11452949543187962433e+00 -1.72879060234079923175e-01 1.06440807208145770346e+02 -1.37149928521087510758e-01
9.31849515872309464015e-01 -4.11498607626039891727e+00 -1.72818904393557876142e-01 1.06437376826310199363e+02 -1.37381372159373987829e-01
9.32718615900981373734e-01 -4.11544047362160370085e+00 -1.72758960769618552522e-01 1.06433966005874111715e+02 -1.37611114367568093675e-01
9.33581365798879514450e-01 -4.11589266183728330617e+00 -1.72699233236914634348e-01 1.06430574876567675346e+02 -1.37839151917213881271e-01
9.34437759692233416153e-01 -4.11634261905321618968e+00 -1.72639726100745211079e-01 1.06427203564648550582e+02 -1.38065482124508309703e-01
9.35287791750546215752e-01 -4.11679031981591325717e+00 -1.72580443338244793328e-01 1.06423852198786818235e+02 -1.38290101986837082881e-01
9.36131456186633403860e-01 -4.11723573989691082886e+00 -1.72521389030466487657e-01 1.06420520906229157276e+02 -1.38513008694897521433e-01
9.36968747256662348732e-01 -4.11767885511959175204e+00 -1.72462567270123962038e-01 1.06417209813723275147e+02 -1.38734199518203787926e-01
9.37799659260191820209e-01 -4.11811964136139074810e+00 -1.72403982161161761777e-01 1.06413919047509324400e+02 -1.38953671804696698988e-01
9.38624186540210181384e-01 -4.11855807455587452637e+00 -1.72345637818440089450e-01 1.06410648733311504088e+02 -1.39171422980408854286e-01
9.39442323483174468457e-01 -4.11899412895131966650e+00 -1.72287537755943492845e-01 1.06407398997718786404e+02 -1.39387449992985107405e-01
9.40254064519048693427e-01 -4.11942778391032149443e+00 -1.72229687153780564035e-01 1.06404169962759567625e+02 -1.39601751383837041631e-01
9.41059404121340592475e-01 -4.11985901396894060866e+00 -1.72172089691864871330e-01 1.06400961753817867361e+02 -1.39814324379350485295e-01
9.41858336807141038882e-01 -4.12028779530697608635e+00 -1.72114749520313969899e-01 1.06397774494468933426e+02 -1.40025166710006282456e-01
9.42650857137159903232e-01 -4.12071410417130046255e+00 -1.72057670797854750377e-01 1.06394608307729242824e+02 -1.40234276181969486075e-01
9.43436959715763689971e-01 -4.12113791687811037434e+00 -1.72000857691424341445e-01 1.06391463316048017873e+02 -1.40441650676612933557e-01
9.44216639191012285792e-01 -4.12155920771415029691e+00 -1.71944313216261440713e-01 1.06388339642975935817e+02 -1.40647287127032477594e-01
9.44989890254695485972e-01 -4.12197795714624071195e+00 -1.71888043600056217297e-01 1.06385237406601234511e+02 -1.40851185376898668800e-01
9.45756707642368521505e-01 -4.12239413979675806132e+00 -1.71832052099816307011e-01 1.06382156729150239016e+02 -1.41053342701220579825e-01
9.46517086133388918512e-01 -4.12280773228177022105e+00 -1.71776342905315099197e-01 1.06379097730716082992e+02 -1.41253757272445074067e-01
9.47271020550951026173e-01 -4.12321871129773676046e+00 -1.71720920212137251326e-01 1.06376060530781558100e+02 -1.41452427335452740609e-01
9.48018505762121987956e-01 -4.12362705131471596331e+00 -1.71665786543361981176e-01 1.06373045250055611177e+02 -1.41649349740043006829e-01
9.48759536677876158528e-01 -4.12403273361614530756e+00 -1.71610949100316795279e-01 1.06370052003237816507e+02 -1.41844525501004015133e-01
9.49494108253130075781e-01 -4.12443573303653288065e+00 -1.71556410717367685548e-01 1.06367080909621975593e+02 -1.42037951868039080683e-01
9.50222215486776988769e-01 -4.12483602661792758681e+00 -1.71502175601850798126e-01 1.06364132086160850577e+02 -1.42229627364248295551e-01
9.50943853421720053376e-01 -4.12523359149405699497e+00 -1.71448247964564454149e-01 1.06361205649153276909e+02 -1.42419550582233822578e-01
9.51659017144907415364e-01 -4.12562840489040283387e+00 -1.71394632015659548196e-01 1.06358301714134682925e+02 -1.42607720367019102925e-01
9.52367701787364628885e-01 -4.12602044141626844720e+00 -1.71341329085210630767e-01 1.06355420398431448348e+02 -1.42794132575905730054e-01
9.53069902524227741125e-01 -4.12640968373948435755e+00 -1.71288348617558067177e-01 1.06352561812048861611e+02 -1.42978790728311655478e-01
9.53765614574776932066e-01 -4.12679610685723563535e+00 -1.71235692411730200391e-01 1.06349726070598123329e+02 -1.43161691583128053429e-01
9.54454833202468377884e-01 -4.12717968839779736356e+00 -1.71183364679793753593e-01 1.06346913286976530344e+02 -1.43342834063249324750e-01
9.55137553714966891505e-01 -4.12756040609427277133e+00 -1.71131369634645813527e-01 1.06344123573375810565e+02 -1.43522217157365628015e-01
9.55813771464177897030e-01 -4.12793823490524314224e+00 -1.71079707380991652421e-01 1.06341357043545173156e+02 -1.43699836363961358510e-01
9.56483481846278404959e-01 -4.12831315839834100956e+00 -1.71028389598875424360e-01 1.06338613803794402202e+02 -1.43875697270228475322e-01
9.57146680301749208652e-01 -4.12868515191752383231e+00 -1.70977417030422268462e-01 1.06335893966300048419e+02 -1.44049796049015271793e-01
9.57803362315405748539e-01 -4.12905419364254377967e+00 -1.70926793874990018418e-01 1.06333197640340898715e+02 -1.44222131934993058611e-01
9.58453523416427977111e-01 -4.12942025905104248551e+00 -1.70876519373674790048e-01 1.06330524936648288303e+02 -1.44392699934211499180e-01
9.59097159178392222323e-01 -4.12978333210318293567e+00 -1.70826606753167103969e-01 1.06327875958640262866e+02 -1.44561507230840186056e-01
9.59734265219300386462e-01 -4.13014338863811847347e+00 -1.70777056002398702761e-01 1.06325250815445770058e+02 -1.44728549598589661951e-01
9.60364837201609811146e-01 -4.13050040731885204082e+00 -1.70727871297596228706e-01 1.06322649613292242066e+02 -1.44893826505010869798e-01
9.60988870832263142319e-01 -4.13085436693169150146e+00 -1.70679056811864932053e-01 1.06320072457626011442e+02 -1.45057337477295406059e-01
9.61606361862717418099e-01 -4.13120524371407249475e+00 -1.70630609609455086151e-01 1.06317519455119992244e+02 -1.45219075956705911956e-01
9.62217306088972823552e-01 -4.13155302211179442651e+00 -1.70582546860106015751e-01 1.06314990705509089253e+02 -1.45379052842832867665e-01
9.62821699351601556494e-01 -4.13189767863419898930e+00 -1.70534866653983291362e-01 1.06312486313883738376e+02 -1.45537262580300114090e-01
9.63419537535776138171e-01 -4.13223919259404670612e+00 -1.70487573129463776400e-01 1.06310006382469822483e+02 -1.45693704912409599528e-01
9.64010816571297390887e-01 -4.13257754118074682737e+00 -1.70440661686557554111e-01 1.06307551014281500557e+02 -1.45848372082668570338e-01
9.64595532432621638463e-01 -4.13291270870406712845e+00 -1.70394152473317017638e-01 1.06305120306434616850e+02 -1.46001277816706992452e-01
9.65173681138889238973e-01 -4.13324467251633009823e+00 -1.70348042121720832931e-01 1.06302714360410107020e+02 -1.46152415536229068893e-01
9.65745258753950674979e-01 -4.13357341248983889415e+00 -1.70302334726154913636e-01 1.06300333275081129614e+02 -1.46301785186723015686e-01
9.66310261386393642979e-01 -4.13389890710515661709e+00 -1.70257023549138852836e-01 1.06297977149385772577e+02 -1.46449377398990415733e-01
9.66868685189569476712e-01 -4.13422114003105090063e+00 -1.70212132575648072974e-01 1.06295646078191339257e+02 -1.46595209461153036523e-01
9.67420526361620347622e-01 -4.13454008973695863460e+00 -1.70167656560290647683e-01 1.06293340159012359436e+02 -1.46739273402946707181e-01
9.67965781145503245675e-01 -4.13485573668531891656e+00 -1.70123599543743009299e-01 1.06291059487240460157e+02 -1.46881569357227986794e-01
9.68504445829016735736e-01 -4.13516806116198942789e+00 -1.70079952054542543616e-01 1.06288804157162701358e+02 -1.47022085821906595138e-01
9.69036516744826603720e-01 -4.13547704536610893911e+00 -1.70036743009059021503e-01 1.06286574262065173002e+02 -1.47160844584684313840e-01
9.69561990270489948429e-01 -4.13578266930236981835e+00 -1.69993964752136683671e-01 1.06284369895009561446e+02 -1.47297835817147393378e-01
9.70080862828479939530e-01 -4.13608491465576832979e+00 -1.69951606612390421214e-01 1.06282191146714581009e+02 -1.47433047138913558838e-01
9.70593130886211241659e-01 -4.13638376247588990253e+00 -1.69909699587109441765e-01 1.06280038109209002073e+02 -1.47566502327051790600e-01
9.71098790956062218882e-01 -4.13667919399578121187e+00 -1.69868234954231311917e-01 1.06277910872105167073e+02 -1.47698190787067390461e-01
9.71597839595400469825e-01 -4.13697119078472397291e+00 -1.69827216629051230834e-01 1.06275809524397502059e+02 -1.47828112936055189319e-01
9.72090273406605143158e-01 -4.13725973764021848211e+00 -1.69786630045164560476e-01 1.06273734150781280050e+02 -1.47956253254014985510e-01
9.72576089037090585343e-01 -4.13754481193175394083e+00 -1.69746513277120508745e-01 1.06271684843569829582e+02 -1.48082641845941609393e-01
9.73055283179328878163e-01 -4.13782639750012215529e+00 -1.69706854144697383280e-01 1.06269661686765687136e+02 -1.48207265345787070343e-01
9.73527852570872820337e-01 -4.13810448146401199665e+00 -1.69667636175646646679e-01 1.06267664760520816003e+02 -1.48330106743901374289e-01
9.73993793994377243806e-01 -4.13837903848554589104e+00 -1.69628900824454142970e-01 1.06265694157204734438e+02 -1.48451199234468284027e-01
9.74453104277621995344e-01 -4.13865005439343214277e+00 -1.69590634199947271066e-01 1.06263749956545538566e+02 -1.48570528124215783805e-01
9.74905780293532697733e-01 -4.13891751912902172705e+00 -1.69552817615311740562e-01 1.06261832233638898515e+02 -1.48688074649474172295e-01
9.75351818960202621156e-01 -4.13918140378045240624e+00 -1.69515496477229854477e-01 1.06259941081657132145e+02 -1.48803875572593946597e-01
9.75791217240913111297e-01 -4.13944169658073590767e+00 -1.69478654896764946436e-01 1.06258076575619227810e+02 -1.48917914625589453692e-01
9.76223972144155016650e-01 -4.13969839092713787210e+00 -1.69442271645432657179e-01 1.06256238784933131569e+02 -1.49030171013477236164e-01
9.76650080723648006398e-01 -4.13995145321768642788e+00 -1.69406396692008909266e-01 1.06254427804548612357e+02 -1.49140685572667519576e-01
9.77069540078361775670e-01 -4.14020087461931129980e+00 -1.69371011840536989101e-01 1.06252643704239119415e+02 -1.49249440195840160639e-01
9.77482347352534808316e-01 -4.14044665278218815274e+00 -1.69336092986676539640e-01 1.06250886546946205158e+02 -1.49356411777738284918e-01
9.77888499735694360915e-01 -4.14068874799155839384e+00 -1.69301695291573600644e-01 1.06249156430651481742e+02 -1.49461645744194737695e-01
9.78287994462675891683e-01 -4.14092715501932140398e+00 -1.69267797929103264165e-01 1.06247453419219525017e+02 -1.49565121875465945056e-01
9.78680828813640935060e-01 -4.14116187675915625732e+00 -1.69234373588773023833e-01 1.06245777568172570682e+02 -1.49666814486386440253e-01
9.79067000114096308572e-01 -4.14139286559626995654e+00 -1.69201483251767509364e-01 1.06244128980110730254e+02 -1.49766774094293952935e-01
9.79446505734912542529e-01 -4.14162012074838070674e+00 -1.69169103132008113999e-01 1.06242507712173619439e+02 -1.49864978093013162530e-01
9.79819343092340866441e-01 -4.14184365156763334426e+00 -1.69137202413419007740e-01 1.06240913811309866333e+02 -1.49961397982604188739e-01
9.80185509648031860763e-01 -4.14206340032660857986e+00 -1.69105848477036802002e-01 1.06239347386711429522e+02 -1.50056089817787868812e-01
9.80545002909051777173e-01 -4.14227937173208360377e+00 -1.69075014263895345712e-01 1.06237808487795206247e+02 -1.50149028353303543026e-01
9.80897820427900302143e-01 -4.14249158305931253210e+00 -1.69044665207845085098e-01 1.06236297151557579355e+02 -1.50240182097191338206e-01
9.81243959802526766190e-01 -4.14269996378181915020e+00 -1.69014875571059292048e-01 1.06234813496186248472e+02 -1.50329612983535587656e-01
9.81583418676346575182e-01 -4.14290455859764961133e+00 -1.68985577473680870231e-01 1.06233357531188303824e+02 -1.50417260991632384393e-01
9.81916194738257197550e-01 -4.14310529473714339588e+00 -1.68956844271174300154e-01 1.06231929374949785938e+02 -1.50503187332062943193e-01
9.82242285722654373536e-01 -4.14330218538067640566e+00 -1.68928645596829768438e-01 1.06230529064558027130e+02 -1.50587364212900864935e-01
9.82561689409446659127e-01 -4.14349525970877508030e+00 -1.68900943445084938954e-01 1.06229156621534627902e+02 -1.50669757581717800310e-01
9.82874403624071413255e-01 -4.14368442828243033205e+00 -1.68873818216857707331e-01 1.06227812176718217074e+02 -1.50750434542388817016e-01
9.83180426237509119680e-01 -4.14386975752569686193e+00 -1.68847195438962816016e-01 1.06226495715118360863e+02 -1.50829329959690616736e-01
9.83479755166297819891e-01 -4.14405115479347774254e+00 -1.68821154561512865033e-01 1.06225207368611805236e+02 -1.50906510128568899232e-01
9.83772388372547657021e-01 -4.14422864412192737404e+00 -1.68795661736732716118e-01 1.06223947159668981044e+02 -1.50981944623929414950e-01
9.84058323863954753641e-01 -4.14440226945763701139e+00 -1.68770675816152126991e-01 1.06222715091622731620e+02 -1.51055597188578000223e-01
9.84337559693814090345e-01 -4.14457191716749751009e+00 -1.68746282841074346504e-01 1.06221511312663437820e+02 -1.51127539450487707873e-01
9.84610093961033494558e-01 -4.14473768069801629110e+00 -1.68722402375110103190e-01 1.06220335778375826408e+02 -1.51197701900999487146e-01
9.84875924810146630151e-01 -4.14489944246033736874e+00 -1.68699119127133090323e-01 1.06219188638633298183e+02 -1.51266154977345745891e-01
9.85135050431324765796e-01 -4.14505723992647112652e+00 -1.68676396045159493475e-01 1.06218069898837782716e+02 -1.51332865948175493420e-01
9.85387469060390319697e-01 -4.14521113439221355890e+00 -1.68654189750562538697e-01 1.06216979541689411803e+02 -1.51397797256698107837e-01
9.85633178978827628747e-01 -4.14536098318662293849e+00 -1.68632590281359434625e-01 1.06215917737026828149e+02 -1.51461023387866156042e-01
9.85872178513795716093e-01 -4.14550691138477045428e+00 -1.68611513031322268752e-01 1.06214884406735805555e+02 -1.51522472231820415356e-01
9.86104466038138838258e-01 -4.14564877233760231690e+00 -1.68591045974159969845e-01 1.06213879722320626797e+02 -1.51582216409346881569e-01
9.86330039970398142479e-01 -4.14578661921311208971e+00 -1.68571149709204476386e-01 1.06212903669972021703e+02 -1.51640221724177320928e-01
9.86548898774822102808e-01 -4.14592053199624821502e+00 -1.68551780151785318695e-01 1.06211956210461465844e+02 -1.51696450738615623566e-01
9.86761040961377400293e-01 -4.14605033632292041545e+00 -1.68533028525115952112e-01 1.06211037537577496437e+02 -1.51750978142981163277e-01
9.86966465085758248854e-01 -4.14617619092628864053e+00 -1.68514808971631208090e-01 1.06210147537600334999e+02 -1.51803731932750624045e-01
9.87165169749397164445e-01 -4.14629791890869370263e+00 -1.68497209688668520000e-01 1.06209286404633857614e+02 -1.51854784103769402392e-01
9.87357153599473957861e-01 -4.14641559014008009854e+00 -1.68480190350744046812e-01 1.06208454104673506890e+02 -1.51904100310442047306e-01
9.87542415328925060614e-01 -4.14652930206840242278e+00 -1.68463708034271908431e-01 1.06207650577612810139e+02 -1.51951644876900132664e-01
9.87720953676452295689e-01 -4.14663885059949688383e+00 -1.68447851620693783703e-01 1.06206876039295963210e+02 -1.51997489557814002836e-01
9.87892767426531648312e-01 -4.14674432010851745645e+00 -1.68432579919520264422e-01 1.06206130439491928996e+02 -1.52041599810611272048e-01
9.88057855409421592618e-01 -4.14684582258926948128e+00 -1.68417850614392156094e-01 1.06205413701844449292e+02 -1.52083941096611746646e-01
9.88216216501170752196e-01 -4.14694312817866617138e+00 -1.68403751453585298625e-01 1.06204726062594161817e+02 -1.52124583330384532953e-01
9.88367849623625893685e-01 -4.14703633530975768196e+00 -1.68390241297716791724e-01 1.06204067455678782039e+02 -1.52163492583753251486e-01
9.88512753744439143233e-01 -4.14712556831302059379e+00 -1.68377279245244926287e-01 1.06203437790485040182e+02 -1.52200636105666836650e-01
9.88650927877074869876e-01 -4.14721057537988269104e+00 -1.68364950291434528618e-01 1.06202837320136708854e+02 -1.52236080636562381985e-01
9.88782371080816346876e-01 -4.14729146739308340841e+00 -1.68353214187470373586e-01 1.06202265964190715408e+02 -1.52269793563575589479e-01
9.88907082460772635102e-01 -4.14736837740821773224e+00 -1.68342031999581642765e-01 1.06201723621041594470e+02 -1.52301744291527235697e-01
9.89025061167884578239e-01 -4.14744103810409114885e+00 -1.68331484791256230649e-01 1.06201210554823148868e+02 -1.52331995548331211587e-01
9.89136306398929687766e-01 -4.14750956989436581068e+00 -1.68321533844426329818e-01 1.06200726673351169893e+02 -1.52360516509213561598e-01
9.89240817396528693273e-01 -4.14757396862699323492e+00 -1.68312180116725801371e-01 1.06200271997588529871e+02 -1.52387307512779013319e-01
9.89338593449150427439e-01 -4.14763438352619129290e+00 -1.68303387015683508787e-01 1.06199846407138707605e+02 -1.52412340764393805514e-01
9.89429633891116377953e-01 -4.14769051715174796868e+00 -1.68295230851369853609e-01 1.06199450189339941630e+02 -1.52435673698565005152e-01
9.89513938102605350444e-01 -4.14774250734398020057e+00 -1.68287674731691733188e-01 1.06199083232053098413e+02 -1.52457277868342233607e-01
9.89591505509657798356e-01 -4.14779035119768835216e+00 -1.68280719435480313750e-01 1.06198745550968610019e+02 -1.52477153590769576308e-01
9.89662335584179708725e-01 -4.14783420309665196157e+00 -1.68274330803818705782e-01 1.06198437016865881333e+02 -1.52495275544135028278e-01
9.89726427843945932850e-01 -4.14787375562680438179e+00 -1.68268579782528265865e-01 1.06198157921972267559e+02 -1.52511696058589191205e-01
9.89783781852604072071e-01 -4.14790915444526930855e+00 -1.68263431726571460745e-01 1.06197908142900857342e+02 -1.52526389088644437342e-01
9.89834397219676587198e-01 -4.14794039770080580354e+00 -1.68258887204150775485e-01 1.06197687690224427115e+02 -1.52539354891143119630e-01
9.89878273600564240198e-01 -4.14796748380732260841e+00 -1.68254946721690862299e-01 1.06197496573232058381e+02 -1.52550593699379871682e-01
9.89915410696548092595e-01 -4.14799041142346425204e+00 -1.68251610735269507835e-01 1.06197334799947512352e+02 -1.52560105732564926795e-01
9.89945808254791503877e-01 -4.14800917944319280650e+00 -1.68248879633611653217e-01 1.06197202377136534324e+02 -1.52567891179969716831e-01
9.89969466068341796827e-01 -4.14802378698339158092e+00 -1.68246753744381888351e-01 1.06197099310317867094e+02 -1.52573950206079084202e-01
