00000000000000000000 -3.98329490310175637902e+00 -5.75823888778715375913e-01 00000000000000000108 7.79358536925457566957e-23
2.58315720529896097890e-03 -3.98291630410855601596e+00 -5.75824205912223385795e-01 1.08000362132796382753e+02 5.05466773195635746935e-05
5.16629682395841009074e-03 -3.98254135646779872104e+00 -5.75823956121090607674e-01 1.08000700212833379510e+02 9.40097470731331743806e-05
7.74940126945856955221e-03 -3.98217005895163556062e+00 -5.75823139985366605487e-01 1.08001014252533465765e+02 1.30390677215164375218e-04
1.03324529555191297475e-02 -3.98180241029987502799e+00 -5.75821758076360712408e-01 1.08001304264699712121e+02 1.59691138007995872897e-04
1.29154342962189676997e-02 -3.98143840921976410741e+00 -5.75819810956110567091e-01 1.08001570262501871866e+02 1.81912972616498789993e-04
1.54983277061159028382e-02 -3.98107805438660555808e+00 -5.75817299178663200010e-01 1.08001812259507062208e+02 1.97058264004407944188e-04
1.80811156003663868475e-02 -3.98072134444318814772e+00 -5.75814223288806714685e-01 1.08002030269647221417e+02 2.05129266013013639635e-04
2.06637803948452533631e-02 -3.98036827800015347023e+00 -5.75810583822820798439e-01 1.08002224307236730283e+02 2.06128442358722218861e-04
2.32463045062654173611e-02 -3.98001885363553142838e+00 -5.75806381306995906932e-01 1.08002394386945198335e+02 2.00058385214146742040e-04
2.58286703522975918945e-02 -3.97967306989595837052e+00 -5.75801616261467308355e-01 1.08002540523861597421e+02 1.86922020436256836788e-04
2.84108603516900135033e-02 -3.97933092529531595716e+00 -5.75796289195786736848e-01 1.08002662733418929975e+02 1.66722367870136107485e-04
3.09928569243880722150e-02 -3.97899241831551941928e+00 -5.75790400611410402298e-01 1.08002761031435227324e+02 1.39462673775724477383e-04
3.35746424916540803229e-02 -3.97865754740638521980e+00 -5.75783951001222815691e-01 1.08002835434104767387e+02 1.05146383740862192288e-04
3.61561994761869162640e-02 -3.97832631098565414618e+00 -5.75776940849593632521e-01 1.08002885957998032040e+02 6.37771442538460740660e-05
3.87375103022416650278e-02 -3.97799870743841799126e+00 -5.75769370629060639466e-01 1.08002912620029235313e+02 1.53586230005876089942e-05
4.13185573957493418318e-02 -3.97767473511902958094e+00 -5.75761240811042407373e-01 1.08002915437558485223e+02 -4.01049167681217857430e-05
4.38993231844364839578e-02 -3.97735439234872645287e+00 -5.75752551852339200522e-01 1.08002894428262152360e+02 -1.02609343520691011784e-04
4.64797900979448119774e-02 -3.97703767741703106964e+00 -5.75743304203004013786e-01 1.08002849610207519504e+02 -1.72150235842939372142e-04
4.90599405679508632216e-02 -3.97672458858145017047e+00 -5.75733498304634938592e-01 1.08002781001835828079e+02 -2.48722975584305446700e-04
5.16397570282855211676e-02 -3.97641512406749297881e+00 -5.75723134590421348200e-01 1.08002688621962150251e+02 -3.32322747461185794785e-04
5.42192219150537807471e-02 -3.97610928206853753153e+00 -5.75712213482361678807e-01 1.08002572489767658226e+02 -4.22944689619451626248e-04
5.67983176667541181382e-02 -3.97580706074629031122e+00 -5.75700735400784924245e-01 1.08002432624823953233e+02 -5.20583383751942684568e-04
5.93770267243982005634e-02 -3.97550845823020626568e+00 -5.75688700751915027887e-01 1.08002269047060963203e+02 -6.25233525413688680586e-04
6.19553315316303740423e-02 -3.97521347261783253302e+00 -5.75676109935315705179e-01 1.08002081776785416878e+02 -7.36889525115994644539e-04
6.45332145348472135948e-02 -3.97492210197473605504e+00 -5.75662963342245093123e-01 1.08001870834676438449e+02 -8.55545598703204507665e-04
6.71106581833170040552e-02 -3.97463434433449736005e+00 -5.75649261355684171981e-01 1.08001636241785192283e+02 -9.81195767384764267263e-04
6.96876449292992278250e-02 -3.97435019769871322737e+00 -5.75635004350374512860e-01 1.08001378019534769237e+02 -1.11383385774437211092e-03
7.22641572281641081377e-02 -3.97406966003716144442e+00 -5.75620192690614262965e-01 1.08001096189729068442e+02 -1.25345362169564772913e-03
7.48401775385119094608e-02 -3.97379272928717419688e+00 -5.75604826738126296171e-01 1.08000790774519629167e+02 -1.40004831532298439425e-03
7.74156883222925085164e-02 -3.97351940335447428865e+00 -5.75588906841530634217e-01 1.08000461796450267116e+02 -1.55361126685862860862e-03
7.99906720449247571336e-02 -3.97324968011264978429e+00 -5.75572433342780298560e-01 1.08000109278429391679e+02 -1.71413553225360630085e-03
8.25651111754157757128e-02 -3.97298355740325703778e+00 -5.75555406575722794393e-01 1.07999733243736173449e+02 -1.88161397456370563935e-03
8.51389881864804548561e-02 -3.97272103303581625156e+00 -5.75537826866131640990e-01 1.07999333716020302631e+02 -2.05603926410826949936e-03
8.77122855546606100541e-02 -3.97246210478778394304e+00 -5.75519694531736902832e-01 1.07998910719301662198e+02 -2.23740387864852742147e-03
9.02849857604444694381e-02 -3.97220677040479941411e+00 -5.75501009881028369186e-01 1.07998464277983998727e+02 -2.42570016966612515136e-03
9.28570712883857868336e-02 -3.97195502759973795293e+00 -5.75481773217704661860e-01 1.07997994416805127571e+02 -2.62092012526734825101e-03
9.54285246272232184905e-02 -3.97170687405396138914e+00 -5.75461984834663486943e-01 1.07997501160904704420e+02 -2.82305569509098052902e-03
9.79993282699994638918e-02 -3.97146230741651251606e+00 -5.75441645017745306845e-01 1.07996984535782132753e+02 -3.03209859108835404207e-03
1.00569464714180475950e-01 -3.97122132530427141006e+00 -5.75420754044905335967e-01 1.07996444567306227214e+02 -3.24804033405097763304e-03
1.03138916461774601818e-01 -3.97098392530193144978e+00 -5.75399312186249178858e-01 1.07995881281714801503e+02 -3.47087225383143401641e-03
1.05707666019451862471e-01 -3.97075010496196822984e+00 -5.75377319704064471573e-01 1.07995294705614782060e+02 -3.70058548957088182321e-03
1.08275695898662718819e-01 -3.97051986180461291553e+00 -5.75354776852858296188e-01 1.07994684865981739108e+02 -3.93717098992812063185e-03
1.10842988615757503945e-01 -3.97029319331781893609e+00 -5.75331683879390598513e-01 1.07994051790159900861e+02 -4.18061951328854968651e-03
1.13409526692105272483e-01 -3.97007009695723045439e+00 -5.75308041022708716028e-01 1.07993395505861897732e+02 -4.43092162800692596775e-03
1.15975292654212733257e-01 -3.96985057014614373117e+00 -5.75283848514188567158e-01 1.07992716041168563379e+02 -4.68806771259161481069e-03
1.18540269033843417845e-01 -3.96963461027547248605e+00 -5.75259106577568513075e-01 1.07992013424528778387e+02 -4.95204795594300379441e-03
1.21104438368136405058e-01 -3.96942221470450062881e+00 -5.75233815426601458043e-01 1.07991287684801662294e+02 -5.22285248556834946765e-03
1.23667783199725281329e-01 -3.96921338075792107247e+00 -5.75207975273875238287e-01 1.07990538851100041029e+02 -5.50047089619784199122e-03
1.26230286076857156630e-01 -3.96900810572987516878e+00 -5.75181586318600057695e-01 1.07989766953008881956e+02 -5.78489290802236891254e-03
1.28791929553511097506e-01 -3.96880638688135700676e+00 -5.75154648754291786261e-01 1.07988972020448386502e+02 -6.07610795627434342736e-03
1.31352696189517337277e-01 -3.96860822144077030060e+00 -5.75127162767011368416e-01 1.07988154083706248798e+02 -6.37410528812127567116e-03
1.33912568550675792345e-01 -3.96841360660388087211e+00 -5.75099128535403569806e-01 1.07987313173437300406e+02 -6.67887396291395700476e-03
1.36471529208874592376e-01 -3.96822253953376824498e+00 -5.75070546230736168170e-01 1.07986449320663510321e+02 -6.99040285247483090397e-03
1.39029560742209123969e-01 -3.96803501736077146589e+00 -5.75041416016938922162e-01 1.07985562556773842857e+02 -7.30868064134003979360e-03
1.41586645735100435939e-01 -3.96785103718244513971e+00 -5.75011738050646536990e-01 1.07984652913523987650e+02 -7.63369582704380433835e-03
1.44142766778413616846e-01 -3.96767059606349459244e+00 -5.74981512481235967904e-01 1.07983720423036459124e+02 -7.96543672037064269531e-03
1.46697906469576699884e-01 -3.96749369103572924189e+00 -5.74950739450870274005e-01 1.07982765117800283861e+02 -8.30389144562789817405e-03
1.49252047412698846118e-01 -3.96732031909799776059e+00 -5.74919419094538697301e-01 1.07981787030670886907e+02 -8.64904794091054217320e-03
1.51805172218688999575e-01 -3.96715047721613522924e+00 -5.74887551540101293668e-01 1.07980786194870120198e+02 -9.00089395836197771195e-03
1.54357263505374042722e-01 -3.96698416232289918781e+00 -5.74855136908328456791e-01 1.07979762643985992554e+02 -9.35941706442183427028e-03
1.56908303897617312783e-01 -3.96682137131991696677e+00 -5.74822175308544847105e-01 1.07978716412080416376e+02 -9.72460487653694152788e-03
1.59458276027436895994e-01 -3.96666210107006378394e+00 -5.74788666855175600645e-01 1.07977647533283999337e+02 -1.00964441771958929328e-02
1.62007162534123755337e-01 -3.96650634840811111559e+00 -5.74754611644445301266e-01 1.07976556042369992383e+02 -1.04749221677353926419e-02
1.64554946064359886027e-01 -3.96635411013387884083e+00 -5.74720009769164374980e-01 1.07975441974391159761e+02 -1.08600256771145646517e-02
1.67101609272336831813e-01 -3.96620538301378466883e+00 -5.74684861315271078297e-01 1.07974305364766095749e+02 -1.12517413503282967535e-02
1.69647134819873285361e-01 -3.96606016378076731144e+00 -5.74649166361873797726e-01 1.07973146249279025710e+02 -1.16500556487358318536e-02
1.72191505376533410265e-01 -3.96591844913421809338e+00 -5.74612924981301120830e-01 1.07971964664079933982e+02 -1.20549548503399682475e-02
1.74734703619744774494e-01 -3.96578023573990412487e+00 -5.74576137239143802660e-01 1.07970760645684265455e+02 -1.24664250501173006630e-02
1.77276712234916367095e-01 -3.96564552022989191826e+00 -5.74538803194304170674e-01 1.07969534230972953992e+02 -1.28844521603262186782e-02
1.79817513915556254078e-01 -3.96551429920247233696e+00 -5.74500922899044641490e-01 1.07968285457192394006e+02 -1.33090219108248988822e-02
1.82357091363389622884e-01 -3.96538656922207755073e+00 -5.74462496399032462868e-01 1.07967014361954198876e+02 -1.37401198493729524708e-02
1.84895427288476549288e-01 -3.96526232681920376422e+00 -5.74423523733389895796e-01 1.07965720983235314634e+02 -1.41777313419578741838e-02
1.87432504409329458994e-01 -3.96514156849032373131e+00 -5.74384004934743952475e-01 1.07964405359377821014e+02 -1.46218415731042012534e-02
1.89968305453031172103e-01 -3.96502429069780548687e+00 -5.74343940029274580006e-01 1.07963067529088931451e+02 -1.50724355461908793297e-02
1.92502813155352114904e-01 -3.96491048987299654627e+00 -5.74303329031460307874e-01 1.07961707531610613842e+02 -1.55294983684787623462e-02
1.95036010260868170052e-01 -3.96480016240410337858e+00 -5.74262171964225687226e-01 1.07960325406075526189e+02 -1.59930141731366749769e-02
1.97567879523077832848e-01 -3.96469330465329239388e+00 -5.74220468830319408227e-01 1.07958921192427126812e+02 -1.64629676578785175134e-02
2.00098403704520089175e-01 -3.96458991294564899732e+00 -5.74178219630608999147e-01 1.07957494930833519220e+02 -1.69393431066938854324e-02
2.02627565576891321975e-01 -3.96448998357170934170e+00 -5.74135424359767165825e-01 1.07956046661827727462e+02 -1.74221246243251755292e-02
2.05155347921162689584e-01 -3.96439351278736173967e+00 -5.74092083006323194994e-01 1.07954576426307752968e+02 -1.79112961366066497648e-02
2.07681733527697698349e-01 -3.96430049681375429316e+00 -5.74048195552719353607e-01 1.07953084265536361386e+02 -1.84068413908339348350e-02
2.10206705196368998090e-01 -3.96421093183719452924e+00 -5.74003761975362514214e-01 1.07951570221141267325e+02 -1.89087439561033687774e-02
2.12730245736675399604e-01 -3.96412481400905303275e+00 -5.73958782244678999973e-01 1.07950034335114949613e+02 -1.94169872236911421337e-02
2.15252337967859502799e-01 -3.96404213944565952943e+00 -5.73913256325169984784e-01 1.07948476649814693928e+02 -1.99315544074043816958e-02
2.17772964719024048064e-01 -3.96396290422820118948e+00 -5.73867184175467004437e-01 1.07946897207962521748e+02 -2.04524285439505529305e-02
2.20292108829248989288e-01 -3.96388710440261915480e+00 -5.73820565748389688210e-01 1.07945296052645232976e+02 -2.09795924933023243686e-02
2.22809753147708622389e-01 -3.96381473597949929299e+00 -5.73773400990997495263e-01 1.07943673227314278051e+02 -2.15130289390803482175e-02
2.25325880533787908933e-01 -3.96374579493709289224e+00 -5.73725689840553942922e-01 1.07942028775952849173e+02 -2.20527206086572856447e-02
2.27840473857199465879e-01 -3.96368027720928273183e+00 -5.73677432240205620317e-01 1.07940362742438296095e+02 -2.25986494360863078568e-02
2.30353515998100027984e-01 -3.96361817870259125485e+00 -5.73628628116632066636e-01 1.07938675171457674651e+02 -2.31507977634956424451e-02
2.32864989847207326523e-01 -3.96355949528511652957e+00 -5.73579277394432485160e-01 1.07936966107921918478e+02 -2.37091475739092429065e-02
2.35374878305916024335e-01 -3.96350422278904890305e+00 -5.73529379992735344196e-01 1.07935235597106711225e+02 -2.42736806760033667352e-02
2.37883164286414594546e-01 -3.96345235701055775834e+00 -5.73478935825267988058e-01 1.07933483684652429702e+02 -2.48443787045345212960e-02
2.40389830711801560925e-01 -3.96340389370967427496e+00 -5.73427944800412481285e-01 1.07931710416564172306e+02 -2.54212231207141710343e-02
2.42894860516201405165e-01 -3.96335882861017063661e+00 -5.73376406821270001579e-01 1.07929915839211886919e+02 -2.60041952126263964384e-02
2.45398236644881417856e-01 -3.96331715739944145938e+00 -5.73324321785721235933e-01 1.07928099999330171954e+02 -2.65932760956555588883e-02
2.47899942054367217192e-01 -3.96327887572837900265e+00 -5.73271689586490995616e-01 1.07926262944018461098e+02 -2.71884467128583676154e-02
2.50399959712559072589e-01 -3.96324397921125193278e+00 -5.73218510111213719327e-01 1.07924404720740938046e+02 -2.77896878353987818178e-02
2.52898272598847562165e-01 -3.96321246342558008990e+00 -5.73164783242493647286e-01 1.07922525377326593343e+02 -2.83969800629690800886e-02
2.55394863704230257184e-01 -3.96318432391200126119e+00 -5.73110508857972544838e-01 1.07920624961969224387e+02 -2.90103038242016490755e-02
2.57889716031426352583e-01 -3.96315955617673587597e+00 -5.73055686827695476282e-01 1.07918703523365479668e+02 -2.96296395217068957162e-02
2.60382812594993184874e-01 -3.96313815568154570457e+00 -5.73000317024516481190e-01 1.07916761110185760231e+02 -3.02549669789307640322e-02
2.62874136421441917388e-01 -3.96312011785728035562e+00 -5.72944399313232599624e-01 1.07914797771837115192e+02 -3.08862662377617364085e-02
2.65363670549352448358e-01 -3.96310543809692195083e+00 -5.72887933544435679067e-01 1.07912813557973166212e+02 -3.15235170470115622088e-02
2.67851398029489484731e-01 -3.96309411175422665607e+00 -5.72830919575851194026e-01 1.07910808518612753915e+02 -3.21666989872623071411e-02
2.70337301924917894347e-01 -3.96308613414582211476e+00 -5.72773357256742166044e-01 1.07908782704139682096e+02 -3.28157914705150474677e-02
2.72821365311117669528e-01 -3.96308150055052843541e+00 -5.72715246431887425871e-01 1.07906736165302831409e+02 -3.34707737408167296800e-02
2.75303571276099334764e-01 -3.96308020620921297450e+00 -5.72656586941646672528e-01 1.07904668953216201999e+02 -3.41316248747287609433e-02
2.77783902920519187862e-01 -3.96308224632465266879e+00 -5.72597378622036079499e-01 1.07902581119358913497e+02 -3.47983237817647422796e-02
2.80262343357794374565e-01 -3.96308761606138659772e+00 -5.72537621304801125355e-01 1.07900472715575318716e+02 -3.54708492048707371702e-02
2.82738875714217352542e-01 -3.96309631054557875984e+00 -5.72477314817487092924e-01 1.07898343794075032065e+02 -3.61491797208895598859e-02
2.85213483129071798672e-01 -3.96310832486486352977e+00 -5.72416458983515674674e-01 1.07896194407432901130e+02 -3.68332937410024499614e-02
2.87686148754746129352e-01 -3.96312365406820310554e+00 -5.72355053622259024593e-01 1.07894024608589162995e+02 -3.75231695112321489427e-02
2.90156855756849185735e-01 -3.96314229316573696238e+00 -5.72293098549113810058e-01 1.07891834450849486871e+02 -3.82187851128931999067e-02
2.92625587314324475674e-01 -3.96316423712863041828e+00 -5.72230593575580925858e-01 1.07889623987884931466e+02 -3.89201184630811117260e-02
2.95092326619564693235e-01 -3.96318948088892453185e+00 -5.72167538509340878328e-01 1.07887393273732129728e+02 -3.96271473151638131682e-02
2.97557056878526016153e-01 -3.96321801934224193786e+00 -5.72103933151895560627e-01 1.07885142362946069738e+02 -4.03398493894450566044e-02
3.00019761310842958402e-01 -3.96324984733659890779e+00 -5.72039777308015362500e-01 1.07882871310011424271e+02 -4.10582018729312714367e-02
3.02480423149941946015e-01 -3.96328495968822513973e+00 -5.71975070772279603482e-01 1.07880580170194988909e+02 -4.17821821436818591211e-02
3.04939025643155781076e-01 -3.96332335117110590161e+00 -5.71909813337870609473e-01 1.07878268998996389882e+02 -4.25117673053567526886e-02
3.07395552051837939178e-01 -3.96336501651931660817e+00 -5.71844004794549665149e-01 1.07875937852281154505e+02 -4.32469343003887424226e-02
3.09849985651476145243e-01 -3.96340995042685673155e+00 -5.71777644928737727170e-01 1.07873586786280569072e+02 -4.39876599104883359015e-02
3.12302309731806226889e-01 -3.96345814754749259379e+00 -5.71710733523601022377e-01 1.07871215857592105181e+02 -4.47339207571535654728e-02
3.14752507596926411892e-01 -3.96350960249458594831e+00 -5.71643270359132427139e-01 1.07868825123179206571e+02 -4.54856933021900930458e-02
3.17200562565410182359e-01 -3.96356430984093499603e+00 -5.71575255212238841906e-01 1.07866414640371459654e+02 -4.62429538482200530591e-02
3.19646457970420572181e-01 -3.96362226411860074649e+00 -5.71506687856826900429e-01 1.07863984466864764045e+02 -4.70056785392168469118e-02
3.22090177159823132236e-01 -3.96368345981873693162e+00 -5.71437568063887013636e-01 1.07861534660721176238e+02 -4.77738433610412696617e-02
3.24531703496299839262e-01 -3.96374789139142524874e+00 -5.71367895601584740994e-01 1.07859065280369264883e+02 -4.85474241419574445433e-02
3.26971020357461672479e-01 -3.96381555324549861297e+00 -5.71297670235348942214e-01 1.07856576384603968677e+02 -4.93263965531710243950e-02
3.29408111135962355931e-01 -3.96388643974836440975e+00 -5.71226891727957819533e-01 1.07854068032586809522e+02 -5.01107361093784606232e-02
3.31842959239611323685e-01 -3.96396054522583662916e+00 -5.71155559839634840991e-01 1.07851540283845892532e+02 -5.09004181693050034019e-02
3.34275548091486185420e-01 -3.96403786396195156883e+00 -5.71083674328138113374e-01 1.07848993198276048133e+02 -5.16954179362629634431e-02
3.36705861130046413265e-01 -3.96411839019879286283e+00 -5.71011234948849422111e-01 1.07846426836138917338e+02 -5.24957104587020079167e-02
3.39133881809245474326e-01 -3.96420211813631251374e+00 -5.70938241454874817471e-01 1.07843841258062994370e+02 -5.33012706307502623360e-02
3.41559593598643573831e-01 -3.96428904193214570739e+00 -5.70864693597132433212e-01 1.07841236525043711936e+02 -5.41120731928017156820e-02
3.43982979983520398282e-01 -3.96437915570143140087e+00 -5.70790591124452961758e-01 1.07838612698443597537e+02 -5.49280927320628942212e-02
3.46404024464987525533e-01 -3.96447245351662491686e+00 -5.70715933783673690094e-01 1.07835969839992259267e+02 -5.57493036831249316743e-02
3.48822710560100557320e-01 -3.96456892940731453479e+00 -5.70640721319736310413e-01 1.07833308011786598968e+02 -5.65756803285693415928e-02
3.51239021801971362802e-01 -3.96466857736570066351e+00 -5.70564953471755065273e-01 1.07830627276592281305e+02 -5.74071970144191465191e-02
3.53652941739880488647e-01 -3.96477139132445577374e+00 -5.70488629988702644624e-01 1.07827927696676113101e+02 -5.82438273197216985211e-02
3.56064453939388791959e-01 -3.96487736518846523026e+00 -5.70411750606872880454e-01 1.07825209335504922592e+02 -5.90855452642029266297e-02
3.58473541982449628307e-01 -3.96498649281396486899e+00 -5.70334315064615182678e-01 1.07822472256645838229e+02 -5.99323245285291739126e-02
3.60880189467520207103e-01 -3.96509876801337224350e+00 -5.70256323098889961187e-01 1.07819716524033736960e+02 -6.07841386442817960267e-02
3.63284380009673946166e-01 -3.96521418455508944945e+00 -5.70177774445367102629e-01 1.07816942201971343707e+02 -6.16409609946010766945e-02
3.65686097240711160961e-01 -3.96533273616331038980e+00 -5.70098668838534772263e-01 1.07814149355129174523e+02 -6.25027648147873093887e-02
3.68085324809271363655e-01 -3.96545441651782182291e+00 -5.70019006011802331635e-01 1.07811338048545948709e+02 -6.33695231928976671076e-02
3.70482046380943785824e-01 -3.96557921925380529871e+00 -5.69938785697611471903e-01 1.07808508347628361435e+02 -6.42412090703775306988e-02
3.72876245638379399949e-01 -3.96570713796163287768e+00 -5.69858007627542129114e-01 1.07805660318151367960e+02 -6.51177952426927886265e-02
3.75267906281401164570e-01 -3.96583816618667261977e+00 -5.69776671532422618327e-01 1.07802794026258212057e+02 -6.59992543599504793983e-02
3.77657012027115768227e-01 -3.96597229742907719796e+00 -5.69694777142438879558e-01 1.07799909538460539693e+02 -6.68855589275031137131e-02
3.80043546610023985632e-01 -3.96610952514358894305e+00 -5.69612324187250385066e-01 1.07797006921638555355e+02 -6.77766813066313922320e-02
3.82427493782131422417e-01 -3.96624984273932223999e+00 -5.69529312396098053028e-01 1.07794086243040979411e+02 -6.86725937151657223056e-02
3.84808837313059592944e-01 -3.96639324357956724043e+00 -5.69445741497922930385e-01 1.07791147570285332336e+02 -6.95732682281141739944e-02
3.87187560990155776874e-01 -3.96653972098157270310e+00 -5.69361611221478991496e-01 1.07788190971357806802e+02 -7.04786767783654177766e-02
3.89563648618604152496e-01 -3.96668926821634348912e+00 -5.69276921295449933602e-01 1.07785216514613651384e+02 -7.13887911572819028327e-02
3.91937084021535264711e-01 -3.96684187850842340239e+00 -5.69191671448569747049e-01 1.07782224268776971599e+02 -7.23035830154095532363e-02
3.94307851040136658760e-01 -3.96699754503568335906e+00 -5.69105861409736846213e-01 1.07779214302941028336e+02 -7.32230238631241814318e-02
3.96675933533762792305e-01 -3.96715626092911088918e+00 -5.69019490908140079810e-01 1.07776186686568280493e+02 -7.41470850713086687689e-02
3.99041315380044780969e-01 -3.96731801927258764806e+00 -5.68932559673376969656e-01 1.07773141489490441813e+02 -7.50757378720250112547e-02
4.01403980475000310424e-01 -3.96748281311040873476e+00 -5.68845067431042350492e-01 1.07770078782318392996e+02 -7.60089536003092092198e-02
4.03763912733143492950e-01 -3.96765063541702200922e+00 -5.68757013920448084576e-01 1.07766998634849329619e+02 -7.69467027592768970656e-02
4.06121096087593724810e-01 -3.96782147914064697858e+00 -5.68668398869110358618e-01 1.07763901118391785872e+02 -7.78889563840957366292e-02
4.08475514490185875882e-01 -3.96799533717458974280e+00 -5.68579222009501838997e-01 1.07760786304256114931e+02 -7.88356851587650869773e-02
4.10827151911578702936e-01 -3.96817220236396206445e+00 -5.68489483075129253820e-01 1.07757654264122407994e+02 -7.97868596319252637583e-02
4.13175992341364761717e-01 -3.96835206750544866594e+00 -5.68399181800665842523e-01 1.07754505070040622172e+02 -8.07424502176265351805e-02
4.15522019788178931243e-01 -3.96853492534709495487e+00 -5.68308317922082584239e-01 1.07751338794430751022e+02 -8.17024271960026110539e-02
4.17865218279807715263e-01 -3.96872076858807343314e+00 -5.68216891176778648997e-01 1.07748155510082895603e+02 -8.26667607139949522921e-02
4.20205571863297211443e-01 -3.96890958987845587913e+00 -5.68124901303715401646e-01 1.07744955290157250261e+02 -8.36354207861207676888e-02
4.22543064605062523853e-01 -3.96910138181899219134e+00 -5.68032348043551293948e-01 1.07741738208184401060e+02 -8.46083772951349982749e-02
4.24877680590995954191e-01 -3.96929613696087457697e+00 -5.67939231138779532237e-01 1.07738504338065169463e+02 -8.55855999928269856047e-02
4.27209403926575026489e-01 -3.96949384780550884599e+00 -5.67845550333862858494e-01 1.07735253754070910759e+02 -8.65670585007295573243e-02
4.29538218736971288969e-01 -3.96969450680428392886e+00 -5.67751305375376880136e-01 1.07731986530843528271e+02 -8.75527223108962804332e-02
4.31864109167158116698e-01 -3.96989810635833562102e+00 -5.67656496012145295182e-01 1.07728702743395459152e+02 -8.85425607866019842573e-02
4.34187059382018403220e-01 -3.97010463881831610067e+00 -5.67561121995387662942e-01 1.07725402467109972804e+02 -8.95365431631633262866e-02
4.36507053566452751792e-01 -3.97031409648415767322e+00 -5.67465183078857071663e-01 1.07722085777741099832e+02 -9.05346385486757304628e-02
4.38824075925487055994e-01 -3.97052647160483207500e+00 -5.67368679018991683982e-01 1.07718752751413688884e+02 -9.15368159247730711625e-02
4.41138110684379691762e-01 -3.97074175637811821460e+00 -5.67271609575054402974e-01 1.07715403464623577179e+02 -9.25430441474223708376e-02
4.43449142088729597599e-01 -3.97095994295036147648e+00 -5.67173974509284750667e-01 1.07712037994237675775e+02 -9.35532919476978475082e-02
4.45757154404582744966e-01 -3.97118102341623480100e+00 -5.67075773587049192237e-01 1.07708656417494026414e+02 -9.45675279325780271389e-02
4.48062131918540051956e-01 -3.97140498982650758109e+00 -5.66977006573200159600e-01 1.07705258812425483939e+02 -9.55857207866694230658e-02
4.50364058937863631638e-01 -3.97163183415656906305e+00 -5.66877673246967028753e-01 1.07701845256208372348e+02 -9.66078384913787724386e-02
4.52662919790584206137e-01 -3.97186154835189419998e+00 -5.66777773380591654018e-01 1.07698415827579026427e+02 -9.76338494672083501147e-02
4.54958698825607410487e-01 -3.97209412429804098466e+00 -5.66677306753460952038e-01 1.07694970605260948560e+02 -9.86637218329206727718e-02
4.57251380412820318533e-01 -3.97232955382768526675e+00 -5.66576273148858722273e-01 1.07691509668349226558e+02 -9.96974235872079561638e-02
4.59540948943198301890e-01 -3.97256782872036229293e+00 -5.66474672354124964002e-01 1.07688033096310491032e+02 -1.00734922609560323403e-01
4.61827388828911278296e-01 -3.97280894069469736607e+00 -5.66372504166332668696e-01 1.07684540968984435949e+02 -1.01776186661803519362e-01
4.64110684503429071768e-01 -3.97305288143796930811e+00 -5.66269768370362136523e-01 1.07681033366578049026e+02 -1.02821183385884529216e-01
4.66390820421628160553e-01 -3.97329964256158829627e+00 -5.66166464772205113576e-01 1.07677510369674465096e+02 -1.03869880309354470360e-01
4.68667781059897148310e-01 -3.97354921563006513452e+00 -5.66062593177039663495e-01 1.07673972059227168074e+02 -1.04922244843112646984e-01
4.70941550916242568370e-01 -3.97380159215353012669e+00 -5.65958153394913621170e-01 1.07670418516561483102e+02 -1.05978244283042075113e-01
4.73212114510394632472e-01 -3.97405676358747861343e+00 -5.65853145240917565495e-01 1.07666849823374619177e+02 -1.07037845810864978846e-01
4.75479456383912424400e-01 -3.97431472133252183809e+00 -5.65747568535354239394e-01 1.07663266061735782841e+02 -1.08101016495014870533e-01
4.77743561100288705035e-01 -3.97457545673412671050e+00 -5.65641423103910079284e-01 1.07659667314086135548e+02 -1.09167723291497598126e-01
4.80004413245055938653e-01 -3.97483896108236667288e+00 -5.65534708777830741333e-01 1.07656053663238907347e+02 -1.10237933044805058724e-01
4.82261997425890265312e-01 -3.97510522561166279587e+00 -5.65427425394092852962e-01 1.07652425192379396890e+02 -1.11311612488766670248e-01
4.84516298272717305107e-01 -3.97537424150052620675e+00 -5.65319572795585978398e-01 1.07648781985064957212e+02 -1.12388728247461364140e-01
4.86767300437815575442e-01 -3.97564599987130673497e+00 -5.65211150831289699248e-01 1.07645124125225152056e+02 -1.13469246836116532950e-01
4.89014988595922406311e-01 -3.97592049178992423819e+00 -5.65102159356450584049e-01 1.07641451697161656398e+02 -1.14553134662001857014e-01
4.91259347444337080013e-01 -3.97619770826562390909e+00 -5.64992598232773812761e-01 1.07637764785548370128e+02 -1.15640358025363029770e-01
4.93500361703025469673e-01 -3.97647764025805239285e+00 -5.64882467325879766840e-01 1.07634063475818578581e+02 -1.16730883264035495417e-01
4.95738016114724178163e-01 -3.97676027864829517711e+00 -5.64771766516085516052e-01 1.07630347852652448637e+02 -1.17824676194441285704e-01
4.97972295445044454976e-01 -3.97704561428070624274e+00 -5.64660495683108165643e-01 1.07626618002194604173e+02 -1.18921702931492387356e-01
5.00203184482575280434e-01 -3.97733363793519423268e+00 -5.64548654716318654145e-01 1.07622874010608015283e+02 -1.20021929356690593149e-01
5.02430668038987948698e-01 -3.97762434033368172948e+00 -5.64436243512488555751e-01 1.07619115964427990662e+02 -1.21125321249173911742e-01
5.04654730949138929930e-01 -3.97791771213984235445e+00 -5.64323261975973267113e-01 1.07615343950562092346e+02 -1.22231844286665669586e-01
5.06875358071172565921e-01 -3.97821374395883209374e+00 -5.64209710018912069529e-01 1.07611558056290078866e+02 -1.23341464046460291826e-01
5.09092534286625153506e-01 -3.97851242633702728568e+00 -5.64095587561423750245e-01 1.07607758369263962095e+02 -1.24454146006359664400e-01
5.11306244500527418140e-01 -3.97881374976176171998e+00 -5.63980894531806553616e-01 1.07603944977508078296e+02 -1.25569855545673597641e-01
5.13516473641507098513e-01 -3.97911770466105574329e+00 -5.63865630866740352722e-01 1.07600117969418832331e+02 -1.26688557946189411796e-01
5.15723206661891864222e-01 -3.97942428140335957565e+00 -5.63749796511488154849e-01 1.07596277433764953457e+02 -1.27810218393164004569e-01
5.17926428537812011399e-01 -3.97973347029727619883e+00 -5.63633391420102158875e-01 1.07592423459687196896e+02 -1.28934801976327978457e-01
5.20126124269301826075e-01 -3.98004526159129934371e+00 -5.63516415555629923695e-01 1.07588556136698542787e+02 -1.30062273690852853170e-01
5.22322278880402501855e-01 -3.98035964547354614851e+00 -5.63398868890327531034e-01 1.07584675554683968812e+02 -1.31192598438417296070e-01
5.24514877419263836344e-01 -3.98067661207148759672e+00 -5.63280751405864310577e-01 1.07580781803900563887e+02 -1.32325741028176180336e-01
5.26703904958246260648e-01 -3.98099615145168383989e+00 -5.63162063093539666525e-01 1.07576874974977357624e+02 -1.33461666177804583189e-01
5.28889346594021980685e-01 -3.98131825361950975051e+00 -5.63042803954500237218e-01 1.07572955158915348761e+02 -1.34600338514542977597e-01
5.31071187447676895665e-01 -3.98164290851888891254e+00 -5.62922973999953502044e-01 1.07569022447087334626e+02 -1.35741722576197876293e-01
5.33249412664811961449e-01 -3.98197010603202627976e+00 -5.62802573251386273334e-01 1.07565076931237953772e+02 -1.36885782812217832172e-01
5.35424007415643554708e-01 -3.98229983597913550497e+00 -5.62681601740791292876e-01 1.07561118703483614922e+02 -1.38032483584760445883e-01
5.37594956895105391403e-01 -3.98263208811816804555e+00 -5.62560059510884169498e-01 1.07557147856312283807e+02 -1.39181789169701114472e-01
5.39762246322948779920e-01 -3.98296685214454848634e+00 -5.62437946615334638523e-01 1.07553164482583554218e+02 -1.40333663757759657953e-01
5.41925860943843207274e-01 -3.98330411769089653973e+00 -5.62315263118991270908e-01 1.07549168675528420636e+02 -1.41488071455518532593e-01
5.44085786027477369409e-01 -3.98364387433456101917e+00 -5.62192009095890732340e-01 1.07545160529158209783e+02 -1.42644976403488887851e-01
5.46242006868658758201e-01 -3.98398611156681736745e+00 -5.62068184638151779886e-01 1.07541140136663457838e+02 -1.43804342320838163261e-01
5.48394508787414136641e-01 -3.98433081883744755203e+00 -5.61943789843524776906e-01 1.07537107592765863728e+02 -1.44966133174949274309e-01
5.50543277129089347888e-01 -3.98467798552516638821e+00 -5.61818824823892004616e-01 1.07533062992181413620e+02 -1.46130312746966778414e-01
5.52688297264449235335e-01 -3.98502760094453645223e+00 -5.61693289703480980180e-01 1.07529006429997011196e+02 -1.47296844739469495744e-01
5.54829554589777229623e-01 -3.98537965434569230183e+00 -5.61567184619114034838e-01 1.07524938001670321341e+02 -1.48465692777486946152e-01
5.56967034526974602571e-01 -3.98573413491407668729e+00 -5.61440509720442015862e-01 1.07520857803029656452e+02 -1.49636820409748433347e-01
5.59100722523659832142e-01 -3.98609103177016121933e+00 -5.61313265170194308773e-01 1.07516765930273777485e+02 -1.50810191109719493596e-01
5.61230604053267856379e-01 -3.98645033396918613278e+00 -5.61185451144423308456e-01 1.07512662479971851326e+02 -1.51985768276804017463e-01
5.63356664615148439168e-01 -3.98681203050087917816e+00 -5.61057067832756328762e-01 1.07508547549063067095e+02 -1.53163515237481173692e-01
5.65478889734665535194e-01 -3.98717611028919316496e+00 -5.60928115438644736557e-01 1.07504421234856664569e+02 -1.54343395246459291759e-01
5.67597264963295100593e-01 -3.98754256219203462308e+00 -5.60798594179619080968e-01 1.07500283635031735230e+02 -1.55525371487846730822e-01
5.69711775878724790978e-01 -3.98791137500098935575e+00 -5.60668504287543889575e-01 1.07496134847636810150e+02 -1.56709407076344398035e-01
5.71822408084950328799e-01 -3.98828253744105909462e+00 -5.60537846008878903881e-01 1.07491974971090073154e+02 -1.57895465058390499502e-01
5.73929147212374757281e-01 -3.98865603817038794077e+00 -5.60406619604935429813e-01 1.07487804104178664488e+02 -1.59083508413401825132e-01
5.76031978917906362092e-01 -3.98903186575993817797e+00 -5.60274825350754124287e-01 1.07483622346064564113e+02 -1.60273500053671996701e-01
5.78130888885055260751e-01 -3.98941000877280727011e+00 -5.60142463540363233498e-01 1.07479429796261555907e+02 -1.61465402830450549532e-01
5.80225862824032101450e-01 -3.98979045564554235526e+00 -5.60009534480358728281e-01 1.07475226554668722656e+02 -1.62659179528147401772e-01
5.82316886471844319395e-01 -3.99017319476618181895e+00 -5.59876038494118488664e-01 1.07471012721547722890e+02 -1.63854792870082505152e-01
5.84403945592394169495e-01 -3.99055821445457192809e+00 -5.59741975921212331357e-01 1.07466788397528432597e+02 -1.65052205518566391662e-01
5.86487025976574760655e-01 -3.99094550296209682472e+00 -5.59607347117677345061e-01 1.07462553683608433630e+02 -1.66251380076225391269e-01
5.88566113442367422337e-01 -3.99133504847141873384e+00 -5.59472152456292781686e-01 1.07458308681152800546e+02 -1.67452279087169031424e-01
5.90641193834937960894e-01 -3.99172683909620484854e+00 -5.59336392326860720736e-01 1.07454053491893688488e+02 -1.68654865038321777337e-01
5.92712253026733248973e-01 -3.99212086288087020236e+00 -5.59200067136485734487e-01 1.07449788217930375822e+02 -1.69859100360620990378e-01
5.94779276917577259809e-01 -3.99251710780031210390e+00 -5.59063177309861658593e-01 1.07445512961728596224e+02 -1.71064947430330543954e-01
5.96842251434767101514e-01 -3.99291556175964768016e+00 -5.58925723289557252471e-01 1.07441227826120382360e+02 -1.72272368570322714776e-01
5.98901162533168496260e-01 -3.99331621259395186385e+00 -5.58787705536303191955e-01 1.07436932914303724829e+02 -1.73481326051330791982e-01
6.00955996195312258656e-01 -3.99371904806799848942e+00 -5.58649124529286056351e-01 1.07432628329842287940e+02 -1.74691782093298109135e-01
6.03006738431488664709e-01 -3.99412405587599872447e+00 -5.58509980766437319488e-01 1.07428314176664969182e+02 -1.75903698866644475629e-01
6.05053375279843597134e-01 -3.99453122364134705080e+00 -5.58370274764737217765e-01 1.07423990559065558159e+02 -1.77117038493592782178e-01
6.07095892806472914316e-01 -3.99494053892858058674e+00 -5.58230007057727184439e-01 1.07419657582339183932e+02 -1.78331763195068160321e-01
6.09134277105518040507e-01 -3.99535198919514966676e+00 -5.58089178206672920091e-01 1.07415315350282313034e+02 -1.79547834722768501203e-01
6.11168514299259779676e-01 -3.99576556186181885977e+00 -5.57947788784938336626e-01 1.07410963968873701901e+02 -1.80765215195932416048e-01
6.13198590538213572643e-01 -3.99618124426614462763e+00 -5.57805839388685442692e-01 1.07406603543863255368e+02 -1.81983866557378387574e-01
6.15224492001223088877e-01 -3.99659902367358643716e+00 -5.57663330634633358507e-01 1.07402234181363667176e+02 -1.83203750708449714102e-01
6.17246204895555039549e-01 -3.99701888727726339923e+00 -5.57520263160372731015e-01 1.07397855987850320503e+02 -1.84424829510376753205e-01
6.19263715456992658304e-01 -3.99744082219769447661e+00 -5.57376637624682369498e-01 1.07393469070160492151e+02 -1.85647064785617182947e-01
6.21277009949929293064e-01 -3.99786481548255911989e+00 -5.57232454707836333263e-01 1.07389073535493167810e+02 -1.86870418319268566387e-01
6.23286074667462219878e-01 -3.99829085410644813336e+00 -5.57087715111927783695e-01 1.07384669491408445197e+02 -1.88094851860442779934e-01
6.25290895931486012671e-01 -3.99871892497061764971e+00 -5.56942419561189727695e-01 1.07380257045827107731e+02 -1.89320327123675496983e-01
6.27291460092785357894e-01 -3.99914901490274266038e+00 -5.56796568802312985547e-01 1.07375836307030013472e+02 -1.90546805790315409990e-01
6.29287753531128202233e-01 -3.99958111065668298068e+00 -5.56650163604776926363e-01 1.07371407383657739842e+02 -1.91774249509976152384e-01
6.31279762655358012147e-01 -4.00001519891224077696e+00 -5.56503204761172765025e-01 1.07366970384709944142e+02 -1.93002619901921357304e-01
6.33267473903487365661e-01 -4.00045126627492120264e+00 -5.56355693087539848740e-01 1.07362525419544866168e+02 -1.94231878556527182145e-01
6.35250873742789323728e-01 -4.00088929927569214584e+00 -5.56207629423690730341e-01 1.07358072597878731358e+02 -1.95461987036707890431e-01
6.37229948669889467716e-01 -4.00132928437076529349e+00 -5.56059014633552672890e-01 1.07353612029785296045e+02 -1.96692906879378626162e-01
6.39204685210858825073e-01 -4.00177120794134655313e+00 -5.55909849605502826009e-01 1.07349143825695065857e+02 -1.97924599596888961539e-01
6.41175069921305018639e-01 -4.00221505629341667287e+00 -5.55760135252708287190e-01 1.07344668096394897816e+02 -1.99157026678539239573e-01
6.43141089386463082889e-01 -4.00266081565750297955e+00 -5.55609872513466607202e-01 1.07340184953027289794e+02 -2.00390149592002825285e-01
6.45102730221288278578e-01 -4.00310847218845200501e+00 -5.55459062351556953629e-01 1.07335694507089769445e+02 -2.01623929784835509427e-01
6.47059979070545909785e-01 -4.00355801196520655338e+00 -5.55307705756582392631e-01 1.07331196870434126822e+02 -2.02858328685993433149e-01
6.49012822608903250376e-01 -4.00400942099058632095e+00 -5.55155803744319276127e-01 1.07326692155266002260e+02 -2.04093307707283344588e-01
6.50961247541019139007e-01 -4.00446268519107029249e+00 -5.55003357357075177703e-01 1.07322180474143920037e+02 -2.05328828244919020518e-01
6.52905240601636016606e-01 -4.00491779038592188300e+00 -5.54850367639082575622e-01 1.07317661939988894915e+02 -2.06564851670046401022e-01
6.54844788555668411156e-01 -4.00537472240911363031e+00 -5.54696835734723281419e-01 1.07313136666043519085e+02 -2.07801339373326732218e-01
6.56779878198294642111e-01 -4.00583346692669550748e+00 -5.54542762744918982243e-01 1.07308604765931136171e+02 -2.09038252703106774977e-01
6.58710496355045971306e-01 -4.00629400955765913039e+00 -5.54388149821656073257e-01 1.07304066353615255025e+02 -2.10275553008416271616e-01
6.60636629881896420002e-01 -4.00675633584361001738e+00 -5.54232998145241961829e-01 1.07299521543408843627e+02 -2.11513201630375485829e-01
6.62558265665352030815e-01 -4.00722043124855353824e+00 -5.54077308924681655178e-01 1.07294970449973405380e+02 -2.12751159903726894118e-01
6.64475390622540684760e-01 -4.00768628115871461404e+00 -5.53921083398036917522e-01 1.07290413188318296989e+02 -2.13989389158423776172e-01
6.66387991701300586023e-01 -4.00815387088232544244e+00 -5.53764322832805744312e-01 1.07285849873799762122e+02 -2.15227850721204538864e-01
6.68296055880269523897e-01 -4.00862318564944697385e+00 -5.53607028526292843651e-01 1.07281280622120178236e+02 -2.16466505917173895890e-01
6.70199570168973357553e-01 -4.00909421062944293368e+00 -5.53449201802805212935e-01 1.07276705550241118203e+02 -2.17705316237234547394e-01
6.72098521607914500819e-01 -4.00956693086125870451e+00 -5.53290844026488315421e-01 1.07272124772786312974e+02 -2.18944242690222001801e-01
6.73992897268660184906e-01 -4.01004133135589313497e+00 -5.53131956583400863359e-01 1.07267538407349292129e+02 -2.20183246758980349922e-01
6.75882684253930277052e-01 -4.01051739702884368910e+00 -5.52972540893860720068e-01 1.07262946571008399133e+02 -2.21422289778224673507e-01
6.77767869697685210184e-01 -4.01099511271652620081e+00 -5.52812598409899824681e-01 1.07258349381183592186e+02 -2.22661333089093221860e-01
6.79648440765214134629e-01 -4.01147446317609457367e+00 -5.52652130615645997835e-01 1.07253746955635605786e+02 -2.23900338040815216623e-01
6.81524384653221182440e-01 -4.01195543308528357329e+00 -5.52491139027718625165e-01 1.07249139412464828069e+02 -2.25139265992352455292e-01
6.83395688589913286037e-01 -4.01243800704223385623e+00 -5.52329625195620232958e-01 1.07244526870110377104e+02 -2.26378078314025316109e-01
6.85262339835087441742e-01 -4.01292216956534630867e+00 -5.52167590702126176438e-01 1.07239909447349106131e+02 -2.27616736389217505510e-01
6.87124325680216641032e-01 -4.01340790509311240442e+00 -5.52005037163685985391e-01 1.07235287263294495119e+02 -2.28855201616010195398e-01
6.88981633448537245101e-01 -4.01389519798397742534e+00 -5.51841966230822600359e-01 1.07230660437395727058e+02 -2.30093435408906615836e-01
6.90834250495134805092e-01 -4.01438403251617881295e+00 -5.51678379588528500221e-01 1.07226029089436337927e+02 -2.31331399200475379407e-01
6.92682164207029549274e-01 -4.01487439288761827072e+00 -5.51514278956673376086e-01 1.07221393339533463518e+02 -2.32569054443058337300e-01
6.94525362003264090660e-01 -4.01536626321571343823e+00 -5.51349666090406476116e-01 1.07216753308136389933e+02 -2.33806362610494450349e-01
6.96363831334987137822e-01 -4.01585962753726732899e+00 -5.51184542780564723508e-01 1.07212109116025558819e+02 -2.35043285199797669094e-01
6.98197559685539759222e-01 -4.01635446980834309727e+00 -5.51018910854083499018e-01 1.07207460884311501559e+02 -2.36279783732928100326e-01
7.00026534570540759361e-01 -4.01685077390413436405e+00 -5.50852772174399984983e-01 1.07202808734433318705e+02 -2.37515819758456009358e-01
7.01850743537971277775e-01 -4.01734852361884886562e+00 -5.50686128641880490164e-01 1.07198152788157855753e+02 -2.38751354853342562246e-01
7.03670174168260054159e-01 -4.01784770266559565499e+00 -5.50518982194221351278e-01 1.07193493167578054681e+02 -2.39986350624679461996e-01
7.05484814074367139192e-01 -4.01834829467627496769e+00 -5.50351334806872927174e-01 1.07188829995112072879e+02 -2.41220768711411015506e-01
7.07294650901869381698e-01 -4.01885028320147164038e+00 -5.50183188493458041890e-01 1.07184163393501634687e+02 -2.42454570786130668703e-01
7.09099672329043584362e-01 -4.01935365171036274035e+00 -5.50014545306190760776e-01 1.07179493485811008213e+02 -2.43687718556826055094e-01
7.10899866066950880672e-01 -4.01985838356760716295e+00 -5.49845407263560015387e-01 1.07174820395431027009e+02 -2.44920173734753110484e-01
7.12695219859520112671e-01 -4.02036446212671449985e+00 -5.49675776637446378281e-01 1.07170144246054718451e+02 -2.46151898169797406224e-01
7.14485721483631763817e-01 -4.02087187058787787208e+00 -5.49505655529732739417e-01 1.07165465161711594533e+02 -2.47382853654841861069e-01
7.16271358749200004468e-01 -4.02138059209377285441e+00 -5.49335046151236960910e-01 1.07160783266741930220e+02 -2.48613002057252036048e-01
7.18052119499257623936e-01 -4.02189060970524003835e+00 -5.49163950753499108259e-01 1.07156098685801211445e+02 -2.49842305288769161997e-01
7.19827991610036854730e-01 -4.02240190640124684052e+00 -5.48992371629209663375e-01 1.07151411543859069297e+02 -2.51070725307259434711e-01
7.21598962991052972349e-01 -4.02291446507880845473e+00 -5.48820311112643843821e-01 1.07146721966197446818e+02 -2.52298224118557790074e-01
7.23365021585186451780e-01 -4.02342826855294966037e+00 -5.48647771580092147303e-01 1.07142030078409263183e+02 -2.53524763778301187589e-01
7.25126155368765124010e-01 -4.02394329955664975529e+00 -5.48474755450296558301e-01 1.07137336006396822086e+02 -2.54750306393742020905e-01
7.26882352351645444344e-01 -4.02445954076044198899e+00 -5.48301265182285613164e-01 1.07132639877377670246e+02 -2.55974814260646943431e-01
7.28633600577295093004e-01 -4.02497697469496973355e+00 -5.48127303286004563532e-01 1.07127941815910773471e+02 -2.57198249335980955177e-01
7.30379888122873355272e-01 -4.02549558386543626654e+00 -5.47952872307773564131e-01 1.07123241949769493431e+02 -2.58420574017694471003e-01
7.32121203099313277995e-01 -4.02601535067632365639e+00 -5.47777974840516490573e-01 1.07118540406077627836e+02 -2.59641750638025248232e-01
7.33857533651401716668e-01 -4.02653625744994059232e+00 -5.47602613521796621754e-01 1.07113837312259974510e+02 -2.60861741590063589413e-01
7.35588867957860936819e-01 -4.02705828642641705528e+00 -5.47426791034278603654e-01 1.07109132796040810831e+02 -2.62080509329676802910e-01
7.37315194231428105986e-01 -4.02758141976370165338e+00 -5.47250510106144449907e-01 1.07104426985442046316e+02 -2.63298016377351395967e-01
7.39036500718936339993e-01 -4.02810563953756961553e+00 -5.47073773511560390581e-01 1.07099720008781375213e+02 -2.64514225320070184289e-01
7.40752775701394416963e-01 -4.02863092774165121313e+00 -5.46896584071104752134e-01 1.07095011994670670674e+02 -2.65729098813217878838e-01
7.42464007494066491333e-01 -4.02915726628743708915e+00 -5.46718944652228922010e-01 1.07090303072013838914e+02 -2.66942599582440820427e-01
7.44170184446551918889e-01 -4.02968463700432089070e+00 -5.46540858169689003354e-01 1.07085593370005113911e+02 -2.68154690425605302107e-01
7.45871294942864193622e-01 -4.03021302163963834886e+00 -5.46362327586004781210e-01 1.07080883018127167361e+02 -2.69365334214652030198e-01
7.47567327401510439699e-01 -4.03074240185870458220e+00 -5.46183355911900036972e-01 1.07076172146149005471e+02 -2.70574493897509094076e-01
7.49258270275569682184e-01 -4.03127275924487893377e+00 -5.46003946206755741422e-01 1.07071460884124064705e+02 -2.71782132500029638411e-01
7.50944112052772227983e-01 -4.03180407529962359092e+00 -5.45824101579051590427e-01 1.07066749362388264899e+02 -2.72988213127888235121e-01
7.52624841255577603505e-01 -4.03233633144257019865e+00 -5.45643825186823860918e-01 1.07062037711557820785e+02 -2.74192698968540704563e-01
7.54300446441252492313e-01 -4.03286950903919638733e+00 -5.45463120104544452182e-01 1.07057326062503690878e+02 -2.75395553227660294660e-01
7.55970916201949338920e-01 -4.03340358929714337677e+00 -5.45281989851693960070e-01 1.07052614546439798460e+02 -2.76596739389921519869e-01
7.57636239164782954170e-01 -4.03393855341268814385e+00 -5.45100437610118615517e-01 1.07047903294790785367e+02 -2.77796220837106921930e-01
7.59296403991909008013e-01 -4.03447438247908607423e+00 -5.44918466740567764006e-01 1.07043192439273141758e+02 -2.78993961103009946445e-01
7.60951399380600634892e-01 -4.03501105750824962115e+00 -5.44736080655590426680e-01 1.07038482111872937708e+02 -2.80189923812876384712e-01
7.62601214063325594239e-01 -4.03554855943087709136e+00 -5.44553282819983275331e-01 1.07033772444843592098e+02 -2.81384072685362307542e-01
7.64245836807822653824e-01 -4.03608686909658320729e+00 -5.44370076751248710423e-01 1.07029063570703570463e+02 -2.82576371534463355317e-01
7.65885256417178750254e-01 -4.03662596727403411023e+00 -5.44186466020021297751e-01 1.07024355622234025986e+02 -2.83766784271468619494e-01
7.67519461729904151071e-01 -4.03716583465111966689e+00 -5.44002454250543610037e-01 1.07019648732476426289e+02 -2.84955274906933619938e-01
7.69148441620009615249e-01 -4.03770645183508580800e+00 -5.43818045121090665184e-01 1.07014943034730308113e+02 -2.86141807552658722358e-01
7.70772184997081555302e-01 -4.03824779935273259213e+00 -5.43633242364426783055e-01 1.07010238662550563049e+02 -2.87326346423604161995e-01
7.72390680806357088350e-01 -4.03878985765057851864e+00 -5.43448049768255669889e-01 1.07005535749745135377e+02 -2.88508855839920475006e-01
7.74003918028800530493e-01 -4.03933260709505592700e+00 -5.43262471175644634513e-01 1.07000834430372563588e+02 -2.89689300228861135178e-01
7.75611885681177226637e-01 -4.03987602797271172506e+00 -5.43076510485496322111e-01 1.06996134838739180850e+02 -2.90867644126797997295e-01
7.77214572816129045663e-01 -4.04042010049042232822e+00 -5.42890171652968156479e-01 1.06991437109396798633e+02 -2.92043852181155361158e-01
7.78811968522248321278e-01 -4.04096480477560948685e+00 -5.42703458689923423641e-01 1.06986741377139878750e+02 -2.93217889152444566303e-01
7.80404061924152570029e-01 -4.04151012087647742987e+00 -5.42516375665373140613e-01 1.06982047777002946987e+02 -2.94389719916170744529e-01
7.81990842182558654194e-01 -4.04205602878252090449e+00 -5.42328926704016778260e-01 1.06977356445289387921e+02 -2.95559309562460681420e-01
7.83572298494356056509e-01 -4.04260250834472589787e+00 -5.42141115994074329620e-01 1.06972667515494066492e+02 -2.96726623015791501903e-01
7.85148420092680932036e-01 -4.04314953939443277875e+00 -5.41952947776870974650e-01 1.06967981124337470078e+02 -2.97891625598612208581e-01
7.86719196246989271870e-01 -4.04369710166551321606e+00 -5.41764426354343964221e-01 1.06963297407786811277e+02 -2.99054282666361748166e-01
7.88284616263129733760e-01 -4.04424517495674074041e+00 -5.41575555905133065870e-01 1.06958616501942003651e+02 -3.00214559609345010838e-01
7.89844669483416361722e-01 -4.04479373857698742967e+00 -5.41386341210507660016e-01 1.06953938543396574801e+02 -3.01372422213090462861e-01
7.91399345286702082802e-01 -4.04534277215527815486e+00 -5.41196786574312027618e-01 1.06949263668702769792e+02 -3.02527836125859206362e-01
7.92948633088449872375e-01 -4.04589225511583183703e+00 -5.41006896538381520934e-01 1.06944592014714388029e+02 -3.03680767214735858328e-01
7.94492522340805029657e-01 -4.04644216680621671145e+00 -5.40816675705558136400e-01 1.06939923718499329652e+02 -3.04831181479627011388e-01
7.96031002532667897320e-01 -4.04699248649773934972e+00 -5.40626128740119504812e-01 1.06935258917336653894e+02 -3.05979045055289500255e-01
7.97564063189764360651e-01 -4.04754319338577861487e+00 -5.40435260368199443803e-01 1.06930597748713154260e+02 -3.07124324213265076366e-01
7.99091693874717567958e-01 -4.04809426659016757810e+00 -5.40244075378186638936e-01 1.06925940350320573202e+02 -3.08266985363868317727e-01
8.00613884187118873825e-01 -4.04864568515556566553e+00 -5.40052578621150192184e-01 1.06921286860052035195e+02 -3.09406995058166656154e-01
8.02130623763599115428e-01 -4.04919742805186899659e+00 -5.39860775011223759101e-01 1.06916637415998991401e+02 -3.10544319989927875003e-01
8.03641902277898334539e-01 -4.04974947417460207078e+00 -5.39668669526024213923e-01 1.06911992156447780644e+02 -3.11678926997608296556e-01
8.05147709440937053849e-01 -4.05030180234536008044e+00 -5.39476267207033566287e-01 1.06907351219876417758e+02 -3.12810783066300057698e-01
8.06648035000885443857e-01 -4.05085439131221924924e+00 -5.39283573160013851577e-01 1.06902714744950998238e+02 -3.13939855329672334872e-01
8.08142868743233711015e-01 -4.05140721975019690859e+00 -5.39090592555364955807e-01 1.06898082870522443955e+02 -3.15066111071967358548e-01
8.09632200490861042574e-01 -4.05196026626171423857e+00 -5.38897330628539172892e-01 1.06893455735622907810e+02 -3.16189517729931479639e-01
8.11116020104105994726e-01 -4.05251350937706611433e+00 -5.38703792680407800297e-01 1.06888833479462164178e+02 -3.17310042894752175613e-01
8.12594317480834105183e-01 -4.05306692755491226876e+00 -5.38509984077632841704e-01 1.06884216241424240934e+02 -3.18427654313995001090e-01
8.14067082556508059277e-01 -4.05362049918277111971e+00 -5.38315910253035267985e-01 1.06879604161063568313e+02 -3.19542319893585335944e-01
8.15534305304254858449e-01 -4.05417420291070396132e+00 -5.38121576528358791514e-01 1.06874997377888092842e+02 -3.20654007621470393818e-01
8.16995975734935098167e-01 -4.05472801634880308796e+00 -5.37926988828312468982e-01 1.06870396032190470237e+02 -3.21762685886441079930e-01
8.18452083897210691532e-01 -4.05528191797978188049e+00 -5.37732152607055535753e-01 1.06865800263818073290e+02 -3.22868322999769474801e-01
8.19902619877612370836e-01 -4.05583588591198740403e+00 -5.37537073565850231915e-01 1.06861210212970021871e+02 -3.23970887520010131233e-01
8.21347573800607411165e-01 -4.05638989818533524101e+00 -5.37341757473927428279e-01 1.06856626019996824084e+02 -3.25070348173648826506e-01
8.22786935828667020942e-01 -4.05694393277192055791e+00 -5.37146210168794824291e-01 1.06852047825396809344e+02 -3.26166673856983391211e-01
8.24220696162332733259e-01 -4.05749796757659630941e+00 -5.36950437556584447840e-01 1.06847475769811936175e+02 -3.27259833638025909863e-01
8.25648845040284129482e-01 -4.05805198043760206872e+00 -5.36754445612370179042e-01 1.06842909994023827380e+02 -3.28349796758355683135e-01
8.27071372739403898322e-01 -4.05860594912717687066e+00 -5.36558240380487494470e-01 1.06838350638949663107e+02 -3.29436532635017875759e-01
8.28488269574845448417e-01 -4.05915985135223600366e+00 -5.36361827974834892707e-01 1.06833797845638130752e+02 -3.30520010862338731172e-01
8.29899525900098078424e-01 -4.05971366475500339277e+00 -5.36165214579199300715e-01 1.06829251755265119073e+02 -3.31600201213853307269e-01
8.31305132107052369150e-01 -4.06026736691369816157e+00 -5.35968406447524525760e-01 1.06824712509129710725e+02 -3.32677073644076282122e-01
8.32705078626066685921e-01 -4.06082093534322119410e+00 -5.35771409904222228882e-01 1.06820180248649577948e+02 -3.33750598290355415809e-01
8.34099355926031127417e-01 -4.06137434751478387795e+00 -5.35574231343295292795e-01 1.06815655116310580297e+02 -3.34820745533141395089e-01
8.35487954514433028841e-01 -4.06192758078179849690e+00 -5.35376877233058601213e-01 1.06811137251888538913e+02 -3.35887485769401694657e-01
8.36870864937421798935e-01 -4.06248061249165193232e+00 -5.35179354109897031933e-01 1.06806626798045641635e+02 -3.36950789749262513695e-01
8.38248077779872757809e-01 -4.06303342051704774462e+00 -5.34981668525562170657e-01 1.06802123896244438583e+02 -3.38010628375937538515e-01
8.39619583665451307830e-01 -4.06358598090499345545e+00 -5.34783827299609715311e-01 1.06797628689175553518e+02 -3.39066972714550440848e-01
8.40985373256677326559e-01 -4.06413827136660188444e+00 -5.34585837107026673465e-01 1.06793141318516902061e+02 -3.40119794037045952706e-01
8.42345437254987894349e-01 -4.06469026899427809951e+00 -5.34387704773179206263e-01 1.06788661926393430690e+02 -3.41169063811137096565e-01
8.43699766400801687283e-01 -4.06524195082319650396e+00 -5.34189437195909277989e-01 1.06784190655012793059e+02 -3.42214753701615137516e-01
8.45048351473580483528e-01 -4.06579329383213483595e+00 -5.33991041345759365200e-01 1.06779727646660617779e+02 -3.43256835572023744074e-01
8.46391183291893445251e-01 -4.06634427494434813610e+00 -5.33792524266154977397e-01 1.06775273043695534625e+02 -3.44295281486362014789e-01
8.47728252713479291103e-01 -4.06689487102840896426e+00 -5.33593893073597391741e-01 1.06770826988544499159e+02 -3.45330063710786394626e-01
8.49059550635307469513e-01 -4.06744505889910445973e+00 -5.33395154957851502786e-01 1.06766389623697676825e+02 -3.46361154715268904081e-01
8.50385067993641552420e-01 -4.06799481531833695414e+00 -5.33196317182096812815e-01 1.06761961091703653892e+02 -3.47388527175213013276e-01
8.51704795764099964472e-01 -4.06854411699605655883e+00 -5.32997387083087192927e-01 1.06757541535164278912e+02 -3.48412153973136018426e-01
8.53018724961718044497e-01 -4.06909294059116888320e+00 -5.32798372071304315867e-01 1.06753131096729774185e+02 -3.49432008200237675943e-01
8.54326846641008552652e-01 -4.06964126271251647182e+00 -5.32599279631072786145e-01 1.06748729919093264584e+02 -3.50448063158015576946e-01
8.55629151896023509849e-01 -4.07018905991982826720e+00 -5.32400117320687593647e-01 1.06744338144986016914e+02 -3.51460292359810688723e-01
8.56925631860413927754e-01 -4.07073630962948218581e+00 -5.32200893017159337717e-01 1.06739955916594624341e+02 -3.52468669776426657414e-01
8.58216277707490537985e-01 -4.07128298655313525245e+00 -5.32001614001296641021e-01 1.06735583377830778318e+02 -3.53473168909704427154e-01
8.59501080650284077223e-01 -4.07182906795878363226e+00 -5.31802288242802512208e-01 1.06731220670963779185e+02 -3.54473764119342893419e-01
8.60780031941604684143e-01 -4.07237453021960504884e+00 -5.31602923597491061614e-01 1.06726867938823588133e+02 -3.55470429782021424270e-01
8.62053122874101962481e-01 -4.07291934966473601065e+00 -5.31403527995628621738e-01 1.06722525324251321877e+02 -3.56463140493840924261e-01
8.63320344780323600808e-01 -4.07346350258036515868e+00 -5.31204109441939520408e-01 1.06718192970093710414e+02 -3.57451871071844728966e-01
8.64581689032775213555e-01 -4.07400696521082128498e+00 -5.31004676015636278841e-01 1.06713871019197540591e+02 -3.58436596555395226016e-01
8.65837147043978516692e-01 -4.07454971375970043113e+00 -5.30805235870461245007e-01 1.06709559614404014383e+02 -3.59417292207591332343e-01
8.67086710266529503421e-01 -4.07509172439097344665e+00 -5.30605797234660392370e-01 1.06705258898542936663e+02 -3.60393933516668596440e-01
8.68330370193157397019e-01 -4.07563297323014239737e+00 -5.30406368410965112226e-01 1.06700969014427272441e+02 -3.61366496197263797896e-01
8.69568118356782493450e-01 -4.07617343636543427721e+00 -5.30206957776587772813e-01 1.06696690104846936720e+02 -3.62334956191879165033e-01
8.70799946330572671727e-01 -4.07671308984894231742e+00 -5.30007573783141339163e-01 1.06692422312563195419e+02 -3.63299289672036174181e-01
8.72025845728002679813e-01 -4.07725191083964944028e+00 -5.29808225691939638224e-01 1.06688165779586370263e+02 -3.64259473651892595747e-01
8.73245808202909201690e-01 -4.07778987309183005294e+00 -5.29608920751523215564e-01 1.06683920650006612618e+02 -3.65215483629447279501e-01
8.74459825449549366105e-01 -4.07832695364265340743e+00 -5.29409668265559796296e-01 1.06679687065777471844e+02 -3.66167297003634872876e-01
8.75667889202656035685e-01 -4.07886312841128439999e+00 -5.29210476983629218850e-01 1.06675465169486088257e+02 -3.67114890875586297181e-01
8.76869991237495205461e-01 -4.07939837328692700424e+00 -5.29011355729349208588e-01 1.06671255103660882924e+02 -3.68058242581679240235e-01
8.78066123369920736863e-01 -4.07993266413004906923e+00 -5.28812313400201405855e-01 1.06667057010765176983e+02 -3.68997329694663755983e-01
8.79256277456431312167e-01 -4.08046597677373945601e+00 -5.28613358967356394835e-01 1.06662871033191052561e+02 -3.69932130024689831416e-01
8.80440445394225390530e-01 -4.08099828702506339795e+00 -5.28414501475557463195e-01 1.06658697313252957883e+02 -3.70862621620532573186e-01
8.81618619121255608917e-01 -4.08152957066634325400e+00 -5.28215750042861698077e-01 1.06654535993181369236e+02 -3.71788782770479275808e-01
8.82790790616284959391e-01 -4.08205980347254460128e+00 -5.28017113859937214926e-01 1.06650387215913241334e+02 -3.72710592030362553029e-01
8.83956951898940523904e-01 -4.08258896114943414801e+00 -5.27818602191839292281e-01 1.06646251121925999428e+02 -3.73628028120036537185e-01
8.85117095029768430337e-01 -4.08311702069438453577e+00 -5.27620225866369918499e-01 1.06642127853173491303e+02 -3.74541071256472846152e-01
8.86271212110287143204e-01 -4.08364395530230606113e+00 -5.27421991506348053491e-01 1.06638017552992764081e+02 -3.75449698481994886823e-01
8.87419295283041753564e-01 -4.08416974188252268618e+00 -5.27223909906897936217e-01 1.06633920362352071720e+02 -3.76353890345130781547e-01
8.88561336731657602783e-01 -4.08469435609710540547e+00 -5.27025990622354556514e-01 1.06629836422842132038e+02 -3.77253626592698121378e-01
8.89697328680893129160e-01 -4.08521777359328641666e+00 -5.26828243278676167094e-01 1.06625765875923733006e+02 -3.78148887217601592514e-01
8.90827263396692936581e-01 -4.08573997000492994403e+00 -5.26630677572918592944e-01 1.06621708862920712590e+02 -3.79039652459481291036e-01
8.91951133186240308071e-01 -4.08626092095408210980e+00 -5.26433303273019292945e-01 1.06617665525013180172e+02 -3.79925902805490656178e-01
8.93068930398010163429e-01 -4.08678060205255189175e+00 -5.26236130217252240371e-01 1.06613636003230496385e+02 -3.80807618991039653622e-01
8.94180647421820240517e-01 -4.08729898890337217665e+00 -5.26039168313991889470e-01 1.06609620438444267165e+02 -3.81684782000396238821e-01
8.95286276688883719821e-01 -4.08781605710257345265e+00 -5.25842427541190815532e-01 1.06605618971361337799e+02 -3.82557373067351158547e-01
8.96385810671860183696e-01 -4.08833178338879577041e+00 -5.25645920464902660640e-01 1.06601631741925800156e+02 -3.83425375625724651485e-01
8.97479241884907241733e-01 -4.08884614101557808397e+00 -5.25449652456393079270e-01 1.06597658891729523134e+02 -3.84288767726341240483e-01
8.98566562883731378975e-01 -4.08935910673297975393e+00 -5.25253635951061448317e-01 1.06593700560314147197e+02 -3.85147533106936668101e-01
8.99647766265638582084e-01 -4.08987065612173772422e+00 -5.25057881202189880021e-01 1.06589756887658467122e+02 -3.86001654005938388270e-01
9.00722844669584632449e-01 -4.09038076476346201815e+00 -5.24862398530244744776e-01 1.06585828013540563575e+02 -3.86851112913811356897e-01
9.01791790776225510307e-01 -4.09088940824226821036e+00 -5.24667198322388173004e-01 1.06581914077530583995e+02 -3.87695892573589051544e-01
9.02854597307967132735e-01 -4.09139656214659197531e+00 -5.24472291031913284698e-01 1.06578015218983239265e+02 -3.88535975981187942097e-01
9.03911257029014647557e-01 -4.09190220207084554005e+00 -5.24277687177520101969e-01 1.06574131577030385643e+02 -3.89371346385615435537e-01
9.04961762745422060306e-01 -4.09240630361730239883e+00 -5.24083397342881229797e-01 1.06570263290573350901e+02 -3.90201987289383545043e-01
9.06006107305140861996e-01 -4.09290884239781593834e+00 -5.23889432175927094448e-01 1.06566410498275416785e+02 -3.91027882448706731733e-01
9.07044283598068878938e-01 -4.09340979455250675301e+00 -5.23695806531486951485e-01 1.06562573338581188409e+02 -3.91849019025617140155e-01
9.08076284556099455614e-01 -4.09390913449479842967e+00 -5.23502523325672597387e-01 1.06558751949785744273e+02 -3.92665375290339846437e-01
9.09102103153167639960e-01 -4.09440683854039466638e+00 -5.23309597142791460556e-01 1.06554946469670056786e+02 -3.93476938624821359625e-01
9.10121732405300032376e-01 -4.09490288235230881497e+00 -5.23117038882453755377e-01 1.06551157035872904544e+02 -3.94283693802187196198e-01
9.11135165370661193052e-01 -4.09539724161196527774e+00 -5.22924859505074723920e-01 1.06547383785756579755e+02 -3.95085625849744770388e-01
9.12142395149601159510e-01 -4.09588989202110553833e+00 -5.22733070031135005351e-01 1.06543626856398915947e+02 -3.95882720049069714019e-01
9.13143414884702742107e-01 -4.09638080930382120215e+00 -5.22541681540294233876e-01 1.06539886384585614110e+02 -3.96674961935772618649e-01
9.14138217760827709313e-01 -4.09686996920850443615e+00 -5.22350705170856355330e-01 1.06536162506801886707e+02 -3.97462337299666845780e-01
9.15126797005163528098e-01 -4.09735734696948217248e+00 -5.22160157625445209284e-01 1.06532455360194731497e+02 -3.98244836329785856233e-01
9.16109145887269216146e-01 -4.09784291908911058044e+00 -5.21970039665658913641e-01 1.06528765079030705465e+02 -3.99022437403053376048e-01
9.17085257719121638154e-01 -4.09832666117279487139e+00 -5.21780367618020823883e-01 1.06525091799526819614e+02 -3.99795130865752634808e-01
9.18055125855160469861e-01 -4.09880854907745373339e+00 -5.21591152846601402437e-01 1.06521435656892947463e+02 -4.00562903521474389379e-01
9.19018743692333606177e-01 -4.09928855869398489631e+00 -5.21402406769920778729e-01 1.06517796785998328346e+02 -4.01325742426893006254e-01
9.19976104670142347253e-01 -4.09976666594910543751e+00 -5.21214140859501573466e-01 1.06514175321363239846e+02 -4.02083634890943952822e-01
9.20927202270686140473e-01 -4.10024284680763617672e+00 -5.21026366639314897355e-01 1.06510571397150741291e+02 -4.02836568474740142065e-01
9.21872030018706323240e-01 -4.10071707727472478666e+00 -5.20839095684931363550e-01 1.06506985147158189875e+02 -4.03584530991233980668e-01
9.22810581481630642919e-01 -4.10118933083285419627e+00 -5.20652346880181804423e-01 1.06503416707546321618e+02 -4.04327515877687615475e-01
9.23742850269617443715e-01 -4.10165958799253616007e+00 -5.20466117993956811638e-01 1.06499866206502630916e+02 -4.05065501115476123140e-01
9.24668830035598299233e-01 -4.10212782292739319701e+00 -5.20280427425328761970e-01 1.06496333778884505250e+02 -4.05798480240744940950e-01
9.25588514475321866293e-01 -4.10259401181249128143e+00 -5.20095286943980328331e-01 1.06492819556952099447e+02 -4.06526442065402671133e-01
9.26501897327396517490e-01 -4.10305813087318327348e+00 -5.19910708365837970213e-01 1.06489323672557915756e+02 -4.07249375650002076732e-01
9.27408972373333306827e-01 -4.10352015638773792716e+00 -5.19726703552396140928e-01 1.06485846257138049964e+02 -4.07967270303317641744e-01
9.28309733437587714100e-01 -4.10398006468971399130e+00 -5.19543284409492489573e-01 1.06482387441703409081e+02 -4.08680115581638525590e-01
9.29204174387602388485e-01 -4.10443782692711423010e+00 -5.19360471547957280869e-01 1.06478947361863959031e+02 -4.09387907571171716370e-01
9.30092289133848337812e-01 -4.10489342892274855501e+00 -5.19178260262621260601e-01 1.06475526138643502350e+02 -4.10090624146661308913e-01
9.30974071629866561928e-01 -4.10534684291224749586e+00 -5.18996670629109368988e-01 1.06472123906598000076e+02 -4.10788261497579354486e-01
9.31849515872309464015e-01 -4.10579804542882165208e+00 -5.18815714715287534808e-01 1.06468740793656778010e+02 -4.11480810131308827327e-01
9.32718615900981373734e-01 -4.10624701311160222872e+00 -5.18635404627404317246e-01 1.06465376929233698888e+02 -4.12168260834797683945e-01
9.33581365798879514450e-01 -4.10669372265482124362e+00 -5.18455752509883627255e-01 1.06462032441620138457e+02 -4.12850604625754957766e-01
9.34437759692233416153e-01 -4.10713815082418776115e+00 -5.18276770544500609006e-01 1.06458707458620722264e+02 -4.13527832763836422636e-01
9.35287791750546215752e-01 -4.10758026484802130085e+00 -5.18098480967850605339e-01 1.06455402116280595237e+02 -4.14199943750350574323e-01
9.36131456186633403860e-01 -4.10802005913089107736e+00 -5.17920876534677110392e-01 1.06452116525394075097e+02 -4.14866915587412510291e-01
9.36968747256662348732e-01 -4.10845750255419694952e+00 -5.17743978975477081583e-01 1.06448850819716909655e+02 -4.15528746938554183199e-01
9.37799659260191820209e-01 -4.10889257216910142034e+00 -5.17567800597427907228e-01 1.06445605125036649952e+02 -4.16185430007423917687e-01
9.38624186540210181384e-01 -4.10932524510925922812e+00 -5.17392353739541066560e-01 1.06442379566610327402e+02 -4.16836957234216209933e-01
9.39442323483174468457e-01 -4.10975549859375721695e+00 -5.17217650771774617446e-01 1.06439174269154833041e+02 -4.17483321294672582447e-01
9.40254064519048693427e-01 -4.11018329559769490800e+00 -5.17043714520959762915e-01 1.06435989369532592264e+02 -4.18124522014136135173e-01
9.41059404121340592475e-01 -4.11060863981396096278e+00 -5.16870536879079578441e-01 1.06432824967939254179e+02 -4.18760538725542363903e-01
9.41858336807141038882e-01 -4.11103149646512910920e+00 -5.16698140315860032779e-01 1.06429681198379739726e+02 -4.19391371589813322096e-01
9.42650857137159903232e-01 -4.11145184310834466146e+00 -5.16526537293707121989e-01 1.06426558183341796848e+02 -4.20017014193287241408e-01
9.43436959715763689971e-01 -4.11186965739778376161e+00 -5.16355740301591148445e-01 1.06423456044728467873e+02 -4.20637460352604797276e-01
9.44216639191012285792e-01 -4.11228491708835175444e+00 -5.16185761854631386392e-01 1.06420374903848070858e+02 -4.21252704114116027778e-01
9.44989890254695485972e-01 -4.11269757884817366289e+00 -5.16016624460855610756e-01 1.06417314899793495897e+02 -4.21862745640542158299e-01
9.45756707642368521505e-01 -4.11310765976850944980e+00 -5.15848320596201226351e-01 1.06414276118558461803e+02 -4.22467567196987636713e-01
9.46517086133388918512e-01 -4.11351511958508453404e+00 -5.15680872763831010808e-01 1.06411258695635467575e+02 -4.23067169648594199050e-01
9.47271020550951026173e-01 -4.11391993644447229173e+00 -5.15514293538958945362e-01 1.06408262749889701126e+02 -4.23661547915067715486e-01
9.48018505762121987956e-01 -4.11432208860531378747e+00 -5.15348595520009000737e-01 1.06405288399547217182e+02 -4.24250697140997168333e-01
9.48759536677876158528e-01 -4.11472152731838214379e+00 -5.15183799663216146492e-01 1.06402335785448215688e+02 -4.24834616655448860101e-01
9.49494108253130075781e-01 -4.11511828134027357606e+00 -5.15019901207852015546e-01 1.06399404981234326328e+02 -4.25413293102658240930e-01
9.50222215486776988769e-01 -4.11551230567450865294e+00 -5.14856921559778024644e-01 1.06396496123533268019e+02 -4.25986726958386241471e-01
9.50943853421720053376e-01 -4.11590357901678771668e+00 -5.14694873351863702027e-01 1.06393609327949164367e+02 -4.26554914207636914902e-01
9.51659017144907415364e-01 -4.11629208018708414585e+00 -5.14533769238791460765e-01 1.06390744709401914747e+02 -4.27117851056081077044e-01
9.52367701787364628885e-01 -4.11667775319132633882e+00 -5.14373627088423157616e-01 1.06387902411732326868e+02 -4.27675534470749907356e-01
9.53069902524227741125e-01 -4.11706064209087063688e+00 -5.14214447568060895044e-01 1.06385082493183432462e+02 -4.28227958114671958256e-01
9.53765614574776932066e-01 -4.11744069550617552977e+00 -5.14056249735241888033e-01 1.06382285092646441171e+02 -4.28775120809883114603e-01
9.54454833202468377884e-01 -4.11781789273832732334e+00 -5.13899046257622504896e-01 1.06379510322242410325e+02 -4.29317019570300495435e-01
9.55137553714966891505e-01 -4.11819221322498130178e+00 -5.13742849827970138321e-01 1.06376758293363920416e+02 -4.29853651629880983975e-01
9.55813771464177897030e-01 -4.11856359137362204592e+00 -5.13587672643917358961e-01 1.06374029154463428881e+02 -4.30385009097725368399e-01
9.56483481846278404959e-01 -4.11893209121568748543e+00 -5.13433525395952106152e-01 1.06371322944633007523e+02 -4.30911097076830951202e-01
9.57146680301749208652e-01 -4.11929765283555315847e+00 -5.13280422661305246734e-01 1.06368639806508795687e+02 -4.31431910650479422120e-01
9.57803362315405748539e-01 -4.11966025619334796914e+00 -5.13128377133736379712e-01 1.06365979848511912564e+02 -4.31947447834186482041e-01
9.58453523416427977111e-01 -4.12001988139554331525e+00 -5.12977401538522781443e-01 1.06363343178293234814e+02 -4.32457706864765978327e-01
9.59097159178392222323e-01 -4.12037645032596966388e+00 -5.12827498142607418607e-01 1.06360729950862847204e+02 -4.32962670966219431712e-01
9.59734265219300386462e-01 -4.12073005278714532551e+00 -5.12678695371967974026e-01 1.06358140181727065965e+02 -4.33462363943335482475e-01
9.60364837201609811146e-01 -4.12108061760386323868e+00 -5.12530999770199335863e-01 1.06355574019108004791e+02 -4.33956773751359048408e-01
9.60988870832263142319e-01 -4.12142812544119063745e+00 -5.12384424065975174756e-01 1.06353031567520289968e+02 -4.34445899391866674488e-01
9.61606361862717418099e-01 -4.12177249015333302395e+00 -5.12238960964949474608e-01 1.06350512985330396987e+02 -4.34929715709176545335e-01
9.62217306088972823552e-01 -4.12211381855208447433e+00 -5.12094656078932120025e-01 1.06348018272258300954e+02 -4.35408263768538084104e-01
9.62821699351601556494e-01 -4.12245203217507771853e+00 -5.11951508062590820991e-01 1.06345547579346472844e+02 -4.35881524670060527260e-01
9.63419537535776138171e-01 -4.12278711226967686798e+00 -5.11809529654704498114e-01 1.06343101007847664619e+02 -4.36349498168888072502e-01
9.64010816571297390887e-01 -4.12311896319173687431e+00 -5.11668700171731605231e-01 1.06340678720272791224e+02 -4.36812147187586541364e-01
9.64595532432621638463e-01 -4.12344771174884527909e+00 -5.11529089414629600796e-01 1.06338280698555024628e+02 -4.37269536503716693687e-01
9.65173681138889238973e-01 -4.12377327075422250857e+00 -5.11390684926996907933e-01 1.06335907097380840014e+02 -4.37721637358624238168e-01
9.65745258753950674979e-01 -4.12409562204646729100e+00 -5.11253499480932238619e-01 1.06333558014632330924e+02 -4.38168450261759157005e-01
9.66310261386393642979e-01 -4.12441465905954895987e+00 -5.11117493612878615039e-01 1.06331233617554204329e+02 -4.38609921287919590771e-01
9.66868685189569476712e-01 -4.12473053155672975123e+00 -5.10982771240783839595e-01 1.06328933868617355074e+02 -4.39046147970173772368e-01
9.67420526361620347622e-01 -4.12504314214867484623e+00 -5.10849304234184620199e-01 1.06326658926876916667e+02 -4.39477087492748885733e-01
9.67965781145503245675e-01 -4.12535247326404164170e+00 -5.10717105439563057168e-01 1.06324408886748813075e+02 -4.39902741134132690970e-01
9.68504445829016735736e-01 -4.12565840628583124783e+00 -5.10586109061950899068e-01 1.06322183920316732042e+02 -4.40323031302128908848e-01
9.69036516744826603720e-01 -4.12596111640871932025e+00 -5.10456467119005274924e-01 1.06319983969766525433e+02 -4.40738100884681738290e-01
9.69561990270489948429e-01 -4.12626049472511002847e+00 -5.10328129377441097603e-01 1.06317809198912129887e+02 -4.41147887167432861677e-01
9.70080862828479939530e-01 -4.12655641958128782676e+00 -5.10201014468826596904e-01 1.06315659778716650408e+02 -4.41552298933195475072e-01
9.70593130886211241659e-01 -4.12684907383490617860e+00 -5.10075302822480813880e-01 1.06313535645015917908e+02 -4.41951505432440161503e-01
9.71098790956062218882e-01 -4.12713834538713353339e+00 -5.09950931037925547784e-01 1.06311436960844488908e+02 -4.42345432443971398051e-01
9.71597839595400469825e-01 -4.12742421763588485106e+00 -5.09827912131258553785e-01 1.06309363814376965252e+02 -4.42734082567240727624e-01
9.72090273406605143158e-01 -4.12770655693645416306e+00 -5.09706121072921014559e-01 1.06307316379354006131e+02 -4.43117325479997048454e-01
9.72576089037090585343e-01 -4.12798557222007911349e+00 -5.09585818640841403671e-01 1.06305294574005088748e+02 -4.43495404470346354930e-01
9.73055283179328878163e-01 -4.12826113912186976052e+00 -5.09466904467070658136e-01 1.06303298565046702606e+02 -4.43868212095649028459e-01
9.73527852570872820337e-01 -4.12853312203002076330e+00 -5.09349226204678706686e-01 1.06301328522750750949e+02 -4.44235594001641642681e-01
9.73993793994377243806e-01 -4.12880173605021649763e+00 -5.09233094918787543293e-01 1.06299384362564580897e+02 -4.44597839183561271970e-01
9.74453104277621995344e-01 -4.12906685398515360674e+00 -5.09118386964946934015e-01 1.06297466248892064300e+02 -4.44954819674570734023e-01
9.74905780293532697733e-01 -4.12932833949605004875e+00 -5.09004916734995371819e-01 1.06295574346723881831e+02 -4.45306351882363227190e-01
9.75351818960202621156e-01 -4.12958641177883478690e+00 -5.08893056693772827259e-01 1.06293708571757136383e+02 -4.45652780225886890886e-01
9.75791217240913111297e-01 -4.12984094158530723462e+00 -5.08782654763824115918e-01 1.06291869084769629694e+02 -4.45993951666844468118e-01
9.76223972144155016650e-01 -4.13009179396620140778e+00 -5.08673484937742337308e-01 1.06290056042743017883e+02 -4.46329647183596467386e-01
9.76650080723648006398e-01 -4.13033918852484038808e+00 -5.08565994456137482338e-01 1.06288269366338241184e+02 -4.46660278209199679278e-01
9.77069540078361775670e-01 -4.13058299545010054743e+00 -5.08459996574565975536e-01 1.06286509210644879886e+02 -4.46985661189297833751e-01
9.77482347352534808316e-01 -4.13082308443634804718e+00 -5.08355216400937837129e-01 1.06284775720737300730e+02 -4.47305534383599323611e-01
9.77888499735694360915e-01 -4.13105966969552085288e+00 -5.08252191896597871335e-01 1.06283068829141470246e+02 -4.47620389927709194655e-01
9.78287994462675891683e-01 -4.13129262327655766285e+00 -5.08150694184201334735e-01 1.06281388682222711850e+02 -4.47930007292408727260e-01
9.78680828813640935060e-01 -4.13152182430482461939e+00 -5.08050389520834144719e-01 1.06279735407704947647e+02 -4.48234073551638634303e-01
9.79067000114096308572e-01 -4.13174747298158528963e+00 -5.07951925371557866384e-01 1.06278108959738560202e+02 -4.48533177501504065621e-01
9.79446505734912542529e-01 -4.13196944691055634280e+00 -5.07855021872860579180e-01 1.06276509471631243287e+02 -4.48827054059009300513e-01
9.79819343092340866441e-01 -4.13218764135460236986e+00 -5.07759274905610680229e-01 1.06274937046406947161e+02 -4.49115329435048948881e-01
9.80185509648031860763e-01 -4.13240223031703290957e+00 -5.07665463220630330810e-01 1.06273391673159153470e+02 -4.49398707384413897969e-01
9.80545002909051777173e-01 -4.13261302462714219530e+00 -5.07572817143675747431e-01 1.06271873486559201183e+02 -4.49676481110472536784e-01
9.80897820427900302143e-01 -4.13282017772303422731e+00 -5.07482134584526067833e-01 1.06270382494096935488e+02 -4.49949370371769463706e-01
9.81243959802526766190e-01 -4.13302358783891943261e+00 -5.07393064872282861799e-01 1.06268918798634871337e+02 -4.50217049182795092666e-01
9.81583418676346575182e-01 -4.13322319026425866184e+00 -5.07305107167802971091e-01 1.06267482452991856690e+02 -4.50479061506346145638e-01
9.81916194738257197550e-01 -4.13341908996041063062e+00 -5.07219220961370398371e-01 1.06266073521808280589e+02 -4.50736267004137325376e-01
9.82242285722654373536e-01 -4.13361120602080589492e+00 -5.07134979637670291197e-01 1.06264692078824168675e+02 -4.50988274235383790334e-01
9.82561689409446659127e-01 -4.13379951475542206651e+00 -5.07051781624385355940e-01 1.06263338125578414406e+02 -4.51234541470600047930e-01
9.82874403624071413255e-01 -4.13398404920711737276e+00 -5.06970775402775353236e-01 1.06262011810473651963e+02 -4.51476090585725298165e-01
9.83180426237509119680e-01 -4.13416477185895470114e+00 -5.06890812167127391419e-01 1.06260713083403047108e+02 -4.51711891030922130241e-01
9.83479755166297819891e-01 -4.13434168033169413548e+00 -5.06813073319952400730e-01 1.06259442126250718275e+02 -4.51942991610840727468e-01
9.83772388372547657021e-01 -4.13451474197504875718e+00 -5.06737026321465111600e-01 1.06258198952596416120e+02 -4.52168911087311498065e-01
9.84058323863954753641e-01 -4.13468401441150490427e+00 -5.06661934605278196919e-01 1.06256983471230213922e+02 -4.52388995114497483030e-01
9.84337559693814090345e-01 -4.13484938529485468450e+00 -5.06589200814770546089e-01 1.06255795984642645635e+02 -4.52604479855968133695e-01
9.84610093961033494558e-01 -4.13501097023776242878e+00 -5.06517417684899329267e-01 1.06254636271631355271e+02 -4.52814118386714203890e-01
9.84875924810146630151e-01 -4.13516861077886321851e+00 -5.06448025216179931185e-01 1.06253504678479259837e+02 -4.53019176739132167775e-01
9.85135050431324765796e-01 -4.13532234579819135689e+00 -5.06380365849196323325e-01 1.06252401135808042909e+02 -4.53219068994321017119e-01
9.85387469060390319697e-01 -4.13547234320765522142e+00 -5.06313553195939736185e-01 1.06251325431449913594e+02 -4.53413017695939557505e-01
9.85633178978827628747e-01 -4.13561829095928334965e+00 -5.06249273558849965937e-01 1.06250278074749601842e+02 -4.53602494408111900359e-01
9.85872178513795716093e-01 -4.13576029864589678198e+00 -5.06186750289401521385e-01 1.06249258916416636112e+02 -4.53786813881846939900e-01
9.86104466038138838258e-01 -4.13589863814448222001e+00 -5.06124958520777656901e-01 1.06248267631974599112e+02 -4.53965085299911641492e-01
9.86330039970398142479e-01 -4.13603280750431601120e+00 -5.06065847857550155098e-01 1.06247304928775776034e+02 -4.54138997360772567191e-01
9.86548898774822102808e-01 -4.13616332292943678084e+00 -5.06007466086748403100e-01 1.06246370155342845010e+02 -4.54306854932761183807e-01
9.86761040961377400293e-01 -4.13628962431790370147e+00 -5.05951787643128314542e-01 1.06245464072680604772e+02 -4.54470364246715330392e-01
9.86966465085758248854e-01 -4.13641193954528230137e+00 -5.05897892205752430783e-01 1.06244586403615372205e+02 -4.54628723167145532003e-01
9.87165169749397164445e-01 -4.13653069170810727684e+00 -5.05844609768802744298e-01 1.06243736665438404998e+02 -4.54780925913825795348e-01
9.87357153599473957861e-01 -4.13664509956746329067e+00 -5.05794169700640061649e-01 1.06242915844944050718e+02 -4.54928885284136219624e-01
9.87542415328925060614e-01 -4.13675549711074719283e+00 -5.05745524830501391733e-01 1.06242123551738401943e+02 -4.55071696328531671849e-01
9.87720953676452295689e-01 -4.13686243482668913884e+00 -5.05697380849350341947e-01 1.06241359170654121158e+02 -4.55208254883073148989e-01
9.87892767426531648312e-01 -4.13696489390210420112e+00 -5.05652208240901623881e-01 1.06240623927928410808e+02 -4.55340666292132711934e-01
9.88057855409421592618e-01 -4.13706389887961201168e+00 -5.05607558487395358782e-01 1.06239916647552206541e+02 -4.55466841215504514295e-01
9.88216216501170752196e-01 -4.13715840179170513125e+00 -5.05565869295253045301e-01 1.06239238577101772876e+02 -4.55588853924766834513e-01
9.88367849623625893685e-01 -4.13724887112333661321e+00 -5.05525982688999842019e-01 1.06238589186568745504e+02 -4.55705713522447264374e-01
9.88512753744439143233e-01 -4.13733530008868832795e+00 -5.05487900912105936335e-01 1.06237968505480267822e+02 -4.55817419733512863012e-01
9.88650927877074869876e-01 -4.13741847432728082623e+00 -5.05450143673760177165e-01 1.06237375677975208532e+02 -4.55922725625952152129e-01
9.88782371080816346876e-01 -4.13749692698574733640e+00 -5.05415552613376783953e-01 1.06236812373083878924e+02 -4.56024025017974621310e-01
9.88907082460772635102e-01 -4.13757133402603294314e+00 -5.05382764735195832984e-01 1.06236277845474901937e+02 -4.56120164738956779260e-01
9.89025061167884578239e-01 -4.13764256174444522429e+00 -5.05350257005547143230e-01 1.06235771157831351275e+02 -4.56209867645252786783e-01
9.89136306398929687766e-01 -4.13770898240560214276e+00 -5.05320964956952667357e-01 1.06235294133403570527e+02 -4.56295596200919695296e-01
9.89240817396528693273e-01 -4.13777135756908798214e+00 -5.05293471682884964835e-01 1.06234845939734313447e+02 -4.56376157543893101742e-01
9.89338593449150427439e-01 -4.13782968700956388375e+00 -5.05267775323397838605e-01 1.06234426592804325651e+02 -4.56451548919183547337e-01
9.89429633891116377953e-01 -4.13788497227089546726e+00 -5.05242263178584005701e-01 1.06234035017905895870e+02 -4.56520426740562368373e-01
9.89513938102605350444e-01 -4.13793531052781737856e+00 -5.05220064682714409265e-01 1.06233673306511079204e+02 -4.56585399789779688984e-01
9.89591505509657798356e-01 -4.13798160807710679876e+00 -5.05199656956855980283e-01 1.06233340478394310935e+02 -4.56645195137093840021e-01
9.89662335584179708725e-01 -4.13802386701146929227e+00 -5.05181037179462166797e-01 1.06233036543213415825e+02 -4.56699809690384983529e-01
9.89726427843945932850e-01 -4.13806209004360336934e+00 -5.05164202241307647157e-01 1.06232761509000724232e+02 -4.56749240234450515352e-01
9.89783781852604072071e-01 -4.13809738584265929262e+00 -5.05147483006390118909e-01 1.06232514191749629617e+02 -4.56792103671992966163e-01
9.89834397219676587198e-01 -4.13812761082152125169e+00 -5.05134152737678698841e-01 1.06232296913593273757e+02 -4.56831113815058587058e-01
9.89878273600564240198e-01 -4.13815380440220526026e+00 -5.05122603537419889719e-01 1.06232108558236532758e+02 -4.56864935324180820864e-01
9.89915410696548092595e-01 -4.13817596911487584066e+00 -5.05112833040501363335e-01 1.06231949129836962697e+02 -4.56893565906450027647e-01
9.89945808254791503877e-01 -4.13819410738768223013e+00 -5.05104839024620888566e-01 1.06231818631628158300e+02 -4.56917003453818804104e-01
9.89969466068341796827e-01 -4.13820822138202615292e+00 -5.05098619620957922649e-01 1.06231717066093523272e+02 -4.56935246215124268865e-01
