00000000000000000000 3.98329490310175682311e+00 -5.75823888778714820802e-01 00000000000000000108 5.32946660993610585500e-24
2.58315720529896097890e-03 3.98367715464283111970e+00 -5.75823004131685856066e-01 1.07999613802401114526e+02 5.76315538729668094863e-05
5.16629682395841009074e-03 3.98406305989466957840e+00 -5.75821551373265405616e-01 1.07999203528331534585e+02 1.22349061998825917432e-04
7.74940126945856955221e-03 3.98445261998798150316e+00 -5.75819529897225956816e-01 1.07998769166520432350e+02 1.94153375220863707315e-04
1.03324529555191297475e-02 3.98484583602048347828e+00 -5.75816939087764989580e-01 1.07998310706053246122e+02 2.73045182055871977177e-04
1.29154342962189676997e-02 3.98524270905736655024e+00 -5.75813778320097280350e-01 1.07997828136399789400e+02 3.59024975598191639116e-04
1.54983277061159028382e-02 3.98564324013149384740e+00 -5.75810046961284127676e-01 1.07997321447427921726e+02 4.52093007696349399871e-04
1.80811156003663868475e-02 3.98604743024272689667e+00 -5.75805744368716010406e-01 1.07996790629370423176e+02 5.52249369712990356360e-04
2.06637803948452533631e-02 3.98645528035820895241e+00 -5.75800869890819022601e-01 1.07996235672843511111e+02 6.59493953021971705646e-04
2.32463045062654173611e-02 3.98686679141219224576e+00 -5.75795422866699935227e-01 1.07995656568840743716e+02 7.73826467451393918383e-04
2.58286703522975918945e-02 3.98728196430739600942e+00 -5.75789402631687985412e-01 1.07995053308810014414e+02 8.95246141960764907353e-04
2.84108603516900135033e-02 3.98770079991090753424e+00 -5.75782808501534737466e-01 1.07994425884435813146e+02 1.02375257328127440039e-03
3.09928569243880722150e-02 3.98812329905892637427e+00 -5.75775639791167859194e-01 1.07993774287898929742e+02 1.15934471647153843413e-03
3.35746424916540803229e-02 3.98854946255404252398e+00 -5.75767895804331519827e-01 1.07993098511733322198e+02 1.30202144104115324560e-03
3.61561994761869162640e-02 3.98897929116574623265e+00 -5.75759575835876891148e-01 1.07992398548857721607e+02 1.45178140675340794363e-03
3.87375103022416650278e-02 3.98941278563037160509e+00 -5.75750679171868728901e-01 1.07991674392576470609e+02 1.60862305697442929502e-03
4.13185573957493418318e-02 3.98984994665104286682e+00 -5.75741205089754570778e-01 1.07990926036580802361e+02 1.77254460861719486536e-03
4.38993231844364839578e-02 3.99029077489553474223e+00 -5.75731152834943027408e-01 1.07990153474837200065e+02 1.94354531065837887738e-03
4.64797900979448119774e-02 3.99073527100299463299e+00 -5.75720521696747145057e-01 1.07989356701956111806e+02 2.12162135974763854662e-03
4.90599405679508632216e-02 3.99118343557512256226e+00 -5.75709310911175498049e-01 1.07988535712718302761e+02 2.30677112636612936108e-03
5.16397570282855211676e-02 3.99163526918122668619e+00 -5.75697519717611183587e-01 1.07987690502353586908e+02 2.49899210622936450779e-03
5.42192219150537807471e-02 3.99209077235700027231e+00 -5.75685147346103986976e-01 1.07986821066479322440e+02 2.69828160280149954506e-03
5.67983176667541181382e-02 3.99254994560445242158e+00 -5.75672193017286004668e-01 1.07985927401101207579e+02 2.90463673111212130132e-03
5.93770267243982005634e-02 3.99301278939182413552e+00 -5.75658655942255514937e-01 1.07985009502614062171e+02 3.11805442307858029366e-03
6.19553315316303740423e-02 3.99347930415352658784e+00 -5.75644535322431094571e-01 1.07984067367803277193e+02 3.33853143473904429364e-03
6.45332145348472135948e-02 3.99394949028639434374e+00 -5.75629830398670772063e-01 1.07983100993650708688e+02 3.56606170465818871421e-03
6.71106581833170040552e-02 3.99442334816201727321e+00 -5.75614540281865760818e-01 1.07982110377995823569e+02 3.80064546118376225120e-03
6.96876449292992278250e-02 3.99490087811026972631e+00 -5.75598664178202268360e-01 1.07981095518665071609e+02 4.04227711062385072771e-03
7.22641572281641081377e-02 3.99538208042898501660e+00 -5.75582201253830527676e-01 1.07980056413991604813e+02 4.29095251278990581084e-03
7.48401775385119094608e-02 3.99586695538163594321e+00 -5.75565150665739766467e-01 1.07978993062697867344e+02 4.54666732004444223286e-03
7.74156883222925085164e-02 3.99635550319723042989e+00 -5.75547511561799840507e-01 1.07977905463895496041e+02 4.80941697493177718753e-03
7.99906720449247571336e-02 3.99684772407018940044e+00 -5.75529283080795872607e-01 1.07976793617084524612e+02 5.07919670720862869578e-03
8.25651111754157757128e-02 3.99734361816022909508e+00 -5.75510464352501416307e-01 1.07975657522153341006e+02 5.35600152966706107016e-03
8.51389881864804548561e-02 3.99784318559222873191e+00 -5.75491054497760945452e-01 1.07974497179377394218e+02 5.63982623302384297043e-03
8.77122855546606100541e-02 3.99834642645609772416e+00 -5.75471052628607426804e-01 1.07973312589418355856e+02 5.93066537914106566010e-03
9.02849857604444694381e-02 3.99885334080661802858e+00 -5.75450457848409535622e-01 1.07972103753322102193e+02 6.22851329262697362560e-03
9.28570712883857868336e-02 3.99936392870277668266e+00 -5.75429269091867423569e-01 1.07970870674632223540e+02 6.53337266085367816826e-03
9.54285246272232184905e-02 3.99987819006657563392e+00 -5.75407485699476861640e-01 1.07969613351832450121e+02 6.84522365429045612228e-03
9.79993282699994638918e-02 4.00039612487544182784e+00 -5.75385106631508880248e-01 1.07968331788661586756e+02 7.16406617770206591983e-03
1.00569464714180475950e-01 4.00091773304409681344e+00 -5.75362130950890282577e-01 1.07967025987791572561e+02 7.48989391272696179019e-03
1.03138916461774601818e-01 4.00144301445179184640e+00 -5.75338557711035591957e-01 1.07965695952293458504e+02 7.82270034707303017762e-03
1.05707666019451862471e-01 4.00197196894222884112e+00 -5.75314385955800311478e-01 1.07964341685640121682e+02 8.16247877674697308592e-03
1.08275695898662718819e-01 4.00250459632343513761e+00 -5.75289614719421971145e-01 1.07962963191706975863e+02 8.50922230885619267082e-03
1.10842988615757503945e-01 4.00304089636769155902e+00 -5.75264243026448074403e-01 1.07961560474775254193e+02 8.86292386508619536856e-03
1.13409526692105272483e-01 4.00358086881143204749e+00 -5.75238269891646059051e-01 1.07960133539533913449e+02 9.22357618633883394321e-03
1.15975292654212733257e-01 4.00412451335516372808e+00 -5.75211694319897159922e-01 1.07958682391083002017e+02 9.59117183813832166472e-03
1.18540269033843417845e-01 4.00467182966339052541e+00 -5.75184515306063959272e-01 1.07957207034937397339e+02 9.96570321746273815600e-03
1.21104438368136405058e-01 4.00522281736457053114e+00 -5.75156731834835732720e-01 1.07955707477031950248e+02 1.03471625610072424234e-02
1.23667783199725281329e-01 4.00577747589656318894e+00 -5.75128343236705363850e-01 1.07954183715443193137e+02 1.07355228170595007331e-02
1.26230286076857156630e-01 4.00633580507220443678e+00 -5.75099347880786426757e-01 1.07952635770721585118e+02 1.11308078852289625560e-02
1.28791929553511097506e-01 4.00689780429321817934e+00 -5.75069744993810805234e-01 1.07951063643751666632e+02 1.15329948738048804202e-02
1.31352696189517337277e-01 4.00746347303899241865e+00 -5.75039533527078150499e-01 1.07949467341967419998e+02 1.19420749839437741191e-02
1.33912568550675792345e-01 4.00803281075167738834e+00 -5.75008712422635515082e-01 1.07947846873200035134e+02 1.23580392060849350577e-02
1.36471529208874592376e-01 4.00860581683601058245e+00 -5.74977280613315433477e-01 1.07946202245676872167e+02 1.27808783181357406983e-02
1.39029560742209123969e-01 4.00918249065917109419e+00 -5.74945237022811195260e-01 1.07944533468022598299e+02 1.32105828812926449911e-02
1.41586645735100435939e-01 4.00976283155053359053e+00 -5.74912580565696162971e-01 1.07942840549254341909e+02 1.36471432389523653073e-02
1.44142766778413616846e-01 4.01034683880152531543e+00 -5.74879310147533018061e-01 1.07941123498783483114e+02 1.40905495109549788041e-02
1.46697906469576699884e-01 4.01093451166530456931e+00 -5.74845424664914950164e-01 1.07939382326407269375e+02 1.45407915913240703976e-02
1.49252047412698846118e-01 4.01152584935667189114e+00 -5.74810923005632634641e-01 1.07937617042313107163e+02 1.49978591396635781152e-02
1.51805172218688999575e-01 4.01212085105170590538e+00 -5.74775804048729965778e-01 1.07935827657068571739e+02 1.54617415778623007450e-02
1.54357263505374042722e-01 4.01271951588756969898e+00 -5.74740066664726545476e-01 1.07934014181620497652e+02 1.59324280785507615965e-02
1.56908303897617312783e-01 4.01332184296212712837e+00 -5.74703709715723376483e-01 1.07932176627283823223e+02 1.64099075596146337652e-02
1.59458276027436895994e-01 4.01392783187442070414e+00 -5.74666731227916005587e-01 1.07930315034722880796e+02 1.68942131202133201395e-02
1.62007162534123755337e-01 4.01453748071167915157e+00 -5.74629131477739751865e-01 1.07928429366056008121e+02 1.73852563121030187498e-02
1.64554946064359886027e-01 4.01515078888112864064e+00 -5.74590908644523334914e-01 1.07926519656665291791e+02 1.78830606002448842806e-02
1.67101609272336831813e-01 4.01576775532929897139e+00 -5.74552061546416026339e-01 1.07924585919751166330e+02 1.83876144368378263705e-02
1.69647134819873285361e-01 4.01638837896352729473e+00 -5.74512588991996531185e-01 1.07922628168937833948e+02 1.88989060823355932428e-02
1.72191505376533410265e-01 4.01701265865177692405e+00 -5.74472489780212924870e-01 1.07920646418274102984e+02 1.94169236090829810948e-02
1.74734703619744774494e-01 4.01764059322250854933e+00 -5.74431762700346570938e-01 1.07918640682236812722e+02 1.99416549033736741070e-02
1.77276712234916367095e-01 4.01827218146459319570e+00 -5.74390406531959829550e-01 1.07916610975737043532e+02 2.04730876689140847691e-02
1.79817513915556254078e-01 4.01890742212714169312e+00 -5.74348420044837659759e-01 1.07914557314121566378e+02 2.10112094301955140696e-02
1.82357091363389622884e-01 4.01954631391937500240e+00 -5.74305801998857945456e-01 1.07912479713177035023e+02 2.15560075400449240035e-02
1.84895427288476549288e-01 4.02018885551069882212e+00 -5.74262551144044453011e-01 1.07910378189144850580e+02 2.21074691771542576613e-02
1.87432504409329458994e-01 4.02083504553033321827e+00 -5.74218666220233653341e-01 1.07908252758712762898e+02 2.26655813645313015947e-02
1.89968305453031172103e-01 4.02148488256750535896e+00 -5.74174145957169757004e-01 1.07906103439036229474e+02 2.32303309649966385764e-02
1.92502813155352114904e-01 4.02213836517129674775e+00 -5.74128989074196183218e-01 1.07903930247741996595e+02 2.38017046982141045053e-02
1.95036010260868170052e-01 4.02279549185059792649e+00 -5.74083194280153863431e-01 1.07901733202937080591e+02 2.43796891467919878138e-02
1.97567879523077832848e-01 4.02345625959031316654e+00 -5.74036761875778123176e-01 1.07899512243744709394e+02 2.49641847791614163166e-02
2.00098403704520089175e-01 4.02412066943516677497e+00 -5.73989687715559915304e-01 1.07897267529407344000e+02 2.55553299388475707588e-02
2.02627565576891321975e-01 4.02478871856408471075e+00 -5.73941971785976723375e-01 1.07894999014761864942e+02 2.61530405540173344070e-02
2.05155347921162689584e-01 4.02546040530993387563e+00 -5.73893612767421013032e-01 1.07892706719139553684e+02 2.67573019392818543805e-02
2.07681733527697698349e-01 4.02613572796295393630e+00 -5.73844609331304766897e-01 1.07890390662282001699e+02 2.73680991942662869831e-02
2.10206705196368998090e-01 4.02681468477042248111e+00 -5.73794960140168619489e-01 1.07888050864335767187e+02 2.79854171987121043419e-02
2.12730245736675399604e-01 4.02749727393613188298e+00 -5.73744663847515212751e-01 1.07885687345836799977e+02 2.86092406221449234438e-02
2.15252337967859502799e-01 4.02818349362067351649e+00 -5.73693719098272936208e-01 1.07883300127738749552e+02 2.92395539000875198665e-02
2.17772964719024048064e-01 4.02887334194038526647e+00 -5.73642124528428887231e-01 1.07880889231369323511e+02 2.98763412544982183416e-02
2.20292108829248989288e-01 4.02956681696764906775e+00 -5.73589878765554894713e-01 1.07878454678459462457e+02 3.05195866666598050743e-02
2.22809753147708622389e-01 4.03026391673004091842e+00 -5.73536980428556719680e-01 1.07875996491110797137e+02 3.11692738918529881065e-02
2.25325880533787908933e-01 4.03096463921040015776e+00 -5.73483428128122696421e-01 1.07873514691813369382e+02 3.18253864358756521913e-02
2.27840473857199465879e-01 4.03166898234583648275e+00 -5.73429220466556421876e-01 1.07871009303405301694e+02 3.24879075656505297842e-02
2.30353515998100027984e-01 4.03237694402801416516e+00 -5.73374356038186094864e-01 1.07868480349102227933e+02 3.31568202880973897373e-02
2.32864989847207326523e-01 4.03308852210193080623e+00 -5.73318833429390939393e-01 1.07865927852445580015e+02 3.38321073501650776416e-02
2.35374878305916024335e-01 4.03380371436611717684e+00 -5.73262651219007768333e-01 1.07863351837327257954e+02 3.45137512180144143126e-02
2.37883164286414594546e-01 4.03452252212214723670e+00 -5.73205805240760590813e-01 1.07860752517899953773e+02 3.52018808154507464869e-02
2.40389830711801560925e-01 4.03524493670985950899e+00 -5.73148298976173031782e-01 1.07858129578214303024e+02 3.58962144376989075734e-02
2.42894860516201405165e-01 4.03597095874007827376e+00 -5.73090128696492784321e-01 1.07855483201225794687e+02 3.65968562026722857294e-02
2.45398236644881417856e-01 4.03670058584379098932e+00 -5.73031292933621871910e-01 1.07852813413349537086e+02 3.73037883641337414398e-02
2.47899942054367217192e-01 4.03743381560668446184e+00 -5.72971790210439313462e-01 1.07850120241485569750e+02 3.80169929811916690321e-02
2.50399959712559072589e-01 4.03817064556819094179e+00 -5.72911619040374575640e-01 1.07847403712982455204e+02 3.87364519424538214509e-02
2.52898272598847562165e-01 4.03891107322186737605e+00 -5.72850777927811805057e-01 1.07844663855672848740e+02 3.94621469459582041583e-02
2.55394863704230257184e-01 4.03965509601507744009e+00 -5.72789265367853572819e-01 1.07841900697871494685e+02 4.01940595133589775867e-02
2.57889716031426352583e-01 4.04040271134828721245e+00 -5.72727079846004571984e-01 1.07839114268352986414e+02 4.09321710083435028049e-02
2.60382812594993184874e-01 4.04115391657638323153e+00 -5.72664219838942223362e-01 1.07836304596437756231e+02 4.16764625972749491734e-02
2.62874136421441917388e-01 4.04190870900694321222e+00 -5.72600683813539235167e-01 1.07833471711915137803e+02 4.24269153028793352678e-02
2.65363670549352448358e-01 4.04266708590092349596e+00 -5.72536470227222760165e-01 1.07830615645096116850e+02 4.31835099869879376899e-02
2.67851398029489484731e-01 4.04342904447265460988e+00 -5.72471577527958297438e-01 1.07827736426828877825e+02 4.39462273530751221240e-02
2.70337301924917894347e-01 4.04419458188966363110e+00 -5.72406004154087377778e-01 1.07824834088505369323e+02 4.47150479566810754584e-02
2.72821365311117669528e-01 4.04496369527276389277e+00 -5.72339748534169023841e-01 1.07821908662082591945e+02 4.54899522160246566616e-02
2.75303571276099334764e-01 4.04573638169573612799e+00 -5.72272809086678768686e-01 1.07818960180081717226e+02 4.62709204295827791764e-02
2.77783902920519187862e-01 4.04651263818591377941e+00 -5.72205184220363372027e-01 1.07815988675636063476e+02 4.70579327595621529912e-02
2.80262343357794374565e-01 4.04729246172389256486e+00 -5.72136872333317003658e-01 1.07812994182492303707e+02 4.78509692828687008270e-02
2.82738875714217352542e-01 4.04807583996400932591e+00 -5.72067876767544114536e-01 1.07809976239431549061e+02 4.86497447468605681564e-02
2.85213483129071798672e-01 4.04886278664692156326e+00 -5.71998186883288850524e-01 1.07806935781649784190e+02 4.94547218036996347190e-02
2.87686148754746129352e-01 4.04965329074692270694e+00 -5.71927805260631361151e-01 1.07803872424685252440e+02 5.02656546709184942623e-02
2.90156855756849185735e-01 4.05044734901232672541e+00 -5.71856730278222036290e-01 1.07800786202493426913e+02 5.10825218686582066541e-02
2.92625587314324475674e-01 4.05124495814016949424e+00 -5.71784960307057832374e-01 1.07797677149487810766e+02 5.19053016825531537970e-02
2.95092326619564693235e-01 4.05204611477428056077e+00 -5.71712493709932600972e-01 1.07794545300454799985e+02 5.27339721957835461108e-02
2.97557056878526016153e-01 4.05285081550557979568e+00 -5.71639328841988203500e-01 1.07791390690587604695e+02 5.35685112616769362748e-02
3.00019761310842958402e-01 4.05365905687086147680e+00 -5.71565464050130311868e-01 1.07788213355439268071e+02 5.44088965375965905036e-02
3.02480423149941946015e-01 4.05447083535334229509e+00 -5.71490897673925912770e-01 1.07785013330970585343e+02 5.52551054394622709331e-02
3.04939025643155781076e-01 4.05528614738102799464e+00 -5.71415628045003010094e-01 1.07781790653481152731e+02 5.61071151764456280131e-02
3.07395552051837939178e-01 4.05610498932729512944e+00 -5.71339653488147636295e-01 1.07778545359659631231e+02 5.69649026948303369156e-02
3.09849985651476145243e-01 4.05692735750883493040e+00 -5.71262972320100481660e-01 1.07775277486492370826e+02 5.78284447452375865995e-02
3.12302309731806226889e-01 4.05775324818630611645e+00 -5.71185582850796680354e-01 1.07771987071317582263e+02 5.86977178190060469576e-02
3.14752507596926411892e-01 4.05858265756313851824e+00 -5.71107483383425540424e-01 1.07768674151781056025e+02 5.95726981479114681139e-02
3.17200562565410182359e-01 4.05941558178448769212e+00 -5.71028672213816035352e-01 1.07765338765799384646e+02 6.04533617397946740346e-02
3.19646457970420572181e-01 4.06025201693662030067e+00 -5.70949147631402365022e-01 1.07761980951547016616e+02 6.13396843300513666675e-02
3.22090177159823132236e-01 4.06109195904606679051e+00 -5.70868907919070633916e-01 1.07758600747431259492e+02 6.22316413926590206174e-02
3.24531703496299839262e-01 4.06193540407928477265e+00 -5.70787951354035927309e-01 1.07755198192093942566e+02 6.31292080967777446965e-02
3.26971020357461672479e-01 4.06278234794013304310e+00 -5.70706276206769169690e-01 1.07751773324297104750e+02 6.40323593666747570285e-02
3.29408111135962355931e-01 4.06363280881343769124e+00 -5.70623873163186079438e-01 1.07748327373658369766e+02 6.49414751722255101374e-02
3.31842959239611323685e-01 4.06448674148824995456e+00 -5.70540754424678664414e-01 1.07744858194673426510e+02 6.58557841171596713981e-02
3.34275548091486185420e-01 4.06534416090107875164e+00 -5.70456911699582347453e-01 1.07741366850991369120e+02 6.67756103274931706038e-02
3.36705861130046413265e-01 4.06620506278274884693e+00 -5.70372343212187327133e-01 1.07737853386170144177e+02 6.77009288064987363454e-02
3.39133881809245474326e-01 4.06706944280806581560e+00 -5.70287047178620332133e-01 1.07734317844340083070e+02 6.86317144051530741988e-02
3.41559593598643573831e-01 4.06793729659445535418e+00 -5.70201021807705266120e-01 1.07730760270152643443e+02 6.95679417798137633699e-02
3.43982979983520398282e-01 4.06880861970335772071e+00 -5.70114265300535993930e-01 1.07727180708875948767e+02 7.05095854185137094206e-02
3.46404024464987525533e-01 4.06968340763858726916e+00 -5.70026775850353661923e-01 1.07723579206328622604e+02 7.14566196512174123257e-02
3.48822710560100557320e-01 4.07056165584755547115e+00 -5.69938551643225710386e-01 1.07719955808966886934e+02 7.24090186174463079638e-02
3.51239021801971362802e-01 4.07144335972104443044e+00 -5.69849590857916643571e-01 1.07716310563894069219e+02 7.33667562769343278850e-02
3.53652941739880488647e-01 4.07232851459082656476e+00 -5.69759891664422202240e-01 1.07712643518755697869e+02 7.43298064916299849880e-02
3.56064453939388791959e-01 4.07321711573342692958e+00 -5.69669452226041594933e-01 1.07708954721962186341e+02 7.52981429193019524693e-02
3.58473541982449628307e-01 4.07410915836764342401e+00 -5.69578270698616107026e-01 1.07705244222579025859e+02 7.62717390581618692735e-02
3.60880189467520207103e-01 4.07500463765565346108e+00 -5.69486345230080459601e-01 1.07701512070408227828e+02 7.72505682749000666121e-02
3.63284380009673946166e-01 4.07590354870148363631e+00 -5.69393673963916824299e-01 1.07697758315945293361e+02 7.82346038226691686823e-02
3.65686097240711160961e-01 4.07680588655601727766e+00 -5.69300255026785495538e-01 1.07693983010607169604e+02 7.92238187158891132844e-02
3.68085324809271363655e-01 4.07771164621040238529e+00 -5.69206086546529377301e-01 1.07690186206493081045e+02 8.02181859541684916248e-02
3.70482046380943785824e-01 4.07862082260137803758e+00 -5.69111166640466348277e-01 1.07686367956634072129e+02 8.12176783672791113844e-02
3.72876245638379399949e-01 4.07953341061035779092e+00 -5.69015493418334905584e-01 1.07682528314981524886e+02 8.22222686580508926868e-02
3.75267906281401164570e-01 4.08044940506505060540e+00 -5.68919064982478128734e-01 1.07678667336516355135e+02 8.32319293971223450601e-02
3.77657012027115768227e-01 4.08136874988989628577e+00 -5.68821888046134094274e-01 1.07674782374654199657e+02 8.42461715790805282245e-02
3.80043546610023985632e-01 4.08229153384803389315e+00 -5.68723944691952421060e-01 1.07670878485286394266e+02 8.52658245081194948733e-02
3.82427493782131422417e-01 4.08321770731891042772e+00 -5.68625240548554455877e-01 1.07666953372468242378e+02 8.62904561942697129195e-02
3.84808837313059592944e-01 4.08414726477051370779e+00 -5.68525773706416215347e-01 1.07663007087866262168e+02 8.73200377798105803473e-02
3.87187560990155776874e-01 4.08508020060300935938e+00 -5.68425542249941018191e-01 1.07659039683551299049e+02 8.83545402286654291135e-02
3.89563648618604152496e-01 4.08601650914803116166e+00 -5.68324544259256603240e-01 1.07655051211985892223e+02 8.93939342358209959594e-02
3.91937084021535264711e-01 4.08695618466568610927e+00 -5.68222777806618895013e-01 1.07651041725890237899e+02 9.04381904236165740096e-02
3.94307851040136658760e-01 4.08789922134713989976e+00 -5.68120240960783062789e-01 1.07647011278405400958e+02 9.14872791149972941493e-02
3.96675933533762792305e-01 4.08884561330901696863e+00 -5.68016931783160150538e-01 1.07642959922821404462e+02 9.25411705428419023578e-02
3.99041315380044780969e-01 4.08979535459720544566e+00 -5.67912848330383690509e-01 1.07638887712805242813e+02 9.35998347193103819031e-02
4.01403980475000310424e-01 4.09074843918156272338e+00 -5.67807988653251216604e-01 1.07634794702146194822e+02 9.46632414975010771929e-02
4.03763912733143492950e-01 4.09170486096093455330e+00 -5.67702350798975463597e-01 1.07630680945048595731e+02 9.57313604579197313660e-02
4.06121096087593724810e-01 4.09266461375423507008e+00 -5.67595932807940406484e-01 1.07626546495684877414e+02 9.68041610859849549486e-02
4.08475514490185875882e-01 4.09362769130571813037e+00 -5.67488732716632693354e-01 1.07622391408502480203e+02 9.78816126228570365653e-02
4.10827151911578702936e-01 4.09459408728019269574e+00 -5.67380748556157832319e-01 1.07618215737996891335e+02 9.89636841496793068229e-02
4.13175992341364761717e-01 4.09556379526188951701e+00 -5.67271978352174022220e-01 1.07614019538679173138e+02 1.00050344597373067068e-01
4.15522019788178931243e-01 4.09653680875480841195e+00 -5.67162420127371391665e-01 1.07609802865121764626e+02 1.01141562621290828639e-01
4.17865218279807715263e-01 4.09751312117955190928e+00 -5.67052071898054510513e-01 1.07605565771818575627e+02 1.02237306788769868882e-01
4.20205571863297211443e-01 4.09849272587090318609e+00 -5.66940931677254233989e-01 1.07601308313084828683e+02 1.03337545420309206978e-01
4.22543064605062523853e-01 4.09947561607926669325e+00 -5.66828997473840190402e-01 1.07597030543161906735e+02 1.04442246643308506160e-01
4.24877680590995954191e-01 4.10046188242684905845e+00 -5.66716265851321066016e-01 1.07592737680435661218e+02 1.05551461816528649451e-01
4.27209403926575026489e-01 4.10145133658577698554e+00 -5.66602737574164239120e-01 1.07588420165233017656e+02 1.06664999151585671022e-01
4.29538218736971288969e-01 4.10244405725212946123e+00 -5.66488409309957918758e-01 1.07584082593623961088e+02 1.07782902828405080520e-01
4.31864109167158116698e-01 4.10344003753061326023e+00 -5.66373279052986511317e-01 1.07579725029952470550e+02 1.08905140177579184968e-01
4.34187059382018403220e-01 4.10443927045324130631e+00 -5.66257344793678285555e-01 1.07575347539244845052e+02 1.10031678356512882533e-01
4.36507053566452751792e-01 4.10544174897566449545e+00 -5.66140604515667389407e-01 1.07570950187044445556e+02 1.11162484511925674369e-01
4.38824075925487055994e-01 4.10644746598796661630e+00 -5.66023056205761432302e-01 1.07566533040012899392e+02 1.12297525260325881113e-01
4.41138110684379691762e-01 4.10745641430287200535e+00 -5.65904697843293447157e-01 1.07562096165334324382e+02 1.13436767258746781795e-01
4.43449142088729597599e-01 4.10846858666167857876e+00 -5.65785527406539423545e-01 1.07557639631059529961e+02 1.14580176872785988174e-01
4.45757154404582744966e-01 4.10948397573714796494e+00 -5.65665542873441284932e-01 1.07553163506288512963e+02 1.15727720146880222463e-01
4.48062131918540051956e-01 4.11050257412238462251e+00 -5.65544742215134843555e-01 1.07548667860611601554e+02 1.16879363153613760606e-01
4.50364058937863631638e-01 4.11152437434323925203e+00 -5.65423123402506333512e-01 1.07544152764796152155e+02 1.18035071655943138436e-01
4.52662919790584206137e-01 4.11254936885588406881e+00 -5.65300684407620823713e-01 1.07539618290688594016e+02 1.19194811039803283403e-01
4.54958698825607410487e-01 4.11357755004006442334e+00 -5.65177423197884554185e-01 1.07535064510887551137e+02 1.20358546630770349428e-01
4.57251380412820318533e-01 4.11460891020970276344e+00 -5.65053337741765138169e-01 1.07530491499335624894e+02 1.21526243400933653405e-01
4.59540948943198301890e-01 4.11564344160323614119e+00 -5.64928426003477701656e-01 1.07525899330838697665e+02 1.22697866257771612264e-01
4.61827388828911278296e-01 4.11668113639451416219e+00 -5.64802685950416827332e-01 1.07521288081673702663e+02 1.23873379660952853687e-01
4.64110684503429071768e-01 4.11772198668819378042e+00 -5.64676115549903379076e-01 1.07516657829375859023e+02 1.25052747803105657187e-01
4.66390820421628160553e-01 4.11876598451485254060e+00 -5.64548712764270432807e-01 1.07512008652511397599e+02 1.26235934878126287995e-01
4.68667781059897148310e-01 4.11981312184854342462e+00 -5.64420475564181844952e-01 1.07507340631637418937e+02 1.27422904388271251985e-01
4.70941550916242568370e-01 4.12086339059249251449e+00 -5.64291401915038348669e-01 1.07502653848576642304e+02 1.28613619870722117877e-01
4.73212114510394632472e-01 4.12191678258081140029e+00 -5.64161489782986524943e-01 1.07497948386540031152e+02 1.29808044589728915907e-01
4.75479456383912424400e-01 4.12297308203783607894e+00 -5.64030709379674366488e-01 1.07493213372947465700e+02 1.31007589626483206269e-01
4.77743561100288705035e-01 4.12403266923773070829e+00 -5.63899110539011871879e-01 1.07488469411347992377e+02 1.32209511343345104128e-01
4.80004413245055938653e-01 4.12509535160441842550e+00 -5.63766666680062922268e-01 1.07483706862536976701e+02 1.33415053317358867080e-01
4.82261997425890265312e-01 4.12616112036598359225e+00 -5.63633375728220253897e-01 1.07478925798307159312e+02 1.34624180082611788478e-01
4.84516298272717305107e-01 4.12722996665761954205e+00 -5.63499235603198145306e-01 1.07474126290760708002e+02 1.35836856284927920413e-01
4.86767300437815575442e-01 4.12830188151584209777e+00 -5.63364244226514099267e-01 1.07469308412038756728e+02 1.37053046297136660314e-01
4.89014988595922406311e-01 4.12937685588732250608e+00 -5.63228399521314315734e-01 1.07464472234821755592e+02 1.38272714239789040747e-01
4.91259347444337080013e-01 4.13045488061517485079e+00 -5.63091699400595890879e-01 1.07459617831640215968e+02 1.39495824611535368387e-01
4.93500361703025469673e-01 4.13153594644518751267e+00 -5.62954141782624928325e-01 1.07454745275239758939e+02 1.40722341487300534046e-01
4.95738016114724178163e-01 4.13262004401888649596e+00 -5.62815724574559750337e-01 1.07449854638249547634e+02 1.41952229392297596400e-01
4.97972295445044454976e-01 4.13370716388046233192e+00 -5.62676445691658311254e-01 1.07444945993584425992e+02 1.43185452301009874532e-01
5.00203184482575280434e-01 4.13479729646563143319e+00 -5.62536303042347141101e-01 1.07440019413892741795e+02 1.44421974434575411950e-01
5.02430668038987948698e-01 4.13589043210415141516e+00 -5.62395294530151246271e-01 1.07435074971725512682e+02 1.45661760170731485742e-01
5.04654730949138929930e-01 4.13698656102259931799e+00 -5.62253418061809728812e-01 1.07430112739719461956e+02 1.46904773627794027480e-01
5.06875358071172565921e-01 4.13808567332935695049e+00 -5.62110671538879058673e-01 1.07425132789843004844e+02 1.48150979117693870624e-01
5.09092534286625153506e-01 4.13918775902580904358e+00 -5.61967052857400894972e-01 1.07420135194022691394e+02 1.49400341176099654694e-01
5.11306244500527418140e-01 4.14029280799410059899e+00 -5.61822559912285912631e-01 1.07415120023536800886e+02 1.50652824342520530454e-01
5.13516473641507098513e-01 4.14140080999735626932e+00 -5.61677190591774233575e-01 1.07410087349064042428e+02 1.51908393464101482140e-01
5.15723206661891864222e-01 4.14251175469209087510e+00 -5.61530942793863840912e-01 1.07405037241376504653e+02 1.53167012844692806972e-01
5.17926428537812011399e-01 4.14362563158919172679e+00 -5.61383814392909186175e-01 1.07399969769321941726e+02 1.54428648011171454346e-01
5.20126124269301826075e-01 4.14474243009664267134e+00 -5.61235803277088107777e-01 1.07394885002113895212e+02 1.55693263759122846324e-01
5.22322278880402501855e-01 4.14586213946810566711e+00 -5.61086907311258542563e-01 1.07389783006663165565e+02 1.56960826114075691073e-01
5.24514877419263836344e-01 4.14698513108806832150e+00 -5.60937231323439977615e-01 1.07384683950018242626e+02 1.58225714631548497469e-01
5.26703904958246260648e-01 4.14811067495784957515e+00 -5.60786572067884625525e-01 1.07379550084580117186e+02 1.59498400502931680922e-01
5.28889346594021980685e-01 4.14923910184037936233e+00 -5.60635023016654465700e-01 1.07374399456564660227e+02 1.60773855343776944649e-01
5.31071187447676895665e-01 4.15037040100143261867e+00 -5.60482582171653143099e-01 1.07369232156990804583e+02 1.62052038244556190216e-01
5.33249412664811961449e-01 4.15150456159697434089e+00 -5.60329247538373764748e-01 1.07364048277093601769e+02 1.63332908190211151256e-01
5.35424007415643554708e-01 4.15264157271056699727e+00 -5.60175017149098231073e-01 1.07358847910329757269e+02 1.64616422859924282918e-01
5.37594956895105391403e-01 4.15378142331792155062e+00 -5.60019889026344031002e-01 1.07353631150550995699e+02 1.65902540558920036373e-01
5.39762246322948779920e-01 4.15492410229788866616e+00 -5.59863861213015678864e-01 1.07348398092623497746e+02 1.67191218651072975865e-01
5.41925860943843207274e-01 4.15606959844250756220e+00 -5.59706931752276592995e-01 1.07343148832992383745e+02 1.68482414632258409304e-01
5.44085786027477369409e-01 4.15721790045766326216e+00 -5.59549098717161963457e-01 1.07337883469758054389e+02 1.69776084591994724793e-01
5.46242006868658758201e-01 4.15836899692760564307e+00 -5.59390360174987999464e-01 1.07332602101164994224e+02 1.71072185389415321044e-01
5.48394508787414136641e-01 4.15952287638318196628e+00 -5.59230714198896250444e-01 1.07327304827979503443e+02 1.72370672889065434941e-01
5.50543277129089347888e-01 4.16067952723939704640e+00 -5.59070158897933877640e-01 1.07321991752099961559e+02 1.73671502162845270423e-01
5.52688297264449235335e-01 4.16183893782233571557e+00 -5.58908692377976468180e-01 1.07316662976790027528e+02 1.74974628381308061620e-01
5.54829554589777229623e-01 4.16300109637680204600e+00 -5.58746312776869924477e-01 1.07311318607422947480e+02 1.76280005282976076630e-01
5.56967034526974602571e-01 4.16416599105009765935e+00 -5.58583018225591310113e-01 1.07305958750667414847e+02 1.77587587226100129811e-01
5.59100722523659832142e-01 4.16533360990718737327e+00 -5.58418806890069396864e-01 1.07300583515327176087e+02 1.78897327015701212982e-01
5.61230604053267856379e-01 4.16650394093481413194e+00 -5.58253676954854061165e-01 1.07295193012594594961e+02 1.80209176778298119093e-01
5.63356664615148439168e-01 4.16767697202424258762e+00 -5.58087626620045851311e-01 1.07289787355187328899e+02 1.81523088139242227967e-01
5.65478889734665535194e-01 4.16885269099619737432e+00 -5.57920654098811641397e-01 1.07284366658694423791e+02 1.82839012373907983111e-01
5.67597264963295100593e-01 4.17003108557900770137e+00 -5.57752757644212282528e-01 1.07278931040475242753e+02 1.84156899019499359360e-01
5.69711775878724790978e-01 4.17121214343154900206e+00 -5.57583935509870731728e-01 1.07273480620897373683e+02 1.85476697956090008645e-01
5.71822408084950328799e-01 4.17239585215064767709e+00 -5.57414186016679136237e-01 1.07268015523770984032e+02 1.86798355935782423032e-01
5.73929147212374757281e-01 4.17358150839738861748e+00 -5.57243212042704771925e-01 1.07262499709296463379e+02 1.88137200416478383991e-01
5.76031978917906362092e-01 4.17477040465487903020e+00 -5.57071570182165243246e-01 1.07257001633887711023e+02 1.89464111900846360337e-01
5.78130888885055260751e-01 4.17596190602347494547e+00 -5.56898992607689158341e-01 1.07251488847430707096e+02 1.90792896975994497044e-01
5.80225862824032101450e-01 4.17715599899670664286e+00 -5.56725477372757349137e-01 1.07245961443436655713e+02 1.92123517913569435978e-01
5.82316886471844319395e-01 4.17835266995274867696e+00 -5.56551022569384490346e-01 1.07240419516312215364e+02 1.93455935440379728218e-01
5.84403945592394169495e-01 4.17955190515193475420e+00 -5.56375626305792736481e-01 1.07234863161271277932e+02 1.94790109926644000593e-01
5.86487025976574760655e-01 4.18075369068353808188e+00 -5.56199286658096037073e-01 1.07229292471593851133e+02 1.96126003924909170228e-01
5.88566113442367422337e-01 4.18195801252082954846e+00 -5.56022001726808601241e-01 1.07223707541555199896e+02 1.97463579242964537563e-01
5.90641193834937960894e-01 4.18316485649927294332e+00 -5.55843769613668214902e-01 1.07218108465329336809e+02 1.98802798173556782846e-01
5.92712253026733248973e-01 4.18437420830259210192e+00 -5.55664588441278306519e-01 1.07212495336309885374e+02 2.00143622488109018676e-01
5.94779276917577259809e-01 4.18558605347554113507e+00 -5.55484456304217721900e-01 1.07206868247817936890e+02 2.01486016011973217976e-01
5.96842251434767101514e-01 4.18680037740255617251e+00 -5.55303371317973915033e-01 1.07201227292040044858e+02 2.02829942088186998550e-01
5.98901162533168496260e-01 4.18801716534402057590e+00 -5.55121331611807544704e-01 1.07195572561967026104e+02 2.04175363976612428418e-01
6.00955996195312258656e-01 4.18923640237511918372e+00 -5.54938335289043127574e-01 1.07189904148246114346e+02 2.05522246940541053473e-01
6.03006738431488664709e-01 4.19045807342239395865e+00 -5.54754380454382078902e-01 1.07184222141139770201e+02 2.06870556847043168824e-01
6.05053375279843597134e-01 4.19168216327900378104e+00 -5.54569465243164527735e-01 1.07178526631372193378e+02 2.08220258665851642998e-01
6.07095892806472914316e-01 4.19290865653125877088e+00 -5.54383587749242567888e-01 1.07172817706338676658e+02 2.09571320244404557531e-01
6.09134277105518040507e-01 4.19413753764693275627e+00 -5.54196746123145511653e-01 1.07167095454770120000e+02 2.10923707223408335443e-01
6.11168514299259779676e-01 4.19536879086998393262e+00 -5.54008938426766683882e-01 1.07161359961277867114e+02 2.12277390621155082062e-01
6.13198590538213572643e-01 4.19660240031083819900e+00 -5.53820162796512027725e-01 1.07155611311127486829e+02 2.13632338365034812888e-01
6.15224492001223088877e-01 4.19783834989063020515e+00 -5.53630417335524094291e-01 1.07149849587370113113e+02 2.14988520925155440766e-01
6.17246204895555039549e-01 4.19907662331521258636e+00 -5.53439700106689524972e-01 1.07144074869539537076e+02 2.16345911697493065162e-01
6.19263715456992658304e-01 4.20031720414317799595e+00 -5.53248009215960068197e-01 1.07138287237254900219e+02 2.17704482697055834439e-01
6.21277009949929293064e-01 4.20156007571273626411e+00 -5.53055342710577102494e-01 1.07132486766452274196e+02 2.19064209872363552245e-01
6.23286074667462219878e-01 4.20280643970342815408e+00 -5.52862404985657862611e-01 1.07126737006943827168e+02 2.20388470808488390329e-01
6.25290895931486012671e-01 4.20405396810389131446e+00 -5.52667853565526279169e-01 1.07120917631398839376e+02 2.21746712703743770190e-01
6.27291460092785357894e-01 4.20530374850286570165e+00 -5.52472327675568419814e-01 1.07115086274817542744e+02 2.23105683444556224249e-01
6.29287753531128202233e-01 4.20655576455231994260e+00 -5.52275825946952458878e-01 1.07109243060723187568e+02 2.24465332811350365416e-01
6.31279762655358012147e-01 4.20780999978970360331e+00 -5.52078347060734886398e-01 1.07103388114680456056e+02 2.25825609040884389689e-01
6.33267473903487365661e-01 4.20906643764556598342e+00 -5.51879889729575467960e-01 1.07097521564736652522e+02 2.27186459807319135473e-01
6.35250873742789323728e-01 4.21032506139546036650e+00 -5.51680452700939016886e-01 1.07091643538970416216e+02 2.28547832079299434449e-01
6.37229948669889467716e-01 4.21158585418113329268e+00 -5.51480034714461275769e-01 1.07085754166636817786e+02 2.29909674366798932876e-01
6.39204685210858825073e-01 4.21284879909122089714e+00 -5.51278634663354805134e-01 1.07079853582426721914e+02 2.31271928377418889422e-01
6.41175069921305018639e-01 4.21411387901870160277e+00 -5.51076251357991653279e-01 1.07073941919081107699e+02 2.32634541310015513504e-01
6.43141089386463082889e-01 4.21538107677738427270e+00 -5.50872883741318708495e-01 1.07068019313516586521e+02 2.33997454712471214533e-01
6.45102730221288278578e-01 4.21665037500664752201e+00 -5.50668530681921453152e-01 1.07062085901902335650e+02 2.35360615244797621859e-01
6.47059979070545909785e-01 4.21792175631109067524e+00 -5.50463191269800034000e-01 1.07056141826993538757e+02 2.36723959378016463040e-01
6.49012822608903250376e-01 4.21919520308012785392e+00 -5.50256864463148143152e-01 1.07050187229668708255e+02 2.38087431797961379676e-01
6.50961247541019139007e-01 4.22047069771100247237e+00 -5.50049549434672768733e-01 1.07044222257043571744e+02 2.39450967222481186925e-01
6.52905240601636016606e-01 4.22174822236928015684e+00 -5.49841245244293563843e-01 1.07038247055327531143e+02 2.40814507826825396908e-01
6.54844788555668411156e-01 4.22302775915412187402e+00 -5.49631951112546590643e-01 1.07032261774996158010e+02 2.42177988803238458670e-01
6.56779878198294642111e-01 4.22430929006732824860e+00 -5.49421666319912294085e-01 1.07026266570082952967e+02 2.43541343698657153372e-01
6.58710496355045971306e-01 4.22559279699203838021e+00 -5.49210390165111972394e-01 1.07020261597117510632e+02 2.44904506607507732596e-01
6.60636629881896420002e-01 4.22687826170012570515e+00 -5.48998122002431587774e-01 1.07014247015562247611e+02 2.46267410273510622964e-01
6.62558265665352030815e-01 4.22816566591563169908e+00 -5.48784861348165620143e-01 1.07008222991159541948e+02 2.47629980622987105887e-01
6.64475390622540684760e-01 4.22945499118530854332e+00 -5.48570607636434393051e-01 1.07002189689241873793e+02 2.48992149430938503052e-01
6.66387991701300586023e-01 4.23074621901275094160e+00 -5.48355360518836820738e-01 1.06996147281766369019e+02 2.50353838859777633186e-01
6.68296055880269523897e-01 4.23203933082148608946e+00 -5.48139119647249706269e-01 1.06990095945419909640e+02 2.51714972739958076087e-01
6.70199570168973357553e-01 4.23333430788328080041e+00 -5.47921884746156440116e-01 1.06984035857966958361e+02 2.53075472853501348691e-01
6.72098521607914500819e-01 4.23462904984459598268e+00 -5.47702122158785664752e-01 1.06977859346856220668e+02 2.54514272045864131666e-01
6.73992897268660184906e-01 4.23592750019007446838e+00 -5.47482754072208144258e-01 1.06971771937716908951e+02 2.55880688720719617901e-01
6.75882684253930277052e-01 4.23722774094092713426e+00 -5.47262378887730882582e-01 1.06965675403265549903e+02 2.57246873892837679687e-01
6.77767869697685210184e-01 4.23852975145964361303e+00 -5.47040995597283696839e-01 1.06959569859304082229e+02 2.58612793698005105636e-01
6.79648440765214134629e-01 4.23983351096294391880e+00 -5.46818603139073045050e-01 1.06953455423322935758e+02 2.59978418894015517182e-01
6.81524384653221182440e-01 4.24113899855955267526e+00 -5.46595200695900840238e-01 1.06947332216545106576e+02 2.61343709491893727570e-01
6.83395688589913286037e-01 4.24244619312524395838e+00 -5.46370787416655234736e-01 1.06941200357482657068e+02 2.62708629171949925585e-01
6.85262339835087441742e-01 4.24375507330784440541e+00 -5.46145362280760826579e-01 1.06935059962231690633e+02 2.64073152317678805368e-01
6.87124325680216641032e-01 4.24506561757362188558e+00 -5.45918924483020817640e-01 1.06928911146976915347e+02 2.65437244186636556176e-01
6.88981633448537245101e-01 4.24637780422596211594e+00 -5.45691473212099098511e-01 1.06922754028976640939e+02 2.66800872395756893951e-01
6.90834250495134805092e-01 4.24769161134431261218e+00 -5.45463007530640253684e-01 1.06916588723447205211e+02 2.68164013134875034439e-01
6.92682164207029549274e-01 4.24900701677738190654e+00 -5.45233526672352919462e-01 1.06910415343310432945e+02 2.69526635875344700022e-01
6.94525362003264090660e-01 4.25032399817287753763e+00 -5.45003029805477656744e-01 1.06904234000748274980e+02 2.70888715620636655323e-01
6.96363831334987137822e-01 4.25164253295785954379e+00 -5.44771516128142230251e-01 1.06898044806257857431e+02 2.72250228024007834282e-01
6.98197559685539759222e-01 4.25296259842226032077e+00 -5.44538984935332370796e-01 1.06891847873020381599e+02 2.73611145992312621011e-01
7.00026534570540759361e-01 4.25428417151074889091e+00 -5.44305435349976107773e-01 1.06885643306187006374e+02 2.74971453557103673315e-01
7.01850743537971277775e-01 4.25560722898091814415e+00 -5.44070866576896627897e-01 1.06879431211127382539e+02 2.76331132847971616684e-01
7.03670174168260054159e-01 4.25693174740201829565e+00 -5.43835277901963953795e-01 1.06873211693416820367e+02 2.77690164182880838695e-01
7.05484814074367139192e-01 4.25825770309485562848e+00 -5.43598668659528105884e-01 1.06866984855789752373e+02 2.79048527784169220212e-01
7.07294650901869381698e-01 4.25958507208284586909e+00 -5.43361037952705849818e-01 1.06860750795634089627e+02 2.80406218213389457627e-01
7.09099672329043584362e-01 4.26091383018396019366e+00 -5.43122385075855085290e-01 1.06854509609845493401e+02 2.81763222674592084260e-01
7.10899866066950880672e-01 4.26224395294799496270e+00 -5.42882709190379508790e-01 1.06848261391604424375e+02 2.83119537738995119547e-01
7.12695219859520112671e-01 4.26357541570003295561e+00 -5.42642009613109044253e-01 1.06842006232711852931e+02 2.84475154555324794003e-01
7.14485721483631763817e-01 4.26490819347303506959e+00 -5.42400285546800531300e-01 1.06835744220136433569e+02 2.85830072751857067193e-01
7.16271358749200004468e-01 4.26624226098580461297e+00 -5.42157536193076605713e-01 1.06829475434956663094e+02 2.87184294664883876802e-01
7.18052119499257623936e-01 4.26757759269164349547e+00 -5.41913760706887792651e-01 1.06823199956425170853e+02 2.88537826785407569563e-01
7.19827991610036854730e-01 4.26891757385289682958e+00 -5.41672018893784690263e-01 1.06817093602673082842e+02 2.89733964027692580956e-01
7.21598962991052972349e-01 4.27025566273341361523e+00 -5.41426454699870718379e-01 1.06810820697358593634e+02 2.91072575553199153209e-01
7.23365021585186451780e-01 4.27159496360430512851e+00 -5.41179883499361302768e-01 1.06804542643686076531e+02 2.92409436454442284159e-01
7.25126155368765124010e-01 4.27293545184276180038e+00 -5.40932306208632196487e-01 1.06798259607912228830e+02 2.93744476244818142341e-01
7.26882352351645444344e-01 4.27427710266329619060e+00 -5.40683723582554121023e-01 1.06791971758395646930e+02 2.95077635781038571938e-01
7.28633600577295093004e-01 4.27561989114345486485e+00 -5.40434136610496884678e-01 1.06785679267028214667e+02 2.96408846984997698115e-01
7.30379888122873355272e-01 4.27696379211256338948e+00 -5.40183546288059202034e-01 1.06779382303537005328e+02 2.97738044602255225168e-01
7.32121203099313277995e-01 4.27830878031836281394e+00 -5.39931953713156609354e-01 1.06773081044100365489e+02 2.99065161351292962966e-01
7.33857533651401716668e-01 4.27965483024997883632e+00 -5.39679359973695538244e-01 1.06766775662293994742e+02 3.00390133712145901423e-01
7.35588867957860936819e-01 4.28100191636116278460e+00 -5.39425766480966295546e-01 1.06760466340644086358e+02 3.01712884923394819570e-01
7.37315194231428105986e-01 4.28235001285554428563e+00 -5.39171174535549524443e-01 1.06754153259588221658e+02 3.03033347267291863769e-01
7.39036500718936339993e-01 4.28369909381593849673e+00 -5.38915585715563305591e-01 1.06747836604217894774e+02 3.04351442244157444073e-01
7.40752775701394416963e-01 4.28504913312979418549e+00 -5.38659001445253249329e-01 1.06741516560431122684e+02 3.05667102729869744060e-01
7.42464007494066491333e-01 4.28640010464801335388e+00 -5.38401423634516151928e-01 1.06735193323221437822e+02 3.06980240295618544977e-01
7.44170184446551918889e-01 4.28775198189791773018e+00 -5.38142853913569751967e-01 1.06728867081890982149e+02 3.08290784429257724852e-01
7.45871294942864193622e-01 4.28910473830998295597e+00 -5.37883294249447585500e-01 1.06722538031815716408e+02 3.09598651054889983936e-01
7.47567327401510439699e-01 4.29045834730970110371e+00 -5.37622746750292312967e-01 1.06716206379154215256e+02 3.10903752640752206737e-01
7.49258270275569682184e-01 4.29181278207109606626e+00 -5.37361213514041535788e-01 1.06709872328245680251e+02 3.12206005964163257893e-01
7.50944112052772227983e-01 4.29316801557378724397e+00 -5.37098696857233326440e-01 1.06703536084618292534e+02 3.13505320474211757187e-01
7.52624841255577603505e-01 4.29452402065263871833e+00 -5.36835199064184198647e-01 1.06697197857529602061e+02 3.14801611197192798830e-01
7.54300446441252492313e-01 4.29588077022896097645e+00 -5.36570722992695148257e-01 1.06690857871933800993e+02 3.16094767869307902153e-01
7.55970916201949338920e-01 4.29723823685286987484e+00 -5.36305271097825775328e-01 1.06684516344948733035e+02 3.17384704844515364019e-01
7.57636239164782954170e-01 4.29859639315964869866e+00 -5.36038846510502930975e-01 1.06678173509418925846e+02 3.18671306097159712234e-01
7.59296403991909008013e-01 4.29995521133712887973e+00 -5.35771451875863502501e-01 1.06671829586529284484e+02 3.19954484569566766083e-01
7.60951399380600634892e-01 4.30131466387147654018e+00 -5.35503090693442818093e-01 1.06665484824187871027e+02 3.21234113893145989405e-01
7.62601214063325594239e-01 4.30267472274557061240e+00 -5.35233765879946199462e-01 1.06659139455854628409e+02 3.22510101738874122024e-01
7.64245836807822653824e-01 4.30403536015233711964e+00 -5.34963481284475794730e-01 1.06652793737284753206e+02 3.23782312629018020900e-01
7.65885256417178750254e-01 4.30539654812140515361e+00 -5.34692240556334241752e-01 1.06646447927289727886e+02 3.25050625767732970228e-01
7.67519461729904151071e-01 4.30675251986339979737e+00 -5.34414001797351212453e-01 1.06639808429128223111e+02 3.26622282107568995269e-01
7.69148441620009615249e-01 4.30811424857298597146e+00 -5.34140382082655795770e-01 1.06633438939654851652e+02 3.27906644958509130294e-01
7.70772184997081555302e-01 4.30947640592581038277e+00 -5.33865783023769968629e-01 1.06627068271378306008e+02 3.29188496578143641180e-01
7.72390680806357088350e-01 4.31083896087540896502e+00 -5.33590206558609669862e-01 1.06620696573384648786e+02 3.30467820037640858111e-01
7.74003918028800530493e-01 4.31220188189909681142e+00 -5.33313654453438590330e-01 1.06614323982177765515e+02 3.31744611790861343437e-01
7.75611885681177226637e-01 4.31356513789347673082e+00 -5.33036129741075281885e-01 1.06607950667628642805e+02 3.33018808619963802009e-01
7.77214572816129045663e-01 4.31492869651560351230e+00 -5.32757633664143415153e-01 1.06601576747907131448e+02 3.34290443171570583747e-01
7.78811968522248321278e-01 4.31629252591365908387e+00 -5.32478168860663458872e-01 1.06595202378311668667e+02 3.35559482010019449749e-01
7.80404061924152570029e-01 4.31765659372794896598e+00 -5.32197737728331010665e-01 1.06588827700094896045e+02 3.36825908862301570679e-01
7.81990842182558654194e-01 4.31902086730673762105e+00 -5.31916342519052287585e-01 1.06582452851520585568e+02 3.38089719897132434667e-01
7.83572298494356056509e-01 4.32038531384005963787e+00 -5.31633985554115784389e-01 1.06576077974752251976e+02 3.39350912860548248329e-01
7.85148420092680932036e-01 4.32174990025044269970e+00 -5.31350669788978491326e-01 1.06569703210433615936e+02 3.40609458396425202054e-01
7.86719196246989271870e-01 4.32311459304159662054e+00 -5.31066397320020477935e-01 1.06563328689741837252e+02 3.41865376069388215985e-01
7.88284616263129733760e-01 4.32447935847683062605e+00 -5.30781170796716050830e-01 1.06556954543776512878e+02 3.43118662610951363767e-01
7.89844669483416361722e-01 4.32584416280215844353e+00 -5.30494993210861243149e-01 1.06550580914893259887e+02 3.44369302783372854826e-01
7.91399345286702082802e-01 4.32720897139152871347e+00 -5.30207866474212918817e-01 1.06544207913004214561e+02 3.45617341585448101249e-01
7.92948633088449872375e-01 4.32857375026605417645e+00 -5.29919794596290794075e-01 1.06537835693459129516e+02 3.46862723103770476119e-01
7.94492522340805029657e-01 4.32993846412939298318e+00 -5.29630779259069317533e-01 1.06531464356358313239e+02 3.48105515102596574373e-01
7.96031002532667897320e-01 4.33130307819442439410e+00 -5.29340824004826848714e-01 1.06525094040235387638e+02 3.49345696650681880602e-01
7.97564063189764360651e-01 4.33266755676837433953e+00 -5.29049931215556989983e-01 1.06518724849609512262e+02 3.50583311375819328681e-01
7.99091693874717567958e-01 4.33403186427728837060e+00 -5.28758104085045532727e-01 1.06512356907443475507e+02 3.51818367578537183338e-01
8.00613884187118873825e-01 4.33539596467030108329e+00 -5.28465345632828542577e-01 1.06505990324720826834e+02 3.53050888269424156807e-01
8.02130623763599115428e-01 4.33675982155202799362e+00 -5.28171658607802352314e-01 1.06499625207181921382e+02 3.54280916147333868604e-01
8.03641902277898334539e-01 4.33812339833103965958e+00 -5.27877046386568293812e-01 1.06493261663064998856e+02 3.55508468128231946981e-01
8.05147709440937053849e-01 4.33948665789692800132e+00 -5.27581512015394604731e-01 1.06486899785976120825e+02 3.56733577901193088522e-01
8.06648035000885443857e-01 4.34084956326158710738e+00 -5.27285058718970800484e-01 1.06480539689581505058e+02 3.57956294267209873539e-01
8.08142868743233711015e-01 4.34221207634328010272e+00 -5.26987689594700881024e-01 1.06474181443250301982e+02 3.59176661028247135032e-01
8.09632200490861042574e-01 4.34357415913806210739e+00 -5.26689407344520521548e-01 1.06467825132954104106e+02 3.60394754199024613950e-01
8.11116020104105994726e-01 4.34493577363571592542e+00 -5.26390215808284267496e-01 1.06461470856998147383e+02 3.61610598625052348520e-01
8.12594317480834105183e-01 4.34629688079362086484e+00 -5.26090117812199498104e-01 1.06455118673614393288e+02 3.62824276862223682460e-01
8.14067082556508059277e-01 4.34766701396934518442e+00 -5.25800525809079877249e-01 1.06449255652715947917e+02 3.63460335596956340964e-01
8.15534305304254858449e-01 4.34902771245780961351e+00 -5.25499432769963137346e-01 1.06442944536900768071e+02 3.64629305537071624066e-01
8.16995975734935098167e-01 4.35038783653619898217e+00 -5.25197496198686830660e-01 1.06436638290609934643e+02 3.65793675303067444826e-01
8.18452083897210691532e-01 4.35174734925750694714e+00 -5.24894722294299898024e-01 1.06430337126898677980e+02 3.66953386524379865374e-01
8.19902619877612370836e-01 4.35310621352017523833e+00 -5.24591117768185122294e-01 1.06424041263471153229e+02 3.68108362011279999226e-01
8.21347573800607411165e-01 4.35446439208462710013e+00 -5.24286689280290651993e-01 1.06417750923397846918e+02 3.69258534374897307018e-01
8.22786935828667020942e-01 4.35582184723350263056e+00 -5.23981443761612042387e-01 1.06411466318010852206e+02 3.70403829728650324515e-01
8.24220696162332733259e-01 4.35717854166896589874e+00 -5.23675388481422365849e-01 1.06405187692282297007e+02 3.71544164584802272255e-01
8.25648845040284129482e-01 4.35853443723887412631e+00 -5.23368530426530420563e-01 1.06398915260295495955e+02 3.72679477037007156337e-01
8.27071372739403898322e-01 4.35988949602259356908e+00 -5.23060877316765426848e-01 1.06392649260349983820e+02 3.73809675772325600285e-01
8.28488269574845448417e-01 4.36124367982738991856e+00 -5.22752437536559422249e-01 1.06386389929488956341e+02 3.74934643543588075332e-01
8.29899525900098078424e-01 4.36259694970851885643e+00 -5.22443216467519344626e-01 1.06380137478454599886e+02 3.76054422316508096813e-01
8.31305132107052369150e-01 4.36394926753809819786e+00 -5.22133224156897335355e-01 1.06373892172604442408e+02 3.77168826502976839432e-01
8.32705078626066685921e-01 4.36530059476689125120e+00 -5.21822469395493593325e-01 1.06367654262971882417e+02 3.78277733347375910711e-01
8.34099355926031127417e-01 4.36665089174257214921e+00 -5.21510957292303456434e-01 1.06361423970921478599e+02 3.79381238859352654114e-01
8.35487954514433028841e-01 4.36800011984999247971e+00 -5.21198702771348054696e-01 1.06355201570789574816e+02 3.80478927365272945327e-01
8.36870864937421798935e-01 4.36934823956243079124e+00 -5.20885709341179503618e-01 1.06348987305026994932e+02 3.81570975246411203674e-01
8.38248077779872757809e-01 4.37069521134030747334e+00 -5.20571988160286269753e-01 1.06342781429433955509e+02 3.82657181339843999179e-01
8.39619583665451307830e-01 4.37204099537201429371e+00 -5.20257546754413491286e-01 1.06336584197497714399e+02 3.83737535988526057285e-01
8.40985373256677326559e-01 4.37338555199028000686e+00 -5.19942395983105098978e-01 1.06330395882952757347e+02 3.84811870030270675169e-01
8.42345437254987894349e-01 4.37472884185796040413e+00 -5.19626547061405097416e-01 1.06324216788416904933e+02 3.85880005138934001341e-01
8.43699766400801687283e-01 4.37607082318597573334e+00 -5.19310006026331594242e-01 1.06318047103951258237e+02 3.86942031902708760693e-01
8.45048351473580483528e-01 4.37741145866198344550e+00 -5.18992790811703907927e-01 1.06311887259965558883e+02 3.87997451663762649154e-01
8.46391183291893445251e-01 4.37875070442798808301e+00 -5.18674903164180078896e-01 1.06305737365572625208e+02 3.89046588140629867603e-01
8.47728252713479291103e-01 4.38008851986055081085e+00 -5.18356351122455927261e-01 1.06299597706312994205e+02 3.90089457759499880218e-01
8.49059550635307469513e-01 4.38142486696227706489e+00 -5.18037155482325539779e-01 1.06293468714879423942e+02 3.91125444804997612902e-01
8.50385067993641552420e-01 4.38275970431288630635e+00 -5.17717326061391869274e-01 1.06287350661065914892e+02 3.92154494489080407416e-01
8.51704795764099964472e-01 4.38409298637983813052e+00 -5.17396864208880313818e-01 1.06281243617819441738e+02 3.93176985972024994886e-01
8.53018724961718044497e-01 4.38542468296195497857e+00 -5.17075801378880872683e-01 1.06275148448084422625e+02 3.94191797772308338832e-01
8.54326846641008552652e-01 4.38675474235541607015e+00 -5.16754131664473148611e-01 1.06269064936523022880e+02 3.95199691084271775843e-01
8.55629151896023509849e-01 4.38808312667156474873e+00 -5.16431872737296293607e-01 1.06262993579870652638e+02 3.96200254524555650626e-01
8.56925631860413927754e-01 4.38940979510769668792e+00 -5.16109019685009995371e-01 1.06256934719641733977e+02 3.97194211082231851684e-01
8.58216277707490537985e-01 4.39071953427864070107e+00 -5.15765917699753773107e-01 1.06250122010941993267e+02 3.99165257443287291306e-01
8.59501080650284077223e-01 4.39204146889895774564e+00 -5.15438829699908063198e-01 1.06244029493346261006e+02 4.00299912237726096542e-01
8.60780031941604684143e-01 4.39336180538725251665e+00 -5.15115018983625216897e-01 1.06237963672515732583e+02 4.01235160534595625137e-01
8.62053122874101962481e-01 4.39468003316006683434e+00 -5.14788641739397978547e-01 1.06231899915670979340e+02 4.02264773112668838628e-01
8.63320344780323600808e-01 4.39599626652598818310e+00 -5.14461687054162175592e-01 1.06225846922499215452e+02 4.03289465951549519485e-01
8.64581689032775213555e-01 4.39731045737340586754e+00 -5.14134158849915756662e-01 1.06219804756234665888e+02 4.04309582044798887512e-01
8.65837147043978516692e-01 4.39862256060471334962e+00 -5.13806067237878028031e-01 1.06213773644335688573e+02 4.05325164590924436059e-01
8.67086710266529503421e-01 4.39993252807606882726e+00 -5.13477420460843436700e-01 1.06207753672405289080e+02 4.06336359823533610491e-01
8.68330370193157397019e-01 4.40124031624051603728e+00 -5.13148236604225815860e-01 1.06201745170332543466e+02 4.07342832029227941426e-01
8.69568118356782493450e-01 4.40254587449169765279e+00 -5.12818522071245785909e-01 1.06195748122403259117e+02 4.08344839687149685492e-01
8.70799946330572671727e-01 4.40384915932403142591e+00 -5.12488288555615234543e-01 1.06189762881271164474e+02 4.09342388297999126845e-01
8.72025845728002679813e-01 4.40515012041318509972e+00 -5.12157547729656825730e-01 1.06183789469011699680e+02 4.10335493205404022721e-01
8.73245808202909201690e-01 4.40644871128584458830e+00 -5.11826312410165629174e-01 1.06177828111937714084e+02 4.11324124052139805663e-01
8.74459825449549366105e-01 4.40774488459655966466e+00 -5.11494593730414726096e-01 1.06171878977142569056e+02 4.12308340445568410892e-01
8.75667889202656035685e-01 4.40903858897639366887e+00 -5.11162400179380527199e-01 1.06165942116165936682e+02 4.13288359397715410193e-01
8.76869991237495205461e-01 4.41032978220808846714e+00 -5.10829754660632961993e-01 1.06160017979475625793e+02 4.14263673627624340323e-01
8.78066123369920736863e-01 4.41161840849165098888e+00 -5.10496657629116112886e-01 1.06154106366435115660e+02 4.15234912140283407567e-01
8.79256277456431312167e-01 4.41290442635172563968e+00 -5.10163132362454141422e-01 1.06148207809646933697e+02 4.16201576907153869556e-01
8.80440445394225390530e-01 4.41418778054120330978e+00 -5.09829184155335624062e-01 1.06142322158494238238e+02 4.17164076835289276968e-01
8.81618619121255608917e-01 4.41546842347650336791e+00 -5.09494827066075961497e-01 1.06136449658336587731e+02 4.18122395641003341549e-01
8.82790790616284959391e-01 4.41674630682343227761e+00 -5.09160076935041394641e-01 1.06130590527636840648e+02 4.19076439066295103331e-01
8.83956951898940523904e-01 4.41802137813517337150e+00 -5.08824939941855847181e-01 1.06124744786811021413e+02 4.20026605778109463074e-01
8.85117095029768430337e-01 4.41929359093449214413e+00 -5.08489445340594814482e-01 1.06118912770821268055e+02 4.20972154621304162081e-01
8.86271212110287143204e-01 4.42056289151392078907e+00 -5.08153590410939326460e-01 1.06113094454553120727e+02 4.21913951238839846081e-01
8.87419295283041753564e-01 4.42182923052732768099e+00 -5.07817400854239320296e-01 1.06107290048294771623e+02 4.22851454317077379841e-01
8.88561336731657602783e-01 4.42309255688147118235e+00 -5.07480872191004683813e-01 1.06101499676353256518e+02 4.23785640508449135133e-01
8.89697328680893129160e-01 4.42435282080805958316e+00 -5.07144046790112157375e-01 1.06095723551625766845e+02 4.24715159930229235741e-01
8.90827263396692936581e-01 4.42560996841033915672e+00 -5.06806915637020627408e-01 1.06089961633003539987e+02 4.25641248460265353426e-01
8.91951133186240308071e-01 4.42686395403330745779e+00 -5.06469514231832507178e-01 1.06084214438411436277e+02 4.26562906326683310976e-01
8.93068930398010163429e-01 4.42811471214401031204e+00 -5.06131824191999091234e-01 1.06078481364881938021e+02 4.27481853330966166116e-01
8.94180647421820240517e-01 4.42936220380362222215e+00 -5.05793890962142222989e-01 1.06072763202942340399e+02 4.28396637487221620955e-01
8.95286276688883719821e-01 4.43060637363121667676e+00 -5.05455717742662291592e-01 1.06067059919899037368e+02 4.29307920961587707875e-01
8.96385810671860183696e-01 4.43184716590307825612e+00 -5.05117342714160089123e-01 1.06061371484711486346e+02 4.30214634212481628062e-01
8.97479241884907241733e-01 4.43308453008020464381e+00 -5.04778727133711413444e-01 1.06055698111189741439e+02 4.31119554328398879584e-01
8.98566562883731378975e-01 4.43431842317420432664e+00 -5.04440019899998537412e-01 1.06050040451417984855e+02 4.32016124615134111675e-01
8.99647766265638582084e-01 4.43554902653361349252e+00 -5.04101583745064640851e-01 1.06044410398566000708e+02 4.32887224272075044063e-01
9.00722844669584632449e-01 4.43677548043079461593e+00 -5.03761756681641470479e-01 1.06038767426580093911e+02 4.33816253131499518503e-01
9.01791790776225510307e-01 4.43803826664835998628e+00 -5.03466112505946750133e-01 1.06035142499365051094e+02 4.32547671779192066666e-01
9.02854597307967132735e-01 4.43924669242054914520e+00 -5.03121458487415851302e-01 1.06028996873072102858e+02 4.33694676288291891542e-01
9.03911257029014647557e-01 4.44046262237949296292e+00 -5.02781741580363927824e-01 1.06023428593404602793e+02 4.34590770167817663783e-01
9.04961762745422060306e-01 4.44167324890359704881e+00 -5.02439092226204198077e-01 1.06017800686949243527e+02 4.35624755220882509121e-01
9.06006107305140861996e-01 4.44288548180843356761e+00 -5.02105961891319951818e-01 1.06012463299956465335e+02 4.36180382848263992202e-01
9.07044283598068878938e-01 4.44409164104321696698e+00 -5.01771260417601561166e-01 1.06007033959795606393e+02 4.36808015177524100459e-01
9.08076284556099455614e-01 4.44529337640251753783e+00 -5.01430812285878158008e-01 1.06001596291867983268e+02 4.37716609743095896867e-01
9.09102103153167639960e-01 4.44649388835019543365e+00 -5.01095771797029687633e-01 1.05996315511509791918e+02 4.38353646409048613997e-01
9.10121732405300032376e-01 4.44768517350526604304e+00 -5.00754894590749288774e-01 1.05990793342097617824e+02 4.39276536958146057721e-01
9.11135165370661193052e-01 4.44887502959046354789e+00 -5.00416639911440253030e-01 1.05985422651605588840e+02 4.40068283272883664647e-01
9.12142395149601159510e-01 4.45006148248753863328e+00 -5.00080956526523623396e-01 1.05980108144684692206e+02 4.40731954323252184125e-01
9.13143414884702742107e-01 4.45124332730271721204e+00 -4.99744080473971952205e-01 1.05974791667816120366e+02 4.41455186110605524163e-01
9.14138217760827709313e-01 4.45242088873898023138e+00 -4.99406925737906903784e-01 1.05969492409489447482e+02 4.42193803730381029826e-01
9.15126797005163528098e-01 4.45359436624275328853e+00 -4.99070479109659459471e-01 1.05964223540678588620e+02 4.42899805679461522345e-01
9.16109145887269216146e-01 4.45476344677428759411e+00 -4.98734055819623156580e-01 1.05958972102897519108e+02 4.43608241537921998976e-01
9.17085257719121638154e-01 4.45592810228531543970e+00 -4.98397655933649375015e-01 1.05953739560518727103e+02 4.44320189225618444873e-01
9.18055125855160469861e-01 4.45708843318678038514e+00 -4.98061541989198219849e-01 1.05948533834156521038e+02 4.45023761465684619676e-01
9.19018743692333606177e-01 4.45824429751219675211e+00 -4.97725930722819787100e-01 1.05943350810752590974e+02 4.45709289375136097355e-01
9.19976104670142347253e-01 4.45939566406885035121e+00 -4.97390458137632385238e-01 1.05938191693953726258e+02 4.46395948233879902300e-01
9.20927202270686140473e-01 4.46054244503389973886e+00 -4.97055433090248799388e-01 1.05933055094668034712e+02 4.47069543037563188470e-01
9.21872030018706323240e-01 4.46168462106610075324e+00 -4.96720740816799621875e-01 1.05927942888629715412e+02 4.47736916275220941941e-01
9.22810581481630642919e-01 4.46282219298822724340e+00 -4.96386320492367416612e-01 1.05922857916999063832e+02 4.48402382836717183778e-01
9.23742850269617443715e-01 4.46395488469083634442e+00 -4.96052203225083476745e-01 1.05917789492014989605e+02 4.49065246316774524526e-01
9.24668830035598299233e-01 4.46508299072330583357e+00 -4.95719073142184107894e-01 1.05912755247560923522e+02 4.49693030814658445404e-01
9.25588514475321866293e-01 4.46620620458340589209e+00 -4.95386183722865525159e-01 1.05907742641314158050e+02 4.50323823008849655203e-01
9.26501897327396517490e-01 4.46732445834348901315e+00 -4.95053291732859446217e-01 1.05902751112403208822e+02 4.50970853263890636420e-01
9.27408972373333306827e-01 4.46843778554586545937e+00 -4.94720981007179705369e-01 1.05897785392261852166e+02 4.51606454596176765115e-01
9.28309733437587714100e-01 4.46954563091370715711e+00 -4.94384656091304275360e-01 1.05892819382830850827e+02 4.52459072583963395342e-01
9.29204174387602388485e-01 4.47064869011430321422e+00 -4.94055518892941303299e-01 1.05887894059576879613e+02 4.52975897094508583862e-01
9.30092289133848337812e-01 4.47174801183703696239e+00 -4.93728668543455873063e-01 1.05883062572792439937e+02 4.53401138032601347394e-01
9.30974071629866561928e-01 4.47284174315249938303e+00 -4.93401399185913303036e-01 1.05878235233544984339e+02 4.53869530220111838670e-01
9.31849515872309464015e-01 4.47392964316765429089e+00 -4.93073876004970101938e-01 1.05873403118541148160e+02 4.54373685839725982571e-01
9.32718615900981373734e-01 4.47501327729340037109e+00 -4.92755008305632125065e-01 1.05868649450904484866e+02 4.54475207179517559641e-01
9.33581365798879514450e-01 4.47608902343285741665e+00 -4.92412575130975749271e-01 1.05863787317102861607e+02 4.55766779631329166378e-01
9.34437759692233416153e-01 4.47716460118883485819e+00 -4.92091193100455570608e-01 1.05859216005415078143e+02 4.56047103042794221839e-01
9.35287791750546215752e-01 4.47822791278410292648e+00 -4.91760404136279472009e-01 1.05854330408012856424e+02 4.56818674451614281651e-01
9.36131456186633403860e-01 4.47928955940530837410e+00 -4.91431629202392361577e-01 1.05849661026358973004e+02 4.57522026418637595135e-01
9.36968747256662348732e-01 4.48034247045501654583e+00 -4.91102019088187291551e-01 1.05844860508966746693e+02 4.58296858311604327074e-01
9.37799659260191820209e-01 4.48139489192481921265e+00 -4.90786067599054742772e-01 1.05840343936530274505e+02 4.58432022172094832957e-01
9.38624186540210181384e-01 4.48244124763382956189e+00 -4.90477356741670644791e-01 1.05835836531896987367e+02 4.58243611271855366684e-01
9.39442323483174468457e-01 4.48348804808556078427e+00 -4.90160209824701931236e-01 1.05831657150810301005e+02 4.58509373638013584262e-01
9.40254064519048693427e-01 4.48451725630924258326e+00 -4.89835648174266169441e-01 1.05826918814794154855e+02 4.59173848535272044469e-01
9.41059404121340592475e-01 4.48553621448445039022e+00 -4.89502667939460123225e-01 1.05821986548121287797e+02 4.60290229883443480219e-01
9.41858336807141038882e-01 4.48655981023779748540e+00 -4.89178400593584472578e-01 1.05817603557018713900e+02 4.61019854509690907296e-01
9.42650857137159903232e-01 4.48757554972773053947e+00 -4.88861268210822319524e-01 1.05813155753730555375e+02 4.61437866257764006672e-01
9.43436959715763689971e-01 4.48857348340240935869e+00 -4.88560832922214527407e-01 1.05808159024477404841e+02 4.61071298329097989388e-01
9.44216639191012285792e-01 4.48958323820016147465e+00 -4.88352382353851643959e-01 1.05804103148481488006e+02 4.56220349894381704825e-01
9.44989890254695485972e-01 4.49062907842650016477e+00 -4.88308592001616248446e-01 1.05802211868478536871e+02 4.43315816081099545176e-01
9.45756707642368521505e-01 4.49150761778620921660e+00 -4.87283814505410695084e-01 1.05792061324368049213e+02 4.78746562253032859058e-01
9.46517086133388918512e-01 4.49252942444889225015e+00 -4.87298621435546697178e-01 1.05789673255006846375e+02 4.63047174612094325497e-01
9.47271020550951026173e-01 4.49347534341709131667e+00 -4.86819920241774450886e-01 1.05783707341704882765e+02 4.71688075166381115544e-01
9.48018505762121987956e-01 4.49431714764853840194e+00 -4.86183631349791534060e-01 1.05772896214484759980e+02 4.88102424871499018799e-01
9.48759536677876158528e-01 4.49542299073141560228e+00 -4.86467992365762935680e-01 1.05775763579303969664e+02 4.59328642948742760233e-01
9.49494108253130075781e-01 4.49640288764340301242e+00 -4.86143781861361423680e-01 1.05772553707693418801e+02 4.60536721453646602509e-01
9.50222215486776988769e-01 4.49735408501525224523e+00 -4.85545043774466222875e-01 1.05768179095534577527e+02 4.75305322009503927738e-01
9.50943853421720053376e-01 4.49825135779609031061e+00 -4.85236039513391836930e-01 1.05761605680383837580e+02 4.75849333198115564958e-01
9.51659017144907415364e-01 4.49921684935539101247e+00 -4.85055940031239973820e-01 1.05758790210458514025e+02 4.70136206595787975449e-01
9.52367701787364628885e-01 4.50023024128897031204e+00 -4.85023832625325279633e-01 1.05758740800488865830e+02 4.57224163070465150494e-01
9.53069902524227741125e-01 4.50117597748437336946e+00 -4.84715945569479167432e-01 1.05755621101988438681e+02 4.57922084952930130708e-01
9.53765614574776932066e-01 4.50166698120442632103e+00 -4.83294750828003882859e-01 1.05730084329843961655e+02 5.13267732087257733120e-01
9.54454833202468377884e-01 4.50298287979576450368e+00 -4.84220965995581731356e-01 1.05746351796720702509e+02 4.53544160829034204152e-01
9.55137553714966891505e-01 4.50380631654968510702e+00 -4.83524152583789001980e-01 1.05738166686046895393e+02 4.73519815556721013206e-01
9.55813771464177897030e-01 4.50466015137922148881e+00 -4.83025106448215058030e-01 1.05731918048241041674e+02 4.83848419835977094916e-01
9.56483481846278404959e-01 4.50560602314309566196e+00 -4.82985808182700149249e-01 1.05730737167061704440e+02 4.71684644781321604778e-01
9.57146680301749208652e-01 4.50651536776368821791e+00 -4.82813829082371637202e-01 1.05728086479180419133e+02 4.66105030126582331462e-01
9.57803362315405748539e-01 4.50737789721370685214e+00 -4.82603673048381753841e-01 1.05723497536930935325e+02 4.62460128048572727266e-01
9.58453523416427977111e-01 4.50823208852518941825e+00 -4.82064874625136197128e-01 1.05718755776092635301e+02 4.75033941945744553337e-01
9.59097159178392222323e-01 4.50909047177915400795e+00 -4.81770631321276121550e-01 1.05714694098754137030e+02 4.75672106008121653442e-01
9.59734265219300386462e-01 4.50994503910332067420e+00 -4.81471488913172984692e-01 1.05710828146925337023e+02 4.76629106081092823732e-01
9.60364837201609811146e-01 4.51079059444175722859e+00 -4.81181447411097640288e-01 1.05706911901731203329e+02 4.77217404760181707069e-01
9.60988870832263142319e-01 4.51163358307158990357e+00 -4.80905584386301376831e-01 1.05703264054382231052e+02 4.77191212815626819577e-01
9.61606361862717418099e-01 4.51247069129425781853e+00 -4.80628822054875781689e-01 1.05699719784062622807e+02 4.77291653099889412459e-01
9.62217306088972823552e-01 4.51329352102006442493e+00 -4.80341065870306782593e-01 1.05695865590654562993e+02 4.78012468230351761367e-01
9.62821699351601556494e-01 4.51411014584004455230e+00 -4.80054056637415849096e-01 1.05692104830542632499e+02 4.78781972678171741098e-01
9.63419537535776138171e-01 4.51491743831513403507e+00 -4.79757337445525011699e-01 1.05688284205036325147e+02 4.80113774819922234371e-01
9.64010816571297390887e-01 4.51572652530349127886e+00 -4.79504949882574138531e-01 1.05684969917854601817e+02 4.79362153757634024132e-01
9.64595532432621638463e-01 4.51653110960958503739e+00 -4.79261927050387115390e-01 1.05681843399950153639e+02 4.78242517016083223957e-01
9.65173681138889238973e-01 4.51731275946679566857e+00 -4.79004629460546338393e-01 1.05677993996103509744e+02 4.77908751917324792213e-01
9.65745258753950674979e-01 4.51815362460492231378e+00 -4.78773239380946458166e-01 1.05677468176865872351e+02 4.76423945096189849213e-01
9.66310261386393642979e-01 4.51887137941446681566e+00 -4.78526013205731348688e-01 1.05671314295137520389e+02 4.75765380396905634974e-01
9.66868685189569476712e-01 4.51964599602827021840e+00 -4.78192924715550304882e-01 1.05668327507921802066e+02 4.79437337110527050932e-01
9.67420526361620347622e-01 4.52037465475133526382e+00 -4.77864442907583730769e-01 1.05663506773258546900e+02 4.82965264278627681716e-01
9.67965781145503245675e-01 4.52104591873627192911e+00 -4.77149034664866356081e-01 1.05656138623385558617e+02 5.05532515197078424762e-01
9.68504445829016735736e-01 4.52182706992444494176e+00 -4.77134127558080434195e-01 1.05654859320705938330e+02 4.93918642841302935054e-01
9.69036516744826603720e-01 4.52260894356886655743e+00 -4.77103471360624087350e-01 1.05654030220698231801e+02 4.83185817463881728262e-01
9.69561990270489948429e-01 4.52347472011546791748e+00 -4.77060756498349225474e-01 1.05657731933784560852e+02 4.73187167094615168672e-01
9.70080862828479939530e-01 4.52409719239782415201e+00 -4.77158667376546163919e-01 1.05649999241805758743e+02 4.56316063520543824250e-01
9.70593130886211241659e-01 4.52479871568190894493e+00 -4.76581042586662229077e-01 1.05646302496680775107e+02 4.72673268102884291952e-01
9.71098790956062218882e-01 4.52549040673917968292e+00 -4.76170091072160128753e-01 1.05642626035047584310e+02 4.80971824926765767483e-01
9.71597839595400469825e-01 4.52614562980178547491e+00 -4.75827808584129652303e-01 1.05637623697800378864e+02 4.86006395693271531222e-01
9.72090273406605143158e-01 4.52683501762805029500e+00 -4.75598547673016847082e-01 1.05634777237090958124e+02 4.85636243544929457894e-01
9.72576089037090585343e-01 4.52751936228513329752e+00 -4.75365566763497893188e-01 1.05632122036302163792e+02 4.85563294874312378901e-01
9.73055283179328878163e-01 4.52818896141384463760e+00 -4.75132154481728186113e-01 1.05629190590850470244e+02 4.85621868523375022075e-01
9.73527852570872820337e-01 4.52884657036398952101e+00 -4.74888987218159253079e-01 1.05626108903052099208e+02 4.86274876531870847707e-01
9.73993793994377243806e-01 4.52950006465416787904e+00 -4.74658606750596345769e-01 1.05623277167950931243e+02 4.86422226656735068318e-01
9.74453104277621995344e-01 4.53014427801052477207e+00 -4.74430970002565344235e-01 1.05620440618345369899e+02 4.86554933940175404761e-01
9.74905780293532697733e-01 4.53077911368337726827e+00 -4.74203724098049284041e-01 1.05617600064631318446e+02 4.86786121110262870459e-01
9.75351818960202621156e-01 4.53140635892840393240e+00 -4.73981439732720721825e-01 1.05614838550468363110e+02 4.86900778632804842605e-01
9.75791217240913111297e-01 4.53202401589048609054e+00 -4.73763814690904006000e-01 1.05612064287908737015e+02 4.86911680865989404676e-01
9.76223972144155016650e-01 4.53263604527601948746e+00 -4.73557145460305917162e-01 1.05609475618818834164e+02 4.86514205947251532347e-01
9.76650080723648006398e-01 4.53324980766446739011e+00 -4.73342273738344143652e-01 1.05607431353783056238e+02 4.86644597449050309024e-01
9.77069540078361775670e-01 4.53383334093365597539e+00 -4.73124264611874512099e-01 1.05604363496241433040e+02 4.87052754681191080177e-01
9.77482347352534808316e-01 4.53440873983624648247e+00 -4.72891650227500903725e-01 1.05601354106857485249e+02 4.88305593694595030385e-01
9.77888499735694360915e-01 4.53497865963218682595e+00 -4.72666505950237181288e-01 1.05598548985603201800e+02 4.89320301614035002569e-01
9.78287994462675891683e-01 4.53553521770076351061e+00 -4.72447651009825109192e-01 1.05595554787056400414e+02 4.90164140528192016077e-01
9.78680828813640935060e-01 4.53611790411098514397e+00 -4.72280528825154366501e-01 1.05594326847184817098e+02 4.88629492039892421307e-01
9.79067000114096308572e-01 4.53666770710458067128e+00 -4.72106079535393186042e-01 1.05591958464674846141e+02 4.87579680551944283362e-01
9.79446505734912542529e-01 4.53720153584327423602e+00 -4.71903845229584617549e-01 1.05589274522529777300e+02 4.88013691081414680006e-01
9.79819343092340866441e-01 4.53772908203854363762e+00 -4.71684330948531682637e-01 1.05586744657847233952e+02 4.89439661481841703505e-01
9.80185509648031860763e-01 4.53824215353062410117e+00 -4.71468155275037437146e-01 1.05583984052477433124e+02 4.90840771284275834141e-01
9.80545002909051777173e-01 4.53874685934106736340e+00 -4.71244705398696506204e-01 1.05581293422552718653e+02 4.92728883685281893179e-01
9.80897820427900302143e-01 4.53925991170432663324e+00 -4.71102396560854452812e-01 1.05579518364070764846e+02 4.90813737947808081952e-01
9.81243959802526766190e-01 4.53975367167427901194e+00 -4.70917933486378559316e-01 1.05577263301827443343e+02 4.91098112592353253092e-01
9.81583418676346575182e-01 4.54023729590661417888e+00 -4.70731406274728148009e-01 1.05574998783047846018e+02 4.91616773190347577938e-01
9.81916194738257197550e-01 4.54071264172081701105e+00 -4.70548851157968461845e-01 1.05572810462691563771e+02 4.92099896101562350736e-01
9.82242285722654373536e-01 4.54117689715163397324e+00 -4.70369135284923522988e-01 1.05570566856158009728e+02 4.92592531883643769408e-01
9.82561689409446659127e-01 4.54163295485069884450e+00 -4.70193431322475874357e-01 1.05568411363541869719e+02 4.93040107984228037630e-01
9.82874403624071413255e-01 4.54208790398955208900e+00 -4.70025785810124663300e-01 1.05566697114618420983e+02 4.93232474048947044931e-01
9.83180426237509119680e-01 4.54267837158829035360e+00 -4.70069477659442902517e-01 1.05572173257080265785e+02 4.83339545164851169812e-01
9.83479755166297819891e-01 4.54304038694751710636e+00 -4.69842007191745181238e-01 1.05566874005070133080e+02 4.86742382681366381192e-01
9.83772388372547657021e-01 4.54344606800018091519e+00 -4.69573125457549478412e-01 1.05564183585422100009e+02 4.92323905528482652638e-01
9.84058323863954753641e-01 4.54383463522979536009e+00 -4.69318164295299600219e-01 1.05561154720407571972e+02 4.97395494387580350271e-01
9.84337559693814090345e-01 4.54418272753118035467e+00 -4.69127428881123575977e-01 1.05556674344544006772e+02 4.99476976348776247061e-01
9.84610093961033494558e-01 4.54451237648929762258e+00 -4.68915714062375588167e-01 1.05551783659693853679e+02 5.02714040325550559629e-01
9.84875924810146630151e-01 4.54529539066163579264e+00 -4.70211009857668116307e-01 1.05570151900429195280e+02 4.32808810853606229507e-01
9.85135050431324765796e-01 4.54540675946712902089e+00 -4.68809099780454596740e-01 1.05555100497727678999e+02 4.94367868774751750838e-01
9.85387469060390319697e-01 4.54560646560752257272e+00 -4.68205487570810041653e-01 1.05545196418724572140e+02 5.17153362207353861635e-01
9.85633178978827628747e-01 4.54608875328903661028e+00 -4.68391220354395343417e-01 1.05549922883279208463e+02 5.01750453339984470169e-01
9.85872178513795716093e-01 4.54651463533628419356e+00 -4.68551732422713251847e-01 1.05552389414226340136e+02 4.87723076669292210372e-01
9.86104466038138838258e-01 4.54688191724720347509e+00 -4.68509060440613023246e-01 1.05552411206972891478e+02 4.83721608139698833195e-01
9.86330039970398142479e-01 4.54717499389058144033e+00 -4.68457859087750227989e-01 1.05549317243565042190e+02 4.80300409003443118383e-01
9.86548898774822102808e-01 4.54749337322938895767e+00 -4.69061936765920783898e-01 1.05548246070964736987e+02 4.45109004349969472614e-01
9.86761040961377400293e-01 4.54841305791273686765e+00 -4.69138119066731251738e-01 1.05576777104921049499e+02 4.36089662049119308751e-01
9.86966465085758248854e-01 4.54769039653940243539e+00 -4.67016957212866068438e-01 1.05524770769880475996e+02 5.33638095621208674579e-01
9.87165169749397164445e-01 4.54846311049310081387e+00 -4.68368596153104610469e-01 1.05547711341906307325e+02 4.62721882739248357996e-01
9.87357153599473957861e-01 4.54942420292019722439e+00 -4.71312804507269089704e-01 1.05580974200055621282e+02 3.14397011238119750143e-01
9.87542415328925060614e-01 4.54984322731981372101e+00 -4.64519918707493539856e-01 1.05584128469492696922e+02 6.40756480983306508925e-01
9.87720953676452295689e-01 4.54919965331508002748e+00 -4.67509139430442477448e-01 1.05540323738099743878e+02 4.89886927356099455277e-01
9.87892767426531648312e-01 4.54906330258277691314e+00 -4.71063382695175170145e-01 1.05521890257966845184e+02 3.11936955862830045394e-01
9.88057855409421592618e-01 4.55008669337484406014e+00 -4.68901339171579500942e-01 1.05558123573275111085e+02 4.13278711505906615198e-01
9.88216216501170752196e-01 4.54988882904454605693e+00 -4.66971005564711383329e-01 1.05535381520068511918e+02 5.02943941616852741028e-01
9.88367849623625893685e-01 4.54913503278381181616e+00 -4.63905967554019860177e-01 1.05485507803741512589e+02 6.47836864671374690339e-01
9.88512753744439143233e-01 4.54911927929646431323e+00 -4.60555724342367078794e-01 1.05471873462749783812e+02 8.07106623846276516332e-01
9.88650927877074869876e-01 4.54968816195891623266e+00 -4.62376470314578236209e-01 1.05489803433419965017e+02 7.14848380274364259002e-01
9.88782371080816346876e-01 4.54942575184126507537e+00 -4.64628210428088384010e-01 1.05467927145554526192e+02 6.01416870867019892621e-01
9.88907082460772635102e-01 4.55090345664433559847e+00 -4.66768878516551355418e-01 1.05531245373455448089e+02 4.94379991767705806449e-01
9.89025061167884578239e-01 4.55186270931532455108e+00 -4.68514823568121074882e-01 1.05569608496610754855e+02 4.06489596238250483484e-01
9.89136306398929687766e-01 4.55128702129028450685e+00 -4.68260419684896789239e-01 1.05532823800861336849e+02 4.15609824844464015303e-01
9.89240817396528693273e-01 4.55135250542186309275e+00 -4.66476371361047748021e-01 1.05527113413170610556e+02 4.99663280341886506530e-01
9.89338593449150427439e-01 4.55155437111733984779e+00 -4.66583956451603942828e-01 1.05529416405204429452e+02 4.91834542405000463283e-01
9.89429633891116377953e-01 4.55182215842163273578e+00 -4.67366311004271228757e-01 1.05535748022734338747e+02 4.51340056475271866887e-01
9.89513938102605350444e-01 4.55225461904911110622e+00 -4.67577001893081323214e-01 1.05550372786439382367e+02 4.38954422335645910724e-01
9.89591505509657798356e-01 4.55194677852477092017e+00 -4.67077656648540728845e-01 1.05529139720103742661e+02 4.61028134306825654321e-01
9.89662335584179708725e-01 4.55219784496162205301e+00 -4.66806921148833264823e-01 1.05535730096837937708e+02 4.72334133445722503808e-01
9.89726427843945932850e-01 4.55221907441027440200e+00 -4.66585418536646756582e-01 1.05531692798715724280e+02 4.81377135905574904395e-01
9.89783781852604072071e-01 4.55224084702787212819e+00 -4.66370098260625198794e-01 1.05528206983256168883e+02 4.90303094877663325768e-01
9.89834397219676587198e-01 4.55226961762504256370e+00 -4.66272855145996201198e-01 1.05525637143652005534e+02 4.93663842444443889956e-01
9.89878273600564240198e-01 4.55234719695275469320e+00 -4.66224275405597188282e-01 1.05525989678196211230e+02 4.94860250904578080622e-01
9.89915410696548092595e-01 4.55239611332670435218e+00 -4.66240231710736918735e-01 1.05525497487907344407e+02 4.93084766272796071185e-01
9.89945808254791503877e-01 4.55245189962750895774e+00 -4.66251406742044960385e-01 1.05525860859800005187e+02 4.91730297461156928840e-01
9.89969466068341796827e-01 4.55248971331624030512e+00 -4.66260209352101828717e-01 1.05525870673320241622e+02 4.90668480815449004062e-01
