00000000000000000000 -3.96290529769160304596e+00 -9.61834451134249257542e-01 00000000000000000108 4.27005251326818504466e-23
2.58315720529896097890e-03 -3.96252283739686017583e+00 -9.61835478993510961665e-01 1.08000360800681292517e+02 8.44615990856487140834e-05
5.16629682395841009074e-03 -3.96214412165061391491e+00 -9.61835549839178960418e-01 1.08000698715007516171e+02 1.57151704523548373842e-04
7.74940126945856955221e-03 -3.96176914921514722323e+00 -9.61834664638378300516e-01 1.08001013755538977534e+02 2.18072788813137322063e-04
1.03324529555191297475e-02 -3.96139791881782166172e+00 -9.61832824343503145492e-01 1.08001305935163784966e+02 2.67227657049310611103e-04
1.29154342962189676997e-02 -3.96103042915132297352e+00 -9.61830029891615145843e-01 1.08001575267108435696e+02 3.04619412537554036004e-04
1.54983277061159028382e-02 -3.96066667887322632069e+00 -9.61826282205934579572e-01 1.08001821764912207868e+02 3.30251534650511356390e-04
1.80811156003663868475e-02 -3.96030666660650831901e+00 -9.61821582194377189268e-01 1.08002045442452455859e+02 3.44127798156466273901e-04
2.06637803948452533631e-02 -3.95995039093929035445e+00 -9.61815930750435477137e-01 1.08002246313928864652e+02 3.46252318229335804591e-04
2.32463045062654173611e-02 -3.95959785042574941016e+00 -9.61809328751646375188e-01 1.08002424393909976175e+02 3.36629466181681926470e-04
2.58286703522975918945e-02 -3.95924904358384077696e+00 -9.61801777063534757417e-01 1.08002579697210052245e+02 3.15264078348390759058e-04
2.84108603516900135033e-02 -3.95890396889801765568e+00 -9.61793276535099050939e-01 1.08002712239032177877e+02 2.82161211946646171486e-04
3.09928569243880722150e-02 -3.95856262481775189599e+00 -9.61783828001365748150e-01 1.08002822034888268377e+02 2.37326279573141327595e-04
3.35746424916540803229e-02 -3.95822500975786928379e+00 -9.61773432282913343094e-01 1.08002909100614829185e+02 1.80765021373786280478e-04
3.61561994761869162640e-02 -3.95789112209990578961e+00 -9.61762090184452134167e-01 1.08002973452444678060e+02 1.12483426526692085416e-04
3.87375103022416650278e-02 -3.95756096018789760294e+00 -9.61749802499440864523e-01 1.08003015106780338783e+02 3.24879778003978221534e-05
4.13185573957493418318e-02 -3.95723452233369510367e+00 -9.61736570004410484813e-01 1.08003034080477121393e+02 -5.92146546310126048831e-05
4.38993231844364839578e-02 -3.95691180681392351559e+00 -9.61722393462291713639e-01 1.08003030390679526818e+02 -1.62617437603484825794e-04
4.64797900979448119774e-02 -3.95659281187066458330e+00 -9.61707273621740243996e-01 1.08003004054856774019e+02 -2.77713013722208443973e-04
4.90599405679508632216e-02 -3.95627753571145390765e+00 -9.61691211217186148197e-01 1.08002955090802160498e+02 -4.04493701386237952851e-04
5.16397570282855211676e-02 -3.95596597650928405443e+00 -9.61674206968882283597e-01 1.08002883516632138594e+02 -5.42951494665849473432e-04
5.42192219150537807471e-02 -3.95565813240526420458e+00 -9.61656261581060545218e-01 1.08002789350928395606e+02 -6.93078164843068307045e-04
5.67983176667541181382e-02 -3.95535400149960425509e+00 -9.61637375748371270312e-01 1.08002672612254940532e+02 -8.54864918363472392482e-04
5.93770267243982005634e-02 -3.95505358186347821814e+00 -9.61617550147539246197e-01 1.08002533319792362931e+02 -1.02830284622769754267e-03
6.19553315316303740423e-02 -3.95475687153195343271e+00 -9.61596785442398682697e-01 1.08002371492959525767e+02 -1.21338265721049960895e-03
6.45332145348472135948e-02 -3.95446386850558972981e+00 -9.61575082282817850121e-01 1.08002187151498915796e+02 -1.41009473850949918795e-03
6.71106581833170040552e-02 -3.95417457075042877435e+00 -9.61552441304741156713e-01 1.08001980315476146188e+02 -1.61842915600027043195e-03
6.96876449292992278250e-02 -3.95388897619798962424e+00 -9.61528863130242550383e-01 1.08001751005279629680e+02 -1.83837565446612035205e-03
7.22641572281641081377e-02 -3.95360708274767391757e+00 -9.61504348366525540825e-01 1.08001499241749954194e+02 -2.06992371411778963014e-03
7.48401775385119094608e-02 -3.95332888825824291246e+00 -9.61478897609648441858e-01 1.08001225045723600715e+02 -2.31306235409108095283e-03
7.74156883222925085164e-02 -3.95305439055928165004e+00 -9.61452511439632395707e-01 1.08000928438647548546e+02 -2.56778039734709920966e-03
7.99906720449247571336e-02 -3.95278358744422630977e+00 -9.61425190423504161252e-01 1.08000609442205842470e+02 -2.83406631076909502204e-03
8.25651111754157757128e-02 -3.95251647667193317659e+00 -9.61396935114662509747e-01 1.08000268078405227357e+02 -3.11190824228636461757e-03
8.51389881864804548561e-02 -3.95225305596667464414e+00 -9.61367746052930738365e-01 1.07999904369574906582e+02 -3.40129402122092954625e-03
8.77122855546606100541e-02 -3.95199332301810768442e+00 -9.61337623764604964904e-01 1.07999518338366314651e+02 -3.70221115863525939912e-03
9.02849857604444694381e-02 -3.95173727548125874875e+00 -9.61306568762514190851e-01 1.07999110007752904039e+02 -4.01464684769613222581e-03
9.28570712883857868336e-02 -3.95148491097857679222e+00 -9.61274581545638273639e-01 1.07998679401141416179e+02 -4.33858798695069616813e-03
9.54285246272232184905e-02 -3.95123622709240018835e+00 -9.61241662600702650998e-01 1.07998226541970069547e+02 -4.67402109873160664932e-03
9.79993282699994638918e-02 -3.95099122137523783849e+00 -9.61207812400135086506e-01 1.07997751454259628190e+02 -5.02093244138674277971e-03
1.00569464714180475950e-01 -3.95074989134338361296e+00 -9.61173031403408484330e-01 1.07997254162273819134e+02 -5.37930794112023453329e-03
1.03138916461774601818e-01 -3.95051223447837429603e+00 -9.61137320056796418122e-01 1.07996734690598216844e+02 -5.74913320826803998786e-03
1.05707666019451862471e-01 -3.95027824822694739737e+00 -9.61100678793434637370e-01 1.07996193064140129536e+02 -6.13039353768337572786e-03
1.08275695898662718819e-01 -3.95004793000100784539e+00 -9.61063108033372581751e-01 1.07995629308128471280e+02 -6.52307390915763188333e-03
1.10842988615757503945e-01 -3.94982127717759157193e+00 -9.61024608183636330772e-01 1.07995043448113634099e+02 -6.92715898782043145582e-03
1.13409526692105272483e-01 -3.94959828709882510012e+00 -9.60985179638288555815e-01 1.07994435509967431130e+02 -7.34263312453958295889e-03
1.15975292654212733257e-01 -3.94937895707188291183e+00 -9.60944822778483143111e-01 1.07993805519882897670e+02 -7.76948035633862055249e-03
1.18540269033843417845e-01 -3.94916328436894525922e+00 -9.60903537972531807121e-01 1.07993153504374262752e+02 -8.20768440681666350267e-03
1.21104438368136405058e-01 -3.94895126622715419984e+00 -9.60861325575961711110e-01 1.07992479490276664933e+02 -8.65722868655201607813e-03
1.23667783199725281329e-01 -3.94874289985257087565e+00 -9.60818185931523238708e-01 1.07991783504960665141e+02 -9.11809629655343893695e-03
1.26230286076857156630e-01 -3.94853818240531895256e+00 -9.60774119369433354798e-01 1.07991065575540162058e+02 -9.59027001879949290986e-03
1.28791929553511097506e-01 -3.94833711102023965367e+00 -9.60729126207211181487e-01 1.07990325729979247171e+02 -1.00737323292106224770e-02
1.31352696189517337277e-01 -3.94813968279389149174e+00 -9.60683206749870843844e-01 1.07989563996400164569e+02 -1.05684653909058848958e-02
1.33912568550675792345e-01 -3.94794589478754742728e+00 -9.60636361289959106458e-01 1.07988780403246266815e+02 -1.10744510562231120165e-02
1.36471529208874592376e-01 -3.94775574402714024558e+00 -9.60588590107623541137e-01 1.07987974979282142840e+02 -1.15916708671622709081e-02
1.39029560742209123969e-01 -3.94756922750320571325e+00 -9.60539893470672367926e-01 1.07987147753593447419e+02 -1.21201060558584691740e-02
1.41586645735100435939e-01 -3.94738634217081685307e+00 -9.60490271634647729826e-01 1.07986298755586915377e+02 -1.26597375450296471822e-02
1.44142766778413616846e-01 -3.94720708494952798873e+00 -9.60439724842890196754e-01 1.07985428014990333168e+02 -1.32105459484319568558e-02
1.46697906469576699884e-01 -3.94703145272330724325e+00 -9.60388253326609930838e-01 1.07984535561852482033e+02 -1.37725115713636329234e-02
1.49252047412698846118e-01 -3.94685944234047036971e+00 -9.60335857304952966729e-01 1.07983621426543180633e+02 -1.43456144111159707155e-02
1.51805172218688999575e-01 -3.94669105061361813469e+00 -9.60282536985072820990e-01 1.07982685639753199780e+02 -1.49298341574556833744e-02
1.54357263505374042722e-01 -3.94652627431956037896e+00 -9.60228292562202656590e-01 1.07981728232494290864e+02 -1.55251501931285042224e-02
1.56908303897617312783e-01 -3.94636511020512692482e+00 -9.60173124220744411694e-01 1.07980749236413117842e+02 -1.61315415399594930257e-02
1.59458276027436895994e-01 -3.94620755496505015714e+00 -9.60117032130486602881e-01 1.07979748682614058453e+02 -1.67489870649821757931e-02
1.62007162534123755337e-01 -3.94605360527307302831e+00 -9.60060016452169096013e-01 1.07978726603324503230e+02 -1.73774651880784364311e-02
1.64554946064359886027e-01 -3.94590325776217998310e+00 -9.60002077334072168036e-01 1.07977683030843309098e+02 -1.80169540684673550046e-02
1.67101609272336831813e-01 -3.94575650902920038732e+00 -9.59943214912918230119e-01 1.07976617997790754089e+02 -1.86674315607994016630e-02
1.69647134819873285361e-01 -3.94561335563472592725e+00 -9.59883429313954206208e-01 1.07975531537108508928e+02 -1.93288752156650887881e-02
1.72191505376533410265e-01 -3.94547379410303333813e+00 -9.59822720651025695915e-01 1.07974423682059864404e+02 -2.00012622801355871571e-02
1.74734703619744774494e-01 -3.94533782092199114544e+00 -9.59761089026654135026e-01 1.07973294466229603472e+02 -2.06845696982397818375e-02
1.77276712234916367095e-01 -3.94520543254298550195e+00 -9.59698534532114511109e-01 1.07972143923524171782e+02 -2.13787741115232798883e-02
1.79817513915556254078e-01 -3.94507662538082337633e+00 -9.59635057247517075929e-01 1.07970972088171720316e+02 -2.20838518595933390454e-02
1.82357091363389622884e-01 -3.94495139581364595571e+00 -9.59570657241886615374e-01 1.07969778994722133802e+02 -2.27997789806300317494e-02
1.84895427288476549288e-01 -3.94482974018283893969e+00 -9.59505334573242274487e-01 1.07968564678047101779e+02 -2.35265312119359408516e-02
1.87432504409329458994e-01 -3.94471165479293928158e+00 -9.59439089288679491929e-01 1.07967329173340317539e+02 -2.42640839905009474131e-02
1.89968305453031172103e-01 -3.94459713591749627781e+00 -9.59371921426684926004e-01 1.07966072516435460216e+02 -2.50124123347511169435e-02
1.92502813155352114904e-01 -3.94448617977642124188e+00 -9.59303831008745389042e-01 1.07964794742602663291e+02 -2.57714912965698213221e-02
1.95036010260868170052e-01 -3.94437878256804408394e+00 -9.59234818051551973994e-01 1.07963495888264489508e+02 -2.65412953160462615487e-02
1.97567879523077832848e-01 -3.94427494044857240851e+00 -9.59164882559359832648e-01 1.07962175989905276197e+02 -2.73217986338263538193e-02
2.00098403704520089175e-01 -3.94417464953687169071e+00 -9.59094024525924848668e-01 1.07960835084331918665e+02 -2.81129751929985981229e-02
2.02627565576891321975e-01 -3.94407790591436624439e+00 -9.59022243934593676684e-01 1.07959473208674111788e+02 -2.89147986396415986043e-02
2.05155347921162689584e-01 -3.94398470562493219660e+00 -9.58949540758389673556e-01 1.07958090400384421059e+02 -2.97272423234145807824e-02
2.07681733527697698349e-01 -3.94389504467479046212e+00 -9.58875914960104713813e-01 1.07956686697238424699e+02 -3.05502792981622028901e-02
2.10206705196368998090e-01 -3.94380891903239527707e+00 -9.58801366492389117724e-01 1.07955262137334841555e+02 -3.13838823224630303343e-02
2.12730245736675399604e-01 -3.94372632462832362066e+00 -9.58725895297841801401e-01 1.07953816759095715838e+02 -3.22280238602760671363e-02
2.15252337967859502799e-01 -3.94364725735516685745e+00 -9.58649501309104867808e-01 1.07952350601266473973e+02 -3.30826760815008183436e-02
2.17772964719024048064e-01 -3.94357171306740772465e+00 -9.58572184448954534020e-01 1.07950863702916151965e+02 -3.39478108626224336919e-02
2.20292108829248989288e-01 -3.94349968758131108615e+00 -9.58493944630398386764e-01 1.07949356103437594356e+02 -3.48233997872963996212e-02
2.22809753147708622389e-01 -3.94343117667480136390e+00 -9.58414781756769196264e-01 1.07947827842547368959e+02 -3.57094141469812415002e-02
2.25325880533787908933e-01 -3.94336617609295370102e+00 -9.58334695725176488601e-01 1.07946278960585246409e+02 -3.66058247628731209256e-02
2.27840473857199465879e-01 -3.94330468152649737945e+00 -9.58253686413780281228e-01 1.07944709497374958573e+02 -3.75126026695452030602e-02
2.30353515998100027984e-01 -3.94324668864234251231e+00 -9.58171753700326034320e-01 1.07943119493857835778e+02 -3.84297181336392748574e-02
2.32864989847207326523e-01 -3.94319219306386381518e+00 -9.58088897450439236358e-01 1.07941508991049275323e+02 -3.93571412834225614619e-02
2.35374878305916024335e-01 -3.94314119037548271862e+00 -9.58005117520564053457e-01 1.07939878030289577282e+02 -4.02948419580675329388e-02
2.37883164286414594546e-01 -3.94309367612253769408e+00 -9.57920413758067024190e-01 1.07938226653244200293e+02 -4.12427897083145825197e-02
2.40389830711801560925e-01 -3.94304964581115635625e+00 -9.57834786001341864647e-01 1.07936554901903903669e+02 -4.22009537970834541776e-02
2.42894860516201405165e-01 -3.94300909490811291036e+00 -9.57748234079908278282e-01 1.07934862818584988986e+02 -4.31693032001922785690e-02
2.45398236644881417856e-01 -3.94297201884070913636e+00 -9.57660757814525309684e-01 1.07933150445929484817e+02 -4.41478066069656144288e-02
2.47899942054367217192e-01 -3.94293841299662339850e+00 -9.57572357017291708736e-01 1.07931417826905374113e+02 -4.51364324209398773413e-02
2.50399959712559072589e-01 -3.94290827272378496815e+00 -9.57483031491755731679e-01 1.07929665004806835782e+02 -4.61351487605325058516e-02
2.52898272598847562165e-01 -3.94288159333022703024e+00 -9.57392781033025164206e-01 1.07927892023254457854e+02 -4.71439234597174003372e-02
2.55394863704230257184e-01 -3.94285837008394945968e+00 -9.57301605427874346965e-01 1.07926098926195408012e+02 -4.81627240687261676255e-02
2.57889716031426352583e-01 -3.94283859821277493651e+00 -9.57209504454858972622e-01 1.07924285757903746230e+02 -4.91915178547267725739e-02
2.60382812594993184874e-01 -3.94282227290420195231e+00 -9.57116477884424776690e-01 1.07922452562980609514e+02 -5.02302718025564656767e-02
2.62874136421441917388e-01 -3.94280938931021029958e+00 -9.57022525483328334595e-01 1.07920599386617951154e+02 -5.12789523865112978340e-02
2.65363670549352448358e-01 -3.94279994252815590983e+00 -9.56927646998219527674e-01 1.07918726273589541620e+02 -5.23375264502172060643e-02
2.67851398029489484731e-01 -3.94279392762792690874e+00 -9.56831842179624691980e-01 1.07916833269704994791e+02 -5.34059599379591715129e-02
2.70337301924917894347e-01 -3.94279133963426930976e+00 -9.56735110766720020514e-01 1.07914920420877194829e+02 -5.44842187116410386905e-02
2.72821365311117669528e-01 -3.94279217353086020026e+00 -9.56637452491156725642e-01 1.07912987773347495590e+02 -5.55722683543105056003e-02
2.75303571276099334764e-01 -3.94279642426015319856e+00 -9.56538867077175614106e-01 1.07911035373685891159e+02 -5.66700741709427052717e-02
2.77783902920519187862e-01 -3.94280408672321946995e+00 -9.56439354241738981521e-01 1.07909063268791442169e+02 -5.77776011891594915015e-02
2.80262343357794374565e-01 -3.94281515577959096319e+00 -9.56338913694641634677e-01 1.07907071505892417917e+02 -5.88948141599558924741e-02
2.82738875714217352542e-01 -3.94282962624710142663e+00 -9.56237545138642119902e-01 1.07905060132546623208e+02 -6.00216775584984374436e-02
2.85213483129071798672e-01 -3.94284749290172342739e+00 -9.56135248269587734171e-01 1.07903029196641710996e+02 -6.11581555848466698611e-02
2.87686148754746129352e-01 -3.94286875047740181799e+00 -9.56032022776537648845e-01 1.07900978746395367125e+02 -6.23042121647224972358e-02
2.90156855756849185735e-01 -3.94289339366589519642e+00 -9.55927868341893804960e-01 1.07898908830355765076e+02 -6.34598109503051871494e-02
2.92625587314324475674e-01 -3.94292141711660226733e+00 -9.55822784641528255811e-01 1.07896819497401708077e+02 -6.46249153209761811878e-02
2.95092326619564693235e-01 -3.94295281543640108168e+00 -9.55716771344917059849e-01 1.07894710796743055425e+02 -6.57994883841267891311e-02
2.97557056878526016153e-01 -3.94298758318947051293e+00 -9.55609828115269066551e-01 1.07892582777920821968e+02 -6.69834929759291208828e-02
3.00019761310842958402e-01 -3.94302571489712372355e+00 -9.55501954609661141582e-01 1.07890435490807831798e+02 -6.81768916621711684733e-02
3.02480423149941946015e-01 -3.94306720503763230568e+00 -9.55393150479174502188e-01 1.07888268985608590356e+02 -6.93796467390209864456e-02
3.04939025643155781076e-01 -3.94311204805078130420e+00 -9.55283415374776789797e-01 1.07886083313111328152e+02 -7.05917199287753177606e-02
3.07395552051837939178e-01 -3.94316023831949991063e+00 -9.55172748925283143784e-01 1.07883878523721065790e+02 -7.18130735578148410303e-02
3.09849985651476145243e-01 -3.94321177019598811953e+00 -9.55061150769647149161e-01 1.07881654668858459445e+02 -7.30436688509255305224e-02
3.12302309731806226889e-01 -3.94326663798459842170e+00 -9.54948620536356207467e-01 1.07879411800059557436e+02 -7.42834670333964164346e-02
3.14752507596926411892e-01 -3.94332483594575489150e+00 -9.54835157848592741558e-01 1.07877149969194150003e+02 -7.55324290649804497288e-02
3.17200562565410182359e-01 -3.94338635829576356073e+00 -9.54720762324393179554e-01 1.07874869228465740889e+02 -7.67905156407278494113e-02
3.19646457970420572181e-01 -3.94345119920663256252e+00 -9.54605433576779627280e-01 1.07872569630412286301e+02 -7.80576871918307879650e-02
3.22090177159823132236e-01 -3.94351935280587984067e+00 -9.54489171213917853009e-01 1.07870251227906223335e+02 -7.93339038864825651931e-02
3.24531703496299839262e-01 -3.94359081317635107311e+00 -9.54371974839257841694e-01 1.07867914074154967352e+02 -8.06191256307418196991e-02
3.26971020357461672479e-01 -3.94366557435602826942e+00 -9.54253844051688893124e-01 1.07865558222701267255e+02 -8.19133120694017918817e-02
3.29408111135962355931e-01 -3.94374363033783259525e+00 -9.54134778445694720084e-01 1.07863183727423461278e+02 -8.32164225868673584907e-02
3.31842959239611323685e-01 -3.94382497506944273979e+00 -9.54014777611496223031e-01 1.07860790642535988582e+02 -8.45284163080438771809e-02
3.34275548091486185420e-01 -3.94390960249768474100e+00 -9.53893841155093125117e-01 1.07858379022585992857e+02 -8.58492521020884497007e-02
3.36705861130046413265e-01 -3.94399750639041846156e+00 -9.53771968619962606795e-01 1.07855948922468030560e+02 -8.71788885719342460101e-02
3.39133881809245474326e-01 -3.94408868060252704169e+00 -9.53649159603364604543e-01 1.07853500397403109901e+02 -8.85172840720741122000e-02
3.41559593598643573831e-01 -3.94418311889872708065e+00 -9.53525413680071043387e-01 1.07851033502953313814e+02 -8.98643966983560943396e-02
3.43982979983520398282e-01 -3.94428081499749705330e+00 -9.53400730421392617053e-01 1.07848548295018488830e+02 -9.12201842916501998149e-02
3.46404024464987525533e-01 -3.94438176257087391718e+00 -9.53275109395343545060e-01 1.07846044829836714030e+02 -9.25846044387721861524e-02
3.48822710560100557320e-01 -3.94448595524425149605e+00 -9.53148550166803998351e-01 1.07843523163984613689e+02 -9.39576144734324270047e-02
3.51239021801971362802e-01 -3.94459338659617131384e+00 -9.53021052297692183863e-01 1.07840983354377826231e+02 -9.53391714771510689896e-02
3.53652941739880488647e-01 -3.94470405016343139692e+00 -9.52892615356048300335e-01 1.07838425458552876535e+02 -9.67292318079192026126e-02
3.56064453939388791959e-01 -3.94481793942035574574e+00 -9.52763238881640051048e-01 1.07835849533579676063e+02 -9.81277529315381508157e-02
3.58473541982449628307e-01 -3.94493504780836756751e+00 -9.52632922436446705206e-01 1.07833255637641101998e+02 -9.95346907586035778426e-02
3.60880189467520207103e-01 -3.94505536871652928710e+00 -9.52501665572250133529e-01 1.07830643829012856827e+02 -1.00950001370875716566e-01
3.63284380009673946166e-01 -3.94517889548601141669e+00 -9.52369467838731664777e-01 1.07828014166311788813e+02 -1.02373640602673732225e-01
3.65686097240711160961e-01 -3.94530562140986695852e+00 -9.52236328783651497787e-01 1.07825366708495991475e+02 -1.03805564041943340636e-01
3.68085324809271363655e-01 -3.94543553973281913017e+00 -9.52102247953033442585e-01 1.07822701514865372019e+02 -1.05245727031190408618e-01
3.70482046380943785824e-01 -3.94556864365104331682e+00 -9.51967224891339891535e-01 1.07820018645061949769e+02 -1.06694084668500749347e-01
3.72876245638379399949e-01 -3.94570492631194813526e+00 -9.51831259141662666678e-01 1.07817318159070254069e+02 -1.08150591808561971630e-01
3.75267906281401164570e-01 -3.94584438081395472153e+00 -9.51694350245905984487e-01 1.07814600117217850084e+02 -1.09615203063670646477e-01
3.77657012027115768227e-01 -3.94598700020627557450e+00 -9.51556497744975526842e-01 1.07811864580175566175e+02 -1.11087872804744206001e-01
3.80043546610023985632e-01 -3.94613277748869295536e+00 -9.51417701178968844289e-01 1.07809111608958147599e+02 -1.12568555162408642789e-01
3.82427493782131422417e-01 -3.94628170561132840533e+00 -9.51277960087370422215e-01 1.07806341264924398615e+02 -1.14057204027976227811e-01
3.84808837313059592944e-01 -3.94643377747442292147e+00 -9.51137274009238531391e-01 1.07803553609777793554e+02 -1.15553773054540370735e-01
3.87187560990155776874e-01 -3.94658898592810691852e+00 -9.50995642483412062518e-01 1.07800748705566832086e+02 -1.17058215658014511118e-01
3.89563648618604152496e-01 -3.94674732377216930246e+00 -9.50853065048699819251e-01 1.07797926614685394497e+02 -1.18570485018198876204e-01
3.91937084021535264711e-01 -3.94690878375583276139e+00 -9.50709541244088018885e-01 1.07795087399873324330e+02 -1.20090534079893521135e-01
3.94307851040136658760e-01 -3.94707335857751484554e+00 -9.50565070608938800234e-01 1.07792231124216627336e+02 -1.21618315553918318606e-01
3.96675933533762792305e-01 -3.94724104088460325812e+00 -9.50419652683196169995e-01 1.07789357851148110967e+02 -1.23153781918280719188e-01
3.99041315380044780969e-01 -3.94741182327321071810e+00 -9.50273287007596056952e-01 1.07786467644447640168e+02 -1.24696885419237263326e-01
4.01403980475000310424e-01 -3.94758569829248395777e+00 -9.50125973134981816060e-01 1.07783560568482513986e+02 -1.26247577485890577487e-01
4.03763912733143492950e-01 -3.94776265842680507134e+00 -9.49977710587324497560e-01 1.07780636687278999375e+02 -1.27805811011596048843e-01
4.06121096087593724810e-01 -3.94794269612108816858e+00 -9.49828498918984354127e-01 1.07777696065873826115e+02 -1.29371537026574862095e-01
4.08475514490185875882e-01 -3.94812580376401278670e+00 -9.49678337675980532850e-01 1.07774738769440091346e+02 -1.30944706860668114157e-01
4.10827151911578702936e-01 -3.94831197369180042500e+00 -9.49527226406193913810e-01 1.07771764863500138176e+02 -1.32525271617590673090e-01
4.13175992341364761717e-01 -3.94850119818796452265e+00 -9.49375164659587822413e-01 1.07768774413926067268e+02 -1.34113182176046563665e-01
4.15522019788178931243e-01 -3.94869346948308530543e+00 -9.49222151988423079594e-01 1.07765767486940163167e+02 -1.35708389190903333521e-01
4.17865218279807715263e-01 -3.94888877975454377633e+00 -9.49068187947494812384e-01 1.07762744149115306413e+02 -1.37310843094396506370e-01
4.20205571863297211443e-01 -3.94908712112629256552e+00 -9.48913272094353166253e-01 1.07759704467375456716e+02 -1.38920494097243552023e-01
4.22543064605062523853e-01 -3.94928848566859924674e+00 -9.48757403989534009447e-01 1.07756648508996065061e+02 -1.40537292189911122708e-01
4.24877680590995954191e-01 -3.94949286539780297645e+00 -9.48600583196793301077e-01 1.07753576341604428990e+02 -1.42161187143755612938e-01
4.27209403926575026489e-01 -3.94970025227606358342e+00 -9.48442809283341459192e-01 1.07750488033180275238e+02 -1.43792128512261890849e-01
4.29538218736971288969e-01 -3.94991063821111110244e+00 -9.48284081820079616243e-01 1.07747383652056115011e+02 -1.45430065632238342266e-01
4.31864109167158116698e-01 -3.95012401505599486384e+00 -9.48124400381840981566e-01 1.07744263266917698729e+02 -1.47074947625111029925e-01
4.34187059382018403220e-01 -3.95034037460883213910e+00 -9.47963764547633869206e-01 1.07741126946804499198e+02 -1.48726723398041660307e-01
4.36507053566452751792e-01 -3.95055970861255056903e+00 -9.47802173900885169822e-01 1.07737974761110038457e+02 -1.50385341645262599064e-01
4.38824075925487055994e-01 -3.95078200875463725339e+00 -9.47639628029686709176e-01 1.07734806779582442005e+02 -1.52050750849362953376e-01
4.41138110684379691762e-01 -3.95100726666688073507e+00 -9.47476126527049933301e-01 1.07731623072324822488e+02 -1.53722899282459440906e-01
4.43449142088729597599e-01 -3.95123547392511298426e+00 -9.47311668991152822095e-01 1.07728423709795777086e+02 -1.55401735007526603516e-01
4.45757154404582744966e-01 -3.95146662204895493531e+00 -9.47146255025601235822e-01 1.07725208762809685936e+02 -1.57087205879694574717e-01
4.48062131918540051956e-01 -3.95170070250155669456e+00 -9.46979884239678826319e-01 1.07721978302537380046e+02 -1.58779259547531664820e-01
4.50364058937863631638e-01 -3.95193770669255162176e+00 -9.46812556261490967380e-01 1.07718732400676273642e+02 -1.60477842777008633535e-01
4.52662919790584206137e-01 -3.95217762596533139785e+00 -9.46644270688034694672e-01 1.07715471128792344757e+02 -1.62182904093441354609e-01
4.54958698825607410487e-01 -3.95242045161492683292e+00 -9.46475027158907078473e-01 1.07712194559279168971e+02 -1.63894389918585930976e-01
4.57251380412820318533e-01 -3.95266617487599791758e+00 -9.46304825308766250913e-01 1.07708902764737487701e+02 -1.65612247087385533462e-01
4.59540948943198301890e-01 -3.95291478692541931039e+00 -9.46133664779287064661e-01 1.07705595818126482754e+02 -1.67336422234830334288e-01
4.61827388828911278296e-01 -3.95316627888202454244e+00 -9.45961545219431876319e-01 1.07702273792764387395e+02 -1.69066861797282558255e-01
4.64110684503429071768e-01 -3.95342064180633512294e+00 -9.45788466285728435246e-01 1.07698936762328770556e+02 -1.70803512013892488941e-01
4.66390820421628160553e-01 -3.95367786670029852658e+00 -9.45614427642548549535e-01 1.07695584800857091068e+02 -1.72546318927913527874e-01
4.68667781059897148310e-01 -3.95393794450701641097e+00 -9.45439428962392969247e-01 1.07692217982747067140e+02 -1.74295228388158945920e-01
4.70941550916242568370e-01 -3.95420086611047860714e+00 -9.45263469926175048386e-01 1.07688836382757145316e+02 -1.76050186050315166097e-01
4.73212114510394632472e-01 -3.95446662233530021879e+00 -9.45086550223512622537e-01 1.07685440076006941013e+02 -1.77811137378460659697e-01
4.75479456383912424400e-01 -3.95473520394644095788e+00 -9.44908669553015445608e-01 1.07682029137977579580e+02 -1.79578027646377924587e-01
4.77743561100288705035e-01 -3.95500660164894801696e+00 -9.44729827622582729596e-01 1.07678603644512207893e+02 -1.81350801939045624955e-01
4.80004413245055938653e-01 -3.95528080608767718118e+00 -9.44550024149700906406e-01 1.07675163671816463307e+02 -1.83129405154080909801e-01
4.82261997425890265312e-01 -3.95555780784702015751e+00 -9.44369258861739724331e-01 1.07671709296458772087e+02 -1.84913782003173765567e-01
4.84516298272717305107e-01 -3.95583759748953101010e+00 -9.44187531578698502344e-01 1.07668240595367365131e+02 -1.86703877031843629153e-01
4.86767300437815575442e-01 -3.95612016539919242319e+00 -9.44004841886777246174e-01 1.07664757645844915146e+02 -1.88499634548457584149e-01
4.89014988595922406311e-01 -3.95640550201706986400e+00 -9.43821189624338141577e-01 1.07661260525547206157e+02 -1.90300998733379994610e-01
4.91259347444337080013e-01 -3.95669359768299022662e+00 -9.43636574561366514580e-01 1.07657749312498324912e+02 -1.92107913569329297188e-01
4.93500361703025469673e-01 -3.95698444267495075266e+00 -9.43450996479280878937e-01 1.07654224085087307117e+02 -1.93920322860600458093e-01
4.95738016114724178163e-01 -3.95727802720884680454e+00 -9.43264455171258897614e-01 1.07650684922068521132e+02 -1.95738170234463021435e-01
4.97972295445044454976e-01 -3.95757434143820008288e+00 -9.43076950442549688525e-01 1.07647131902562094297e+02 -1.97561399142771570991e-01
5.00203184482575280434e-01 -3.95787337545542561301e+00 -9.42888482124816462715e-01 1.07643565106136009035e+02 -1.99389952129333386521e-01
5.02430668038987948698e-01 -3.95817511928560161749e+00 -9.42699050021721940418e-01 1.07639984612491375060e+02 -2.01223773700352243088e-01
5.04654730949138929930e-01 -3.95847956289481883729e+00 -9.42508653989536093754e-01 1.07636390501919592566e+02 -2.03062806118541244738e-01
5.06875358071172565921e-01 -3.95878669618434297917e+00 -9.42317293885111761931e-01 1.07632782855008017009e+02 -2.04906992149141375936e-01
5.09092534286625153506e-01 -3.95909650899168585880e+00 -9.42124969579036797285e-01 1.07629161752711851818e+02 -2.06756274389766486754e-01
5.11306244500527418140e-01 -3.95940899109032207193e+00 -9.41931680955981787129e-01 1.07625527276354432615e+02 -2.08610595271966875464e-01
5.13516473641507098513e-01 -3.95972413218941987623e+00 -9.41737427915039448933e-01 1.07621879507627596695e+02 -2.10469897062930566545e-01
5.15723206661891864222e-01 -3.96004192193355875062e+00 -9.41542210370073795467e-01 1.07618218528592237249e+02 -2.12334121867010144902e-01
5.17926428537812011399e-01 -3.96036234990245761267e+00 -9.41346028250078070698e-01 1.07614544421678473896e+02 -2.14203211627446571397e-01
5.20126124269301826075e-01 -3.96068540561068482830e+00 -9.41148881499519696092e-01 1.07610857269686107429e+02 -2.16077108127941203142e-01
5.22322278880402501855e-01 -3.96101107850739841965e+00 -9.40950770078706977273e-01 1.07607157155785102987e+02 -2.17955752994397178313e-01
5.24514877419263836344e-01 -3.96133935797605118978e+00 -9.40751693964153146155e-01 1.07603444163515789000e+02 -2.19839087696521384707e-01
5.26703904958246260648e-01 -3.96167023333412382513e+00 -9.40551653148932187420e-01 1.07599718376789226681e+02 -2.21727053549559183221e-01
5.28889346594021980685e-01 -3.96200369383284334290e+00 -9.40350647643059645020e-01 1.07595979879887750030e+02 -2.23619591715968929480e-01
5.31071187447676895665e-01 -3.96233972865690775578e+00 -9.40148677473858551679e-01 1.07592228757465136368e+02 -2.25516643207157196915e-01
5.33249412664811961449e-01 -3.96267832692420407525e+00 -9.39945742686332685878e-01 1.07588465094546933187e+02 -2.27418148885181914398e-01
5.35424007415643554708e-01 -3.96301947768553741724e+00 -9.39741843343561478186e-01 1.07584688976531055005e+02 -2.29324049464482399019e-01
5.37594956895105391403e-01 -3.96336316992435078177e+00 -9.39536979527066384854e-01 1.07580900489187797575e+02 -2.31234285513657961131e-01
5.39762246322948779920e-01 -3.96370939255644394450e+00 -9.39331151337206904373e-01 1.07577099718660363692e+02 -2.33148797457197187732e-01
5.41925860943843207274e-01 -3.96405813442970700322e+00 -9.39124358893571931084e-01 1.07573286751465133193e+02 -2.35067525577316027707e-01
5.44085786027477369409e-01 -3.96440938432383216394e+00 -9.38916602335368777332e-01 1.07569461674491989811e+02 -2.36990410015655600384e-01
5.46242006868658758201e-01 -3.96476313095005394871e+00 -9.38707881821829293045e-01 1.07565624575004704866e+02 -2.38917390775158944294e-01
5.48394508787414136641e-01 -3.96511936295085654081e+00 -9.38498197532605993310e-01 1.07561775540641079374e+02 -2.40848407721854534946e-01
5.50543277129089347888e-01 -3.96547806889971088395e+00 -9.38287549668177067730e-01 1.07557914659413370373e+02 -2.42783400586683462130e-01
5.52688297264449235335e-01 -3.96583923730079668246e+00 -9.38075938450263047130e-01 1.07554042019708589351e+02 -2.44722308967340873576e-01
5.54829554589777229623e-01 -3.96620285658859650368e+00 -9.37863364139135957664e-01 1.07550157710283073698e+02 -2.46665071448709971591e-01
5.56967034526974602571e-01 -3.96656891512823106538e+00 -9.37649826967836053093e-01 1.07546261820289743127e+02 -2.48611629057177957458e-01
5.59100722523659832142e-01 -3.96693740121416871247e+00 -9.37435327239894200524e-01 1.07542354439232241248e+02 -2.50561920188172915225e-01
5.61230604053267856379e-01 -3.96730830307069926022e+00 -9.37219865266155527372e-01 1.07538435656999396883e+02 -2.52515883924768147484e-01
5.63356664615148439168e-01 -3.96768160885145793060e+00 -9.37003441380808266281e-01 1.07534505563856072285e+02 -2.54473459226141618394e-01
5.65478889734665535194e-01 -3.96805730663916111922e+00 -9.36786055941825956950e-01 1.07530564250443518404e+02 -2.56434584929538911258e-01
5.67597264963295100593e-01 -3.96843538444533061593e+00 -9.36567709331385889193e-01 1.07526611807779616470e+02 -2.58399199752208263980e-01
5.69711775878724790978e-01 -3.96881583021003603307e+00 -9.36348401956314857486e-01 1.07522648327259005896e+02 -2.60367242293355838356e-01
5.71822408084950328799e-01 -3.96919863180161769378e+00 -9.36128134248545573648e-01 1.07518673900653467967e+02 -2.62338651036123915450e-01
5.73929147212374757281e-01 -3.96958377701642461943e+00 -9.35906906665552762448e-01 1.07514688620112011108e+02 -2.64313364349484436477e-01
5.76031978917906362092e-01 -3.96997125357855384920e+00 -9.35684719690805688508e-01 1.07510692578161197730e+02 -2.66291320490327998449e-01
5.78130888885055260751e-01 -3.97036104913957954565e+00 -9.35461573834232562596e-01 1.07506685867705272130e+02 -2.68272457605454817120e-01
5.80225862824032101450e-01 -3.97075315124703065450e+00 -9.35237469789602982040e-01 1.07502668582046837287e+02 -2.70256713776563239904e-01
5.82316886471844319395e-01 -3.97114754746369902350e+00 -9.35012407811464441032e-01 1.07498640814807174593e+02 -2.72244026851285569890e-01
5.84403945592394169495e-01 -3.97154422519594518803e+00 -9.34786388644624599564e-01 1.07494602660043270248e+02 -2.74234334700142523555e-01
5.86487025976574760655e-01 -3.97194317180264899747e+00 -9.34559412909455655694e-01 1.07490554212172099824e+02 -2.76227575049719009659e-01
5.88566113442367422337e-01 -3.97234437456886757545e+00 -9.34331481255136431230e-01 1.07486495565989031320e+02 -2.78223685526788777622e-01
5.90641193834937960894e-01 -3.97274782070559995262e+00 -9.34102594360107785221e-01 1.07482426816668322545e+02 -2.80222603660294056205e-01
5.92712253026733248973e-01 -3.97315349734951039906e+00 -9.33872752932584093699e-01 1.07478348059763007427e+02 -2.82224266883504770753e-01
5.94779276917577259809e-01 -3.97356139156269438928e+00 -9.33641957711027203892e-01 1.07474259391205080760e+02 -2.84228612536085389895e-01
5.96842251434767101514e-01 -3.97397149033241481320e+00 -9.33410209464633267018e-01 1.07470160907305668729e+02 -2.86235577866315815676e-01
5.98901162533168496260e-01 -3.97438378057086971751e+00 -9.33177508993847215635e-01 1.07466052704755114178e+02 -2.88245100033143630824e-01
6.00955996195312258656e-01 -3.97479824911492718442e+00 -9.32943857130855813686e-01 1.07461934880623005029e+02 -2.90257116108414370270e-01
6.03006738431488664709e-01 -3.97521488272590550750e+00 -9.32709254740088811175e-01 1.07457807532358359026e+02 -2.92271563079012530739e-01
6.05053375279843597134e-01 -3.97563366808930451768e+00 -9.32473702718731867201e-01 1.07453670757789538470e+02 -2.94288377849053817137e-01
6.07095892806472914316e-01 -3.97605459181458931184e+00 -9.32237201997246578422e-01 1.07449524655124491801e+02 -2.96307497242120521097e-01
6.09134277105518040507e-01 -3.97647764043493756603e+00 -9.31999753539877184849e-01 1.07445369322950696755e+02 -2.98328858003445496205e-01
6.11168514299259779676e-01 -3.97690280040701127362e+00 -9.31761358345186696539e-01 1.07441204860235160368e+02 -3.00352396802168575274e-01
6.13198590538213572643e-01 -3.97733005810840722916e+00 -9.31522017468210838942e-01 1.07437031366206042549e+02 -3.02378049111727387199e-01
6.15224492001223088877e-01 -3.97775939984663429172e+00 -9.31281731936042245223e-01 1.07432848940823845396e+02 -3.04405753616281138374e-01
6.17246204895555039549e-01 -3.97819081184515832561e+00 -9.31040502873490383173e-01 1.07428657684078814327e+02 -3.06435445726072619443e-01
6.19263715456992658304e-01 -3.97862428025227155004e+00 -9.30798331421668234675e-01 1.07424457696456499889e+02 -3.08467061828143651603e-01
6.21277009949929293064e-01 -3.97905979113860652774e+00 -9.30555218758686186753e-01 1.07420249078821768762e+02 -3.10500538244880219807e-01
6.23286074667462219878e-01 -3.97949733049692833120e+00 -9.30311166100178721372e-01 1.07416031932419201667e+02 -3.12535811236259453150e-01
6.25290895931486012671e-01 -3.97993688424190095176e+00 -9.30066174699870074072e-01 1.07411806358872595979e+02 -3.14572817002218840798e-01
6.27291460092785357894e-01 -3.98037843820988612720e+00 -9.29820245850134341481e-01 1.07407572460185292584e+02 -3.16611491685001633645e-01
6.29287753531128202233e-01 -3.98082197815873195523e+00 -9.29573380882532718239e-01 1.07403330338739834815e+02 -3.18651771371531777888e-01
6.31279762655358012147e-01 -3.98126748976755662213e+00 -9.29325581168415904010e-01 1.07399080097297840553e+02 -3.20693592095800450448e-01
6.33267473903487365661e-01 -3.98171495863655477976e+00 -9.29076848119452125552e-01 1.07394821839000073282e+02 -3.22736889841274687818e-01
6.35250873742789323728e-01 -3.98216437028678704735e+00 -9.28827183188226213062e-01 1.07390555667366172088e+02 -3.24781600543287862770e-01
6.37229948669889467716e-01 -3.98261571015998638856e+00 -9.28576587868819691707e-01 1.07386281686294466908e+02 -3.26827660091501437378e-01
6.39204685210858825073e-01 -3.98306896361836981768e+00 -9.28325063697372998561e-01 1.07382000000061921696e+02 -3.28875004332319587075e-01
6.41175069921305018639e-01 -3.98352411594443633902e+00 -9.28072612252683670775e-01 1.07377710713323921254e+02 -3.30923569071393142149e-01
6.43141089386463082889e-01 -3.98398115234078620261e+00 -9.27819235156797872399e-01 1.07373413931113901754e+02 -3.32973290076052086395e-01
6.45102730221288278578e-01 -3.98444005792994326853e+00 -9.27564934075604918817e-01 1.07369109758843435998e+02 -3.35024103077828150354e-01
6.47059979070545909785e-01 -3.98490081775416182808e+00 -9.27309710719425472902e-01 1.07364798302301721833e+02 -3.37075943774943265208e-01
6.49012822608903250376e-01 -3.98536341658640758112e+00 -9.27053567035379777472e-01 1.07360479667741955723e+02 -3.39128747887888992718e-01
6.50961247541019139007e-01 -3.98582783967197773478e+00 -9.26796504442068291851e-01 1.07356153961540698560e+02 -3.41182450949309934440e-01
6.52905240601636016606e-01 -3.98629407163546822801e+00 -9.26538524977031041630e-01 1.07351821290699874112e+02 -3.43236988626040961936e-01
6.54844788555668411156e-01 -3.98676209719636620576e+00 -9.26279630534384890161e-01 1.07347481762516963499e+02 -3.45292296508460050397e-01
6.56779878198294642111e-01 -3.98723190099305790923e+00 -9.26019823055727719918e-01 1.07343135484665552326e+02 -3.47348310166452622916e-01
6.58710496355045971306e-01 -3.98770346758268567910e+00 -9.25759104530790688514e-01 1.07338782565195359098e+02 -3.49404965151907054288e-01
6.60636629881896420002e-01 -3.98817678144099518889e+00 -9.25497476998035639717e-01 1.07334423112531524680e+02 -3.51462197001432996579e-01
6.62558265665352030815e-01 -3.98865182696218179004e+00 -9.25234942545307803563e-01 1.07330057235474384925e+02 -3.53519941238935375694e-01
6.64475390622540684760e-01 -3.98912858845876616698e+00 -9.24971503310459075564e-01 1.07325685043199015922e+02 -3.55578133378260441422e-01
6.66387991701300586023e-01 -3.98960705016145311674e+00 -9.24707161481998940467e-01 1.07321306645254949785e+02 -3.57636708925919255542e-01
6.68296055880269523897e-01 -3.99008719621899610175e+00 -9.24441919299722636438e-01 1.07316922151565393051e+02 -3.59695603383677453557e-01
6.70199570168973357553e-01 -3.99056901069313418873e+00 -9.24175779080174342184e-01 1.07312531672174500841e+02 -3.61754750974675798325e-01
6.72098521607914500819e-01 -3.99105247757806802511e+00 -9.23908743119760678120e-01 1.07308135318247565237e+02 -3.63814089667807261108e-01
6.73992897268660184906e-01 -3.99153758077122544634e+00 -9.23640813839310736988e-01 1.07303733200583508278e+02 -3.65873553769996195939e-01
6.75882684253930277052e-01 -3.99202430409239594766e+00 -9.23371993690337178329e-01 1.07299325430596283582e+02 -3.67933078791009227082e-01
6.77767869697685210184e-01 -3.99251263127884881143e+00 -9.23102285178913462005e-01 1.07294912120071188610e+02 -3.69992600249423986281e-01
6.79648440765214134629e-01 -3.99300254598523451932e+00 -9.22831690866369624970e-01 1.07290493381164054654e+02 -3.72052053675567429014e-01
6.81524384653221182440e-01 -3.99349403178352080346e+00 -9.22560213369940207428e-01 1.07286069326401161561e+02 -3.74111374614124359006e-01
6.83395688589913286037e-01 -3.99398707216286563693e+00 -9.22287855363447373058e-01 1.07281640068677944555e+02 -3.76170498627033833561e-01
6.85262339835087441742e-01 -3.99448165052958170662e+00 -9.22014619577989691379e-01 1.07277205721258894755e+02 -3.78229361296291755057e-01
6.87124325680216641032e-01 -3.99497775020703382864e+00 -9.21740508802599833871e-01 1.07272766397776578629e+02 -3.80287898226737641760e-01
6.88981633448537245101e-01 -3.99547535443558787804e+00 -9.21465525884956337954e-01 1.07268322212231055346e+02 -3.82346045048925275989e-01
6.90834250495134805092e-01 -3.99597444637254151090e+00 -9.21189673732062841438e-01 1.07263873278989009918e+02 -3.84403737421999680546e-01
6.92682164207029549274e-01 -3.99647500909208019948e+00 -9.20912955310928538211e-01 1.07259419712783213186e+02 -3.86460911036515031292e-01
6.94525362003264090660e-01 -3.99697702558522571792e+00 -9.20635373649289823206e-01 1.07254961628711612320e+02 -3.88517501617322402740e-01
6.96363831334987137822e-01 -3.99748047875979306554e+00 -9.20356931836286973336e-01 1.07250499142236449757e+02 -3.90573444926532953314e-01
6.98197559685539759222e-01 -3.99798535144037092692e+00 -9.20077633023183572014e-01 1.07246032369183666333e+02 -3.92628676766377915364e-01
7.00026534570540759361e-01 -3.99849162636827992756e+00 -9.19797480424061841831e-01 1.07241561425741721791e+02 -3.94683132982114159848e-01
7.01850743537971277775e-01 -3.99899928577215746373e+00 -9.19516477425581069127e-01 1.07237086428657747206e+02 -3.96736749466954197185e-01
7.03670174168260054159e-01 -3.99950831306258081099e+00 -9.19234627140261939537e-01 1.07232607494459330155e+02 -3.98789462150038742649e-01
7.05484814074367139192e-01 -4.00001869032391255132e+00 -9.18951933093851924816e-01 1.07228124740604812359e+02 -4.00841207031967683427e-01
7.07294650901869381698e-01 -4.00053039996435177983e+00 -9.18668398758748616650e-01 1.07223638284724316350e+02 -4.02891920159744065799e-01
7.09099672329043584362e-01 -4.00104342430880954851e+00 -9.18384027673762037836e-01 1.07219148244805907666e+02 -4.04941537638324855486e-01
7.10899866066950880672e-01 -4.00155774559896215692e+00 -9.18098823444828182616e-01 1.07214654739194614308e+02 -4.06989995633536882913e-01
7.12695219859520112671e-01 -4.00207334599326625124e+00 -9.17812789745729440405e-01 1.07210157886591318288e+02 -4.09037230375176030783e-01
7.14485721483631763817e-01 -4.00259020756698369325e+00 -9.17525930318821014708e-01 1.07205657806051732450e+02 -4.11083178160017548297e-01
7.16271358749200004468e-01 -4.00310831231224373283e+00 -9.17238248975780323669e-01 1.07201154616985107282e+02 -4.13127775354838244759e-01
7.18052119499257623936e-01 -4.00362764213808830505e+00 -9.16949749598326313560e-01 1.07196648439153264576e+02 -4.15170958399559808516e-01
7.19827991610036854730e-01 -4.00414817887054574896e+00 -9.16660436138984291432e-01 1.07192139392669346876e+02 -4.17212663810250239393e-01
7.21598962991052972349e-01 -4.00466990425268143383e+00 -9.16370312621772709072e-01 1.07187627597996552709e+02 -4.19252828182227643694e-01
7.23365021585186451780e-01 -4.00519279994470700501e+00 -9.16079383143012071500e-01 1.07183113175946900242e+02 -4.21291388193211047142e-01
7.25126155368765124010e-01 -4.00571684752403456287e+00 -9.15787651872025709743e-01 1.07178596247680005149e+02 -4.23328280606370288552e-01
7.26882352351645444344e-01 -4.00624202848541344224e+00 -9.15495123051886405818e-01 1.07174076934701687946e+02 -4.25363442273525016457e-01
7.28633600577295093004e-01 -4.00676832423313378229e+00 -9.15201801028746264599e-01 1.07169555358462929462e+02 -4.27396808678701722872e-01
7.30379888122873355272e-01 -4.00729571611235080297e+00 -9.14907690140027374248e-01 1.07165031641942377405e+02 -4.29428319693818949521e-01
7.32121203099313277995e-01 -4.00782418536287377009e+00 -9.14612794881553670123e-01 1.07160505907291366157e+02 -4.31457911077004874212e-01
7.33857533651401716668e-01 -4.00835371314989963309e+00 -9.14317119798966571054e-01 1.07155978277386850550e+02 -4.33485520065802876211e-01
7.35588867957860936819e-01 -4.00888428055656742544e+00 -9.14020669515418271445e-01 1.07151448875444785358e+02 -4.35511084002213111344e-01
7.37315194231428105986e-01 -4.00941586858414922290e+00 -9.13723448732342125034e-01 1.07146917825018888948e+02 -4.37534540335841604097e-01
7.39036500718936339993e-01 -4.00994845815218514673e+00 -9.13425462230206708369e-01 1.07142385249998895347e+02 -4.39555826627128165551e-01
7.40752775701394416963e-01 -4.01048203009868498015e+00 -9.13126714869290423415e-01 1.07137851274608863150e+02 -4.41574880550589854433e-01
7.42464007494066491333e-01 -4.01101656518030225129e+00 -9.12827211590402920471e-01 1.07133316023405782857e+02 -4.43591639897983780472e-01
7.44170184446551918889e-01 -4.01155204337440540741e+00 -9.12526957220629930667e-01 1.07128779621595725757e+02 -4.45606042404484148367e-01
7.45871294942864193622e-01 -4.01208844664526331769e+00 -9.12225957215891058993e-01 1.07124242193770143672e+02 -4.47618026437647809068e-01
7.47567327401510439699e-01 -4.01262575483525374409e+00 -9.11924216603482773458e-01 1.07119703865781730201e+02 -4.49627530004475584047e-01
7.49258270275569682184e-01 -4.01316394837787626670e+00 -9.11621740653886902805e-01 1.07115164763501411471e+02 -4.51634491398308912657e-01
7.50944112052772227983e-01 -4.01370300762636933456e+00 -9.11318534721959783163e-01 1.07110625013124078464e+02 -4.53638849046027803347e-01
7.52624841255577603505e-01 -4.01424291285400336449e+00 -9.11014604247655679359e-01 1.07106084741166753815e+02 -4.55640541511373509120e-01
7.54300446441252492313e-01 -4.01478364425434630647e+00 -9.10709954756849238144e-01 1.07101544074466715983e+02 -4.57639507498302788857e-01
7.55970916201949338920e-01 -4.01532518194154430802e+00 -9.10404591862040923900e-01 1.07097003140179523939e+02 -4.59635685854186792909e-01
7.57636239164782954170e-01 -4.01586750595059971403e+00 -9.10098521263144499827e-01 1.07092462065776999225e+02 -4.61629015573219614321e-01
7.59296403991909008013e-01 -4.01641059623767660014e+00 -9.09791748748246642542e-01 1.07087920979045122749e+02 -4.63619435799659418418e-01
7.60951399380600634892e-01 -4.01695443268043561602e+00 -9.09484280194374883344e-01 1.07083380008082230006e+02 -4.65606885831210903781e-01
7.62601214063325594239e-01 -4.01749899507836083501e+00 -9.09176121568247341820e-01 1.07078839281296467334e+02 -4.67591305122372846714e-01
7.64245836807822653824e-01 -4.01804426315305729389e+00 -9.08867278927028787727e-01 1.07074298927403987136e+02 -4.69572633287711704853e-01
7.65885256417178750254e-01 -4.01859021654865067319e+00 -9.08557758419097805103e-01 1.07069759075426517825e+02 -4.71550810105275386430e-01
7.67519461729904151071e-01 -4.01913683483216210846e+00 -9.08247566284794527469e-01 1.07065219854689246404e+02 -4.73525775519903380228e-01
7.69148441620009615249e-01 -4.01968409749383592811e+00 -9.07936708857189467281e-01 1.07060681394818331569e+02 -4.75497469646655457343e-01
7.70772184997081555302e-01 -4.02023198394758107810e+00 -9.07625192562808158492e-01 1.07056143825738843134e+02 -4.77465832774064014021e-01
7.72390680806357088350e-01 -4.02078047353133971598e+00 -9.07313023922409533917e-01 1.07051607277672033547e+02 -4.79430805367592971500e-01
7.74003918028800530493e-01 -4.02132954550753574097e+00 -9.07000209551725111723e-01 1.07047071881133263105e+02 -4.81392328073038444636e-01
7.75611885681177226637e-01 -4.02187917906349756691e+00 -9.06686756162195073294e-01 1.07042537766929129361e+02 -4.83350341719789133865e-01
7.77214572816129045663e-01 -4.02242935247802435583e+00 -9.06372669813637066305e-01 1.07038005066506670460e+02 -4.85304786817795763554e-01
7.78811968522248321278e-01 -4.02298004644508555572e+00 -9.06057958829211029794e-01 1.07033473910543079910e+02 -4.87255605541281056059e-01
7.80404061924152570029e-01 -4.02353123911052268369e+00 -9.05742629536837151605e-01 1.07028944431054995334e+02 -4.89202738827359817630e-01
7.81990842182558654194e-01 -4.02408290936625157030e+00 -9.05426689038005161336e-01 1.07024416759988824310e+02 -4.91146128273826199084e-01
7.83572298494356056509e-01 -4.02463503602156258410e+00 -9.05110144562212060038e-01 1.07019891029067977684e+02 -4.93085714228697846728e-01
7.85148420092680932036e-01 -4.02518759784303625793e+00 -9.04793003354684710615e-01 1.07015367371777344374e+02 -4.95021441520679394976e-01
7.86719196246989271870e-01 -4.02574057349648750659e+00 -9.04475272844455058241e-01 1.07010845920405586185e+02 -4.96953250980437244433e-01
7.88284616263129733760e-01 -4.02629394158623021838e+00 -9.04156960534914788674e-01 1.07006326807995179706e+02 -4.98881085028472726073e-01
7.89844669483416361722e-01 -4.02684768064605513871e+00 -9.03838074031719895807e-01 1.07001810167855424538e+02 -5.00804886299453633214e-01
7.91399345286702082802e-01 -4.02740176913979563977e+00 -9.03518621043475911314e-01 1.06997296133559572695e+02 -5.02724597645710424842e-01
7.92948633088449872375e-01 -4.02795618546192457643e+00 -9.03198609382510175791e-01 1.06992784838941645376e+02 -5.04640162140415182712e-01
7.94492522340805029657e-01 -4.02851090793815558300e+00 -9.02878046965439162719e-01 1.06988276418093477105e+02 -5.06551523081274823745e-01
7.96031002532667897320e-01 -4.02906591482608700261e+00 -9.02556941814022684056e-01 1.06983771005361418815e+02 -5.08458623993636504856e-01
7.97564063189764360651e-01 -4.02962118431580318401e+00 -9.02235302055691468226e-01 1.06979268735343381991e+02 -5.10361408634033786313e-01
7.99091693874717567958e-01 -4.03017669453058147155e+00 -9.01913135924324871340e-01 1.06974769742885285950e+02 -5.12259820993563597114e-01
8.00613884187118873825e-01 -4.03073242352750504836e+00 -9.01590451760865052577e-01 1.06970274163078130414e+02 -5.14153805301173938425e-01
8.02130623763599115428e-01 -4.03128834929819035438e+00 -9.01267258014010197442e-01 1.06965782131254300680e+02 -5.16043306027193282581e-01
8.03641902277898334539e-01 -4.03184444976946565475e+00 -9.00943563240857003827e-01 1.06961293782984370182e+02 -5.17928267886566207068e-01
8.05147709440937053849e-01 -4.03240070214126244963e+00 -9.00619374490105317754e-01 1.06956809254237086293e+02 -5.19808634818854087278e-01
8.06648035000885443857e-01 -4.03295708557622489820e+00 -9.00294703643999438825e-01 1.06952328680683251605e+02 -5.21684354011877626789e-01
8.08142868743233711015e-01 -4.03351357711918900861e+00 -8.99969558093229204943e-01 1.06947852198782854316e+02 -5.23555369981538287760e-01
8.09632200490861042574e-01 -4.03407015444605310250e+00 -8.99643946834808860835e-01 1.06943379945023124833e+02 -5.25421628455101985544e-01
8.11116020104105994726e-01 -4.03462679517170830223e+00 -8.99317878977270335206e-01 1.06938912056111590232e+02 -5.27283075421238089930e-01
8.12594317480834105183e-01 -4.03518347685090095212e+00 -8.98991363741341142912e-01 1.06934448668972194696e+02 -5.29139657133413487955e-01
8.14067082556508059277e-01 -4.03574017697901332724e+00 -8.98664410460520701740e-01 1.06929989920741604692e+02 -5.30991320113172182715e-01
8.15534305304254858449e-01 -4.03629687299289496849e+00 -8.98337028581626118040e-01 1.06925535948765315197e+02 -5.32838011153510149320e-01
8.16995975734935098167e-01 -4.03685354227173576191e+00 -8.98009227665398257479e-01 1.06921086890593571184e+02 -5.34679677322062119060e-01
8.18452083897210691532e-01 -4.03741016213792480727e+00 -8.97681017387075952385e-01 1.06916642883977630163e+02 -5.36516265964513960895e-01
8.19902619877612370836e-01 -4.03796670985792882647e+00 -8.97352407536904927987e-01 1.06912204066865541563e+02 -5.38347724707780583842e-01
8.21347573800607411165e-01 -4.03852316264317146022e+00 -8.97023408020678703068e-01 1.06907770577398181899e+02 -5.40174001463299857662e-01
8.22786935828667020942e-01 -4.03907949765099250072e+00 -8.96694028860301139972e-01 1.06903342553904963097e+02 -5.41995044430304995231e-01
8.24220696162332733259e-01 -4.03963569198560268347e+00 -8.96364280194250517830e-01 1.06898920134899697132e+02 -5.43810802098990242470e-01
8.25648845040284129482e-01 -4.04019172269894699667e+00 -8.96034172278091456398e-01 1.06894503459076332774e+02 -5.45621223253782927642e-01
8.27071372739403898322e-01 -4.04074756676478852313e+00 -8.95703712958461073512e-01 1.06890092664961954938e+02 -5.47426255428438257589e-01
8.28488269574845448417e-01 -4.04130320131349840551e+00 -8.95372917614924213048e-01 1.06885687892180996528e+02 -5.49225851012863586220e-01
8.29899525900098078424e-01 -4.04185860311003697376e+00 -8.95041794490231801262e-01 1.06881289279688900251e+02 -5.51019958232512041540e-01
8.31305132107052369150e-01 -4.04241374900881744736e+00 -8.94710354313448585906e-01 1.06876896966855056803e+02 -5.52808527080940081966e-01
8.32705078626066685921e-01 -4.04296861581714050971e+00 -8.94378607933019043053e-01 1.06872511093206583155e+02 -5.54591507861794452694e-01
8.34099355926031127417e-01 -4.04352318029630808383e+00 -8.94046566317292290549e-01 1.06868131798423604550e+02 -5.56368851191912150433e-01
8.35487954514433028841e-01 -4.04407741916256213699e+00 -8.93714240554821515161e-01 1.06863759222334749666e+02 -5.58140508004376090234e-01
8.36870864937421798935e-01 -4.04463130907735646247e+00 -8.93381641881802135430e-01 1.06859393504364035721e+02 -5.59906428195071526055e-01
8.38248077779872757809e-01 -4.04518482669194323620e+00 -8.93048781575671801747e-01 1.06855034785702287081e+02 -5.61666565992332333934e-01
8.39619583665451307830e-01 -4.04573794858363289251e+00 -8.92715671113750941501e-01 1.06850683206062200270e+02 -5.63420871997304173462e-01
8.40985373256677326559e-01 -4.04629065129997123051e+00 -8.92382322069235067730e-01 1.06846338905817347609e+02 -5.65169298438624068126e-01
8.42345437254987894349e-01 -4.04684291134910534282e+00 -8.92048746137259152000e-01 1.06842002025465262705e+02 -5.66911797876197942614e-01
8.43699766400801687283e-01 -4.04739470520106081608e+00 -8.91714955135162079536e-01 1.06837672705622139802e+02 -5.68648323204329786407e-01
8.45048351473580483528e-01 -4.04794600928891767921e+00 -8.91380961002845917385e-01 1.06833351087017746295e+02 -5.70378827654424713778e-01
8.46391183291893445251e-01 -4.04849680136867018376e+00 -8.91046772321063551558e-01 1.06829037309102602649e+02 -5.72103262763264508450e-01
8.47728252713479291103e-01 -4.04904705536552267375e+00 -8.90712408069332939320e-01 1.06824731515383717806e+02 -5.73821586439844488758e-01
8.49059550635307469513e-01 -4.04959674871721553302e+00 -8.90377877246285698298e-01 1.06820433845702183362e+02 -5.75533750989592918224e-01
8.50385067993641552420e-01 -4.05014585772348656434e+00 -8.90043192285524975560e-01 1.06816144441187802272e+02 -5.77239711022534351947e-01
8.51704795764099964472e-01 -4.05069435865346871850e+00 -8.89708365744407925213e-01 1.06811863443057433187e+02 -5.78939421500184736580e-01
8.53018724961718044497e-01 -4.05124222774703834915e+00 -8.89373410304064138110e-01 1.06807590992608979263e+02 -5.80632837738125684446e-01
8.54326846641008552652e-01 -4.05178944121602402362e+00 -8.89038338769525426919e-01 1.06803327231215916981e+02 -5.82319915408778143728e-01
8.55629151896023509849e-01 -4.05233597524565691828e+00 -8.88703164069922890711e-01 1.06799072300321768125e+02 -5.84000610544094356236e-01
8.56925631860413927754e-01 -4.05288180599597502862e+00 -8.88367899258426074738e-01 1.06794826341434074379e+02 -5.85674879538003900770e-01
8.58216277707490537985e-01 -4.05342690960294671498e+00 -8.88032557512355880114e-01 1.06790589496118855095e+02 -5.87342679149255753046e-01
8.59501080650284077223e-01 -4.05397126218022307853e+00 -8.87697152133096745175e-01 1.06786361905994525046e+02 -5.89003966503645393082e-01
8.60780031941604684143e-01 -4.05451483982026150699e+00 -8.87361696546192457724e-01 1.06782143712726011131e+02 -5.90658699096709427501e-01
8.62053122874101962481e-01 -4.05505761859583024886e+00 -8.87026204301212484182e-01 1.06777935058018826453e+02 -5.92306834796124448417e-01
8.63320344780323600808e-01 -4.05559957838764351123e+00 -8.86690684977150422874e-01 1.06773736080422267491e+02 -5.93948329687216225459e-01
8.64581689032775213555e-01 -4.05614068809431316254e+00 -8.86355160468693559217e-01 1.06769546927717243534e+02 -5.95583146712714062154e-01
8.65837147043978516692e-01 -4.05668092709663330453e+00 -8.86019640714698741846e-01 1.06765367738842442691e+02 -5.97211242724756452560e-01
8.67086710266529503421e-01 -4.05722027140604346584e+00 -8.85684139763613265117e-01 1.06761198655602413510e+02 -5.98832577106216845664e-01
8.68330370193157397019e-01 -4.05775869702174585285e+00 -8.85348671787789864851e-01 1.06757039819811240022e+02 -6.00447109624066222011e-01
8.69568118356782493450e-01 -4.05829617993245594931e+00 -8.85013251083015317633e-01 1.06752891373285933696e+02 -6.02054800431288117402e-01
8.70799946330572671727e-01 -4.05883269611762553808e+00 -8.84677892068374993606e-01 1.06748753457840038550e+02 -6.03655610069297132725e-01
8.72025845728002679813e-01 -4.05936822154917464900e+00 -8.84342609285969194488e-01 1.06744626215277307324e+02 -6.05249499469775353866e-01
8.73245808202909201690e-01 -4.05990273219315334075e+00 -8.84007417400412887076e-01 1.06740509787384652896e+02 -6.06836429956773448779e-01
8.74459825449549366105e-01 -4.06043620401128535491e+00 -8.83672331198747662562e-01 1.06736404315925767605e+02 -6.08416363248758251814e-01
8.75667889202656035685e-01 -4.06096861296246380846e+00 -8.83337365589739520466e-01 1.06732309942634373101e+02 -6.09989261460338383358e-01
8.76869991237495205461e-01 -4.06149994183507612178e+00 -8.83002531834820358903e-01 1.06728226803882733975e+02 -6.11555085568799561280e-01
8.78066123369920736863e-01 -4.06203015368488795644e+00 -8.82667852720843804093e-01 1.06724155051446459197e+02 -6.13113801740230668358e-01
8.79256277456431312167e-01 -4.06255923060212875697e+00 -8.82333339703212371496e-01 1.06720094822095077802e+02 -6.14665371616092581775e-01
8.80440445394225390530e-01 -4.06308714855383090736e+00 -8.81999008180744059615e-01 1.06716046257372553896e+02 -6.16209758919720074211e-01
8.81618619121255608917e-01 -4.06361388351269070540e+00 -8.81664873672189375320e-01 1.06712009498758149562e+02 -6.17746927779788568280e-01
8.82790790616284959391e-01 -4.06413941145870083460e+00 -8.81330951815705421204e-01 1.06707984687659319434e+02 -6.19276842732042975825e-01
8.83956951898940523904e-01 -4.06466370838109014585e+00 -8.80997258368109825710e-01 1.06703971965404548428e+02 -6.20799468720677594114e-01
8.85117095029768430337e-01 -4.06518675027965503688e+00 -8.80663809204151215582e-01 1.06699971473236104202e+02 -6.22314771099614416627e-01
8.86271212110287143204e-01 -4.06570851316713355317e+00 -8.80330620315872836024e-01 1.06695983352302619096e+02 -6.23822715634228086579e-01
8.87419295283041753564e-01 -4.06622897307062647343e+00 -8.79997707811638885111e-01 1.06692007743651529950e+02 -6.25323268502240403599e-01
8.88561336731657602783e-01 -4.06674811648283363041e+00 -8.79665085684481207196e-01 1.06688044780415864921e+02 -6.26816396387504748411e-01
8.89697328680893129160e-01 -4.06726589956268647086e+00 -8.79332775200967420304e-01 1.06684094617808909788e+02 -6.28302065333705361816e-01
8.90827263396692936581e-01 -4.06778230791857442483e+00 -8.79000790188719793861e-01 1.06680157390451512356e+02 -6.29780244925359444785e-01
8.91951133186240308071e-01 -4.06829731764381730130e+00 -8.78669147249431570224e-01 1.06676233238373740164e+02 -6.31250901799821462212e-01
8.93068930398010163429e-01 -4.06881090486640140114e+00 -8.78337863072838898049e-01 1.06672322302005568417e+02 -6.32714004224272041910e-01
8.94180647421820240517e-01 -4.06932304573916692192e+00 -8.78006954460687771835e-01 1.06668424721630998420e+02 -6.34169520885534465648e-01
8.95286276688883719821e-01 -4.06983371644304181558e+00 -8.77676438325077468150e-01 1.06664540637378934207e+02 -6.35617420890602358163e-01
8.96385810671860183696e-01 -4.07034289318780295730e+00 -8.77346331687598790516e-01 1.06660670189216347126e+02 -6.37057673767527199438e-01
8.97479241884907241733e-01 -4.07085055221496716626e+00 -8.77016651678084291355e-01 1.06656813516939521946e+02 -6.38490249466000303613e-01
8.98566562883731378975e-01 -4.07135666979958976697e+00 -8.76687415533071057183e-01 1.06652970760166027731e+02 -6.39915118357821333106e-01
8.99647766265638582084e-01 -4.07186123767303165266e+00 -8.76358642345274829744e-01 1.06649142047327856631e+02 -6.41332255053821853608e-01
9.00722844669584632449e-01 -4.07236420259574494196e+00 -8.76030347169452383582e-01 1.06645327538893056385e+02 -6.42741624167636360632e-01
9.01791790776225510307e-01 -4.07286555517258719306e+00 -8.75702548372170319624e-01 1.06641527363649501581e+02 -6.44143200270308358135e-01
9.02854597307967132735e-01 -4.07336527182919994061e+00 -8.75375263623081267816e-01 1.06637741660424353540e+02 -6.45536955440578763543e-01
9.03911257029014647557e-01 -4.07386332903451631182e+00 -8.75048510693135161986e-01 1.06633970567825457465e+02 -6.46922862181932734060e-01
9.04961762745422060306e-01 -4.07435970330281893581e+00 -8.74722307452754699320e-01 1.06630214224232958031e+02 -6.48300893422554036505e-01
9.06006107305140861996e-01 -4.07485437119621884960e+00 -8.74396671870106056978e-01 1.06626472767790474450e+02 -6.49671022515171170397e-01
9.07044283598068878938e-01 -4.07534730932708555429e+00 -8.74071622010080706566e-01 1.06622746336396588163e+02 -6.51033223237502012282e-01
9.08076284556099455614e-01 -4.07583849436018930135e+00 -8.73747176031552053033e-01 1.06619035067695719476e+02 -6.52387469791270602215e-01
9.09102103153167639960e-01 -4.07632792311715697053e+00 -8.73423360833591289065e-01 1.06615339085468420421e+02 -6.53733746638634150017e-01
9.10121732405300032376e-01 -4.07681553348982905760e+00 -8.73100179546063004388e-01 1.06611658553352881995e+02 -6.55072010962299389192e-01
9.11135165370661193052e-01 -4.07730132109997978063e+00 -8.72777657446143328990e-01 1.06607993595293891076e+02 -6.56402246485573992452e-01
9.12142395149601159510e-01 -4.07778526283237940930e+00 -8.72455813079655806419e-01 1.06604344347846534902e+02 -6.57724429123927700758e-01
9.13143414884702742107e-01 -4.07826733563521415249e+00 -8.72134665079103976737e-01 1.06600710947268424889e+02 -6.59038535216194043542e-01
9.14138217760827709313e-01 -4.07874751652205969066e+00 -8.71814232161381097441e-01 1.06597093529510971166e+02 -6.60344541523518735460e-01
9.15126797005163528098e-01 -4.07922578257505197286e+00 -8.71494533125761083880e-01 1.06593492230209463401e+02 -6.61642425228870512122e-01
9.16109145887269216146e-01 -4.07970211094788126616e+00 -8.71175586852341421462e-01 1.06589907184673776896e+02 -6.62932163936487017786e-01
9.17085257719121638154e-01 -4.08017650219203797946e+00 -8.70857430545261212984e-01 1.06586338513183875421e+02 -6.64213753547851504244e-01
9.18055125855160469861e-01 -4.08064888804781844556e+00 -8.70540050039137924820e-01 1.06582786379456734949e+02 -6.65487139491937496061e-01
9.19018743692333606177e-01 -4.08111926804788449630e+00 -8.70223479791168763597e-01 1.06579250903513866433e+02 -6.66752316066494654656e-01
9.19976104670142347253e-01 -4.08158761963057514777e+00 -8.69907739014052605597e-01 1.06575732219296341441e+02 -6.68009262572273332381e-01
9.20927202270686140473e-01 -4.08205392031688862886e+00 -8.69592846991718571026e-01 1.06572230460374640870e+02 -6.69257958726732549160e-01
9.21872030018706323240e-01 -4.08251814771453247488e+00 -8.69278823075075646187e-01 1.06568745759937399953e+02 -6.70498384661725954636e-01
9.22810581481630642919e-01 -4.08298027952132436269e+00 -8.68965686681196669561e-01 1.06565278250781560132e+02 -6.71730520923283114243e-01
9.23742850269617443715e-01 -4.08344031772676707703e+00 -8.68653486631036475529e-01 1.06561828051592030420e+02 -6.72954375359836820536e-01
9.24668830035598299233e-01 -4.08389819232371564794e+00 -8.68342188370740175607e-01 1.06558395322139134009e+02 -6.74169879264280069719e-01
9.25588514475321866293e-01 -4.08435390476228121770e+00 -8.68031836763265784995e-01 1.06554980180177281568e+02 -6.75377037972700322577e-01
9.26501897327396517490e-01 -4.08480743308345051190e+00 -8.67722451502823233227e-01 1.06551582756881828118e+02 -6.76575833695367334641e-01
9.27408972373333306827e-01 -4.08525875543116168132e+00 -8.67414052337012075888e-01 1.06548203182988189042e+02 -6.77766249048134206134e-01
9.28309733437587714100e-01 -4.08570785005770265030e+00 -8.67106659065830065458e-01 1.06544841588780357711e+02 -6.78948267052220777451e-01
9.29204174387602388485e-01 -4.08615469532655151141e+00 -8.66800291537835998490e-01 1.06541498104080631038e+02 -6.80121871131252442311e-01
9.30092289133848337812e-01 -4.08659929206063843310e+00 -8.66495015249586941763e-01 1.06538172848587649355e+02 -6.81287084850645374701e-01
9.30974071629866561928e-01 -4.08704157344738128188e+00 -8.66190765272467300129e-01 1.06534865972116705279e+02 -6.82443817899174520747e-01
9.31849515872309464015e-01 -4.08748154080243253361e+00 -8.65887601494039538252e-01 1.06531577592231201379e+02 -6.83592090136108887499e-01
9.32718615900981373734e-01 -4.08791917289720974082e+00 -8.65585543974666360434e-01 1.06528307836867739411e+02 -6.84731886599781236491e-01
9.33581365798879514450e-01 -4.08835444863141894700e+00 -8.65284612812510900426e-01 1.06525056833449468741e+02 -6.85863192722761527698e-01
9.34437759692233416153e-01 -4.08878734703740409628e+00 -8.64984828138993244728e-01 1.06521824708874177645e+02 -6.86985994328362825634e-01
9.35287791750546215752e-01 -4.08921784728871795522e+00 -8.64686210117498132988e-01 1.06518611589499855086e+02 -6.88100277630258161388e-01
9.36131456186633403860e-01 -4.08964594312362095252e+00 -8.64388847981460872738e-01 1.06515417601751167354e+02 -6.89206086817933494260e-01
9.36968747256662348732e-01 -4.09007158201612242010e+00 -8.64092632467670429541e-01 1.06512242873664774834e+02 -6.90303300130045927041e-01
9.37799659260191820209e-01 -4.09049476026599556633e+00 -8.63797645033695160599e-01 1.06509087527369658233e+02 -6.91391956584131217589e-01
9.38624186540210181384e-01 -4.09091545752744956133e+00 -8.63503905985159914138e-01 1.06505951687063955546e+02 -6.92472043946210424892e-01
9.39442323483174468457e-01 -4.09133365361505862978e+00 -8.63211435647363911627e-01 1.06502835476351435773e+02 -6.93543550361964356021e-01
9.40254064519048693427e-01 -4.09174932851355244168e+00 -8.62920254365247108019e-01 1.06499739018226179610e+02 -6.94606464357146569100e-01
9.41059404121340592475e-01 -4.09216246280794937462e+00 -8.62630473822735166500e-01 1.06496662450879696848e+02 -6.95660848568104728251e-01
9.41858336807141038882e-01 -4.09257302968311265090e+00 -8.62341942211409695496e-01 1.06493605871380751182e+02 -6.96706552278474999795e-01
9.42650857137159903232e-01 -4.09298101499206268272e+00 -8.62054761627329413365e-01 1.06490569410445630183e+02 -6.97743630667782666066e-01
9.43436959715763689971e-01 -4.09338639929516556748e+00 -8.61768952448581204706e-01 1.06487553189696569689e+02 -6.98772076085379278965e-01
9.44216639191012285792e-01 -4.09378916331803122119e+00 -8.61484535135584983401e-01 1.06484557328537789544e+02 -6.99791877768702552665e-01
9.44989890254695485972e-01 -4.09418928800323644879e+00 -8.61201530133764991959e-01 1.06481581946200762445e+02 -7.00803026478000301580e-01
9.45756707642368521505e-01 -4.09458672924394750936e+00 -8.60920077399705441223e-01 1.06478627203132276691e+02 -7.01805606269304327327e-01
9.46517086133388918512e-01 -4.09498150757356516038e+00 -8.60639970769838669185e-01 1.06475693144880636964e+02 -7.02799431037358979246e-01
9.47271020550951026173e-01 -4.09537358856985989064e+00 -8.60361338621846272190e-01 1.06472779920815199262e+02 -7.03784577623496221399e-01
9.48018505762121987956e-01 -4.09576295382354427232e+00 -8.60084201431489892009e-01 1.06469887647499518835e+02 -7.04761038224021585386e-01
9.48759536677876158528e-01 -4.09614958516960214752e+00 -8.59808579685595764097e-01 1.06467016440743080352e+02 -7.05728805407809467454e-01
9.49494108253130075781e-01 -4.09653341062245424098e+00 -8.59534633909499579119e-01 1.06464166485186623845e+02 -7.06687977555806146057e-01
9.50222215486776988769e-01 -4.09691450416151337066e+00 -8.59262117801848357423e-01 1.06461337771974839939e+02 -7.07638345224698817049e-01
9.50943853421720053376e-01 -4.09729280798045714107e+00 -8.58991179262772686087e-01 1.06458530470600862827e+02 -7.08579999424789441775e-01
9.51659017144907415364e-01 -4.09766830465323739219e+00 -8.58721838774983425857e-01 1.06455744693978942905e+02 -7.09512934118832760966e-01
9.52367701787364628885e-01 -4.09804097704372072286e+00 -8.58454116847326087480e-01 1.06452980554196614094e+02 -7.10437143655370029194e-01
9.53069902524227741125e-01 -4.09841071143458091086e+00 -8.58188196539994563317e-01 1.06450238272163147712e+02 -7.11352740014679407743e-01
9.53765614574776932066e-01 -4.09877766131087195589e+00 -8.57923786854275172153e-01 1.06447517761256008839e+02 -7.12259490928438432356e-01
9.54454833202468377884e-01 -4.09914173349758659270e+00 -8.57661057624195088955e-01 1.06444819221625635919e+02 -7.13157501554411932254e-01
9.55137553714966891505e-01 -4.09950291170884995040e+00 -8.57400029352217485368e-01 1.06442142762226040986e+02 -7.14046767619799460647e-01
9.55813771464177897030e-01 -4.09986118001134069999e+00 -8.57140722588465187037e-01 1.06439488491098515510e+02 -7.14927285259043476806e-01
9.56483481846278404959e-01 -4.10021636257871247011e+00 -8.56883342726003971457e-01 1.06436856682802144292e+02 -7.15799176309620754921e-01
9.57146680301749208652e-01 -4.10056873080975137213e+00 -8.56627553313157319437e-01 1.06434247139497159651e+02 -7.16662191620727306862e-01
9.57803362315405748539e-01 -4.10091813839252239404e+00 -8.56373546952387210141e-01 1.06431660107285040340e+02 -7.17516448105858906104e-01
9.58453523416427977111e-01 -4.10126457038842495706e+00 -8.56121344242933624002e-01 1.06429095690817973718e+02 -7.18361943315482975869e-01
9.59097159178392222323e-01 -4.10160801228314575440e+00 -8.55870965897243762832e-01 1.06426553993749692495e+02 -7.19198675267490927787e-01
9.59734265219300386462e-01 -4.10194819649288611174e+00 -8.55622634701465822893e-01 1.06424035368949333247e+02 -7.20026766156642072936e-01
9.60364837201609811146e-01 -4.10228556833734003817e+00 -8.55375976495353351758e-01 1.06421539460019047851e+02 -7.20845966371990942712e-01
9.60988870832263142319e-01 -4.10261990233200535272e+00 -8.55131203832204866977e-01 1.06419066580891197304e+02 -7.21656397562766005471e-01
9.61606361862717418099e-01 -4.10295118513940160199e+00 -8.54888337606547921155e-01 1.06416616831557732326e+02 -7.22458059272682029395e-01
9.62217306088972823552e-01 -4.10327907361832799893e+00 -8.54647599917486622267e-01 1.06414190627332658323e+02 -7.23251061188648347589e-01
9.62821699351601556494e-01 -4.10360415681038048774e+00 -8.54408613810120121101e-01 1.06411787484525248715e+02 -7.24035177253714912204e-01
9.63419537535776138171e-01 -4.10392614363659635757e+00 -8.54171595037706454789e-01 1.06409407771466149484e+02 -7.24810521706153121357e-01
9.64010816571297390887e-01 -4.10424502208442021356e+00 -8.53936564848468138145e-01 1.06407051584278931955e+02 -7.25577095759502244121e-01
9.64595532432621638463e-01 -4.10456035105282079911e+00 -8.53703734391053514763e-01 1.06404719418429678512e+02 -7.26334983564829061997e-01
9.65173681138889238973e-01 -4.10487290580685115771e+00 -8.53472742099008474526e-01 1.06402410628816397775e+02 -7.27084006095328194696e-01
9.65745258753950674979e-01 -4.10518230981447729278e+00 -8.53243799168833083613e-01 1.06400125654080923709e+02 -7.27824259812581253470e-01
9.66310261386393642979e-01 -4.10548855252952193950e+00 -8.53016927480288345009e-01 1.06397864586298581457e+02 -7.28555747835945233248e-01
9.66868685189569476712e-01 -4.10579106626425449633e+00 -8.52792309857800079342e-01 1.06395628023037772891e+02 -7.29278508350640564117e-01
9.67420526361620347622e-01 -4.10609086697503578023e+00 -8.52569631436292607596e-01 1.06393415115423124462e+02 -7.29992446579204701251e-01
9.67965781145503245675e-01 -4.10638746706881274662e+00 -8.52349085273439333044e-01 1.06391226392369659948e+02 -7.30697624666715395136e-01
9.68504445829016735736e-01 -4.10668085764545409688e+00 -8.52130694286991952069e-01 1.06389061941717500304e+02 -7.31394047995786666938e-01
9.69036516744826603720e-01 -4.10697030832825937807e+00 -8.51914584787780371222e-01 1.06386922489781866830e+02 -7.32081677419326393164e-01
9.69561990270489948429e-01 -4.10725714460668100969e+00 -8.51700540004198480837e-01 1.06384806932406021929e+02 -7.32760560009900863143e-01
9.70080862828479939530e-01 -4.10754073531017116494e+00 -8.51488712236533551447e-01 1.06382715913250521567e+02 -7.33430697810324661035e-01
9.70593130886211241659e-01 -4.10782026392618604405e+00 -8.51279175718409053530e-01 1.06380650223127759091e+02 -7.34091991515943731450e-01
9.71098790956062218882e-01 -4.10809722086054041057e+00 -8.51071807023407345127e-01 1.06378608626562950690e+02 -7.34744599912516282991e-01
9.71597839595400469825e-01 -4.10837089850254955081e+00 -8.50866717761603275072e-01 1.06376591825097975175e+02 -7.35388476671272384166e-01
9.72090273406605143158e-01 -4.10864129079256024113e+00 -8.50663933709625563750e-01 1.06374599899148265081e+02 -7.36023631972404279722e-01
9.72576089037090585343e-01 -4.10890734723100781167e+00 -8.50463395292961665817e-01 1.06372633817233065656e+02 -7.36649807744976903301e-01
9.73055283179328878163e-01 -4.10917100441849036940e+00 -8.50265219385471171520e-01 1.06370691993210613191e+02 -7.37267455203340027481e-01
9.73527852570872820337e-01 -4.10943134596365400313e+00 -8.50069413584621069724e-01 1.06368775289454532640e+02 -7.37876400081415417809e-01
9.73993793994377243806e-01 -4.10968719092614698241e+00 -8.49875807740286814962e-01 1.06366884767582121185e+02 -7.38476263931081677860e-01
9.74453104277621995344e-01 -4.10994072604085136646e+00 -8.49684720121734682330e-01 1.06365018653963673501e+02 -7.39067721352156703496e-01
9.74905780293532697733e-01 -4.11019091748711229428e+00 -8.49496069370583084535e-01 1.06363177896365556308e+02 -7.39650499240452119487e-01
9.75351818960202621156e-01 -4.11043643488000842723e+00 -8.49309541762620745509e-01 1.06361363660337772785e+02 -7.40224065773962380810e-01
9.75791217240913111297e-01 -4.11067975188769629824e+00 -8.49125718192351164326e-01 1.06359573963151746057e+02 -7.40789380369866634624e-01
9.76223972144155016650e-01 -4.11091969926858524786e+00 -8.48944400760559769736e-01 1.06357809848891548654e+02 -7.41346043130976739555e-01
9.76650080723648006398e-01 -4.11115477729981915189e+00 -8.48765090006372013853e-01 1.06356072597004938984e+02 -7.41893327459442031291e-01
9.77069540078361775670e-01 -4.11138778535230642319e+00 -8.48588707901937966405e-01 1.06354359995424047725e+02 -7.42432554868879712728e-01
9.77482347352534808316e-01 -4.11161739957786664945e+00 -8.48414904449452778046e-01 1.06352673195098958558e+02 -7.42963163330843001653e-01
9.77888499735694360915e-01 -4.11184193082322924084e+00 -8.48242941220136548175e-01 1.06351013597493945895e+02 -7.43484180058937682567e-01
9.78287994462675891683e-01 -4.11206454359263151588e+00 -8.48074180579544756320e-01 1.06349378744187262669e+02 -7.43997384858797183860e-01
9.78680828813640935060e-01 -4.11228373953417136732e+00 -8.47908075079831013987e-01 1.06347769902393793018e+02 -7.44502009284963350844e-01
9.79067000114096308572e-01 -4.11249762104605220969e+00 -8.47743581065388274176e-01 1.06346188600356029497e+02 -7.44996771385307399171e-01
9.79446505734912542529e-01 -4.11270975563881702186e+00 -8.47582625232925823688e-01 1.06344632122207826797e+02 -7.45484027390800885193e-01
9.79819343092340866441e-01 -4.11291845090215080205e+00 -8.47424405716787121357e-01 1.06343101858392628856e+02 -7.45962747736625519934e-01
9.80185509648031860763e-01 -4.11312158431915708690e+00 -8.47267492374517039444e-01 1.06341599463628128319e+02 -7.46431265228975071579e-01
9.80545002909051777173e-01 -4.11332315982569518553e+00 -8.47114528537563971078e-01 1.06340121962756370522e+02 -7.46892655489088119758e-01
9.80897820427900302143e-01 -4.11352127299586811660e+00 -8.46964387411276109496e-01 1.06338670872483334051e+02 -7.47345561183459516919e-01
9.81243959802526766190e-01 -4.11371356476109983902e+00 -8.46815154462912000888e-01 1.06337247966265493915e+02 -7.47787839607187643232e-01
9.81583418676346575182e-01 -4.11390450035444921184e+00 -8.46670373465155945425e-01 1.06335850021340846183e+02 -7.48223455707170859164e-01
9.81916194738257197550e-01 -4.11409194888504980980e+00 -8.46528506780776512919e-01 1.06334478677706755434e+02 -7.48650644432514278392e-01
9.82242285722654373536e-01 -4.11427331051026445863e+00 -8.46387040451003769270e-01 1.06333135809948757355e+02 -7.49066683092729834748e-01
9.82561689409446659127e-01 -4.11445352324083746254e+00 -8.46250635350568325421e-01 1.06331817977576875478e+02 -7.49476623275289077775e-01
9.82874403624071413255e-01 -4.11462762920798574839e+00 -8.46114497161752576737e-01 1.06330528710851922369e+02 -7.49875276007735180883e-01
9.83180426237509119680e-01 -4.11480056964971119271e+00 -8.45983611646267563700e-01 1.06329264620700470800e+02 -7.50267988437992472406e-01
9.83479755166297819891e-01 -4.11496997204938796955e+00 -8.45855774427145656880e-01 1.06328027436652334359e+02 -7.50652354025367896107e-01
9.83772388372547657021e-01 -4.11513301587960889094e+00 -8.45727535252444928560e-01 1.06326819053963973261e+02 -7.51024768802551312419e-01
9.84058323863954753641e-01 -4.11529508601177784755e+00 -8.45605307436439357360e-01 1.06325635949825269222e+02 -7.51391942129459700084e-01
9.84337559693814090345e-01 -4.11545358405340255814e+00 -8.45486223132449365991e-01 1.06324479929484667196e+02 -7.51750831674503738888e-01
9.84610093961033494558e-01 -4.11560549280394560867e+00 -8.45365927372631387193e-01 1.06323352892554638061e+02 -7.52096985232160508694e-01
9.84875924810146630151e-01 -4.11575659657430747984e+00 -8.45252529753202197504e-01 1.06322251272457265259e+02 -7.52438709325487398161e-01
9.85135050431324765796e-01 -4.11590112409824104844e+00 -8.45137713581319949263e-01 1.06321178666973864324e+02 -7.52767501178766673675e-01
9.85387469060390319697e-01 -4.11604479700762126981e+00 -8.45030038710292474846e-01 1.06320131644104236557e+02 -7.53092066058462128453e-01
9.85633178978827628747e-01 -4.11618483106621901868e+00 -8.44925621141457972030e-01 1.06319111982949351614e+02 -7.53408413406953303415e-01
9.85872178513795716093e-01 -4.11631811988351614673e+00 -8.44818812202945634837e-01 1.06318121417961108932e+02 -7.53710908442488780601e-01
9.86104466038138838258e-01 -4.11645066030320183614e+00 -8.44720161287422111052e-01 1.06317156640329500306e+02 -7.54010097791101729925e-01
9.86330039970398142479e-01 -4.11657951588843928903e+00 -8.44624837183492682691e-01 1.06316219385334932213e+02 -7.54301111192329121202e-01
9.86548898774822102808e-01 -4.11670151496602976238e+00 -8.44526029921301879533e-01 1.06315311224950335145e+02 -7.54577255882679875931e-01
9.86761040961377400293e-01 -4.11682281570000085935e+00 -8.44436485801473346591e-01 1.06314429115300541184e+02 -7.54851087812865917392e-01
9.86966465085758248854e-01 -4.11694038322520583506e+00 -8.44350316073957607443e-01 1.06313574678574724430e+02 -7.55116766496705671408e-01
9.87165169749397164445e-01 -4.11705105248074598734e+00 -8.44259487477428183233e-01 1.06312749247569442446e+02 -7.55366497233616041029e-01
9.87357153599473957861e-01 -4.11716100914157578927e+00 -8.44179073803127288933e-01 1.06311950188815941942e+02 -7.55614940760790942953e-01
9.87542415328925060614e-01 -4.11726417588816318016e+00 -8.44093853683624661954e-01 1.06311180070570685530e+02 -7.55847311934491505880e-01
9.87720953676452295689e-01 -4.11736649606320881389e+00 -8.44019169632162502559e-01 1.06310436522542516968e+02 -7.56078478270033715880e-01
9.87892767426531648312e-01 -4.11746501447546187080e+00 -8.43947839073221350858e-01 1.06309720848590544051e+02 -7.56301443785246552132e-01
9.88057855409421592618e-01 -4.11755680215447483761e+00 -8.43870600404678872231e-01 1.06309033934152026291e+02 -7.56507342911225677540e-01
9.88216216501170752196e-01 -4.11764764461998478140e+00 -8.43804917687346112132e-01 1.06308373948184538449e+02 -7.56712932119499748218e-01
9.88367849623625893685e-01 -4.11773464895311569478e+00 -8.43742548094217559296e-01 1.06307741935596226313e+02 -7.56910269180218642227e-01
9.88512753744439143233e-01 -4.11781779678957082780e+00 -8.43683492733243278749e-01 1.06307137935914596483e+02 -7.57099349198670057426e-01
9.88650927877074869876e-01 -4.11789434532836295944e+00 -8.43616447631732047086e-01 1.06306562275396672135e+02 -7.57269497456671714097e-01
9.88782371080816346876e-01 -4.11796978404677549435e+00 -8.43562851677143843432e-01 1.06306014139598474344e+02 -7.57441004374141635402e-01
9.88907082460772635102e-01 -4.11804134521323739193e+00 -8.43512476743777606103e-01 1.06305494080195856554e+02 -7.57604159428283518984e-01
9.89025061167884578239e-01 -4.11810649715673182669e+00 -8.43453401932632407245e-01 1.06305002113689241128e+02 -7.57747765460964339823e-01
9.89136306398929687766e-01 -4.11817034404532122949e+00 -8.43408352429291796604e-01 1.06304538012642993294e+02 -7.57893212196053323026e-01
9.89240817396528693273e-01 -4.11823030462559458442e+00 -8.43366407693997510719e-01 1.06304102026943155579e+02 -7.58030194668047330175e-01
9.89338593449150427439e-01 -4.11828637319471191347e+00 -8.43327530959887661233e-01 1.06303694170458385315e+02 -7.58158676914196694163e-01
9.89429633891116377953e-01 -4.11833629228661290966e+00 -8.43278705136932926756e-01 1.06303314000149342178e+02 -7.58266518814640466672e-01
9.89513938102605350444e-01 -4.11838465568178513365e+00 -8.43244959338383615055e-01 1.06302962182329750362e+02 -7.58377104283698977305e-01
9.89591505509657798356e-01 -4.11842913240440200440e+00 -8.43214154852606534440e-01 1.06302638505826408277e+02 -7.58479071558588513469e-01
9.89662335584179708725e-01 -4.11846972276991518669e+00 -8.43186246395070337911e-01 1.06302342973393166403e+02 -7.58572378519442480638e-01
9.89726427843945932850e-01 -4.11850642891665597034e+00 -8.43161186527132899826e-01 1.06302075584710834733e+02 -7.58656981547626840801e-01
9.89783781852604072071e-01 -4.11853925420462108065e+00 -8.43138927032651142035e-01 1.06301836337190948711e+02 -7.58732836654684827948e-01
9.89834397219676587198e-01 -4.11856629528090412151e+00 -8.43105082822054652247e-01 1.06301624201591081942e+02 -7.58786629938679180185e-01
9.89878273600564240198e-01 -4.11859144025082013485e+00 -8.43087775890618340568e-01 1.06301441064015179450e+02 -7.58844416720084957717e-01
9.89915410696548092595e-01 -4.11861271484730995240e+00 -8.43073195501530370244e-01 1.06301286066877807457e+02 -7.58893388212118713554e-01
9.89945808254791503877e-01 -4.11863012212390611211e+00 -8.43061309266296743381e-01 1.06301159206825076353e+02 -7.58933515098336841653e-01
9.89969466068341796827e-01 -4.11864366577872509367e+00 -8.43052089498900869557e-01 1.06301060479805485670e+02 -7.58964772544828525369e-01
