00000000000000000000 -3.96290529746329056593e+00 -9.61834450670008500595e-01 00000000000000000108 -3.22207241707206061643e-25
2.58315720529896097890e-03 -3.96021842034054571968e+00 -9.61844515959800361316e-01 1.08002596833486720129e+02 6.28760585027959904673e-04
5.16629682395841009074e-03 -3.95753844242073338222e+00 -9.61853622105733552239e-01 1.08005175900321631843e+02 1.25017433602718063684e-03
7.74940126945856955221e-03 -3.95486535146988504863e+00 -9.61861775002232910481e-01 1.08007737257295175937e+02 1.86424923163062104814e-03
1.03324529555191297475e-02 -3.95219913527566468758e+00 -9.61868980515221294603e-01 1.08010280961199342187e+02 2.47099342258212109277e-03
1.29154342962189676997e-02 -3.94953978164732388834e+00 -9.61875244483014535390e-01 1.08012807068823406098e+02 3.07041526939459599038e-03
1.54983277061159028382e-02 -3.94688727841578934630e+00 -9.61880572715749559976e-01 1.08015315636956344747e+02 3.66252330256346949819e-03
1.80811156003663868475e-02 -3.94424161343362644772e+00 -9.61884970995987131914e-01 1.08017806722383724605e+02 4.24732624331228183351e-03
2.06637803948452533631e-02 -3.94160277457533769763e+00 -9.61888445077988762932e-01 1.08020280381900676048e+02 4.82483295722539815703e-03
2.32463045062654173611e-02 -3.93897074973666772024e+00 -9.61891000690041853005e-01 1.08022736672273879321e+02 5.39505256707799307758e-03
2.58286703522975918945e-02 -3.93634552683543148532e+00 -9.61892643532127666894e-01 1.08025175650284054996e+02 5.95799431939898153227e-03
2.84108603516900135033e-02 -3.93372709381110086113e+00 -9.61893379277451110454e-01 1.08027597372701279710e+02 6.51366765628085420820e-03
3.09928569243880722150e-02 -3.93111543862489032364e+00 -9.61893213572325156413e-01 1.08030001896289078900e+02 7.06208219926211279438e-03
3.35746424916540803229e-02 -3.92851054925978715460e+00 -9.61892152036328829112e-01 1.08032389277803346772e+02 7.60324774879618699164e-03
3.61561994761869162640e-02 -3.92591241372124244435e+00 -9.61890200261319772146e-01 1.08034759574028711882e+02 8.13717422157440167796e-03
3.87375103022416650278e-02 -3.92332102003495331033e+00 -9.61887363815312590454e-01 1.08037112841657844342e+02 8.66387184832234126530e-03
4.13185573957493418318e-02 -3.92073635624973304559e+00 -9.61883648237898736255e-01 1.08039449137443284599e+02 9.18335092003986531994e-03
4.38993231844364839578e-02 -3.91815841043584445202e+00 -9.61879059043174833299e-01 1.08041768518107971886e+02 9.69562193390883370059e-03
4.64797900979448119774e-02 -3.91558717068541506379e+00 -9.61873601719257953491e-01 1.08044071040364087821e+02 1.02006955597306134959e-02
4.90599405679508632216e-02 -3.91302262511239806742e+00 -9.61867281728471579250e-01 1.08046356760912303230e+02 1.06985826389967876582e-02
5.16397570282855211676e-02 -3.91046476185263180980e+00 -9.61860104507481716851e-01 1.08048625736440911282e+02 1.11892941840035370360e-02
5.42192219150537807471e-02 -3.90791356906380116243e+00 -9.61852075467464318059e-01 1.08050878023625003266e+02 1.16728413769763266633e-02
5.67983176667541181382e-02 -3.90536903492548459482e+00 -9.61843199994260045216e-01 1.08053113679125573299e+02 1.21492355692601576578e-02
5.93770267243982005634e-02 -3.90283114764116412232e+00 -9.61833483446413839424e-01 1.08055332759697222400e+02 1.26184881676176009757e-02
6.19553315316303740423e-02 -3.90029989543111232919e+00 -9.61822931162720551335e-01 1.08057535321806611250e+02 1.30806110284517988773e-02
6.45332145348472135948e-02 -3.89777526654199801825e+00 -9.61811548452444320390e-01 1.08059721422144093594e+02 1.35356159257260313944e-02
6.71106581833170040552e-02 -3.89525724924106331315e+00 -9.61799340601484198388e-01 1.08061891117312484312e+02 1.39835148715484382936e-02
6.96876449292992278250e-02 -3.89274583181748479177e+00 -9.61786312871136472857e-01 1.08064044463897701576e+02 1.44243200414372607643e-02
7.22641572281641081377e-02 -3.89024100258235705496e+00 -9.61772470498255649396e-01 1.08066181518468027889e+02 1.48580437733469555156e-02
7.48401775385119094608e-02 -3.88774274986871271054e+00 -9.61757818695381683227e-01 1.08068302337573285854e+02 1.52846985667144698307e-02
7.74156883222925085164e-02 -3.88525106203151882056e+00 -9.61742362650920279421e-01 1.08070406977744340793e+02 1.57042970814963017689e-02
7.99906720449247571336e-02 -3.88276592744768533905e+00 -9.61726107529250362482e-01 1.08072495495492191253e+02 1.61168521372282852466e-02
8.25651111754157757128e-02 -3.88028733451605045701e+00 -9.61709058470903932481e-01 1.08074567947307286886e+02 1.65223767120869155511e-02
8.51389881864804548561e-02 -3.87781527166025163922e+00 -9.61691220590827566816e-01 1.08076624389811030369e+02 1.69208838424135220302e-02
8.77122855546606100541e-02 -3.87534972731834859161e+00 -9.61672598985313986653e-01 1.08078664879200943005e+02 1.73123869837790815562e-02
9.02849857604444694381e-02 -3.87289068995714869104e+00 -9.61653198722776547669e-01 1.08080689472015919250e+02 1.76968995100582338065e-02
9.28570712883857868336e-02 -3.87043814781385897561e+00 -9.61633025468854651940e-01 1.08082698224657505648e+02 1.80744350337573994603e-02
9.54285246272232184905e-02 -3.86799208988111997698e+00 -9.61612083017373442395e-01 1.08084691193515254781e+02 1.84450072854986449333e-02
9.79993282699994638918e-02 -3.86555250445452092123e+00 -9.61590376978974759048e-01 1.08086668434943689476e+02 1.88086301833385906301e-02
1.00569464714180475950e-01 -3.86311938008660771260e+00 -9.61567912331097174317e-01 1.08088630005276286283e+02 1.91653177853886406978e-02
1.03138916461774601818e-01 -3.86069270535187403226e+00 -9.61544694028444557610e-01 1.08090575960821382751e+02 1.95150843003290240529e-02
1.05707666019451862471e-01 -3.85827246884677066419e+00 -9.61520727003141284506e-01 1.08092506357861424249e+02 1.98579440864693999858e-02
1.08275695898662718819e-01 -3.85585865918968995203e+00 -9.61496016164848144037e-01 1.08094421252652452381e+02 2.01939116507813265500e-02
1.10842988615757503945e-01 -3.85345126502097290455e+00 -9.61470566400910997551e-01 1.08096320701423337596e+02 2.05230016479479235314e-02
1.13409526692105272483e-01 -3.85105027500290963971e+00 -9.61444382576505440774e-01 1.08098204760375352862e+02 2.08452288794292034391e-02
1.15975292654212733257e-01 -3.84865567782333606317e+00 -9.61417469533420443462e-01 1.08100073485874659696e+02 2.11606082209564866359e-02
1.18540269033843417845e-01 -3.84626746218216641893e+00 -9.61389832095178364924e-01 1.08101926933731618874e+02 2.14691548877156170028e-02
1.21104438368136405058e-01 -3.84388561681034612860e+00 -9.61361475060173664708e-01 1.08103765160213697527e+02 2.17708840593690243492e-02
1.23667783199725281329e-01 -3.84151013045794309519e+00 -9.61332403206198060630e-01 1.08105588221407757032e+02 2.20658111139804234690e-02
1.26230286076857156630e-01 -3.83914099189693125425e+00 -9.61302621289541137095e-01 1.08107396173370361225e+02 2.23539515715118174144e-02
1.28791929553511097506e-01 -3.83677818992121766328e+00 -9.61272134045113468837e-01 1.08109189072127136910e+02 2.26353210928744996711e-02
1.31352696189517337277e-01 -3.83442171334661985327e+00 -9.61240946186582401189e-01 1.08110966973672233848e+02 2.29099354789871964555e-02
1.33912568550675792345e-01 -3.83207155101086183180e+00 -9.61209062406510050813e-01 1.08112729933967855800e+02 2.31778106698273464459e-02
1.36471529208874592376e-01 -3.82972769177357630355e+00 -9.61176487376478205782e-01 1.08114478008943564191e+02 2.34389627434944194939e-02
1.39029560742209123969e-01 -3.82739012451627491629e+00 -9.61143225747206897402e-01 1.08116211254495880212e+02 2.36934079152656684730e-02
1.41586645735100435939e-01 -3.82505883814236913310e+00 -9.61109282148712495975e-01 1.08117929726487645326e+02 2.39411625366630076428e-02
1.44142766778413616846e-01 -3.82273382157714936014e+00 -9.61074661190410295397e-01 1.08119633480747538101e+02 2.41822430945116857715e-02
1.46697906469576699884e-01 -3.82041506376776540677e+00 -9.61039367461251292646e-01 1.08121322573069477357e+02 2.44166662100215245412e-02
1.49252047412698846118e-01 -3.81810255368670992127e+00 -9.61003405529404886032e-01 1.08122997059397818020e+02 2.46444486139864339658e-02
1.51805172218688999575e-01 -3.81579628031867690297e+00 -9.60966779944066540331e-01 1.08124656995125320691e+02 2.48656072356370633214e-02
1.54357263505374042722e-01 -3.81349623267922810399e+00 -9.60929495233202590754e-01 1.08126302436091165760e+02 2.50801590743286242913e-02
1.56908303897617312783e-01 -3.81120239980294162052e+00 -9.60891555905168281981e-01 1.08127933437946452955e+02 2.52881212792737154749e-02
1.59458276027436895994e-01 -3.80891477074621409571e+00 -9.60852966448496936813e-01 1.08129550056305205885e+02 2.54895111293944112707e-02
1.62007162534123755337e-01 -3.80663333458725761105e+00 -9.60813731332011533581e-01 1.08131152346743732551e+02 2.56843460324055923583e-02
1.64554946064359886027e-01 -3.80435808042609346913e+00 -9.60773855004951604641e-01 1.08132740364800184807e+02 2.58726435238939116157e-02
1.67101609272336831813e-01 -3.80208899738454153550e+00 -9.60733341897086701167e-01 1.08134314165974146249e+02 2.60544212663948830666e-02
1.69647134819873285361e-01 -3.79982607460619670192e+00 -9.60692196418859500895e-01 1.08135873805725978514e+02 2.62296970484805283541e-02
1.72191505376533410265e-01 -3.79756930125643421547e+00 -9.60650422961486061268e-01 1.08137419339476522850e+02 2.63984887838540835392e-02
1.74734703619744774494e-01 -3.79531866652238791815e+00 -9.60608025897094597312e-01 1.08138950822606545898e+02 2.65608145104125406566e-02
1.77276712234916367095e-01 -3.79307415961293958873e+00 -9.60565009578832396109e-01 1.08140468310456199674e+02 2.67166923893612621999e-02
1.79817513915556254078e-01 -3.79083576975871272552e+00 -9.60521378340990272804e-01 1.08141971858324609457e+02 2.68661407042941613454e-02
1.82357091363389622884e-01 -3.78860348621204545694e+00 -9.60477136499137684744e-01 1.08143461521469490094e+02 2.70091778602855603353e-02
1.84895427288476549288e-01 -3.78637729824700253189e+00 -9.60432288350207885586e-01 1.08144937355106520727e+02 2.71458223829917841274e-02
1.87432504409329458994e-01 -3.78415719516265491862e+00 -9.60386838172979206973e-01 1.08146399414586440457e+02 2.72760929354114688150e-02
1.89968305453031172103e-01 -3.78194316627041215995e+00 -9.60340790226916540817e-01 1.08147847754717346902e+02 2.74000082492531459033e-02
1.92502813155352114904e-01 -3.77973520091219716832e+00 -9.60294148754099463616e-01 1.08149282430736604965e+02 2.75175872216578687457e-02
1.95036010260868170052e-01 -3.77753328844879154857e+00 -9.60246917978186509401e-01 1.08150703497688269294e+02 2.76288488516361965819e-02
1.97567879523077832848e-01 -3.77533741826262847496e+00 -9.60199102104813850822e-01 1.08152111010572355099e+02 2.77338122543024021005e-02
2.00098403704520089175e-01 -3.77314757975776871035e+00 -9.60150705321683672899e-01 1.08153505024344269714e+02 2.78324966599606989093e-02
2.02627565576891321975e-01 -3.77096376235989039216e+00 -9.60101731798716051536e-01 1.08154885593914443120e+02 2.79249214132223436136e-02
2.05155347921162689584e-01 -3.76878595551627304516e+00 -9.60052185688140991005e-01 1.08156252774147915829e+02 2.80111059721293680080e-02
2.07681733527697698349e-01 -3.76661414869578692333e+00 -9.60002071124614553277e-01 1.08157606619863827291e+02 2.80910699072393736653e-02
2.10206705196368998090e-01 -3.76444833138887213764e+00 -9.59951392225338540065e-01 1.08158947185835131677e+02 2.81648329007731304530e-02
2.12730245736675399604e-01 -3.76228849310752844204e+00 -9.59900153090167851389e-01 1.08160274526788072080e+02 2.82324147457081245371e-02
2.15252337967859502799e-01 -3.76013462281592580894e+00 -9.59848358475594243266e-01 1.08161588697389376534e+02 2.82938353684670969301e-02
2.17772964719024048064e-01 -3.75798671118057736606e+00 -9.59796011105355062476e-01 1.08162889752294859136e+02 2.83491147342983945689e-02
2.20292108829248989288e-01 -3.75584474723509353922e+00 -9.59743115695484427796e-01 1.08164177746076546782e+02 2.83982729862707339308e-02
2.22809753147708622389e-01 -3.75370872057752880124e+00 -9.59689676277549197358e-01 1.08165452733269916052e+02 2.84413303516375878810e-02
2.25325880533787908933e-01 -3.75157862082741067056e+00 -9.59635696866321219467e-01 1.08166714768361686083e+02 2.84783071640367993482e-02
2.27840473857199465879e-01 -3.74945443762573482616e+00 -9.59581181459887133656e-01 1.08167963905789548562e+02 2.85092238626117773503e-02
2.30353515998100027984e-01 -3.74733616063802088547e+00 -9.59526134040819878024e-01 1.08169200200106345733e+02 2.85341010469866637744e-02
2.32864989847207326523e-01 -3.74522377954244500842e+00 -9.59470558572225740157e-01 1.08170423705346379961e+02 2.85529592613561304659e-02
2.35374878305916024335e-01 -3.74311728404695776007e+00 -9.59414459003719022334e-01 1.08171634475940493303e+02 2.85658193048060511654e-02
2.37883164286414594546e-01 -3.74101666387824094429e+00 -9.59357839267751200119e-01 1.08172832566126473353e+02 2.85727020299727275943e-02
2.40389830711801560925e-01 -3.73892190878435970447e+00 -9.59300703280622779623e-01 1.08174018030091133369e+02 2.85736283906838604840e-02
2.42894860516201405165e-01 -3.73683300853473276959e+00 -9.59243054942609307822e-01 1.08175190921969971214e+02 2.85686194410995630832e-02
2.45398236644881417856e-01 -3.73474995292013822734e+00 -9.59184898138048969152e-01 1.08176351295846657763e+02 2.85576963348605217252e-02
2.47899942054367217192e-01 -3.73267273175265934526e+00 -9.59126236735466708438e-01 1.08177499205752866374e+02 2.85408803242223722829e-02
2.50399959712559072589e-01 -3.73060133486570677519e+00 -9.59067074587644841088e-01 1.08178634705667732874e+02 2.85181927592192650811e-02
2.52898272598847562165e-01 -3.72853575211397769706e+00 -9.59007415531770490702e-01 1.08179757849517656609e+02 2.84896550867870246293e-02
2.55394863704230257184e-01 -3.72647597337344471669e+00 -9.58947263389505422104e-01 1.08180868691175760432e+02 2.84552888499427746039e-02
2.57889716031426352583e-01 -3.72442198854133499353e+00 -9.58886621967107943831e-01 1.08181967284461734380e+02 2.84151156869115184556e-02
2.60382812594993184874e-01 -3.72237378753610359539e+00 -9.58825495055529830601e-01 1.08183053683141281454e+02 2.83691573302955087066e-02
2.62874136421441917388e-01 -3.72033136029745747919e+00 -9.58763886430500922309e-01 1.08184127940925975508e+02 2.83174356062289613034e-02
2.65363670549352448358e-01 -3.71829469678626578499e+00 -9.58701799852681446623e-01 1.08185190111472721242e+02 2.82599724335256888286e-02
2.67851398029489484731e-01 -3.71626378698461179440e+00 -9.58639239067693327279e-01 1.08186240248383583662e+02 2.81967898228391751492e-02
2.70337301924917894347e-01 -3.71423862089572898171e+00 -9.58576207806278723922e-01 1.08187278405205262288e+02 2.81279098758433834804e-02
2.72821365311117669528e-01 -3.71221918854400501075e+00 -9.58512709784373195809e-01 1.08188304635428977463e+02 2.80533547843761117691e-02
2.75303571276099334764e-01 -3.71020547997494842818e+00 -9.58448748703207509259e-01 1.08189318992489901916e+02 2.79731468296082752545e-02
2.77783902920519187862e-01 -3.70819748525518333437e+00 -9.58384328249414330081e-01 1.08190321529767032871e+02 2.78873083812042101004e-02
2.80262343357794374565e-01 -3.70619519447242495858e+00 -9.58319452095116153245e-01 1.08191312300582723083e+02 2.77958618965170878301e-02
2.82738875714217352542e-01 -3.70419859773545656623e+00 -9.58254123898036547224e-01 1.08192291358202425045e+02 2.76988299197186982337e-02
2.85213483129071798672e-01 -3.70220768517412412990e+00 -9.58188347301574649961e-01 1.08193258755834321505e+02 2.75962350810132622803e-02
2.87686148754746129352e-01 -3.70022244694372348661e+00 -9.58122125937652335814e-01 1.08194214546864998283e+02 2.74881002404444088616e-02
2.90156855756849185735e-01 -3.69824287320783984256e+00 -9.58055463416258357157e-01 1.08195158783944947345e+02 2.73744479260992837344e-02
2.92625587314324475674e-01 -3.69626895416330381039e+00 -9.57988363340872117746e-01 1.08196091520318347534e+02 2.72553011501769706926e-02
2.95092326619564693235e-01 -3.69430068002398570570e+00 -9.57920829298640308380e-01 1.08197012808961645192e+02 2.71306828788680544362e-02
2.97557056878526016153e-01 -3.69233804102470841713e+00 -9.57852864862881014929e-01 1.08197922702792368455e+02 2.70006161602677381695e-02
3.00019761310842958402e-01 -3.69038102742124385358e+00 -9.57784473593180307738e-01 1.08198821254668985148e+02 2.68651241235724619338e-02
3.02480423149941946015e-01 -3.68842962949028185804e+00 -9.57715659035484723205e-01 1.08199708517390590146e+02 2.67242299782718996382e-02
3.04939025643155781076e-01 -3.68648383752941199987e+00 -9.57646424722199962609e-01 1.08200584543696521678e+02 2.65779570133128535681e-02
3.07395552051837939178e-01 -3.68454364185711114033e+00 -9.57576774172272493502e-01 1.08201449386266133956e+02 2.64263285963091988651e-02
3.09849985651476145243e-01 -3.68260903281271456677e+00 -9.57506710891290135912e-01 1.08202303097718498748e+02 2.62693681727323262443e-02
3.12302309731806226889e-01 -3.68067999977804882761e+00 -9.57436238988548016238e-01 1.08203145730593789153e+02 2.61070992952632044415e-02
3.14752507596926411892e-01 -3.67875653504871591437e+00 -9.57365360705541457165e-01 1.08203977337425186533e+02 2.59395455028779212125e-02
3.17200562565410182359e-01 -3.67683862808902039987e+00 -9.57294080127987556672e-01 1.08204797970631744874e+02 2.57667304993610436770e-02
3.19646457970420572181e-01 -3.67492626932153276798e+00 -9.57222400708909515465e-01 1.08205607682588336615e+02 2.55886780335290268951e-02
3.22090177159823132236e-01 -3.67301944918959533126e+00 -9.57150325888405983932e-01 1.08206406525608130664e+02 2.54054119280239625034e-02
3.24531703496299839262e-01 -3.67111815815729203294e+00 -9.57077859093787841616e-01 1.08207194551942293970e+02 2.52169560785313849605e-02
3.26971020357461672479e-01 -3.66922238670945510819e+00 -9.57005003739604953594e-01 1.08207971813779622039e+02 2.50233344529662213307e-02
3.29408111135962355931e-01 -3.66733212535159891488e+00 -9.56931763227798604099e-01 1.08208738363246382619e+02 2.48245710906984835831e-02
3.31842959239611323685e-01 -3.66544736460994347027e+00 -9.56858140947765556383e-01 1.08209494252405946213e+02 2.46206901017364775119e-02
3.34275548091486185420e-01 -3.66356809503137981210e+00 -9.56784140276425110194e-01 1.08210239533258530287e+02 2.44117156659407856523e-02
3.36705861130046413265e-01 -3.66169430718344290909e+00 -9.56709764578333121676e-01 1.08210974257740971893e+02 2.41976720322576999145e-02
3.39133881809245474326e-01 -3.65982599165430855237e+00 -9.56635017205758053649e-01 1.08211698477726386614e+02 2.39785835179029994946e-02
3.41559593598643573831e-01 -3.65796313905276804235e+00 -9.56559901498780784657e-01 1.08212412245023998025e+02 2.37544745075804475398e-02
3.43982979983520398282e-01 -3.65610574000818422391e+00 -9.56484420785368993911e-01 1.08213115611378754011e+02 2.35253694527138047798e-02
3.46404024464987525533e-01 -3.65425378517052212857e+00 -9.56408578381449880901e-01 1.08213808628471156226e+02 2.32912928706474099683e-02
3.48822710560100557320e-01 -3.65240726521028769014e+00 -9.56332377591015747598e-01 1.08214491347916961672e+02 2.30522693438747934558e-02
3.51239021801971362802e-01 -3.65056617082414636144e+00 -9.56255821711721853973e-01 1.08215163821566321189e+02 2.28083238114642899985e-02
3.53652941739880488647e-01 -3.64873049271300153862e+00 -9.56178914013497749380e-01 1.08215826100337110915e+02 2.25594804289917551243e-02
3.56064453939388791959e-01 -3.64690022161400584366e+00 -9.56101657770012436366e-01 1.08216478235920490647e+02 2.23057642350472547232e-02
3.58473541982449628307e-01 -3.64507534827970580693e+00 -9.56024056238362729410e-01 1.08217120279670950822e+02 2.20472000651463634346e-02
3.60880189467520207103e-01 -3.64325586348310626050e+00 -9.55946112664102010115e-01 1.08217752282876958247e+02 2.17838128160827877722e-02
3.63284380009673946166e-01 -3.64144175801765079825e+00 -9.55867830281369235124e-01 1.08218374296760742936e+02 2.15156274451447984686e-02
3.65686097240711160961e-01 -3.63963302269720978543e+00 -9.55789212312928349036e-01 1.08218986372478013891e+02 2.12426689693779383039e-02
3.68085324809271363655e-01 -3.63782964835605460152e+00 -9.55710261970299290724e-01 1.08219588561117774361e+02 2.09649624647898318031e-02
3.70482046380943785824e-01 -3.63603162584884742614e+00 -9.55630982453775978946e-01 1.08220180913702023417e+02 2.06825330656147318709e-02
3.72876245638379399949e-01 -3.63423894605060526786e+00 -9.55551376952562869782e-01 1.08220763481185542787e+02 2.03954059635227738512e-02
3.75267906281401164570e-01 -3.63245159985670573732e+00 -9.55471448644829135510e-01 1.08221336314455626848e+02 2.01036064068603852195e-02
3.77657012027115768227e-01 -3.63066957818284974380e+00 -9.55391200697793041563e-01 1.08221899464331912100e+02 1.98071596999176181841e-02
3.80043546610023985632e-01 -3.62889287196504728428e+00 -9.55310636267809321076e-01 1.08222452981566064523e+02 1.95060912021423407681e-02
3.82427493782131422417e-01 -3.62712147215959346269e+00 -9.55229758500435899293e-01 1.08222996916841537995e+02 1.92004263273827767422e-02
3.84808837313059592944e-01 -3.62535536974308136848e+00 -9.55148570530500951037e-01 1.08223531320773432185e+02 1.88901905431645526778e-02
3.87187560990155776874e-01 -3.62359455571232347282e+00 -9.55067075482239680184e-01 1.08224056243908151487e+02 1.85754093698949039604e-02
3.89563648618604152496e-01 -3.62183901968760579848e+00 -9.54985276887933665080e-01 1.08224571736705456715e+02 1.82561084178064249317e-02
3.91937084021535264711e-01 -3.62008875544397712432e+00 -9.54903176992666025136e-01 1.08225077849608567249e+02 1.79323132365817421163e-02
3.94307851040136658760e-01 -3.61834375269648944595e+00 -9.54820779326587709690e-01 1.08225574632939668618e+02 1.76040495375083816398e-02
3.96675933533762792305e-01 -3.61660400252280833655e+00 -9.54738086972023003440e-01 1.08226062136968309346e+02 1.72713430451108852781e-02
3.99041315380044780969e-01 -3.61486949602075258170e+00 -9.54655103001063376489e-01 1.08226540411894319504e+02 1.69342195330917447138e-02
4.01403980475000310424e-01 -3.61314022430831505162e+00 -9.54571830475602678412e-01 1.08227009507847469649e+02 1.65927048235582560998e-02
4.03763912733143492950e-01 -3.61141617852358631779e+00 -9.54488272447456376213e-01 1.08227469474887357137e+02 1.62468247862990501640e-02
4.06121096087593724810e-01 -3.60969734982480883190e+00 -9.54404431958385535140e-01 1.08227920363003093485e+02 1.58966053380577114484e-02
4.08475514490185875882e-01 -3.60798372939028988426e+00 -9.54320312040214946414e-01 1.08228362222113247526e+02 1.55420724417569995623e-02
4.10827151911578702936e-01 -3.60627530841842691700e+00 -9.54235915714895410744e-01 1.08228795102065305400e+02 1.51832521057989628527e-02
4.13175992341364761717e-01 -3.60457207812767954636e+00 -9.54151245994531826966e-01 1.08229219052635883713e+02 1.48201703832985063475e-02
4.15522019788178931243e-01 -3.60287402975653581194e+00 -9.54066305881554055368e-01 1.08229634123530075840e+02 1.44528533713772344010e-02
4.17865218279807715263e-01 -3.60118115456908993721e+00 -9.53981098377305936076e-01 1.08230040364676781905e+02 1.40813276680793724588e-02
4.20205571863297211443e-01 -3.59949344383326108598e+00 -9.53895626448430844491e-01 1.08230437825073636304e+02 1.37056185799532877917e-02
4.22543064605062523853e-01 -3.59781088885267763544e+00 -9.53809893076508208409e-01 1.08230826554481879498e+02 1.33257527534224231441e-02
4.24877680590995954191e-01 -3.59613348094584894810e+00 -9.53723901225740577914e-01 1.08231206602319502963e+02 1.29417564544828476297e-02
4.27209403926575026489e-01 -3.59446121145123109741e+00 -9.53637653850924138510e-01 1.08231578017932164926e+02 1.25536559895192099956e-02
4.29538218736971288969e-01 -3.59279407172724418729e+00 -9.53551153897588266162e-01 1.08231940850592934567e+02 1.21614777045352031454e-02
4.31864109167158116698e-01 -3.59113205315221817315e+00 -9.53464404302010626324e-01 1.08232295149502235176e+02 1.17652479844960571043e-02
4.34187059382018403220e-01 -3.58947514712438620066e+00 -9.53377407991297221024e-01 1.08232640963787346777e+02 1.13649932525437414449e-02
4.36507053566452751792e-01 -3.58782334506189704015e+00 -9.53290167883480088484e-01 1.08232978342502519808e+02 1.09607399693110400124e-02
4.38824075925487055994e-01 -3.58617663840275602283e+00 -9.53202686887531513982e-01 1.08233307334628534591e+02 1.05525146321956871109e-02
4.41138110684379691762e-01 -3.58453501860484102792e+00 -9.53114967903522458670e-01 1.08233627989072715536e+02 1.01403437746870900976e-02
4.43449142088729597599e-01 -3.58289847714584563931e+00 -9.53027013822565605139e-01 1.08233940354668504824e+02 9.72425396557278359788e-03
4.45757154404582744966e-01 -3.58126700552334797933e+00 -9.52938827527016862895e-01 1.08234244480175462400e+02 9.30427180829682815011e-03
4.48062131918540051956e-01 -3.57964059525467526157e+00 -9.52850411890411197469e-01 1.08234540414278910703e+02 8.88042394023203646158e-03
4.50364058937863631638e-01 -3.57801923787700149049e+00 -9.52761769777655809222e-01 1.08234828205589835193e+02 8.45273703194712212883e-03
4.52662919790584206137e-01 -3.57640292494723421868e+00 -9.52672904044988944072e-01 1.08235107902644656974e+02 8.02123778652837245151e-03
4.54958698825607410487e-01 -3.57479164804209137429e+00 -9.52583817540128330315e-01 1.08235379553905076477e+02 7.58595293889089555828e-03
4.57251380412820318533e-01 -3.57318539685081448809e+00 -9.52494513100060835598e-01 1.08235643207743379435e+02 7.14690931071701104904e-03
4.59540948943198301890e-01 -3.57158416673540424213e+00 -9.52404993508393582502e-01 1.08235898912498896607e+02 6.70413358922351820812e-03
4.61827388828911278296e-01 -3.56998794749187409181e+00 -9.52315261633135290431e-01 1.08236146716394486589e+02 6.25765265409224807902e-03
4.64110684503429071768e-01 -3.56839673077587304917e+00 -9.52225320288223264775e-01 1.08236386667590878119e+02 5.80749336043960649040e-03
4.66390820421628160553e-01 -3.56681050826274903542e+00 -9.52135172279361174930e-01 1.08236618814173112924e+02 5.35368259167749455801e-03
4.68667781059897148310e-01 -3.56522927164753378193e+00 -9.52044820404061686858e-01 1.08236843204150289921e+02 4.89624725884110073570e-03
4.70941550916242568370e-01 -3.56365301264491929345e+00 -9.51954267451747826456e-01 1.08237059885455408903e+02 4.43521429987941279149e-03
4.73212114510394632472e-01 -3.56208172298925429544e+00 -9.51863516203745985145e-01 1.08237268905945228425e+02 3.97061067895509295367e-03
4.75479456383912424400e-01 -3.56051539443451847688e+00 -9.51772569433441684161e-01 1.08237470313400038435e+02 3.50246338580253264647e-03
4.77743561100288705035e-01 -3.55895401875433226024e+00 -9.51681429906248821382e-01 1.08237664155523447107e+02 3.03079943498384043327e-03
4.80004413245055938653e-01 -3.55739758774191505708e+00 -9.51590100379757775073e-01 1.08237850479942281368e+02 2.55564586523742342736e-03
4.82261997425890265312e-01 -3.55584609321007238947e+00 -9.51498583603702319245e-01 1.08238029334206245835e+02 2.07702973876189560948e-03
4.84516298272717305107e-01 -3.55429952699121898263e+00 -9.51406882320126157104e-01 1.08238200765787979662e+02 1.59497814056956720499e-03
4.86767300437815575442e-01 -3.55275788093731925699e+00 -9.51314999263329852397e-01 1.08238364822082644423e+02 1.10951817779528032724e-03
4.89014988595922406311e-01 -3.55122114692421009252e+00 -9.51222937171921967270e-01 1.08238521550636420443e+02 6.20677609562804671710e-04
4.91259347444337080013e-01 -3.54968931683465571680e+00 -9.51130698742098323883e-01 1.08238670998249332911e+02 1.28482369338192104011e-04
4.93500361703025469673e-01 -3.54816238258327532051e+00 -9.51038286696558210487e-01 1.08238813212295724497e+02 -3.67039785309246932663e-04
4.95738016114724178163e-01 -3.54664033610017215281e+00 -9.50945703739498382490e-01 1.08238948239859524847e+02 -8.65861665406139906394e-04
4.97972295445044454976e-01 -3.54512316933496629545e+00 -9.50852952567668774364e-01 1.08239076127946248107e+02 -1.36795606328112863415e-03
5.00203184482575280434e-01 -3.54361087425677467877e+00 -9.50760035870532704827e-01 1.08239196923483106616e+02 -1.87329575312929251865e-03
5.02430668038987948698e-01 -3.54210344285416756094e+00 -9.50666956330245449536e-01 1.08239310673318541944e+02 -2.38185349180188889184e-03
5.04654730949138929930e-01 -3.54060086713520894008e+00 -9.50573716621745390398e-01 1.08239417424222210684e+02 -2.89360201939859330161e-03
5.06875358071172565921e-01 -3.53910313912739704634e+00 -9.50480319412808305479e-01 1.08239517222884742864e+02 -3.40851405996779859703e-03
5.09092534286625153506e-01 -3.53761025087768476993e+00 -9.50386767364063578256e-01 1.08239610115917628264e+02 -3.92656232214376021278e-03
5.11306244500527418140e-01 -3.53612219445243258775e+00 -9.50293063129158510627e-01 1.08239696149853003249e+02 -4.44771949983675547041e-03
5.13516473641507098513e-01 -3.53463895959469720509e+00 -9.50199208712101395236e-01 1.08239775371131869974e+02 -4.97195818331563812315e-03
5.15723206661891864222e-01 -3.53316054302205806437e+00 -9.50105207944156648914e-01 1.08239847826148235299e+02 -5.49925121379499053098e-03
5.17926428537812011399e-01 -3.53168693458907867466e+00 -9.50011062903082348363e-01 1.08239913561185318258e+02 -6.02957115950203317162e-03
5.20126124269301826075e-01 -3.53021812643987376035e+00 -9.49916776214500546693e-01 1.08239972622455994156e+02 -6.56289066201791275457e-03
5.22322278880402501855e-01 -3.52875411073793676664e+00 -9.49822350497281586712e-01 1.08240025056093031708e+02 -7.09918235144606571407e-03
5.24514877419263836344e-01 -3.52729487966612387240e+00 -9.49727788363531555405e-01 1.08240070908148624085e+02 -7.63841884712157526138e-03
5.26703904958246260648e-01 -3.52584042542666198372e+00 -9.49633092418670554657e-01 1.08240110224594474175e+02 -8.18057275823966256745e-03
5.28889346594021980685e-01 -3.52439074024114118444e+00 -9.49538265261485769919e-01 1.08240143051321567214e+02 -8.72561668449664019909e-03
5.31071187447676895665e-01 -3.52294581635045833679e+00 -9.49443309484143904697e-01 1.08240169434139886562e+02 -9.27352321676501792358e-03
5.33249412664811961449e-01 -3.52150564601485527305e+00 -9.49348227672313194070e-01 1.08240189418778371078e+02 -9.82426493772085157596e-03
5.35424007415643554708e-01 -3.52007022151389081799e+00 -9.49253022405174839982e-01 1.08240203050884630898e+02 -1.03778144224861042233e-02
5.37594956895105391403e-01 -3.51863953514644878240e+00 -9.49157696255450322731e-01 1.08240210376024876382e+02 -1.09341442392880214968e-02
5.39762246322948779920e-01 -3.51721357923067623474e+00 -9.49062251789466126972e-01 1.08240211439683719163e+02 -1.14932269500910688026e-02
5.41925860943843207274e-01 -3.51579234610401680783e+00 -9.48966691567247999650e-01 1.08240206287263902141e+02 -1.20550351112378457269e-02
5.44085786027477369409e-01 -3.51437582812320759018e+00 -9.48871018142518396488e-01 1.08240194964086299478e+02 -1.26195412740862100698e-02
5.46242006868658758201e-01 -3.51296401766424537527e+00 -9.48775234062720795869e-01 1.08240177515389660812e+02 -1.31867179856568345064e-02
5.48394508787414136641e-01 -3.51155690712238266471e+00 -9.48679341869181125269e-01 1.08240153986330298608e+02 -1.37565377892609544408e-02
5.50543277129089347888e-01 -3.51015448891210946059e+00 -9.48583344096985303651e-01 1.08240124421982258696e+02 -1.43289732251214874809e-02
5.52688297264449235335e-01 -3.50875675546717014086e+00 -9.48487243275189961800e-01 1.08240088867336737621e+02 -1.49039968310365599641e-02
5.54829554589777229623e-01 -3.50736369924052304725e+00 -9.48391041926783140426e-01 1.08240047367302338444e+02 -1.54815811429626914997e-02
5.56967034526974602571e-01 -3.50597531270437867690e+00 -9.48294742568746462652e-01 1.08239999966704473877e+02 -1.60616986957039069306e-02
5.59100722523659832142e-01 -3.50459158835163364643e+00 -9.48198347724820922444e-01 1.08239946710366908178e+02 -1.66443213489399499672e-02
5.61230604053267856379e-01 -3.50321251604531092028e+00 -9.48101858378512574177e-01 1.08239887642773950915e+02 -1.72294228012845225539e-02
5.63356664615148439168e-01 -3.50183809354075048503e+00 -9.48005279889121088566e-01 1.08239822808608707305e+02 -1.78169752315667159759e-02
5.65478889734665535194e-01 -3.50046831080894893518e+00 -9.47908613390391563414e-01 1.08239752252348850448e+02 -1.84069510397860992834e-02
5.67597264963295100593e-01 -3.49910316041835978140e+00 -9.47811861369577624004e-01 1.08239676018402477098e+02 -1.89993227640772276155e-02
5.69711775878724790978e-01 -3.49774263495665227452e+00 -9.47715026308236785368e-01 1.08239594151093626806e+02 -1.95940629451052117371e-02
5.71822408084950328799e-01 -3.49638672703062569624e+00 -9.47618110682126757460e-01 1.08239506694662168229e+02 -2.01911441267060599858e-02
5.73929147212374757281e-01 -3.49503542926630883514e+00 -9.47521116961408393919e-01 1.08239413693263699656e+02 -2.07905388564963156117e-02
5.76031978917906362092e-01 -3.49368873430886583975e+00 -9.47424047610633701666e-01 1.08239315190969222158e+02 -2.13922196864986015330e-02
5.78130888885055260751e-01 -3.49234663482259310996e+00 -9.47326905088734516625e-01 1.08239211231765168009e+02 -2.19961591737343441222e-02
5.80225862824032101450e-01 -3.49100912349096237364e+00 -9.47229691849118871083e-01 1.08239101859553002782e+02 -2.26023298808162159679e-02
5.82316886471844319395e-01 -3.48967619301659937037e+00 -9.47132410339686647838e-01 1.08238987118149282196e+02 -2.32107043766308189514e-02
5.84403945592394169495e-01 -3.48834783612125631791e+00 -9.47035063002912180785e-01 1.08238867051285311049e+02 -2.38212552368880538245e-02
5.86487025976574760655e-01 -3.48702404554578038187e+00 -9.46937652275800623158e-01 1.08238741702607072170e+02 -2.44339550447030054436e-02
5.88566113442367422337e-01 -3.48570481405019538812e+00 -9.46840180590036273323e-01 1.08238611115675084307e+02 -2.50487763912592559246e-02
5.90641193834937960894e-01 -3.48439013441356726375e+00 -9.46742650371919403085e-01 1.08238475333964004221e+02 -2.56656918763845977305e-02
5.92712253026733248973e-01 -3.48307999943412127664e+00 -9.46645064042460626652e-01 1.08238334400862811435e+02 -2.62846741091447982930e-02
5.94779276917577259809e-01 -3.48177440192916742845e+00 -9.46547424017414651409e-01 1.08238188359674424532e+02 -2.69056957084381695444e-02
5.96842251434767101514e-01 -3.48047333473509779012e+00 -9.46449732707286717215e-01 1.08238037253615431155e+02 -2.75287293036270627744e-02
5.98901162533168496260e-01 -3.47917679070736518554e+00 -9.46351992517460716137e-01 1.08237881125816201688e+02 -2.81537475350853022560e-02
6.00955996195312258656e-01 -3.47788476272051871874e+00 -9.46254205848046758831e-01 1.08237720019320505571e+02 -2.87807230548265298442e-02
6.03006738431488664709e-01 -3.47659724090075927805e+00 -9.46156372470969397881e-01 1.08237553977038345465e+02 -2.94096283055536450446e-02
6.05053375279843597134e-01 -3.47531422365701470056e+00 -9.46058499812234110493e-01 1.08237383041925454563e+02 -3.00404363960294490399e-02
6.07095892806472914316e-01 -3.47403570119713833719e+00 -9.45960587832673782671e-01 1.08237207256725710636e+02 -3.06731198060679645379e-02
6.09134277105518040507e-01 -3.47276166647246631314e+00 -9.45862638911794895158e-01 1.08237026664134859288e+02 -3.13076512400883577580e-02
6.11168514299259779676e-01 -3.47149211245344568866e+00 -9.45764655424111921889e-01 1.08236841306761476744e+02 -3.19440034170761291699e-02
6.13198590538213572643e-01 -3.47022703212958116836e+00 -9.45666639739213055194e-01 1.08236651227126415620e+02 -3.25821490711771105664e-02
6.15224492001223088877e-01 -3.46896641850945641750e+00 -9.45568594221728453419e-01 1.08236456467662861769e+02 -3.32220609522649382161e-02
6.17246204895555039549e-01 -3.46771026462071052521e+00 -9.45470521231457028399e-01 1.08236257070716064277e+02 -3.38637118265284337015e-02
6.19263715456992658304e-01 -3.46645856351004155727e+00 -9.45372423123330807293e-01 1.08236053078543235983e+02 -3.45070744770669887713e-02
6.21277009949929293064e-01 -3.46521130824317058483e+00 -9.45274302247391617904e-01 1.08235844533313255056e+02 -3.51521217044221886971e-02
6.23286074667462219878e-01 -3.46396849190488920200e+00 -9.45176160949012356127e-01 1.08235631477106707621e+02 -3.57988263271915019281e-02
6.25290895931486012671e-01 -3.46273010759901689326e+00 -9.45078001568695480472e-01 1.08235413951915475650e+02 -3.64471611825921415484e-02
6.27291460092785357894e-01 -3.46149614844839081940e+00 -9.44979826442282955234e-01 1.08235191999642765381e+02 -3.70970991270145183938e-02
6.29287753531128202233e-01 -3.46026660759488757790e+00 -9.44881637900901405480e-01 1.08234965662102737838e+02 -3.77486130366139899239e-02
6.31279762655358012147e-01 -3.45904147819940632758e+00 -9.44783438270989872620e-01 1.08234734981020565669e+02 -3.84016758078713008051e-02
6.33267473903487365661e-01 -3.45782075344043837717e+00 -9.44685229887198052445e-01 1.08234499997958963036e+02 -3.90562596804201328515e-02
6.35250873742789323728e-01 -3.45660442651959742832e+00 -9.44587015041699062934e-01 1.08234260754607390709e+02 -3.97123389132121723533e-02
6.37229948669889467716e-01 -3.45539249065349185486e+00 -9.44488796059300361740e-01 1.08234017292352547202e+02 -4.03698858230699259009e-02
6.39204685210858825073e-01 -3.45418493647700852733e+00 -9.44390571298834191616e-01 1.08233769652449524301e+02 -4.10288730741882046171e-02
6.41175069921305018639e-01 -3.45298176246214572060e+00 -9.44292350681090186804e-01 1.08233517876382677514e+02 -4.16892742959827714011e-02
6.43141089386463082889e-01 -3.45178295927975442581e+00 -9.44194132823203968741e-01 1.08233262005241755332e+02 -4.23510622144224885277e-02
6.45102730221288278578e-01 -3.45058852022462181353e+00 -9.44095920019315193450e-01 1.08233002080123100086e+02 -4.30142098839324318882e-02
6.47059979070545909785e-01 -3.44939843861057093832e+00 -9.43997714559096867681e-01 1.08232738142032587803e+02 -4.36786903837474496659e-02
6.49012822608903250376e-01 -3.44821270777043809019e+00 -9.43899518727739805790e-01 1.08232470231885400835e+02 -4.43444768184503637642e-02
6.50961247541019139007e-01 -3.44703132105607945590e+00 -9.43801334806090408414e-01 1.08232198390505871544e+02 -4.50115423185254853733e-02
6.52905240601636016606e-01 -3.44585427183836223719e+00 -9.43703165070593263941e-01 1.08231922658627240708e+02 -4.56798600409155514113e-02
6.54844788555668411156e-01 -3.44468155350715532492e+00 -9.43605011793300030298e-01 1.08231643076891600685e+02 -4.63494031695428285178e-02
6.56779878198294642111e-01 -3.44351315947127778472e+00 -9.43506877241933050726e-01 1.08231359685849596985e+02 -4.70201449158957271446e-02
6.58710496355045971306e-01 -3.44234908315864140960e+00 -9.43408763679957851345e-01 1.08231072525960328790e+02 -4.76920585195174037696e-02
6.60636629881896420002e-01 -3.44118931801602023768e+00 -9.43310673366460683553e-01 1.08230781637591178423e+02 -4.83651172485923055988e-02
6.62558265665352030815e-01 -3.44003385750926016229e+00 -9.43212608556319831443e-01 1.08230487061017527139e+02 -4.90392944004644990019e-02
6.64475390622540684760e-01 -3.43888269512314748155e+00 -9.43114571500074827526e-01 1.08230188836422740906e+02 -4.97145633021718949540e-02
6.66387991701300586023e-01 -3.43773582436143465557e+00 -9.43016564444102201037e-01 1.08229887003897843556e+02 -5.03908973109965449555e-02
6.68296055880269523897e-01 -3.43659323874679945021e+00 -9.42918589630526771117e-01 1.08229581603441403104e+02 -5.10682698149795485931e-02
6.70199570168973357553e-01 -3.43545492971893695611e+00 -9.42820643984786266323e-01 1.08229272674742659888e+02 -5.17466538111802445976e-02
6.72098521607914500819e-01 -3.43432089512921123742e+00 -9.42722740017517435440e-01 1.08228960258021032814e+02 -5.24260235768696028491e-02
6.73992897268660184906e-01 -3.43319112638532297765e+00 -9.42624874978394311498e-01 1.08228644392804710606e+02 -5.31063521915115382965e-02
6.75882684253930277052e-01 -3.43206561708716684223e+00 -9.42527051092526213516e-01 1.08228325118720405840e+02 -5.37876131715702421321e-02
6.77767869697685210184e-01 -3.43094436085366893963e+00 -9.42429270580919964395e-01 1.08228002475301522622e+02 -5.44697800669204992841e-02
6.79648440765214134629e-01 -3.42982735132268823364e+00 -9.42331535660441366176e-01 1.08227676501987886581e+02 -5.51528264613877286515e-02
6.81524384653221182440e-01 -3.42871458215117419499e+00 -9.42233848543913010687e-01 1.08227347238125588547e+02 -5.58367259732268084171e-02
6.83395688589913286037e-01 -3.42760604701494075996e+00 -9.42136211440032234066e-01 1.08227014722966757176e+02 -5.65214522557045545570e-02
6.85262339835087441742e-01 -3.42650173960893189573e+00 -9.42038626553460156643e-01 1.08226678995669445271e+02 -5.72069789975473003141e-02
6.87124325680216641032e-01 -3.42540165364693915961e+00 -9.41941096084824236456e-01 1.08226340095297388189e+02 -5.78932799235075470912e-02
6.88981633448537245101e-01 -3.42430578286171227731e+00 -9.41843622230681742913e-01 1.08225998060819875946e+02 -5.85803287948502143800e-02
6.90834250495134805092e-01 -3.42321412100501865083e+00 -9.41746207183519534745e-01 1.08225652931111511634e+02 -5.92680994098598382114e-02
6.92682164207029549274e-01 -3.42212666184755409660e+00 -9.41648853131886176548e-01 1.08225304744952111946e+02 -5.99565656043631461936e-02
6.94525362003264090660e-01 -3.42104339917893929268e+00 -9.41551562260223628975e-01 1.08224953541026323478e+02 -6.06457012522531938026e-02
6.96363831334987137822e-01 -3.41996432680773621016e+00 -9.41454336749071973856e-01 1.08224599357923707998e+02 -6.13354802659506551099e-02
6.98197559685539759222e-01 -3.41888943739503803343e+00 -9.41357171887573618285e-01 1.08224242233748569220e+02 -6.20258760649895490857e-02
7.00026534570540759361e-01 -3.41781872731994518233e+00 -9.41260083207125952676e-01 1.08223882207635782038e+02 -6.27168636847639793253e-02
7.01850743537971277775e-01 -3.41675218910793399019e+00 -9.41163066388634783621e-01 1.08223519317537977713e+02 -6.34084166442236557559e-02
7.03670174168260054159e-01 -3.41568981664523541042e+00 -9.41066123596669412699e-01 1.08223153601661707057e+02 -6.41005090151434697709e-02
7.05484814074367139192e-01 -3.41463160383706121337e+00 -9.40969256991769920084e-01 1.08222785098117327607e+02 -6.47931149103395664923e-02
7.07294650901869381698e-01 -3.41357754460764484250e+00 -9.40872468730533872971e-01 1.08222413844918790460e+02 -6.54862084842177810673e-02
7.09099672329043584362e-01 -3.41252763289612870423e+00 -9.40775760977220043557e-01 1.08222039879772268023e+02 -6.61797633265645557366e-02
7.10899866066950880672e-01 -3.41148186267254649451e+00 -9.40679135858055404107e-01 1.08221663240912548076e+02 -6.68737548631741091087e-02
7.12695219859520112671e-01 -3.41044022791409551232e+00 -9.40582595528925202721e-01 1.08221283965860308740e+02 -6.75681567948483996489e-02
7.14485721483631763817e-01 -3.40940272262083654553e+00 -9.40486142130727120758e-01 1.08220902092242127424e+02 -6.82629434470695684034e-02
7.16271358749200004468e-01 -3.40836934081170639388e+00 -9.40389777800539339303e-01 1.08220517657587350868e+02 -6.89580891892899311424e-02
7.18052119499257623936e-01 -3.40734007652467418836e+00 -9.40293504671386504157e-01 1.08220130699327782509e+02 -6.96535684354365330906e-02
7.19827991610036854730e-01 -3.40631492381639011668e+00 -9.40197324872396822393e-01 1.08219741254797526153e+02 -7.03493556443878093054e-02
7.21598962991052972349e-01 -3.40529387676259087669e+00 -9.40101240528768644644e-01 1.08219349361232687556e+02 -7.10454253204501479102e-02
7.23365021585186451780e-01 -3.40427692980036855630e+00 -9.40005245180764892332e-01 1.08218955055122009412e+02 -7.17417513849793464509e-02
7.25126155368765124010e-01 -3.40326407671838238045e+00 -9.39909357634465036924e-01 1.08218558374738577754e+02 -7.24383096758815236971e-02
7.26882352351645444344e-01 -3.40225531167048877990e+00 -9.39813571881340958925e-01 1.08218159356434853180e+02 -7.31350742254810309850e-02
7.28633600577295093004e-01 -3.40125062881054196495e+00 -9.39717890031250835392e-01 1.08217758037053201292e+02 -7.38320197247666482054e-02
7.30379888122873355272e-01 -3.40025002231162387645e+00 -9.39622314190177720938e-01 1.08217354453337065934e+02 -7.45291209125745895969e-02
7.32121203099313277995e-01 -3.39925348636554058857e+00 -9.39526846460254860816e-01 1.08216948641930855501e+02 -7.52263525759944151616e-02
7.33857533651401716668e-01 -3.39826101518319267925e+00 -9.39431488939586722964e-01 1.08216540639379559252e+02 -7.59236895508620945883e-02
7.35588867957860936819e-01 -3.39727260299419331346e+00 -9.39336243722463937189e-01 1.08216130482128875201e+02 -7.66211067221900382629e-02
7.37315194231428105986e-01 -3.39628824404734253051e+00 -9.39241112899235064404e-01 1.08215718206524698530e+02 -7.73185790246550541660e-02
7.39036500718936339993e-01 -3.39530793261009478101e+00 -9.39146098556195685347e-01 1.08215303848813050536e+02 -7.80160814430596316615e-02
7.40752775701394416963e-01 -3.39433166296888799707e+00 -9.39051202775744053852e-01 1.08214887445139879674e+02 -7.87135890127556303586e-02
7.42464007494066491333e-01 -3.39335942942902013542e+00 -9.38956427636295498651e-01 1.08214469031550891032e+02 -7.94110768201199412886e-02
7.44170184446551918889e-01 -3.39239122631463763113e+00 -9.38861775212110893918e-01 1.08214048643991247900e+02 -8.01085200029854616055e-02
7.45871294942864193622e-01 -3.39142705049297177311e+00 -9.38767237334921511582e-01 1.08213626317298377444e+02 -8.08058930661276070273e-02
7.47567327401510439699e-01 -3.39046689184939165074e+00 -9.38672836042639513465e-01 1.08213202089135748452e+02 -8.15031726153815777591e-02
7.49258270275569682184e-01 -3.38951074677180308470e+00 -9.38578563655813158384e-01 1.08212775994226362286e+02 -8.22003332701159578066e-02
7.50944112052772227983e-01 -3.38855860966320632244e+00 -9.38484422234014847852e-01 1.08212348068111126054e+02 -8.28973503789955240562e-02
7.52624841255577603505e-01 -3.38761047494572187233e+00 -9.38390413832584258103e-01 1.08211918346229367671e+02 -8.35941993443565789512e-02
7.54300446441252492313e-01 -3.38666633706016684258e+00 -9.38296540503012699297e-01 1.08211486863918736390e+02 -8.42908556227081467993e-02
7.55970916201949338920e-01 -3.38572619046625922223e+00 -9.38202804292739833691e-01 1.08211053656414918578e+02 -8.49872947251220228759e-02
7.57636239164782954170e-01 -3.38479002964278397059e+00 -9.38109207245053089430e-01 1.08210618758851538246e+02 -8.56834922177695523793e-02
7.59296403991909008013e-01 -3.38385784908697750950e+00 -9.38015751399130959243e-01 1.08210182206259844406e+02 -8.63794237222021005218e-02
7.60951399380600634892e-01 -3.38292964331530132682e+00 -9.37922438790050660984e-01 1.08209744033568554755e+02 -8.70750649158951728346e-02
7.62601214063325594239e-01 -3.38200540686271633462e+00 -9.37829271448610612971e-01 1.08209304275603628298e+02 -8.77703915326213945924e-02
7.64245836807822653824e-01 -3.38108513891429085518e+00 -9.37736240239745444391e-01 1.08208862965748210172e+02 -8.84653786866564095792e-02
7.65885256417178750254e-01 -3.38016882554405651007e+00 -9.37643369012873817425e-01 1.08208420141181719032e+02 -8.91600035863567980110e-02
7.67519461729904151071e-01 -3.37925646528008583047e+00 -9.37550649119797019360e-01 1.08207975835192726777e+02 -8.98542414578625825428e-02
7.69148441620009615249e-01 -3.37834805273676774817e+00 -9.37458082576680173936e-01 1.08207530082193741805e+02 -9.05480682650928875299e-02
7.70772184997081555302e-01 -3.37744358254770116190e+00 -9.37365671395465893667e-01 1.08207082916493405378e+02 -9.12414600304035511291e-02
7.72390680806357088350e-01 -3.37654304936504479073e+00 -9.37273417583701862199e-01 1.08206634372296434776e+02 -9.19343928350019323759e-02
7.74003918028800530493e-01 -3.37564644785990708442e+00 -9.37181323144819500293e-01 1.08206184483703253818e+02 -9.26268428193931375736e-02
7.75611885681177226637e-01 -3.37475377272204557499e+00 -9.37089390077933126477e-01 1.08205733284709879172e+02 -9.33187861837605769910e-02
7.77214572816129045663e-01 -3.37386501866023902352e+00 -9.36997620377385320722e-01 1.08205280809207607717e+02 -9.40101991883584287013e-02
7.78811968522248321278e-01 -3.37298018040173408494e+00 -9.36906016033528743492e-01 1.08204827090982917071e+02 -9.47010581539526191674e-02
7.80404061924152570029e-01 -3.37209925269262633662e+00 -9.36814579031787997287e-01 1.08204372163717209787e+02 -9.53913394621666299589e-02
7.81990842182558654194e-01 -3.37122223809844179243e+00 -9.36723299172141588009e-01 1.08203916059155858420e+02 -9.60810189694372845937e-02
7.83572298494356056509e-01 -3.37034911684345095395e+00 -9.36632202345884179451e-01 1.08203458814275407462e+02 -9.67700743894693710123e-02
7.85148420092680932036e-01 -3.36947989057657748546e+00 -9.36541278804485122222e-01 1.08203000460755518475e+02 -9.74584816753808064194e-02
7.86719196246989271870e-01 -3.36861455412397603482e+00 -9.36450530518575519068e-01 1.08202541031854792664e+02 -9.81462174573207446482e-02
7.88284616263129733760e-01 -3.36775310233054492315e+00 -9.36359959454692414305e-01 1.08202080560725434566e+02 -9.88332584283554416160e-02
7.89844669483416361722e-01 -3.36689553005349218040e+00 -9.36269567584489870171e-01 1.08201619080083787594e+02 -9.95195808199380721470e-02
7.91399345286702082802e-01 -3.36604183218763219898e+00 -9.36179356845062371484e-01 1.08201156623517718458e+02 -1.00205162483711640586e-01
7.92948633088449872375e-01 -3.36519200362780646074e+00 -9.36089329198369624052e-01 1.08200693223540582721e+02 -1.00889979796636705678e-01
7.94492522340805029657e-01 -3.36434603929368414299e+00 -9.35999486591480911457e-01 1.08200228912877847165e+02 -1.01574009707258550161e-01
7.96031002532667897320e-01 -3.36350393412360526568e+00 -9.35909830966363820437e-01 1.08199763724147601351e+02 -1.02257229228964394152e-01
7.97564063189764360651e-01 -3.36266569434362239122e+00 -9.35820351611093337318e-01 1.08199297687509101706e+02 -1.02939615043678656114e-01
7.99091693874717567958e-01 -3.36183129372535915991e+00 -9.35731075412332580221e-01 1.08198830839877899734e+02 -1.03621145163190320204e-01
8.00613884187118873825e-01 -3.36100073730500259472e+00 -9.35641992024349833379e-01 1.08198363211376786808e+02 -1.04301796340123265061e-01
8.02130623763599115428e-01 -3.36017402010137278268e+00 -9.35553103374563210792e-01 1.08197894834192268831e+02 -1.04981545852269680941e-01
8.03641902277898334539e-01 -3.35935113715168887083e+00 -9.35464411385200755866e-01 1.08197425740402508154e+02 -1.05660371044093953641e-01
8.05147709440937053849e-01 -3.35853208351209842064e+00 -9.35375917973281123530e-01 1.08196955961977067773e+02 -1.06338249327175518588e-01
8.06648035000885443857e-01 -3.35771685425723420693e+00 -9.35287625050563953266e-01 1.08196485530776655537e+02 -1.07015158180570502111e-01
8.08142868743233711015e-01 -3.35690544448015826262e+00 -9.35199534523147968379e-01 1.08196014478552910987e+02 -1.07691075151089304951e-01
8.09632200490861042574e-01 -3.35609784929272914056e+00 -9.35111648291552355339e-01 1.08195542836948220611e+02 -1.08365977853692091459e-01
8.11116020104105994726e-01 -3.35529406382514183704e+00 -9.35023968250372816691e-01 1.08195070637495390997e+02 -1.09039843971829947256e-01
8.12594317480834105183e-01 -3.35449409950066046449e+00 -9.34936483575788068734e-01 1.08194597908549383192e+02 -1.09712651255411131057e-01
8.14067082556508059277e-01 -3.35369792067431138349e+00 -9.34849221440625099966e-01 1.08194124687326393541e+02 -1.10384377670053490661e-01
8.15534305304254858449e-01 -3.35290553720102080248e+00 -9.34762171210842152114e-01 1.08193651002182349430e+02 -1.11055000985959259618e-01
8.16995975734935098167e-01 -3.35211694429184836608e+00 -9.34675334766258858465e-01 1.08193176884209449895e+02 -1.11724499166039242803e-01
8.18452083897210691532e-01 -3.35133213717631583961e+00 -9.34588713980693319705e-01 1.08192702364389319314e+02 -1.12392850243476491445e-01
8.19902619877612370836e-01 -3.35055111110260117613e+00 -9.34502310721905815605e-01 1.08192227473592708975e+02 -1.13060032322113798720e-01
8.21347573800607411165e-01 -3.34977386133718724182e+00 -9.34416126851254968955e-01 1.08191752242579212862e+02 -1.13726023576671109172e-01
8.22786935828667020942e-01 -3.34900038316515757941e+00 -9.34330164223607928520e-01 1.08191276701997040277e+02 -1.14390802253224926899e-01
8.24220696162332733259e-01 -3.34823067189014000888e+00 -9.34244424686893393250e-01 1.08190800882382774262e+02 -1.15054346669364537803e-01
8.25648845040284129482e-01 -3.34746474418227757397e+00 -9.34158898235968426782e-01 1.08190324810404163713e+02 -1.15716635762242683882e-01
8.27071372739403898322e-01 -3.34670255480993583674e+00 -9.34073610553920796740e-01 1.08189848523619303933e+02 -1.16377647117079555117e-01
8.28488269574845448417e-01 -3.34594411850784423379e+00 -9.33988551572463299166e-01 1.08189372048728344566e+02 -1.17037359626503079113e-01
8.29899525900098078424e-01 -3.34518943066051521740e+00 -9.33903723124267615141e-01 1.08188895415819146706e+02 -1.17695751900383088762e-01
8.31305132107052369150e-01 -3.34443848667082832549e+00 -9.33819127035126927971e-01 1.08188418654866907787e+02 -1.18352802621841321495e-01
8.32705078626066685921e-01 -3.34369128195992848518e+00 -9.33734765123470866754e-01 1.08187941795733649997e+02 -1.19008490547600251364e-01
8.34099355926031127417e-01 -3.34294781196775669940e+00 -9.33650639200226062364e-01 1.08187464868168305543e+02 -1.19662794508216763223e-01
8.35487954514433028841e-01 -3.34220807215263748802e+00 -9.33566751068429123706e-01 1.08186987901806062951e+02 -1.20315693408457255464e-01
8.36870864937421798935e-01 -3.34147208383815863542e+00 -9.33483092292039629001e-01 1.08186510921834070587e+02 -1.20967167406198311541e-01
8.38248077779872757809e-01 -3.34073979327969361464e+00 -9.33399685614305973935e-01 1.08186033966035964227e+02 -1.21617193501504447517e-01
8.39619583665451307830e-01 -3.34001121955121593743e+00 -9.33316522239606927158e-01 1.08185557059653021383e+02 -1.22265751736883213074e-01
8.40985373256677326559e-01 -3.33928635819195962497e+00 -9.33233603954939705538e-01 1.08185080231864446887e+02 -1.22912821320071904974e-01
8.42345437254987894349e-01 -3.33856520475937523784e+00 -9.33150932539137945021e-01 1.08184603511734849235e+02 -1.23558381534542613411e-01
8.43699766400801687283e-01 -3.33784775482941453717e+00 -9.33068509762346565140e-01 1.08184126928213785845e+02 -1.24202411739788867728e-01
8.45048351473580483528e-01 -3.33713400399720283573e+00 -9.32986337386002673178e-01 1.08183650510135521472e+02 -1.24844891371663269108e-01
8.46391183291893445251e-01 -3.33642394787580975901e+00 -9.32904417161875443298e-01 1.08183174286218900306e+02 -1.25485799942441911270e-01
8.47728252713479291103e-01 -3.33571761389754817273e+00 -9.32822743359597472690e-01 1.08182698280032212779e+02 -1.26125119190279383341e-01
8.49059550635307469513e-01 -3.33501493697342921152e+00 -9.32741333667482130920e-01 1.08182222529819867418e+02 -1.26762824910027882552e-01
8.50385067993641552420e-01 -3.33431594189351443447e+00 -9.32660181539533228445e-01 1.08181747059223127394e+02 -1.27398898618174716280e-01
8.51704795764099964472e-01 -3.33362062435199746346e+00 -9.32579288710836729059e-01 1.08181271896497335661e+02 -1.28033320140283374267e-01
8.53018724961718044497e-01 -3.33292898006115301257e+00 -9.32498656905945244588e-01 1.08180797069781164055e+02 -1.28666069379761910385e-01
8.54326846641008552652e-01 -3.33224100475277085209e+00 -9.32418287839817838680e-01 1.08180322607096186971e+02 -1.29297126318487998198e-01
8.55629151896023509849e-01 -3.33155669417677602340e+00 -9.32338183215172700002e-01 1.08179848536346540300e+02 -1.29926471016551858817e-01
8.56925631860413927754e-01 -3.33087608049421479706e+00 -9.32258340480099700898e-01 1.08179374879800363374e+02 -1.30554086710614747346e-01
8.58216277707490537985e-01 -3.33019908986410984042e+00 -9.32178771328136646090e-01 1.08178901675849161279e+02 -1.31179947966342635990e-01
8.59501080650284077223e-01 -3.32952575151860630243e+00 -9.32099471935706747061e-01 1.08178428946837598801e+02 -1.31804037697528492190e-01
8.60780031941604684143e-01 -3.32885606128820255023e+00 -9.32020443988326507956e-01 1.08177956720199972551e+02 -1.32426336286022183764e-01
8.62053122874101962481e-01 -3.32819001502312916685e+00 -9.31941689158822361705e-01 1.08177485023251904295e+02 -1.33046824193431417749e-01
8.63320344780323600808e-01 -3.32752760859216278888e+00 -9.31863209107656187413e-01 1.08177013883189985677e+02 -1.33665481961351584328e-01
8.64581689032775213555e-01 -3.32686883788395482142e+00 -9.31785005482439476765e-01 1.08176543327091650326e+02 -1.34282290211739235852e-01
8.65837147043978516692e-01 -3.32621374103868916450e+00 -9.31707080444279300835e-01 1.08176073375864660875e+02 -1.34897234094474682831e-01
8.67086710266529503421e-01 -3.32556223300814846056e+00 -9.31629436813466216272e-01 1.08175604068146398618e+02 -1.35510286199828244857e-01
8.68330370193157397019e-01 -3.32491434866999258091e+00 -9.31552074829896548103e-01 1.08175135424912440385e+02 -1.36121431214102833751e-01
8.69568118356782493450e-01 -3.32427008399328016708e+00 -9.31474996120539855404e-01 1.08174667472763488263e+02 -1.36730650088687843979e-01
8.70799946330572671727e-01 -3.32362943496686558120e+00 -9.31398202297498034596e-01 1.08174200238179636813e+02 -1.37337923856337806860e-01
8.72025845728002679813e-01 -3.32299239759915243653e+00 -9.31321694958129886466e-01 1.08173733747520060433e+02 -1.37943233631466460887e-01
8.73245808202909201690e-01 -3.32235896791991125454e+00 -9.31245475683489587482e-01 1.08173268027022402293e+02 -1.38546560610372598843e-01
8.74459825449549366105e-01 -3.32172919143776335105e+00 -9.31169553748427136775e-01 1.08172803096237657883e+02 -1.39147892441483567172e-01
8.75667889202656035685e-01 -3.32110296914409808267e+00 -9.31093918579980139860e-01 1.08172338994033722770e+02 -1.39747198664760430287e-01
8.76869991237495205461e-01 -3.32048034292486127228e+00 -9.31018576597549718521e-01 1.08171875739994959531e+02 -1.40344466270309581324e-01
8.78066123369920736863e-01 -3.31986130888111974357e+00 -9.30943529366540567516e-01 1.08171413359422786016e+02 -1.40939676335064240087e-01
8.79256277456431312167e-01 -3.31924586316169190070e+00 -9.30868778409262409568e-01 1.08170951878843425220e+02 -1.41532811375432804324e-01
8.80440445394225390530e-01 -3.31863400191073187884e+00 -9.30794325254990062568e-01 1.08170491323322693233e+02 -1.42123852645624826341e-01
8.81618619121255608917e-01 -3.31802577541214516188e+00 -9.30720185798255106313e-01 1.08170031711505089334e+02 -1.42712789933987893587e-01
8.82790790616284959391e-01 -3.31742107564630517302e+00 -9.30646336944503049793e-01 1.08169573081937585357e+02 -1.43299590195682585714e-01
8.83956951898940523904e-01 -3.31681994909060096077e+00 -9.30572790916499248404e-01 1.08169115453246135417e+02 -1.43884242397302963834e-01
8.85117095029768430337e-01 -3.31622239197970092306e+00 -9.30499549206480369712e-01 1.08168658850449006081e+02 -1.44466728580224329503e-01
8.86271212110287143204e-01 -3.31562840056989527326e+00 -9.30426613285720183200e-01 1.08168203298439934201e+02 -1.45047030869838750045e-01
8.87419295283041753564e-01 -3.31503797114429499260e+00 -9.30353984603247696761e-01 1.08167748821986634766e+02 -1.45625131476006225428e-01
8.88561336731657602783e-01 -3.31445115962319469816e+00 -9.30281688162954312205e-01 1.08167295438945288311e+02 -1.46201022884547282565e-01
8.89697328680893129160e-01 -3.31386784722255045565e+00 -9.30209683649299234887e-01 1.08166843187318136188e+02 -1.46774668427484933364e-01
8.90827263396692936581e-01 -3.31328808590138290668e+00 -9.30137991291488885892e-01 1.08166392084853271172e+02 -1.47346059555563846377e-01
8.91951133186240308071e-01 -3.31271187202387196180e+00 -9.30066612504564349528e-01 1.08165942155822691007e+02 -1.47915178826150128799e-01
8.93068930398010163429e-01 -3.31213920198055689070e+00 -9.29995548679228067890e-01 1.08165493424371092601e+02 -1.48482008881923366328e-01
8.94180647421820240517e-01 -3.31157013393089050268e+00 -9.29924831207589730475e-01 1.08165045907946307580e+02 -1.49046544063403701985e-01
8.95286276688883719821e-01 -3.31100454489919204804e+00 -9.29854407644589042725e-01 1.08164599643585390254e+02 -1.49608745450523411558e-01
8.96385810671860183696e-01 -3.31044248909463867392e+00 -9.29784303856637239782e-01 1.08164154648546556814e+02 -1.50168606208384958212e-01
8.97479241884907241733e-01 -3.30988396299273901491e+00 -9.29714521195681986576e-01 1.08163710946472988894e+02 -1.50726109331602492469e-01
8.98566562883731378975e-01 -3.30932896309827739856e+00 -9.29645060983339766025e-01 1.08163268560878151447e+02 -1.51281237900477261160e-01
8.99647766265638582084e-01 -3.30877748594582232755e+00 -9.29575924511133133699e-01 1.08162827515145536950e+02 -1.51833975081402977603e-01
9.00722844669584632449e-01 -3.30822959641113456541e+00 -9.29507158796367249920e-01 1.08162387826465121066e+02 -1.52384319256394895614e-01
9.01791790776225510307e-01 -3.30768515841584287429e+00 -9.29438681832909008307e-01 1.08161949530335590453e+02 -1.52932225352951395303e-01
9.02854597307967132735e-01 -3.30714423291249470793e+00 -9.29370533297259604488e-01 1.08161512643552654822e+02 -1.53477690250679865702e-01
9.03911257029014647557e-01 -3.30660681652782839635e+00 -9.29302714431602394640e-01 1.08161077188990276454e+02 -1.54020697472234846526e-01
9.04961762745422060306e-01 -3.30607290592279534636e+00 -9.29235226444049544625e-01 1.08160643189389972463e+02 -1.54561230627261209092e-01
9.06006107305140861996e-01 -3.30554256878985786017e+00 -9.29168128525318604005e-01 1.08160210662092438838e+02 -1.55099291113290016497e-01
9.07044283598068878938e-01 -3.30501566349735398376e+00 -9.29101315578845232679e-01 1.08159779640585824723e+02 -1.55634829415048969725e-01
9.08076284556099455614e-01 -3.30449225403833546366e+00 -9.29034838071118196368e-01 1.08159350141621175112e+02 -1.56167845191400062044e-01
9.09102103153167639960e-01 -3.30397233717225891070e+00 -9.28968697150705069454e-01 1.08158922187423627292e+02 -1.56698322411543439214e-01
9.10121732405300032376e-01 -3.30345597984852101803e+00 -9.28902957372814030990e-01 1.08158495795470486200e+02 -1.57226263860949344586e-01
9.11135165370661193052e-01 -3.30294304192068022274e+00 -9.28837503417682230911e-01 1.08158070997555455506e+02 -1.57751618440901547613e-01
9.12142395149601159510e-01 -3.30243358688810495494e+00 -9.28772390493720956250e-01 1.08157647810449162762e+02 -1.58274387097268987024e-01
9.13143414884702742107e-01 -3.30192761161521453062e+00 -9.28707619683269425259e-01 1.08157226255854681085e+02 -1.58794554161713896701e-01
9.14138217760827709313e-01 -3.30142511301411012425e+00 -9.28643192025094710296e-01 1.08156806355336840397e+02 -1.59312104054507658324e-01
9.15126797005163528098e-01 -3.30092616049073495077e+00 -9.28579190441240931442e-01 1.08156388127325200799e+02 -1.59827043721403327936e-01
9.16109145887269216146e-01 -3.30043060874510896241e+00 -9.28515464760055753146e-01 1.08155971600106170172e+02 -1.60339315443544128126e-01
9.17085257719121638154e-01 -3.29993852429376222091e+00 -9.28452086516671881711e-01 1.08155556791064228150e+02 -1.60848924003539561767e-01
9.18055125855160469861e-01 -3.29944990416864936122e+00 -9.28389056668042944587e-01 1.08155143721232988696e+02 -1.61355854186917502258e-01
9.19018743692333606177e-01 -3.29896481680238462530e+00 -9.28326468204069832346e-01 1.08154732409797759374e+02 -1.61860115197869941506e-01
9.19976104670142347253e-01 -3.29848311859240750366e+00 -9.28264151804855552896e-01 1.08154322882195131683e+02 -1.62361646078749866096e-01
9.20927202270686140473e-01 -3.29800487559934918380e+00 -9.28202187941983170028e-01 1.08153915156334633707e+02 -1.62860453703339930209e-01
9.21872030018706323240e-01 -3.29753008498876143406e+00 -9.28140577480845663239e-01 1.08153509252711103272e+02 -1.63356523225420241507e-01
9.22810581481630642919e-01 -3.29705874399863319013e+00 -9.28079321224928199818e-01 1.08153105191672310070e+02 -1.63849839888435988566e-01
9.23742850269617443715e-01 -3.29659092080799664970e+00 -9.28018540288349735867e-01 1.08152702995034047717e+02 -1.64340418635470608688e-01
9.24668830035598299233e-01 -3.29612647136724445929e+00 -9.27958011910995805849e-01 1.08152302681590228417e+02 -1.64828188855793450474e-01
9.25588514475321866293e-01 -3.29566546280282191006e+00 -9.27897841673915646510e-01 1.08151904271277174985e+02 -1.65313162736906688055e-01
9.26501897327396517490e-01 -3.29520789251995660507e+00 -9.27838030270653479903e-01 1.08151507783890593828e+02 -1.65795325894599832051e-01
9.27408972373333306827e-01 -3.29475382528762716916e+00 -9.27778716414979220950e-01 1.08151113243389801255e+02 -1.66274696710820180101e-01
9.28309733437587714100e-01 -3.29430312302742622776e+00 -9.27719643835101970275e-01 1.08150720663123877330e+02 -1.66751199061818816682e-01
9.29204174387602388485e-01 -3.29385585062270802581e+00 -9.27660933833145184835e-01 1.08150330064722567158e+02 -1.67224848337326897907e-01
9.30092289133848337812e-01 -3.29341200567528646914e+00 -9.27602586974254683660e-01 1.08149941467417960439e+02 -1.67695630528227085376e-01
9.30974071629866561928e-01 -3.29297164762588945308e+00 -9.27544763705717478786e-01 1.08149554898196555541e+02 -1.68163568037149324663e-01
9.31849515872309464015e-01 -3.29253464781797067218e+00 -9.27487166345509872478e-01 1.08149170363307419507e+02 -1.68628578098951265041e-01
9.32718615900981373734e-01 -3.29210106739892705008e+00 -9.27429935658021342704e-01 1.08148787886824223392e+02 -1.69090679860735254580e-01
9.33581365798879514450e-01 -3.29167096125437197429e+00 -9.27373236484727359041e-01 1.08148407496715265097e+02 -1.69549896549071765772e-01
9.34437759692233416153e-01 -3.29124420939295436739e+00 -9.27316762724191390177e-01 1.08148029196251300732e+02 -1.70006144647704304784e-01
9.35287791750546215752e-01 -3.29082086911714588595e+00 -9.27260659000776144012e-01 1.08147653010274424901e+02 -1.70459444087956546454e-01
9.36131456186633403860e-01 -3.29040093841650271855e+00 -9.27204925652693856541e-01 1.08147278957012687783e+02 -1.70909781528689880270e-01
9.36968747256662348732e-01 -3.28998446238730801738e+00 -9.27149757028868815034e-01 1.08146907069312234739e+02 -1.71357185214408014318e-01
9.37799659260191820209e-01 -3.28957133854829297803e+00 -9.27094790740705665399e-01 1.08146537339875948192e+02 -1.71801563039273880173e-01
9.38624186540210181384e-01 -3.28916161693575803682e+00 -9.27040197926880416013e-01 1.08146169797563445059e+02 -1.72242939658739047104e-01
9.39442323483174468457e-01 -3.28875533564733046887e+00 -9.26986182428041205483e-01 1.08145804477335886418e+02 -1.72681344832182975813e-01
9.40254064519048693427e-01 -3.28835240525213734486e+00 -9.26932363693370953150e-01 1.08145441366796305260e+02 -1.73116684357923600324e-01
9.41059404121340592475e-01 -3.28795287007436476401e+00 -9.26878921334606253879e-01 1.08145080496528933622e+02 -1.73548984342238588052e-01
9.41858336807141038882e-01 -3.28755672866250137076e+00 -9.26825855407735876845e-01 1.08144721883705699383e+02 -1.73978232130013732437e-01
9.42650857137159903232e-01 -3.28716400070326386640e+00 -9.26773409704400696896e-01 1.08144365571193532105e+02 -1.74404463539100079705e-01
9.43436959715763689971e-01 -3.28677463011775961021e+00 -9.26721127317533643897e-01 1.08144011530341060734e+02 -1.74827573703425193097e-01
9.44216639191012285792e-01 -3.28638864692564469649e+00 -9.26669223940124409111e-01 1.08143659798346632783e+02 -1.75247594511567822417e-01
9.44989890254695485972e-01 -3.28600605839552795118e+00 -9.26617959583655337319e-01 1.08143310422138583249e+02 -1.75664563967145193057e-01
9.45756707642368521505e-01 -3.28562683144210287978e+00 -9.26566846248904285588e-01 1.08142963364309579788e+02 -1.76078373770437890400e-01
9.46517086133388918512e-01 -3.28525098599417608725e+00 -9.26516114260867551522e-01 1.08142618665444331327e+02 -1.76489057946736083160e-01
9.47271020550951026173e-01 -3.28487851397701602352e+00 -9.26466043040048981005e-01 1.08142276377531885601e+02 -1.76896656955582515236e-01
9.48018505762121987956e-01 -3.28450941068309321125e+00 -9.26416107358641216507e-01 1.08141936452530885049e+02 -1.77301058517275705873e-01
9.48759536677876158528e-01 -3.28414368357301578172e+00 -9.26366555112727252386e-01 1.08141598935267651882e+02 -1.77702299082357129123e-01
9.49494108253130075781e-01 -3.28378130541634183359e+00 -9.26317688611938749865e-01 1.08141263884012914787e+02 -1.78100421788996848838e-01
9.50222215486776988769e-01 -3.28342230693505809924e+00 -9.26268938673952546559e-01 1.08140931237791903641e+02 -1.78495309911386512702e-01
9.50943853421720053376e-01 -3.28306667998447387902e+00 -9.26220573987503015267e-01 1.08140601046721215539e+02 -1.78887002580726039991e-01
9.51659017144907415364e-01 -3.28271437325874204660e+00 -9.26172923575062201351e-01 1.08140273376849350484e+02 -1.79275545770727406936e-01
9.52367701787364628885e-01 -3.28236546203922285869e+00 -9.26125366911586755947e-01 1.08139948151450568048e+02 -1.79660817962319752095e-01
9.53069902524227741125e-01 -3.28201991850909147175e+00 -9.26078197052288887292e-01 1.08139625427219272069e+02 -1.80042861181081093047e-01
9.53765614574776932066e-01 -3.28167766092606649764e+00 -9.26031773868027152652e-01 1.08139305279818998429e+02 -1.80421724278826578480e-01
9.54454833202468377884e-01 -3.28133882096120244043e+00 -9.25985417440730707028e-01 1.08138987613306468916e+02 -1.80797280794347120514e-01
9.55137553714966891505e-01 -3.28100325938263992498e+00 -9.25939803733803579178e-01 1.08138672553915810681e+02 -1.81169634208469709780e-01
9.55813771464177897030e-01 -3.28067111515651088638e+00 -9.25894264028273017431e-01 1.08138360005064285474e+02 -1.81538660840853127709e-01
9.56483481846278404959e-01 -3.28034233227025451285e+00 -9.25849114207734968929e-01 1.08138050031445260402e+02 -1.81904404724516605141e-01
9.57146680301749208652e-01 -3.28001678449498701440e+00 -9.25804745337356349566e-01 1.08137742721195053264e+02 -1.82266916398455547377e-01
9.57803362315405748539e-01 -3.27969468655323392881e+00 -9.25760417134032786990e-01 1.08137437952924841511e+02 -1.82626067223549792828e-01
9.58453523416427977111e-01 -3.27937581283078527505e+00 -9.25716869601313829818e-01 1.08137135878128191280e+02 -1.82981964142066022561e-01
9.59097159178392222323e-01 -3.27906039280052485907e+00 -9.25673366052151669336e-01 1.08136836372269726780e+02 -1.83334480770420138462e-01
9.59734265219300386462e-01 -3.27874833033212187416e+00 -9.25630254829396759142e-01 1.08136539511738575925e+02 -1.83683663564378818478e-01
9.60364837201609811146e-01 -3.27843943563919770767e+00 -9.25587968827036644548e-01 1.08136245402475836386e+02 -1.84029564465175821120e-01
9.60988870832263142319e-01 -3.27813404209314684934e+00 -9.25545686637666231711e-01 1.08135953887566373055e+02 -1.84372053011172348791e-01
9.61606361862717418099e-01 -3.27783180023324538510e+00 -9.25504233045813973213e-01 1.08135665154236093599e+02 -1.84711239026532580976e-01
9.62217306088972823552e-01 -3.27753306960299761741e+00 -9.25462782651965576441e-01 1.08135379039062385687e+02 -1.85046994266221731529e-01
9.62821699351601556494e-01 -3.27723769627987149278e+00 -9.25421726539855771243e-01 1.08135095635135101588e+02 -1.85379367446694864885e-01
9.63419537535776138171e-01 -3.27694539899462444765e+00 -9.25381550104215411245e-01 1.08134815073425727405e+02 -1.85708410514897725996e-01
9.64010816571297390887e-01 -3.27665668204211835146e+00 -9.25341329730137607257e-01 1.08134537147814199898e+02 -1.86033993579758194503e-01
9.64595532432621638463e-01 -3.27637101702927102664e+00 -9.25301995970508439626e-01 1.08134262095521705760e+02 -1.86356226586109785526e-01
9.65173681138889238973e-01 -3.27608895187094395496e+00 -9.25262613871130290555e-01 1.08133989699295099740e+02 -1.86674982631586078297e-01
9.65745258753950674979e-01 -3.27580991115287778470e+00 -9.25224126977734706578e-01 1.08133720207865650309e+02 -1.86990368964402575713e-01
9.66310261386393642979e-01 -3.27553449378904781852e+00 -9.25185585625475370719e-01 1.08133453390872276145e+02 -1.87302261957804888626e-01
9.66868685189569476712e-01 -3.27526206956039311891e+00 -9.25147949628306820458e-01 1.08133189510606968042e+02 -1.87610765806604962158e-01
9.67420526361620347622e-01 -3.27499329662798333018e+00 -9.25110251471335187645e-01 1.08132928321463978705e+02 -1.87915760604255160926e-01
9.67965781145503245675e-01 -3.27472748125431323274e+00 -9.25073470220039273393e-01 1.08132670101513966188e+02 -1.88217346956902953359e-01
9.68504445829016735736e-01 -3.27446535012500650197e+00 -9.25036617677629791068e-01 1.08132414587583468801e+02 -1.88515409318187748822e-01
9.69036516744826603720e-01 -3.27420613612928557146e+00 -9.25000694871058182223e-01 1.08132162075953786484e+02 -1.88810043966449569997e-01
9.69561990270489948429e-01 -3.27395064498531906949e+00 -9.24964690399612710081e-01 1.08131912283332610514e+02 -1.89101140579254450858e-01
9.70080862828479939530e-01 -3.27369802505848817020e+00 -9.24929629568753020052e-01 1.08131665526875337946e+02 -1.89388790118076522084e-01
9.70593130886211241659e-01 -3.27344917298970017328e+00 -9.24894475696103834927e-01 1.08131421500376035283e+02 -1.89672888620934898540e-01
9.71098790956062218882e-01 -3.27320313997809098083e+00 -9.24860280206567964001e-01 1.08131180544790609588e+02 -1.89953520448643914387e-01
9.71597839595400469825e-01 -3.27296092708673302951e+00 -9.24825979597392766607e-01 1.08130942327925041013e+02 -1.90230589460238463939e-01
9.72090273406605143158e-01 -3.27272147401669988298e+00 -9.24792652677934090555e-01 1.08130707217754633120e+02 -1.90504171788920706465e-01
9.72576089037090585343e-01 -3.27248590153751717224e+00 -9.24759208212403316374e-01 1.08130474852715835254e+02 -1.90774180942659077331e-01
9.73055283179328878163e-01 -3.27225302156310782209e+00 -9.24726752947290009388e-01 1.08130245631354711122e+02 -1.91040682791155380649e-01
9.73527852570872820337e-01 -3.27202409199209132140e+00 -9.24694167813449929838e-01 1.08130019158998933904e+02 -1.91303602773942593718e-01
9.73993793994377243806e-01 -3.27179777847096753263e+00 -9.24662587117335621478e-01 1.08129795868671166659e+02 -1.91562993973868278541e-01
9.74453104277621995344e-01 -3.27157549564279381826e+00 -9.24630864952752040686e-01 1.08129575327914068339e+02 -1.91818796180886735891e-01
9.74905780293532697733e-01 -3.27135574207226742516e+00 -9.24600161667873843285e-01 1.08129358009692339238e+02 -1.92071047386292076409e-01
9.75351818960202621156e-01 -3.27114011136805382662e+00 -9.24569306655082856494e-01 1.08129143439880920141e+02 -1.92319705518968347979e-01
9.75791217240913111297e-01 -3.27092691138738578260e+00 -9.24539483438958642481e-01 1.08128932133684259043e+02 -1.92564788195182384767e-01
9.76223972144155016650e-01 -3.27071701355646338172e+00 -9.24510089424622316656e-01 1.08128723840953625768e+02 -1.92806277359132693938e-01
9.76650080723648006398e-01 -3.27051128712305994028e+00 -9.24480560024108943828e-01 1.08128518315620368639e+02 -1.93044162444389100219e-01
9.77069540078361775670e-01 -3.27030793488658710899e+00 -9.24452050614305465004e-01 1.08128316092444066499e+02 -1.93278442130804223309e-01
9.77482347352534808316e-01 -3.27010887180409515196e+00 -9.24423399798874778632e-01 1.08128116628554352019e+02 -1.93509118627767096044e-01
9.77888499735694360915e-01 -3.26991205916185689873e+00 -9.24395777506179960881e-01 1.08127920511969506379e+02 -1.93736162381858895154e-01
9.78287994462675891683e-01 -3.26971854147409946023e+00 -9.24368589874704937870e-01 1.08127727455354786912e+02 -1.93959580063809478023e-01
9.78680828813640935060e-01 -3.26952939074862491964e+00 -9.24341279527970405283e-01 1.08127537168975820236e+02 -1.94179389565219850944e-01
9.79067000114096308572e-01 -3.26934240520029062438e+00 -9.24314983291240954699e-01 1.08127350272154970412e+02 -1.94395533489877342381e-01
9.79446505734912542529e-01 -3.26915993568810625547e+00 -9.24288567474228495158e-01 1.08127166130488404860e+02 -1.94608077314900346222e-01
9.79819343092340866441e-01 -3.26897947631150298520e+00 -9.24263165028938460388e-01 1.08126985427684147112e+02 -1.94816923081452347821e-01
9.80185509648031860763e-01 -3.26880230552844652792e+00 -9.24238202342226755626e-01 1.08126807827650324612e+02 -1.95022112844068173931e-01
9.80545002909051777173e-01 -3.26862976211109801383e+00 -9.24213147427294878788e-01 1.08126632985535735543e+02 -1.95223705473433095658e-01
9.80897820427900302143e-01 -3.26845910993516675092e+00 -9.24189082743461232106e-01 1.08126461628542273274e+02 -1.95421562340802351665e-01
9.81243959802526766190e-01 -3.26829174168847291782e+00 -9.24165460824126205885e-01 1.08126293398488641628e+02 -1.95615746370900595030e-01
9.81583418676346575182e-01 -3.26812913068696042629e+00 -9.24141780251411359970e-01 1.08126127924678954173e+02 -1.95806341037694370266e-01
9.81916194738257197550e-01 -3.26796827295519864975e+00 -9.24119060472196385270e-01 1.08125965984271019238e+02 -1.95993159223580654116e-01
9.82242285722654373536e-01 -3.26781069454114758699e+00 -9.24096786388366453480e-01 1.08125807193693205477e+02 -1.96176288667392229037e-01
9.82561689409446659127e-01 -3.26765802104047331511e+00 -9.24074495354698544070e-01 1.08125651153638401070e+02 -1.96355841643612333280e-01
9.82874403624071413255e-01 -3.26750694397449903406e+00 -9.24053127374254379411e-01 1.08125498696994014836e+02 -1.96531573990440411315e-01
9.83180426237509119680e-01 -3.26735914149565198628e+00 -9.24032207865185473139e-01 1.08125349411814738687e+02 -1.96703602580075048722e-01
9.83479755166297819891e-01 -3.26721640755081965679e+00 -9.24011323042042143072e-01 1.08125202868009054669e+02 -1.96872072881507348407e-01
9.83772388372547657021e-01 -3.26707509544227470144e+00 -9.23991313233561428753e-01 1.08125059958863374732e+02 -1.97036674679420681366e-01
9.84058323863954753641e-01 -3.26693705279780877149e+00 -9.23971754517488141900e-01 1.08124920241618966088e+02 -1.97197558558799973527e-01
9.84337559693814090345e-01 -3.26680425498921511718e+00 -9.23952293189341467006e-01 1.08124783254013692613e+02 -1.97354907435729087783e-01
9.84610093961033494558e-01 -3.26667268926724840838e+00 -9.23933647136520819210e-01 1.08124649952820817589e+02 -1.97508336240988457977e-01
9.84875924810146630151e-01 -3.26654438726277085436e+00 -9.23915454469265817750e-01 1.08124519862791842684e+02 -1.97658033752599687771e-01
9.85135050431324765796e-01 -3.26642151378373446491e+00 -9.23897433100836940056e-01 1.08124392489235759740e+02 -1.97804223990663163857e-01
9.85387469060390319697e-01 -3.26629967187114900184e+00 -9.23880154989679125421e-01 1.08124268853331955142e+02 -1.97946439341224661446e-01
9.85633178978827628747e-01 -3.26618108731280853974e+00 -9.23863332258801683849e-01 1.08124148446682369240e+02 -1.98084910816110792986e-01
9.85872178513795716093e-01 -3.26606811467011493022e+00 -9.23846764538213904849e-01 1.08124030743378540365e+02 -1.98219905867077078598e-01
9.86104466038138838258e-01 -3.26595596946227306745e+00 -9.23830856576167258609e-01 1.08123916827016344655e+02 -1.98350869085140130155e-01
9.86330039970398142479e-01 -3.26584707452045419629e+00 -9.23815405705919800994e-01 1.08123806156850008620e+02 -1.98478076627250976660e-01
9.86548898774822102808e-01 -3.26574396475484585167e+00 -9.23800300014452457908e-01 1.08123698178626256095e+02 -1.98601839680422748158e-01
9.86761040961377400293e-01 -3.26564148438317580769e+00 -9.23785762094753049034e-01 1.08123594032978644464e+02 -1.98721513764908874755e-01
9.86966465085758248854e-01 -3.26554224687704941488e+00 -9.23771682595647125602e-01 1.08123493149216130860e+02 -1.98837421188988783260e-01
9.87165169749397164445e-01 -3.26544894548375763677e+00 -9.23758039540605424556e-01 1.08123394949651384422e+02 -1.98949914345654066405e-01
9.87357153599473957861e-01 -3.26535609449586727848e+00 -9.23744869159486614585e-01 1.08123300622543055738e+02 -1.99058264109938959363e-01
9.87542415328925060614e-01 -3.26526647944384462718e+00 -9.23732158438408612611e-01 1.08123209571623888792e+02 -1.99162837214002214070e-01
9.87720953676452295689e-01 -3.26518291547795813656e+00 -9.23719969143160235525e-01 1.08123121202801840468e+02 -1.99264021116896339336e-01
9.87892767426531648312e-01 -3.26509965749932451473e+00 -9.23708162053743397912e-01 1.08123036738214281627e+02 -1.99361013686985805160e-01
9.88057855409421592618e-01 -3.26502264560863508791e+00 -9.23696973049677128031e-01 1.08122954933498533592e+02 -1.99454658795287093076e-01
9.88216216501170752196e-01 -3.26494571916106757214e+00 -9.23686062275324126780e-01 1.08122877074408293652e+02 -1.99544055039398288143e-01
9.88367849623625893685e-01 -3.26487202161285594570e+00 -9.23675614607944006629e-01 1.08122802511732260200e+02 -1.99629660950476295334e-01
9.88512753744439143233e-01 -3.26480459326195626701e+00 -9.23665842547801041462e-01 1.08122730620898536813e+02 -1.99711927876885658728e-01
9.88650927877074869876e-01 -3.26473720334428385570e+00 -9.23656286266009707298e-01 1.08122662688027006084e+02 -1.99789918578182013054e-01
9.88782371080816346876e-01 -3.26467620569988126178e+00 -9.23647481706999617934e-01 1.08122597416144571980e+02 -1.99864599065432996250e-01
9.88907082460772635102e-01 -3.26461510509669761149e+00 -9.23638811356609634728e-01 1.08122536128092505692e+02 -1.99934962223338952292e-01
9.89025061167884578239e-01 -3.26456048415496535853e+00 -9.23630956121328505759e-01 1.08122477495630207045e+02 -2.00002036831947199724e-01
9.89136306398929687766e-01 -3.26450566089698179795e+00 -9.23623168856899212642e-01 1.08122422865246448964e+02 -2.00064762369644905116e-01
9.89240817396528693273e-01 -3.26445736348141446470e+00 -9.23616243105637613198e-01 1.08122370891142409732e+02 -2.00124212235464588039e-01
9.89338593449150427439e-01 -3.26441232979776785328e+00 -9.23609831891062382780e-01 1.08122322234176834854e+02 -2.00179871737180548052e-01
9.89429633891116377953e-01 -3.26436679198086920906e+00 -9.23603324150072735321e-01 1.08122277629833021706e+02 -2.00231100721398824760e-01
9.89513938102605350444e-01 -3.26432799635026471563e+00 -9.23597807238643819794e-01 1.08122235658011064174e+02 -2.00279106805661938351e-01
9.89591505509657798356e-01 -3.26429240740393877829e+00 -9.23592782160203573660e-01 1.08122197018491021936e+02 -2.00323305636805309993e-01
9.89662335584179708725e-01 -3.26425614308587253021e+00 -9.23587550329887485567e-01 1.08122162459809658230e+02 -2.00363022739118712412e-01
9.89726427843945932850e-01 -3.26422672401680413756e+00 -9.23583388449770614770e-01 1.08122130526450618504e+02 -2.00399544562589182473e-01
9.89783781852604072071e-01 -3.26420046070815672579e+00 -9.23579695059123628731e-01 1.08122101937863291710e+02 -2.00432243861817988018e-01
9.89834397219676587198e-01 -3.26417351077450446084e+00 -9.23575763593906362559e-01 1.08122077432872458758e+02 -2.00460449828848391585e-01
9.89878273600564240198e-01 -3.26415338068766613944e+00 -9.23572916700899804177e-01 1.08122055563970633330e+02 -2.00485457796634986005e-01
9.89915410696548092595e-01 -3.26413637008463020095e+00 -9.23570520622873702976e-01 1.08122037048600731168e+02 -2.00506632117327970866e-01
9.89945808254791503877e-01 -3.26412246592756050134e+00 -9.23568569127293459431e-01 1.08122021889554929430e+02 -2.00523969093894416371e-01
9.89969466068341796827e-01 -3.26411165698632999010e+00 -9.23567056675331898852e-01 1.08122010089181827652e+02 -2.00537465529288944088e-01
