00000000000000000000 -3.21238745677100334674e+00 -1.91341402820441680577e-01 6.99999999999996731503e+01 -7.50308034808038781568e-15
7.81443485547565069860e-03 -3.20445111036908336644e+00 -1.91346470766617815507e-01 7.00097044680280191642e+01 5.77454365391240950073e-04
1.56283925121375351364e-02 -3.19657725426659977686e+00 -1.91349817603362393204e-01 7.00192937996411757240e+01 1.14686253530964818274e-03
2.34413958003126705887e-02 -3.18876548111794821949e+00 -1.91351479431873611192e-01 7.00287690052519877781e+01 1.70824024503352859920e-03
3.12529676086078303521e-02 -3.18101538743758638361e+00 -1.91351491814793273072e-01 7.00381310906854679388e+01 2.26160496110655454341e-03
3.90626309130450363738e-02 -3.17332657356154435035e+00 -1.91349889784520055258e-01 7.00473810570101846906e+01 2.80697581894381572101e-03
4.68699088061915875025e-02 -3.16569864360982178297e+00 -1.91346707850188646471e-01 7.00565199003868741556e+01 3.34437350665688255813e-03
5.46743245262831176201e-02 -3.15813120546226455687e+00 -1.91341980011788398430e-01 7.00655486124877882048e+01 3.87382046598955601113e-03
6.24754014863376089250e-02 -3.15062387071269434102e+00 -1.91335739762680506759e-01 7.00744681799571225156e+01 4.39534059805714912711e-03
7.02726633032589032002e-02 -3.14317625464149630332e+00 -1.91328020101240087181e-01 7.00832795846572480514e+01 4.90895937156498544246e-03
7.80656338269275495989e-02 -3.13578797618118088053e+00 -1.91318853538566979733e-01 7.00919838035953262079e+01 5.41470376735025613057e-03
8.58538371692776497435e-02 -3.12845865786686916366e+00 -1.91308272096862741485e-01 7.01005818081804505937e+01 5.91260182579830990968e-03
9.36367977333575213228e-02 -3.12118792585344806412e+00 -1.91296307346662780580e-01 7.01090745663597090243e+01 6.40268388419862333194e-03
1.01414040242372674450e-01 -3.11397541040438730064e+00 -1.91282989329516706078e-01 7.01174630399654006396e+01 6.88498095159347390376e-03
1.09185089768709248093e-01 -3.10682074365093585655e+00 -1.91268350740368298091e-01 7.01257481861141087620e+01 7.35952570659524803187e-03
1.16949471762936074715e-01 -3.09972356279870453477e+00 -1.91252420763236757884e-01 7.01339309569710280812e+01 7.82635206164215488367e-03
1.24706712082783596762e-01 -3.09268350800772351405e+00 -1.91235229147592916688e-01 7.01420122996618431443e+01 8.28549527410904311508e-03
1.32456337022098163958e-01 -3.08570022283854195067e+00 -1.91216805190512290080e-01 7.01499931550720958739e+01 8.73699108161684473428e-03
1.40197873339769407686e-01 -3.07877335431378140740e+00 -1.91197177805532719796e-01 7.01578744618248606457e+01 9.18087834810845868083e-03
1.47930848288629207543e-01 -3.07190255276813806162e+00 -1.91176375449301882981e-01 7.01656571510604436526e+01 9.61719555196874180403e-03
1.55654789644321001063e-01 -3.06508747188930952277e+00 -1.91154426175902975027e-01 7.01733421494904234805e+01 1.00459828140789155654e-02
1.63369225734136341854e-01 -3.05832776867258360198e+00 -1.91131357632936232926e-01 7.01809303786901637068e+01 1.04672814067332461963e-02
1.71073685465818581264e-01 -3.05162310339168607598e+00 -1.91107197068151851704e-01 7.01884227550831809594e+01 1.08811337257949114488e-02
1.78767698356330495546e-01 -3.04497313956996862316e+00 -1.91081971335978428872e-01 7.01958201899268914303e+01 1.12875832635284355232e-02
1.86450794560585164650e-01 -3.03837754391800762832e+00 -1.91055706878114656133e-01 7.02031235878261412608e+01 1.16866734624958661104e-02
1.94122504900137410333e-01 -3.03183598642476903606e+00 -1.91028429820667006167e-01 7.02103338519022059927e+01 1.20784516273865442232e-02
2.01782360891835127470e-01 -3.02534814016885134080e+00 -1.91000165857799719671e-01 7.02174518767926798546e+01 1.24629635867021040796e-02
2.09429894776427566461e-01 -3.01891368138856552861e+00 -1.90970940332133243267e-01 7.02244785528785513407e+01 1.28402568891023069475e-02
2.17064639547129734076e-01 -3.01253228943228146264e+00 -1.90940778223601781427e-01 7.02314147652984672732e+01 1.32103800362682495539e-02
2.24686128978140969847e-01 -3.00620364772814996357e+00 -1.90909703166190741763e-01 7.02382613940075088976e+01 1.35733823854744008186e-02
2.32293897653115311019e-01 -2.99992743989805488170e+00 -1.90877741383799537367e-01 7.02450193134987870280e+01 1.39293144053491326634e-02
2.39887480993583035449e-01 -2.99370335534194120797e+00 -1.90844915843956741686e-01 7.02516893931814223606e+01 1.42782272347227803810e-02
2.47466415287320606886e-01 -2.98753108554807100816e+00 -1.90811250103697621627e-01 7.02582724955913846543e+01 1.46201716115837519055e-02
2.55030237716668051196e-01 -2.98141032507620273861e+00 -1.90776767465799274026e-01 7.02647694820089157020e+01 1.49552025755021172210e-02
2.62578486386791154494e-01 -2.97534077135545560466e+00 -1.90741490831586091304e-01 7.02711812047724890817e+01 1.52833728278783283205e-02
2.70110700353888233405e-01 -2.96932212476846713045e+00 -1.90705442800474772591e-01 7.02775085120180023068e+01 1.56047367972484921778e-02
2.77626419653337785931e-01 -2.96335408860110716134e+00 -1.90668645653121748840e-01 7.02837522465646884484e+01 1.59193496609421128452e-02
2.85125185327787133982e-01 -2.95743636901796369543e+00 -1.90631121356474947381e-01 7.02899132459091475766e+01 1.62272673213441631646e-02
2.92606539455178948916e-01 -2.95156867503811959352e+00 -1.90592891568749228659e-01 7.02959923422197618947e+01 1.65285463825061464116e-02
3.00070025176715493576e-01 -2.94575071851121839117e+00 -1.90553977644295158278e-01 7.03019903623318924701e+01 1.68232441270810620382e-02
3.07515186724756528491e-01 -2.93998221409381033098e+00 -1.90514400638391839804e-01 7.03079081277435307129e+01 1.71114184935924340536e-02
3.14941569450651825957e-01 -2.93426287922598350022e+00 -1.90474181311949791739e-01 7.03137464546115324993e+01 1.73931280540353984387e-02
3.22348719852504905781e-01 -2.92859243406610358917e+00 -1.90433340094895375838e-01 7.03195061519159168029e+01 1.76684302031629505980e-02
3.29736185602866604949e-01 -2.92297060317130075191e+00 -1.90391896411053945792e-01 7.03251880284171875246e+01 1.79373877089214171787e-02
3.37103515576356982386e-01 -2.91739710925287365484e+00 -1.90349871811370197072e-01 7.03307928825215213919e+01 1.82000596679758389063e-02
3.44450259877213949000e-01 -2.91187168203569735070e+00 -1.90307285089848982063e-01 7.03363215090955833375e+01 1.84565068646557611798e-02
3.51775969866767013183e-01 -2.90639405253715965571e+00 -1.90264155604485840634e-01 7.03417746975237037077e+01 1.87067906863246820326e-02
3.59080198190833532745e-01 -2.90096395442364407558e+00 -1.90220502445529904278e-01 7.03471532318327490430e+01 1.89509730220085922947e-02
3.66362498807037251236e-01 -2.89558112398903677587e+00 -1.90176344439620226279e-01 7.03524578906911273180e+01 1.91891162417506914994e-02
3.73622427012046509631e-01 -2.89024530013348623925e+00 -1.90131700153850863311e-01 7.03576894474084610920e+01 1.94212831762464177565e-02
3.80859539468730579070e-01 -2.88495622434242937615e+00 -1.90086587899756881415e-01 7.03628486699353459244e+01 1.96475370967523384202e-02
3.88073394233232560335e-01 -2.87971364066586188457e+00 -1.90041025737220481417e-01 7.03679363208637624894e+01 1.98679416952515300321e-02
3.95263550781957240243e-01 -2.87451729569787195473e+00 -1.89995031478307208062e-01 7.03729531574276734318e+01 2.00825610649009132780e-02
4.02429570038472572691e-01 -2.86936693851465918215e+00 -1.89948622644629944167e-01 7.03778999296884961723e+01 2.02914576677399836890e-02
4.09571014400322008786e-01 -2.86426232275313052966e+00 -1.89901816085547681112e-01 7.03827773876029141320e+01 2.04946998546994517409e-02
4.16687447765747620565e-01 -2.85920319883012785667e+00 -1.89854630037553401278e-01 7.03875862704604742248e+01 2.06923512953718809204e-02
4.23778435560320965170e-01 -2.85418932505068001504e+00 -1.89807080754806623002e-01 7.03923273142471117580e+01 2.08844774138506085459e-02
4.30843544763481300919e-01 -2.84922046043183074815e+00 -1.89759184868154490156e-01 7.03970012494139893988e+01 2.10711440102533190122e-02
4.37882343934978157662e-01 -2.84429636641699845612e+00 -1.89710958782460331618e-01 7.04016088010630909366e+01 2.12524171721405301383e-02
4.44894403241217928358e-01 -2.83941680685719211041e+00 -1.89662418679954480893e-01 7.04061506889496797612e+01 2.14283632565584712670e-02
4.51879294481512761017e-01 -2.83458154799245853894e+00 -1.89613580523522895493e-01 7.04106276274852831421e+01 2.15990488723302280494e-02
4.58836591114228031785e-01 -2.82979035843356241386e+00 -1.89564460059923084456e-01 7.04150403257407333513e+01 2.17645408625581140982e-02
4.65765868282830897140e-01 -2.82504300914390071853e+00 -1.89515072822920183082e-01 7.04193894874494503711e+01 2.19249062873596058110e-02
4.72666702841833874515e-01 -2.82033927559618469161e+00 -1.89465433877065159152e-01 7.04236758112631804352e+01 2.20802123668671634871e-02
4.79538673382635505238e-01 -2.81567892930989227551e+00 -1.89415558971883002393e-01 7.04278999897788509088e+01 2.22305266359540884546e-02
4.86381360259253436862e-01 -2.81106175010803616132e+00 -1.89365462631115449854e-01 7.04320627094198528084e+01 2.23759147034427487155e-02
4.93194345613951257157e-01 -2.80648751825379916269e+00 -1.89315159653387271588e-01 7.04361646554170448553e+01 2.25164478858122275862e-02
4.99977213402755082949e-01 -2.80195601618115652798e+00 -1.89264664519557618272e-01 7.04402065035650934988e+01 2.26521924211928495085e-02
5.06729549420860458930e-01 -2.79746702860275275881e+00 -1.89213991553606158957e-01 7.04441889256486604154e+01 2.27832163156078855437e-02
5.13450941327925791668e-01 -2.79302034246337438361e+00 -1.89163154887323575748e-01 7.04481125881431751168e+01 2.29095876767628457704e-02
5.20140978673252485365e-01 -2.78861574692361768868e+00 -1.89112168462958085691e-01 7.04519781522194534773e+01 2.30313746984376066518e-02
5.26799252920849836457e-01 -2.78425303572921700734e+00 -1.89061046118826348028e-01 7.04557862740411735558e+01 2.31486456420283356894e-02
5.33425357474382799694e-01 -2.77993199792877643262e+00 -1.89009801436272800723e-01 7.04595376036360647731e+01 2.32614688534640672024e-02
5.40018887702001348927e-01 -2.77565243136708339478e+00 -1.88958447751028629780e-01 7.04632327865504208830e+01 2.33699126751725112794e-02
5.46579440961049822789e-01 -2.77141413390937785266e+00 -1.88906998278949578296e-01 7.04668724627867817389e+01 2.34740454940266345119e-02
5.53106616622654478910e-01 -2.76721690555798494060e+00 -1.88855466059421384095e-01 7.04704572670686104630e+01 2.35739357080067546413e-02
5.59600016096189367687e-01 -2.76306054843720616532e+00 -1.88803863957675122087e-01 7.04739878288458498901e+01 2.36696517117660869267e-02
5.66059242853615862678e-01 -2.75894486677842509792e+00 -1.88752204667015505146e-01 7.04774647723002232169e+01 2.37612618823651658428e-02
5.72483902453697401924e-01 -2.75486966687927870012e+00 -1.88700500672841692262e-01 7.04808887152129841525e+01 2.38488329100874536792e-02
5.78873602566086775667e-01 -2.75083475999988991134e+00 -1.88648765074711954881e-01 7.04842602737171119998e+01 2.39324362296928529192e-02
5.85227952995284295135e-01 -2.74683995127212599030e+00 -1.88597008978755337205e-01 7.04875800545529358487e+01 2.40121385408853110777e-02
5.91546565704465288071e-01 -2.74288505573253305059e+00 -1.88545244850936932757e-01 7.04908486612063143184e+01 2.40880080475950227037e-02
5.97829054839176476932e-01 -2.73896988793080131686e+00 -1.88493484565812330356e-01 7.04940666916020290955e+01 2.41601128295218098296e-02
6.04075036750898464177e-01 -2.73509426443813641328e+00 -1.88441739839150163016e-01 7.04972347384314019791e+01 2.42285208669041421392e-02
6.10284130020473547518e-01 -2.73125800383376393654e+00 -1.88390022229749820593e-01 7.05003533891581213311e+01 2.42933000274867978707e-02
6.16455955481398198970e-01 -2.72746092951910101831e+00 -1.88338344153621134458e-01 7.05034232263976292643e+01 2.43545181632292065399e-02
6.22590136242976655012e-01 -2.72370285870071171530e+00 -1.88286715196860965360e-01 7.05064448264737109184e+01 2.44122427036503504560e-02
6.28686297713336617043e-01 -2.71998361844130087661e+00 -1.88235147183731826859e-01 7.05094187615364660360e+01 2.44665411773530919182e-02
6.34744067622304508625e-01 -2.71630303521875982042e+00 -1.88183651074010804827e-01 7.05123455981998432662e+01 2.45174808766692418904e-02
6.40763076044137847020e-01 -2.71266093745367165013e+00 -1.88132237679988878476e-01 7.05152258978806685263e+01 2.45651289189105850874e-02
6.46742955420115839260e-01 -2.70905715549697667655e+00 -1.88080917667904801149e-01 7.05180602168047698797e+01 2.46095522343043257574e-02
6.52683340580984761026e-01 -2.70549152459797292991e+00 -1.88029703135497411326e-01 7.05208491064171028029e+01 2.46508177355689167554e-02
6.58583868769257452236e-01 -2.70196387327479703444e+00 -1.87978601785849547268e-01 7.05235931118169503407e+01 2.46889916402324750833e-02
6.64444179661365486034e-01 -2.69847404026484216644e+00 -1.87927625018996902195e-01 7.05262927732431279537e+01 2.47241390087303697376e-02
6.70263915389663011979e-01 -2.69502186355123551920e+00 -1.87876783005062109044e-01 7.05289486277485480059e+01 2.47563284903971475570e-02
6.76042720564280052997e-01 -2.69160718293573797411e+00 -1.87826085688275634666e-01 7.05315612049699609543e+01 2.47856246803045410232e-02
6.81780242294825367111e-01 -2.68822984304132450717e+00 -1.87775544865389276694e-01 7.05341310305230422273e+01 2.48120933749618639841e-02
6.87476130211935876346e-01 -2.68488968178630926786e+00 -1.87725166872857091027e-01 7.05366586236974342228e+01 2.48357994788116070994e-02
6.93130036488672218731e-01 -2.68158654719651412535e+00 -1.87674962789829924414e-01 7.05391444997771515091e+01 2.48568081870987507564e-02
6.98741615861759757244e-01 -2.67832028645482367324e+00 -1.87624942064433558597e-01 7.05415891685448599446e+01 2.48751842330185123087e-02
7.04310525652672048125e-01 -2.67509074855918216329e+00 -1.87575114013211752262e-01 7.05439931346536610590e+01 2.48909920507665097245e-02
7.09836425788557545680e-01 -2.67189778729991012085e+00 -1.87525490422862262108e-01 7.05463568980558477506e+01 2.49042960807976873627e-02
7.15318978823006101919e-01 -2.66874124954970071144e+00 -1.87476075845394302144e-01 7.05486809523594047278e+01 2.49151595867752075064e-02
7.20757849956655149981e-01 -2.66562099241241323710e+00 -1.87426881249371679594e-01 7.05509657872464686079e+01 2.49236462881677126036e-02
7.26152707057636237487e-01 -2.66253687203459410426e+00 -1.87377915453757121211e-01 7.05532118869113844539e+01 2.49298193231193496167e-02
7.31503220681855470531e-01 -2.65948874915929378560e+00 -1.87329190016654462125e-01 7.05554197308562436319e+01 2.49337418317294272352e-02
7.36809064093112420224e-01 -2.65647647799949426783e+00 -1.87280708536618212268e-01 7.05575897923048813709e+01 2.49354756391971590923e-02
7.42069913283051829644e-01 -2.65349992255828359689e+00 -1.87232481711555209802e-01 7.05597225405392123321e+01 2.49350830790988006735e-02
7.47285446990950896762e-01 -2.65055894596972363431e+00 -1.87184517881199580236e-01 7.05618184393894125606e+01 2.49326258365423977792e-02
7.52455346723336027104e-01 -2.64765341580508728470e+00 -1.87136828586950160203e-01 7.05638779475354027682e+01 2.49281646817594570997e-02
7.57579296773433497059e-01 -2.64478319337769507413e+00 -1.87089416147024040216e-01 7.05659015187959113291e+01 2.49217615963695966752e-02
7.62656984240447144430e-01 -2.64194814948140210831e+00 -1.87042291160928020322e-01 7.05678896017212480274e+01 2.49134765390474667568e-02
7.67688099048667194069e-01 -2.63914815408756098236e+00 -1.86995461504329385516e-01 7.05698426398690372707e+01 2.49033695930200374424e-02
7.72672333966404556449e-01 -2.63638308146065236670e+00 -1.86948939043123957271e-01 7.05717610721379600136e+01 2.48915009347470787826e-02
7.77609384624753152693e-01 -2.63365279981414435184e+00 -1.86902724239779327586e-01 7.05736453312169658147e+01 2.48779288963136245572e-02
7.82498949536175603114e-01 -2.63095718662494171269e+00 -1.86856827879063130959e-01 7.05754958458843475455e+01 2.48627126712765017524e-02
7.87340730112915498928e-01 -2.62829612092914910448e+00 -1.86811261573135212188e-01 7.05773130398797263751e+01 2.48459111291488322915e-02
7.92134430685228929647e-01 -2.62566947634063607708e+00 -1.86766025332866070219e-01 7.05790973308298248412e+01 2.48275812402939805024e-02
7.96879758519442038533e-01 -2.62307713509588857903e+00 -1.86721129668266400126e-01 7.05808491323902273962e+01 2.48077808377987416022e-02
8.01576423835826168407e-01 -2.62051897879859119200e+00 -1.86676581676299913060e-01 7.05825688528524892718e+01 2.47865668699460174607e-02
8.06224139826293373368e-01 -2.61799489277391250752e+00 -1.86632393952104652657e-01 7.05842568958401557211e+01 2.47639965218852467488e-02
8.10822622671911297232e-01 -2.61550475754763134262e+00 -1.86588563521787265120e-01 7.05859136589163256303e+01 2.47401245200469868668e-02
8.15371591560234865170e-01 -2.61304846173111426921e+00 -1.86545101616174768822e-01 7.05875395356770098942e+01 2.47150069131563433766e-02
8.19870768702454344456e-01 -2.61062589513533138685e+00 -1.86502021106320220456e-01 7.05891349146866247111e+01 2.46886994802027644191e-02
8.24319879350358997172e-01 -2.60823694368910485863e+00 -1.86459317646403943680e-01 7.05907001785622014722e+01 2.46612552955034272650e-02
8.28718651813114437488e-01 -2.60588150210883107150e+00 -1.86417008284622570669e-01 7.05922357061635779019e+01 2.46327296666020365001e-02
8.33066817473854914766e-01 -2.60355945983507996999e+00 -1.86375089493223289328e-01 7.05937418701829955126e+01 2.46031747595811256524e-02
8.37364110806085748528e-01 -2.60127071301123491409e+00 -1.86333571987035928608e-01 7.05952190391982838946e+01 2.45726440368578651074e-02
8.41610269389898024706e-01 -2.59901515869538446424e+00 -1.86292468596996635410e-01 7.05966675765001667742e+01 2.45411901114199644536e-02
8.45805033927994553977e-01 -2.59679269185542338505e+00 -1.86251773645776691479e-01 7.05980878404137257576e+01 2.45088644578353061221e-02
8.49948148261523095393e-01 -2.59460321385007652850e+00 -1.86211504855685244797e-01 7.05994801845291277687e+01 2.44757192846399677932e-02
8.54039359385720064921e-01 -2.59244662310952911355e+00 -1.86171656730354628806e-01 7.06008449567950862047e+01 2.44418038297377349100e-02
8.58078417465359621907e-01 -2.59032282368046917753e+00 -1.86132246571816872827e-01 7.06021825010575696524e+01 2.44071697175352840536e-02
8.62065075850010797964e-01 -2.58823171749039149248e+00 -1.86093268777974163442e-01 7.06034931553999882681e+01 2.43718650586837032312e-02
8.65999091089099670704e-01 -2.58617321088456009193e+00 -1.86054733943679551089e-01 7.06047772535639666103e+01 2.43359394829981666442e-02
8.69880222946775583104e-01 -2.58414721022869420253e+00 -1.86016655806805208950e-01 7.06060351241949177847e+01 2.42994424776691586576e-02
8.73708234416581186466e-01 -2.58215362383112312372e+00 -1.85979025102662925972e-01 7.06072670907113177918e+01 2.42624199396560581710e-02
8.77482891735926751053e-01 -2.58019236086901759819e+00 -1.85941862318328238191e-01 7.06084734719471498465e+01 2.42249210780009285870e-02
8.81203964400363526366e-01 -2.57826333299354359951e+00 -1.85905164669773553809e-01 7.06096545815814096159e+01 2.41869914595232646248e-02
8.84871225177661369088e-01 -2.57636645308815959154e+00 -1.85868931308401319491e-01 7.06108107283507564489e+01 2.41486763166487740373e-02
8.88484450121684310453e-01 -2.57450163457465430739e+00 -1.85833180872263137307e-01 7.06119422162356471517e+01 2.41100228278344139166e-02
8.92043418586065284259e-01 -2.57266879452958674435e+00 -1.85797904273700825728e-01 7.06130493441486493111e+01 2.40710739297815487503e-02
8.95547913237682013943e-01 -2.57086784801985590576e+00 -1.85763121341708581369e-01 7.06141324060726844891e+01 2.40318757521211130712e-02
8.98997720069926953279e-01 -2.56909871487732477391e+00 -1.85728829096022091116e-01 7.06151916911459096582e+01 2.39924707985600081661e-02
9.02392628415777386941e-01 -2.56736131660196242876e+00 -1.85695025345367720204e-01 7.06162274836245416054e+01 2.39529010538817241360e-02
9.05732430960658807528e-01 -2.56565557156452417331e+00 -1.85661729687973092728e-01 7.06172400626044662886e+01 2.39132107592876265445e-02
9.09016923755105676896e-01 -2.56398140450669131951e+00 -1.85628938951285099579e-01 7.06182297025469125629e+01 2.38734405055014697883e-02
9.12245906227215463957e-01 -2.56233874232673519700e+00 -1.85596650044784566846e-01 7.06191966730936400154e+01 2.38336302494663102025e-02
9.15419181194897180198e-01 -2.56072750578900310003e+00 -1.85564883335322422520e-01 7.06201412383884274959e+01 2.37938224413381631261e-02
9.18536554877912303496e-01 -2.55914762493692293788e+00 -1.85533634943391312344e-01 7.06210636582907937964e+01 2.37540556406902539366e-02
9.21597836909708201247e-01 -2.55759902853292286906e+00 -1.85502909188694831144e-01 7.06219641875451316082e+01 2.37143688529518059660e-02
9.24602840349043497703e-01 -2.55608164678154103910e+00 -1.85472710292537507071e-01 7.06228430760006915534e+01 2.36748004138532773533e-02
9.27551381691403054042e-01 -2.55459541561427982970e+00 -1.85443034114392529821e-01 7.06237005690227732657e+01 2.36353868600379761478e-02
9.30443280880205225714e-01 -2.55314025968295288394e+00 -1.85413901351222570879e-01 7.06245369058824934427e+01 2.35961674415238395475e-02
9.33278361317795623897e-01 -2.55171611772443540644e+00 -1.85385307455732062376e-01 7.06253523221593155768e+01 2.35571773066863936197e-02
9.36056449876232710139e-01 -2.55032292568060414695e+00 -1.85357256275663573319e-01 7.06261470481508268904e+01 2.35184520712368415329e-02
9.38777376907859784083e-01 -2.54896062092632957885e+00 -1.85329751564273281783e-01 7.06269213092741949822e+01 2.34800266601584324555e-02
9.41440976255663586336e-01 -2.54762914227139924961e+00 -1.85302796981153455880e-01 7.06276753260693794800e+01 2.34419353037284769470e-02
9.44047085263422514068e-01 -2.54632842996530195379e+00 -1.85276396093272094356e-01 7.06284093142024858025e+01 2.34042115336067398090e-02
9.46595544785638676188e-01 -2.54505841766840923412e+00 -1.85250561204090058443e-01 7.06291234836095469518e+01 2.33668894323616135877e-02
9.49086199197256008553e-01 -2.54381906331619100925e+00 -1.85225278363147199956e-01 7.06298180417855263613e+01 2.33299986782105929495e-02
9.51518896403164227138e-01 -2.54261030447090963236e+00 -1.85200559416656002076e-01 7.06304931890545333317e+01 2.32935718863985438687e-02
9.53893487847486953868e-01 -2.54143207803509119103e+00 -1.85176415961049722902e-01 7.06311491206189003833e+01 2.32576409722876215058e-02
9.56209828522652460769e-01 -2.54028434785906531701e+00 -1.85152834793731208007e-01 7.06317860295898611867e+01 2.32222335799816097246e-02
9.58467776978249696995e-01 -2.53916705542321707867e+00 -1.85129826913333933591e-01 7.06324041016543446858e+01 2.31873801063715058446e-02
9.60667195329666046000e-01 -2.53808013871817372831e+00 -1.85107403811786086489e-01 7.06330035170447985138e+01 2.31531103831033001350e-02
9.62807949266506812869e-01 -2.53702355993278905189e+00 -1.85085559759435247518e-01 7.06335844536850459008e+01 2.31194509640422485308e-02
9.64889908060797774070e-01 -2.53599727156177046083e+00 -1.85064297717970782653e-01 7.06341470834070292995e+01 2.30864289723569371393e-02
9.66912944574967681000e-01 -2.53500123943795019343e+00 -1.85043613388694988542e-01 7.06346915745456982449e+01 2.30540696893800078904e-02
9.68876935269612826751e-01 -2.53403539589097137608e+00 -1.85023524054518495596e-01 7.06352180866259118375e+01 2.30224009946684744776e-02
9.70781760211040012365e-01 -2.53309970967037934031e+00 -1.85004024906036235176e-01 7.06357267782905893228e+01 2.29914466530784789011e-02
9.72627303078591576302e-01 -2.53219412462604553937e+00 -1.84985124895608671336e-01 7.06362178003143270644e+01 2.29612318919910317339e-02
9.74413451171748379309e-01 -2.53131862859273981670e+00 -1.84966813564002435788e-01 7.06366913035588339653e+01 2.29317780161855076793e-02
9.76140095417011188772e-01 -2.53047315439432551898e+00 -1.84949105543523645290e-01 7.06371474275009063604e+01 2.29031097452792077596e-02
9.77807130374562571973e-01 -2.52965769426464115455e+00 -1.84931991969642883777e-01 7.06375863135344985722e+01 2.28752470802560392560e-02
9.79414454244705079411e-01 -2.52887218118751322393e+00 -1.84915485700514525824e-01 7.06380080911048366943e+01 2.28482130932203056362e-02
9.80961968874077938629e-01 -2.52811659655706000294e+00 -1.84899583685616236695e-01 7.06384128903431474100e+01 2.28220272755547126664e-02
9.82449579761650593213e-01 -2.52739088869496608680e+00 -1.84884291524274740892e-01 7.06388008324454119702e+01 2.27967100848975104399e-02
9.83877196064494197181e-01 -2.52669504410215095547e+00 -1.84869607215605358252e-01 7.06391720381696046616e+01 2.27722796086323939213e-02
9.85244730603328400242e-01 -2.52602903211594398414e+00 -1.84855533058701559934e-01 7.06395266212259969052e+01 2.27487540621256929818e-02
9.86552099867845533332e-01 -2.52539282466292558382e+00 -1.84842071617881603673e-01 7.06398646906434777293e+01 2.27261509204363144898e-02
9.87799224021809973983e-01 -2.52478637507261050033e+00 -1.84829225961514076459e-01 7.06401863481722500637e+01 2.27044873458341449346e-02
9.88986026907933468699e-01 -2.52420967753814506906e+00 -1.84816997087001555489e-01 7.06404916955445258964e+01 2.26837787474594189396e-02
9.90112436052526190267e-01 -2.52366268724054254591e+00 -1.84805386506576491135e-01 7.06407808247085853282e+01 2.26640406059409153794e-02
9.91178382669921864689e-01 -2.52314540428604994204e+00 -1.84794398039174745385e-01 7.06410538281694613261e+01 2.26452871022049806449e-02
9.92183801666678522047e-01 -2.52265776228751414934e+00 -1.84784027239391274167e-01 7.06413107851256398817e+01 2.26275319363015287033e-02
9.93128631645553539009e-01 -2.52219978987622805988e+00 -1.84774283667208161219e-01 7.06415517816868003820e+01 2.26107879817947880763e-02
9.94012814909252973017e-01 -2.52177144897698690684e+00 -1.84765167277970571158e-01 7.06417768906097904846e+01 2.25950674695797534830e-02
9.94836297463954966069e-01 -2.52137270188431328322e+00 -1.84756673653940717283e-01 7.06419861796230890150e+01 2.25803813559135174716e-02
9.95599029022606440975e-01 -2.52100356555319704555e+00 -1.84748816578382657472e-01 7.06421797184911071099e+01 2.25667410375470327277e-02
9.96300963007994866416e-01 -2.52066398410040548583e+00 -1.84741582007335702897e-01 7.06423575625498472164e+01 2.25541551686099447926e-02
9.96942056555591649136e-01 -2.52035398700470025801e+00 -1.84734993113885637150e-01 7.06425197732829559527e+01 2.25426345702810296268e-02
9.97522270516170261878e-01 -2.52007353306176229424e+00 -1.84729039599675654015e-01 7.06426663979078739430e+01 2.25321865938129806128e-02
9.98041569458196886622e-01 -2.51982262169460513590e+00 -1.84723732043239413647e-01 7.06427974840114956123e+01 2.25228196163080006398e-02
9.98499921669993795170e-01 -2.51960124829643872246e+00 -1.84719081757334591121e-01 7.06429130737112700444e+01 2.25145414380049369019e-02
9.98897299161676022194e-01 -2.51940942163650394292e+00 -1.84715117949992901902e-01 7.06430132061095719109e+01 2.25073610372670020185e-02
9.99233677666860997668e-01 -2.51924711844227644519e+00 -1.84711844813593567549e-01 7.06430979109315444475e+01 2.25012842181630499938e-02
9.99509036644149584383e-01 -2.51911437746526667425e+00 -1.84709355548999420993e-01 7.06431672221898878661e+01 2.24963256841432153454e-02
9.99723359278381296100e-01 -2.51901126086682314309e+00 -1.84707877082058630203e-01 7.06432211743453279951e+01 2.24925152184805021705e-02
9.99876632481660587715e-01 -2.51893782019261802674e+00 -1.84707927172923752623e-01 7.06432598012075629867e+01 2.24899174670965783240e-02
