00000000000000000000 1.54541906619960878189e+00 -9.59816350679416507852e-01 00000000000000000018 2.27379653982655218764e-18
7.81443485547565069860e-03 1.54901731979909351722e+00 -9.59635110150745984647e-01 1.79927290651320639370e+01 4.51572472758004963417e-03
1.56283925121375351364e-02 1.55264453745142061436e+00 -9.59444466061987744077e-01 1.79854080717840965065e+01 9.06215876584583711340e-03
2.34413958003126705887e-02 1.55630088243053998909e+00 -9.59244264947496705354e-01 1.79780366750526141573e+01 1.36390825841256491807e-02
3.12529676086078303521e-02 1.55998651894462958545e+00 -9.59034351609444613018e-01 1.79706145265576502368e+01 1.82462673052940053953e-02
3.90626309130450363738e-02 1.56370161207442759377e+00 -9.58814566658487632544e-01 1.79631412745080361049e+01 2.28834745101307163173e-02
4.68699088061915875025e-02 1.56744632785556947674e+00 -9.58584750121227235908e-01 1.79556165637284372849e+01 2.75504561837650006895e-02
5.46743245262831176201e-02 1.57122083325018269129e+00 -9.58344738932735085157e-01 1.79480400357204956663e+01 3.22469545331487764117e-02
6.24754014863376089250e-02 1.57502529615589725864e+00 -9.58094367508556699065e-01 1.79404113287124857834e+01 3.69727018643597055148e-02
7.02726633032589032002e-02 1.57885988541297028753e+00 -9.57833467702362661989e-01 1.79327300777555898037e+01 4.17274202926882289977e-02
7.80656338269275495989e-02 1.58272477080393336735e+00 -9.57561868735298693522e-01 1.79249959146656969722e+01 4.65108220278324518970e-02
8.58538371692776497435e-02 1.58662012306497413050e+00 -9.57279397168704471177e-01 1.79172084682207533035e+01 5.13226087252760532209e-02
9.36367977333575213228e-02 1.59054611388716016229e+00 -9.56985876838572391279e-01 1.79093673641470303437e+01 5.61624716211360786033e-02
1.01414040242372674450e-01 1.59450291592181847555e+00 -9.56681128805208169652e-01 1.79014722252000311187e+01 6.10300913248727830429e-02
1.09185089768709248093e-01 1.59849070278497573661e+00 -9.56364971299079935640e-01 1.78935226712312989150e+01 6.59251376695073332268e-02
1.16949471762936074715e-01 1.60250964906635884333e+00 -9.56037219648517844206e-01 1.78855183193567270905e+01 7.08472699216043388937e-02
1.24706712082783596762e-01 1.60655993022509080426e+00 -9.55697686817295943840e-01 1.78774587837214298247e+01 7.57961355220075766459e-02
1.32456337022098163958e-01 1.61064172299671559685e+00 -9.55346181104735903133e-01 1.78693436759432842109e+01 8.07713712319645671389e-02
1.40197873339769407686e-01 1.61475520479245981953e+00 -9.54982509410105651071e-01 1.78611726050101289331e+01 8.57726023795866709953e-02
1.47930848288629207543e-01 1.61890055411312805411e+00 -9.54606474959532880220e-01 1.78529451773769878287e+01 9.07994427304001788803e-02
1.55654789644321001063e-01 1.62307795044699343379e+00 -9.54217877800049185666e-01 1.78446609970592824368e+01 9.58514943736349378511e-02
1.63369225734136341854e-01 1.62728757427277637149e+00 -9.53816514737294451898e-01 1.78363196657200155926e+01 1.00928347566529089119e-01
1.71073685465818581264e-01 1.63152960704110561174e+00 -9.53402179293431517593e-01 1.78279207823125318555e+01 1.06029580121185684760e-01
1.78767698356330495546e-01 1.63580423124927354372e+00 -9.52974661569448433518e-01 1.78194639446965830132e+01 1.11154758792505720111e-01
1.86450794560585164650e-01 1.64011163034747631251e+00 -9.52533748275311342724e-01 1.78109487477157379942e+01 1.16303437072571153044e-01
1.94122504900137410333e-01 1.64445198879779885814e+00 -9.52079222605010877523e-01 1.78023747845004010060e+01 1.21475156247242671581e-01
2.01782360891835127470e-01 1.64882549206252382312e+00 -9.51610864180756133024e-01 1.77937416462931210503e+01 1.26669444953448784297e-01
2.09429894776427566461e-01 1.65323232660509455982e+00 -9.51128448982676344414e-01 1.77850489225506862567e+01 1.31885819011618388163e-01
2.17064639547129734076e-01 1.65767267989067845768e+00 -9.50631749277051962821e-01 1.77762962010490284115e+01 1.37123781256282301078e-01
2.24686128978140969847e-01 1.66214674038631993191e+00 -9.50120533543023504386e-01 1.77674830679906925468e+01 1.42382821364756745330e-01
2.32293897653115311019e-01 1.66665469760631368423e+00 -9.49594566382942262273e-01 1.77586091090814406357e+01 1.47662416002425467276e-01
2.39887480993583035449e-01 1.67119674170060528162e+00 -9.49053608932934000819e-01 1.77496739062817994181e+01 1.52962027603180672486e-01
2.47466415287320606886e-01 1.67577306467723041727e+00 -9.48497416963578476867e-01 1.77406770423583282081e+01 1.58281105419822709646e-01
2.55030237716668051196e-01 1.68038385874985496393e+00 -9.47925743485144911560e-01 1.77316180984642919327e+01 1.63619084843236395344e-01
2.62578486386791154494e-01 1.68502931738544270424e+00 -9.47338336883849718717e-01 1.77224966547354192414e+01 1.68975387162219381487e-01
2.70110700353888233405e-01 1.68970963504498872254e+00 -9.46734941284194442268e-01 1.77133122904627491323e+01 1.74349419448778075736e-01
2.77626419653337785931e-01 1.69442500718038835394e+00 -9.46115296463688526529e-01 1.77040645842250903286e+01 1.79740574374497336096e-01
2.85125185327787133982e-01 1.69917563023073103778e+00 -9.45479137765660393455e-01 1.76947531140251506088e+01 1.85148230024975074537e-01
2.92606539455178948916e-01 1.70396170161800597498e+00 -9.44826196010102536960e-01 1.76853774574294142496e+01 1.90571749712273003086e-01
3.00070025176715493576e-01 1.70878341974218650456e+00 -9.44156197402498342797e-01 1.76759371917119842976e+01 1.96010481785337364879e-01
3.07515186724756528491e-01 1.71364098386729901691e+00 -9.43468863428340687172e-01 1.76664318916962876926e+01 2.01463759683691651103e-01
3.14941569450651825957e-01 1.71853459450657286567e+00 -9.42763910803396387728e-01 1.76568611382346034588e+01 2.06930900825129465703e-01
3.22348719852504905781e-01 1.72346445287679106428e+00 -9.42041051311937494006e-01 1.76472245069026385522e+01 2.12411207702565718591e-01
3.29736185602866604949e-01 1.72843076122275629558e+00 -9.41299991747156949984e-01 1.76375215752260032787e+01 2.17903966873531279580e-01
3.37103515576356982386e-01 1.73343372273117735105e+00 -9.40540433799463504450e-01 1.76277519211926225751e+01 2.23408448951578630925e-01
3.44450259877213949000e-01 1.73847354152117250514e+00 -9.39762073951899479241e-01 1.76179151234165622952e+01 2.28923908403297543535e-01
3.51775969866767013183e-01 1.74355042263389070634e+00 -9.38964603373075967774e-01 1.76080107613054828164e+01 2.34449583343040196537e-01
3.59080198190833532745e-01 1.74866457202122260739e+00 -9.38147707807566066940e-01 1.75980384152320254998e+01 2.39984695325156788259e-01
3.66362498807037251236e-01 1.75381619653355214083e+00 -9.37311067463678537770e-01 1.75879976667089863440e+01 2.45528449133735449106e-01
3.73622427012046509631e-01 1.75900550390650378674e+00 -9.36454356898532291886e-01 1.75778880985682874893e+01 2.51080032569808930809e-01
3.80859539468730579070e-01 1.76423270290651612591e+00 -9.35577244985763556429e-01 1.75677092985701008843e+01 2.56638614440310330878e-01
3.88073394233232560335e-01 1.76949800273095059211e+00 -9.34679394478982072947e-01 1.75574608470650801451e+01 2.62203350983532645913e-01
3.95263550781957240243e-01 1.77480161380316725506e+00 -9.33760462330502805095e-01 1.75471423345750103806e+01 2.67773376348616698461e-01
4.02429570038472572691e-01 1.78014374680891585001e+00 -9.32820099447061346076e-01 1.75367533513175111182e+01 2.73347808225097077539e-01
4.09571014400322008786e-01 1.78552461456431599274e+00 -9.31857949977940691610e-01 1.75262934894112341055e+01 2.78925746101623517337e-01
4.16687447765747620565e-01 1.79094442933991881972e+00 -9.30873652170541188156e-01 1.75157623438805778449e+01 2.84506271251899034436e-01
4.23778435560320965170e-01 1.79640340461223124713e+00 -9.29866837563840253900e-01 1.75051595123402776721e+01 2.90088446354060169874e-01
4.30843544763481300919e-01 1.80190175459712631501e+00 -9.28837131019170092472e-01 1.74944845953457601695e+01 2.95671315290986114199e-01
4.37882343934978157662e-01 1.80743969422565231575e+00 -9.27784150577065314103e-01 1.74837371966170174176e+01 3.01253902909871695837e-01
4.44894403241217928358e-01 1.81301743911833823653e+00 -9.26707507310465805617e-01 1.74729169232680092705e+01 3.06835214778352460829e-01
4.51879294481512761017e-01 1.81863520538445788688e+00 -9.25606804989436815490e-01 1.74620233822849009186e+01 3.12414240858437552983e-01
4.58836591114228031785e-01 1.82429321023077717356e+00 -9.24481640614156940927e-01 1.74510561945744413492e+01 3.17989940662435466301e-01
4.65765868282830897140e-01 1.82999167104190152422e+00 -9.23331603289706870363e-01 1.74400149759610627598e+01 3.23561263522100905909e-01
4.72666702841833874515e-01 1.83573080590222859065e+00 -9.22156274670933751025e-01 1.74288993494416644126e+01 3.29127135434738538056e-01
4.79538673382635505238e-01 1.84151083343106525270e+00 -9.20955228651826773856e-01 1.74177089426166880060e+01 3.34686461853668071331e-01
4.86381360259253436862e-01 1.84733197274619365125e+00 -9.19728031194247175328e-01 1.74064433879506985647e+01 3.40238127422638814146e-01
4.93194345613951257157e-01 1.85319444342538197645e+00 -9.18474240152125753767e-01 1.73951023230389090202e+01 3.45780995706086280439e-01
4.99977213402755082949e-01 1.85909846546573076509e+00 -9.17193405090966695781e-01 1.73836853908796840074e+01 3.51313908915076744677e-01
5.06729549420860458930e-01 1.86504425924077299470e+00 -9.15885067102513383830e-01 1.73721922401533106495e+01 3.56835687628807574079e-01
5.13450941327925791668e-01 1.87103204545521073499e+00 -9.14548758614410206569e-01 1.73606225255069546165e+01 3.62345130511587065758e-01
5.20140978673252485365e-01 1.87706204509719487561e+00 -9.13184003194704940753e-01 1.73489759078460892283e+01 3.67841014024947510208e-01
5.26799252920849836457e-01 1.88313447958550828076e+00 -9.11790315706533793794e-01 1.73372520589861132123e+01 3.73322084527775155394e-01
5.33425357474382799694e-01 1.88924956999017590320e+00 -9.10367200770694218193e-01 1.73254506459428760934e+01 3.78787086459158928164e-01
5.40018887702001348927e-01 1.89540753798982430922e+00 -9.08914154434822818551e-01 1.73135713535810289443e+01 3.84234721783897836822e-01
5.46579440961049822789e-01 1.90160860518099328331e+00 -9.07430662768494489256e-01 1.73016138710001179390e+01 3.89663675080212712487e-01
5.53106616622654478910e-01 1.90785299316523815349e+00 -9.05916201921244446105e-01 1.72895778951440668436e+01 3.95072607190833424706e-01
5.59600016096189367687e-01 1.91414092348433539925e+00 -9.04370237892343054042e-01 1.72774631311398643163e+01 4.00460154900738107830e-01
5.66059242853615862678e-01 1.92047261755216425172e+00 -9.02792226294072075454e-01 1.72652692926449091715e+01 4.05824930608506329044e-01
5.72483902453697401924e-01 1.92684829658310774469e+00 -9.01181612108273411010e-01 1.72529961022029816320e+01 4.11165521991138593894e-01
5.78873602566086775667e-01 1.93326818151681822933e+00 -8.99537829435926750143e-01 1.72406432916093770302e+01 4.16480491662249818763e-01
5.85227952995284295135e-01 1.93973249293917993086e+00 -8.97860301239531310991e-01 1.72282106022853973570e+01 4.21768376823138724241e-01
5.91546565704465288071e-01 1.94624145099930290215e+00 -8.96148439078027103655e-01 1.72156977856627406709e+01 4.27027688906575608740e-01
5.97829054839176476932e-01 1.95279527512952055801e+00 -8.94401642277224184774e-01 1.72031045991946420770e+01 4.32256925230682431671e-01
6.04075036750898464177e-01 1.95939418465812442705e+00 -8.92619299743282579307e-01 1.71904308227807121057e+01 4.37454523425089558675e-01
6.10284130020473547518e-01 1.96603839773691757564e+00 -8.90800786702670377437e-01 1.71776762369592645996e+01 4.42618925173030364206e-01
6.16455955481398198970e-01 1.97272813184608453163e+00 -8.88945466285145258212e-01 1.71648406371287194361e+01 4.47748535234831546159e-01
6.22590136242976655012e-01 1.97946360354629669054e+00 -8.87052688769104147326e-01 1.71519238307494248374e+01 4.52841730721424140516e-01
6.28686297713336617043e-01 1.98624502836741134715e+00 -8.85121791265678470317e-01 1.71389256377889687144e+01 4.57896860690989115916e-01
6.34744067622304508625e-01 1.99307262069167112628e+00 -8.83152097393279822413e-01 1.71258458911794093638e+01 4.62912245736000149687e-01
6.40763076044137847020e-01 1.99994659363113380657e+00 -8.81142916942207143904e-01 1.71126844372867594757e+01 4.67886177560931260100e-01
6.46742955420115839260e-01 2.00686715889905364918e+00 -8.79093545528958686397e-01 1.70994411363930538528e+01 4.72816918550027109891e-01
6.52683340580984761026e-01 2.01383452667493312305e+00 -8.77003264239881952236e-01 1.70861158631916936201e+01 4.77702701324354550572e-01
6.58583868769257452236e-01 2.02084890546292861302e+00 -8.74871339263712854972e-01 1.70727085072962765366e+01 4.82541728288508442457e-01
6.64444179661365486034e-01 2.02791050213285029002e+00 -8.72697022282161727347e-01 1.70592189782702270406e+01 4.87332154385575755384e-01
6.70263915389663011979e-01 2.03501952108143768783e+00 -8.70479547172635204078e-01 1.70456471898848036517e+01 4.92072149993093788112e-01
6.76042720564280052997e-01 2.04217616500418319703e+00 -8.68218133741268882630e-01 1.70319930830252168619e+01 4.96759810247641930836e-01
6.81780242294825367111e-01 2.04938063415000293332e+00 -8.65911984680984847529e-01 1.70182566125163141635e+01 5.01393211791444359804e-01
6.87476130211935876346e-01 2.05663312627449856862e+00 -8.63560285768948276974e-01 1.70044377509060282705e+01 5.05970398587127889733e-01
6.93130036488672218731e-01 2.06393383645137529214e+00 -8.61162205423103843671e-01 1.69905364890741346073e+01 5.10489381388245178073e-01
6.98741615861759757244e-01 2.07128295673960671763e+00 -8.58716894753711934563e-01 1.69765528369793408103e+01 5.14948137490654267445e-01
7.04310525652672048125e-01 2.07868067647440213364e+00 -8.56223485051296862025e-01 1.69624868238572048540e+01 5.19344608992259648694e-01
7.09836425788557545680e-01 2.08612718136261099389e+00 -8.53681090355213667564e-01 1.69483384995238957060e+01 5.23676703990142322631e-01
7.15318978823006101919e-01 2.09362265367271271899e+00 -8.51088804913077034975e-01 1.69341079346667058303e+01 5.27942294812021373218e-01
7.20757849956655149981e-01 2.10116727190005692094e+00 -8.48445703166641584936e-01 1.69197952216499238887e+01 5.32139217703501032908e-01
7.26152707057636237487e-01 2.10876121027578333766e+00 -8.45750838237580682133e-01 1.69054004693539141613e+01 5.36265293704608958514e-01
7.31503220681855470531e-01 2.11640463936167977366e+00 -8.43003245065919282197e-01 1.68909238251706490530e+01 5.40318246456701345437e-01
7.36809064093112420224e-01 2.12409772460255075188e+00 -8.40201934553747475931e-01 1.68763654467343577892e+01 5.44295817998374564795e-01
7.42069913283051829644e-01 2.13184062674978758167e+00 -8.37345896328817951293e-01 1.68617255205344811486e+01 5.48195693943587247787e-01
7.47285446990950896762e-01 2.13963350139096952773e+00 -8.34434097321684276061e-01 1.68470042586307364729e+01 5.52015520529943182204e-01
7.52455346723336027104e-01 2.14747649862891698547e+00 -8.31465481125644223503e-01 1.68322018995161570842e+01 5.55752903897263283994e-01
7.57579296773433497059e-01 2.15536976274465175152e+00 -8.28438967333915643465e-01 1.68173187090100739738e+01 5.59405409344574833241e-01
7.62656984240447144430e-01 2.16331343184338420471e+00 -8.25353450853099857021e-01 1.68023549811825780864e+01 5.62970560563434752055e-01
7.67688099048667194069e-01 2.17130763748260635637e+00 -8.22207801191810583319e-01 1.67873110393114330918e+01 5.66445838847844274078e-01
7.72672333966404556449e-01 2.17935250428135907086e+00 -8.19000861723441331286e-01 1.67721872368740463344e+01 5.69828682278105347336e-01
7.77609384624753152693e-01 2.18744814950960364541e+00 -8.15731448921821811204e-01 1.67569839585748106003e+01 5.73116484879105048122e-01
7.82498949536175603114e-01 2.19559468306107685720e+00 -8.12398352700681503080e-01 1.67417016314328357396e+01 5.76306570464554135391e-01
7.87340730112915498928e-01 2.20379220493096861233e+00 -8.09000331423252894147e-01 1.67263406897821127473e+01 5.79396288261159408961e-01
7.92134430685228929647e-01 2.21204080912133083103e+00 -8.05536116584613992586e-01 1.67109016251791970831e+01 5.82382873332499828578e-01
7.96879758519442038533e-01 2.22034057841450316317e+00 -8.02004409034882348450e-01 1.66953849589476206461e+01 5.85263534521711648040e-01
8.01576423835826168407e-01 2.22869158641255715736e+00 -7.98403878249696052904e-01 1.66797912490158495302e+01 5.88035431880905457014e-01
8.06224139826293373368e-01 2.23709389642361955453e+00 -7.94733161576009705662e-01 1.66641210916237483275e+01 5.90695675741056525077e-01
8.10822622671911297232e-01 2.24554756087778795148e+00 -7.90990863239257602224e-01 1.66483751226669873802e+01 5.93241325654157991565e-01
8.15371591560234865170e-01 2.25405262071228396081e+00 -7.87175553311311837490e-01 1.66325540190959770825e+01 5.95669389298495555174e-01
8.19870768702454344456e-01 2.26260910472404175309e+00 -7.83285766637229818876e-01 1.66166585003717557356e+01 5.97976821347102283077e-01
8.24319879350358997172e-01 2.27121702888783394414e+00 -7.79320001718840194016e-01 1.66006893299819182630e+01 6.00160522294932441412e-01
8.28718651813114437488e-01 2.27987639501074479398e+00 -7.75276719333592101435e-01 1.65846473174876720691e+01 6.02217337014132159112e-01
8.33066817473854914766e-01 2.28858719248233599686e+00 -7.71154342115485613718e-01 1.65685333183030003568e+01 6.04144054349759596079e-01
8.37364110806085748528e-01 2.29734939278859728873e+00 -7.66951250908635251413e-01 1.65523482149566056876e+01 6.05937434462252455525e-01
8.41610269389898024706e-01 2.30616295464686116290e+00 -7.62665789195226206942e-01 1.65360930034832662727e+01 6.07594093098280496612e-01
8.45805033927994553977e-01 2.31502781760353837370e+00 -7.58296254191546226231e-01 1.65197686743754879046e+01 6.09110666667485811665e-01
8.49948148261523095393e-01 2.32394390416589580184e+00 -7.53840900184647999538e-01 1.65033762906462477815e+01 6.10483703437058378150e-01
8.54039359385720064921e-01 2.33291111808676543404e+00 -7.49297935893461386492e-01 1.64869169718426604732e+01 6.11709687950054425976e-01
8.58078417465359621907e-01 2.34192934332876223635e+00 -7.44665522911825861208e-01 1.64703918963745010728e+01 6.12785039544809340128e-01
8.62065075850010797964e-01 2.35099844251094092229e+00 -7.39941773465182195402e-01 1.64538023037529832493e+01 6.13706110019037853753e-01
8.65999091089099670704e-01 2.36011825756430893009e+00 -7.35124751120936781312e-01 1.64371494958496100480e+01 6.14469184187803607600e-01
8.69880222946775583104e-01 2.36928860569983790185e+00 -7.30212465552357192777e-01 1.64204348412571263793e+01 6.15070474955352497481e-01
8.73708234416581186466e-01 2.37850928000990302635e+00 -7.25202872899786354921e-01 1.64036597764977116753e+01 6.15506123483903100357e-01
8.77482891735926751053e-01 2.38778004760392992267e+00 -7.20093873302286469062e-01 1.63868258090506309088e+01 6.15772196790907111463e-01
8.81203964400363526366e-01 2.39710064814734291616e+00 -7.14883308868261346802e-01 1.63699345201657315840e+01 6.15864685749421436611e-01
8.84871225177661369088e-01 2.40647079394847240863e+00 -7.09568961716241397575e-01 1.63529876114395271713e+01 6.15779480328067951866e-01
8.88484450121684310453e-01 2.41589016229140129965e+00 -7.04148551048423554377e-01 1.63359867429566989472e+01 6.15512457643640820137e-01
8.92043418586065284259e-01 2.42535840206010666620e+00 -6.98619731896607309984e-01 1.63189337713709008426e+01 6.15059345864318318675e-01
8.95547913237682013943e-01 2.43487512671785477636e+00 -6.92980091928239727572e-01 1.63018306042839604686e+01 6.14415809814267022126e-01
8.98997720069926953279e-01 2.44443991355239953478e+00 -6.87227149061264364072e-01 1.62846792394214681110e+01 6.13577426866426356433e-01
9.02392628415777386941e-01 2.45405230188235146116e+00 -6.81358347858771140615e-01 1.62674817680769727701e+01 6.12539683585092920026e-01
9.05732430960658807528e-01 2.46371178987266548077e+00 -6.75371060265518186050e-01 1.62502403803394415149e+01 6.11297976139960508313e-01
9.09016923755105676896e-01 2.47341783339378240569e+00 -6.69262577299482241955e-01 1.62329573676851843800e+01 6.09847602847589986830e-01
9.12245906227215463957e-01 2.48316984285720021575e+00 -6.63030109394425304359e-01 1.62156351283629547311e+01 6.08183764266979176583e-01
9.15419181194897180198e-01 2.49296718129758598792e+00 -6.56670781413113746616e-01 1.61982761712282403721e+01 6.06301558661599071520e-01
9.18536554877912303496e-01 2.50280915925560032420e+00 -6.50181632425445021894e-01 1.61808831231220686675e+01 6.04195981534375703426e-01
9.21597836909708201247e-01 2.51269503485848488822e+00 -6.43559607065799732517e-01 1.61634587307520334321e+01 6.01861917972721038872e-01
9.24602840349043497703e-01 2.52262400948322174088e+00 -6.36801554267080405225e-01 1.61460058674933577549e+01 5.99294141346464415143e-01
9.27551381691403054042e-01 2.53259521915755581034e+00 -6.29904225480029000828e-01 1.61285274761535397658e+01 5.96487294549032931457e-01
9.30443280880205225714e-01 2.54260774496087282870e+00 -6.22864264732229666599e-01 1.61110268245681389487e+01 5.93435939544691315461e-01
9.33278361317795623897e-01 2.55266059209703088939e+00 -6.15678208521386771679e-01 1.60935071476805227064e+01 5.90134481235581320746e-01
9.36056449876232710139e-01 2.56275269667900840176e+00 -6.08342479025668514403e-01 1.60759718892483256525e+01 5.86577205510635635299e-01
9.38777376907859784083e-01 2.57288291433046856227e+00 -6.00853380437775697054e-01 1.60584246567432167296e+01 5.82758265945880760128e-01
9.41440976255663586336e-01 2.58305002305689912490e+00 -5.93207091020372168089e-01 1.60408692216131818498e+01 5.78671677279839480335e-01
9.44047085263422514068e-01 2.59325270915721262099e+00 -5.85399659702957819718e-01 1.60233095365499060847e+01 5.74311311683899150538e-01
9.46595544785638676188e-01 2.60348956916091367475e+00 -5.77426997911293038435e-01 1.60057497370025956229e+01 5.69670892076438839524e-01
9.49086199197256008553e-01 2.61375910075787976083e+00 -5.69284874426654097235e-01 1.59881941538689584803e+01 5.64743987409085490548e-01
9.51518896403164227138e-01 2.62405969195687394091e+00 -5.60968906979618875397e-01 1.59706473279744773919e+01 5.59524004709884947850e-01
9.53893487847486953868e-01 2.63438962276825439091e+00 -5.52474556307771758057e-01 1.59531140126326498319e+01 5.54004184872261884465e-01
9.56209828522652460769e-01 2.64474704738300836482e+00 -5.43797115688378962517e-01 1.59355991954075459915e+01 5.48177592241326450129e-01
9.58467776978249696995e-01 2.65512999552924178204e+00 -5.34931705654358213842e-01 1.59181081015623533403e+01 5.42037111336916788140e-01
9.60667195329666046000e-01 2.66553635482731854367e+00 -5.25873257772861535386e-01 1.59006462454228998382e+01 5.35575511123664416147e-01
9.62807949266506812869e-01 2.67596386475428849039e+00 -5.16616519905644944188e-01 1.58832193192936514947e+01 5.28785146665573191349e-01
9.64889908060797774070e-01 2.68641010462063656306e+00 -5.07156024939799943141e-01 1.58658333993597864264e+01 5.21658365837014970090e-01
9.66912944574967681000e-01 2.69687248432861359504e+00 -4.97486096273843936277e-01 1.58484948330481127954e+01 5.14187238622969000623e-01
9.68876935269612826751e-01 2.70734822542132436141e+00 -4.87600825251939817839e-01 1.58312102959045013506e+01 5.06363602060535433758e-01
9.70781760211040012365e-01 2.71783434963686376662e+00 -4.77494061155855797907e-01 1.58139868098279396946e+01 4.98179052401424016239e-01
9.72627303078591576302e-01 2.72832766350322852844e+00 -4.67159401741915392137e-01 1.57968317658674095583e+01 4.89624937943201110624e-01
9.74413451171748379309e-01 2.73882473676798010587e+00 -4.56590168346568514579e-01 1.57797529527207114342e+01 4.80692335657320668485e-01
9.76140095417011188772e-01 2.74932188440444313926e+00 -4.45779393359247655404e-01 1.57627585832077148353e+01 4.71372041380006656652e-01
9.77807130374562571973e-01 2.75981514210735756620e+00 -4.34719807874311692242e-01 1.57458573282033320595e+01 4.61654560305528038899e-01
9.79414454244705079411e-01 2.77030024127719620708e+00 -4.23403810433397642665e-01 1.57290583503650154285e+01 4.51530078046421756710e-01
9.80961968874077938629e-01 2.78077257889922124789e+00 -4.11823452946394996665e-01 1.57123713454791680277e+01 4.40988450047244850971e-01
9.82449579761650593213e-01 2.79122718380459566845e+00 -3.99970415156888359220e-01 1.56958065876660217697e+01 4.30019179407717722086e-01
9.83877196064494197181e-01 2.80165867772222121346e+00 -3.87835978836138572934e-01 1.56793749811686282669e+01 4.18611394887564880474e-01
9.85244730603328400242e-01 2.81206123010613318058e+00 -3.75410999547423240852e-01 1.56630881197939757499e+01 4.06753826884003188979e-01
9.86552099867845533332e-01 2.82242850775612108549e+00 -3.62685877161211533970e-01 1.56469584582623895130e+01 3.94434745864238767155e-01
9.87799224021809973983e-01 2.83275360026574096750e+00 -3.49650516203530381532e-01 1.56309990027074228180e+01 3.81642086409447467421e-01
9.88986026907933468699e-01 2.84302897019499356546e+00 -3.36294295321481750971e-01 1.56152239568139279413e+01 3.68363172090746815446e-01
9.90112436052526190267e-01 2.85324633604969424283e+00 -3.22606023491016635774e-01 1.55996484964514756655e+01 3.54584850935840911745e-01
9.91178382669921864689e-01 2.86339658769864735532e+00 -3.08573893829181822301e-01 1.55842889672622622044e+01 3.40293413330443494935e-01
9.92183801666678522047e-01 2.87346962831403152094e+00 -2.94185430604191167081e-01 1.55691630769107405285e+01 3.25474545801282877378e-01
9.93128631645553539009e-01 2.88345422713468924059e+00 -2.79427436885260616073e-01 1.55542900786584965545e+01 3.10113290062281776738e-01
9.94012814909252973017e-01 2.89333779267154289627e+00 -2.64285928035783712620e-01 1.55396910455007333240e+01 2.94193986723366829317e-01
9.94836297463954966069e-01 2.90310609687926257649e+00 -2.48746056031118017993e-01 1.55253892027920006313e+01 2.77700212445111116466e-01
9.95599029022606440975e-01 2.91274291547177588413e+00 -2.32792038195087619412e-01 1.55114103596312258304e+01 2.60614725817698789090e-01
9.96300963007994866416e-01 2.92222952718816930684e+00 -2.16407051611661210844e-01 1.54977835026016474984e+01 2.42919378958755927123e-01
9.96942056555591649136e-01 2.93154403670152285954e+00 -1.99573117354731460749e-01 1.54845415950490412627e+01 2.24595024268397197575e-01
9.97522270516170261878e-01 2.94066040402679806931e+00 -1.82270975366144977192e-01 1.54717227162107562322e+01 2.05621418709125786117e-01
9.98041569458196886622e-01 2.94954702716841721255e+00 -1.64479885438538558917e-01 1.54593717148848668330e+01 1.85977056795917333742e-01
9.98499921669993795170e-01 2.95816456435179775397e+00 -1.46177391225311953393e-01 1.54475427400590668015e+01 1.65638978118165164366e-01
9.98897299161676022194e-01 2.96646244373748224632e+00 -1.27338926308342592630e-01 1.54363032802951547495e+01 1.44582421804200916826e-01
9.99233677666860997668e-01 2.97437290377205965086e+00 -1.07937120748785864155e-01 1.54257410393887255395e+01 1.22780181892872139460e-01
9.99509036644149584383e-01 2.98179988521713967842e+00 -8.79402920084805250767e-02 1.54159767174726294314e+01 1.00201104492288431413e-01
9.99723359278381296100e-01 2.98859583434405040592e+00 -6.73081742077587946715e-02 1.54071906456208882474e+01 7.68055707972329776423e-02
9.99876632481660587715e-01 2.99450442326458032838e+00 -4.59745877600391469886e-02 1.53996885635303772943e+01 5.25263138473570714848e-02
