00000000000000000000 -4.35468302278063479349e+00 -9.61904949746344550832e-01 00000000000000000130 1.30531308937368493886e-25
2.58315720529896097890e-03 -4.35123109718066736207e+00 -9.61914781311145161702e-01 1.30003058883191727091e+02 6.74622691919361697037e-04
5.16629682395841009074e-03 -4.34778805234321907847e+00 -9.61923654216948365026e-01 1.30006099842431893876e+02 1.34317540933370110391e-03
7.74940126945856955221e-03 -4.34435387062578293182e+00 -9.61931574955664947524e-01 1.30009122941458656442e+02 2.00566619502555486612e-03
1.03324529555191297475e-02 -4.34092853443202653096e+00 -9.61938549987396029906e-01 1.30012128243927577387e+02 2.66210322507196180120e-03
1.29154342962189676997e-02 -4.33751202621175124818e+00 -9.61944585740988844513e-01 1.30015115813412307944e+02 3.31249482945453633392e-03
1.54983277061159028382e-02 -4.33410432846078119695e+00 -9.61949688613833675532e-01 1.30018085713402882675e+02 3.95684946948314693327e-03
1.80811156003663868475e-02 -4.33070542372091082939e+00 -9.61953864972238781306e-01 1.30021038007305691053e+02 4.59517574898016777085e-03
2.06637803948452533631e-02 -4.32731529457987473819e+00 -9.61957121151182370511e-01 1.30023972758446319631e+02 5.22748238797336554906e-03
2.32463045062654173611e-02 -4.32393392367111495389e+00 -9.61959463455564045553e-01 1.30026890030059263381e+02 5.85377828542560981612e-03
2.58286703522975918945e-02 -4.32056129367388130902e+00 -9.61960898159110566752e-01 1.30029789885299095431e+02 6.47407244421691410730e-03
2.84108603516900135033e-02 -4.31719738731308222413e+00 -9.61961431505233166561e-01 1.30032672387233418476e+02 7.08837401093787098511e-03
3.09928569243880722150e-02 -4.31384218735919411358e+00 -9.61961069707067184531e-01 1.30035537598843774276e+02 7.69669226650927101874e-03
3.35746424916540803229e-02 -4.31049567662819832492e+00 -9.61959818947631495334e-01 1.30038385583025075221e+02 8.29903662550613221982e-03
3.61561994761869162640e-02 -4.30715783798151363726e+00 -9.61957685380006033427e-01 1.30041216402585121159e+02 8.89541663561113984948e-03
3.87375103022416650278e-02 -4.30382865432631422919e+00 -9.61954675126401981267e-01 1.30044030120268303108e+02 9.48584191241955490548e-03
4.13185573957493418318e-02 -4.30050810861408905339e+00 -9.61950794281914767225e-01 1.30046826798675226655e+02 1.00703223495734357773e-02
4.38993231844364839578e-02 -4.29719618384234092190e+00 -9.61946048910078843619e-01 1.30049606500365285910e+02 1.06488678464445058608e-02
4.64797900979448119774e-02 -4.29389286305345763139e+00 -9.61940445045725178730e-01 1.30052369287795869468e+02 1.12214884662265642484e-02
4.90599405679508632216e-02 -4.29059812933487361164e+00 -9.61933988694544939158e-01 1.30055115223335178598e+02 1.17881943995492791816e-02
5.16397570282855211676e-02 -4.28731196581898998943e+00 -9.61926685833253691804e-01 1.30057844369262227247e+02 1.23489959636149723016e-02
5.42192219150537807471e-02 -4.28403435568309109982e+00 -9.61918542409742283184e-01 1.30060556787765960962e+02 1.29039036013743890763e-02
5.67983176667541181382e-02 -4.28076528214927520821e+00 -9.61909564343251144436e-01 1.30063252540944830571e+02 1.34529278807110370259e-02
5.93770267243982005634e-02 -4.27750472848436835704e+00 -9.61899757524516618723e-01 1.30065931690806564802e+02 1.39960794936752359191e-02
6.19553315316303740423e-02 -4.27425267800093333648e+00 -9.61889127814238298342e-01 1.30068594299331806496e+02 1.45333691553326677104e-02
6.45332145348472135948e-02 -4.27100911405333771853e+00 -9.61877681049244648293e-01 1.30071240428246568399e+02 1.50648079570088466728e-02
6.71106581833170040552e-02 -4.26777402004288841653e+00 -9.61865423034518385315e-01 1.30073870139328960249e+02 1.55904068870112363920e-02
6.96876449292992278250e-02 -4.26454737941458184025e+00 -9.61852359548298840863e-01 1.30076483494222003401e+02 1.61101771205717433921e-02
7.22641572281641081377e-02 -4.26132917565775493074e+00 -9.61838496341093862618e-01 1.30079080554476234965e+02 1.66241299520453675309e-02
7.48401775385119094608e-02 -4.25811939230600078332e+00 -9.61823839135834912639e-01 1.30081661381549395173e+02 1.71322767940251807772e-02
7.74156883222925085164e-02 -4.25491801293709581699e+00 -9.61808393628029389966e-01 1.30084226036805858939e+02 1.76346291764929580248e-02
7.99906720449247571336e-02 -4.25172502117291806201e+00 -9.61792165485912065037e-01 1.30086774581516493754e+02 1.81311987459386973753e-02
8.25651111754157757128e-02 -4.24854040067935745384e+00 -9.61775160350595292869e-01 1.30089307076858034407e+02 1.86219972645242752562e-02
8.51389881864804548561e-02 -4.24536413516625810161e+00 -9.61757383836215895556e-01 1.30091823583912940876e+02 1.91070366092400446834e-02
8.77122855546606100541e-02 -4.24219620838730726575e+00 -9.61738841530091037590e-01 1.30094324163668716210e+02 1.95863287710535509401e-02
9.02849857604444694381e-02 -4.23903660413999006096e+00 -9.61719538992859779292e-01 1.30096808877017906525e+02 2.00598858541153751700e-02
9.28570712883857868336e-02 -4.23588530626808346113e+00 -9.61699481755977525488e-01 1.30099277784911123490e+02 2.05277199184755176908e-02
9.54285246272232184905e-02 -4.23274229865199203005e+00 -9.61678675331635535173e-01 1.30101730947791025983e+02 2.09898435543105256473e-02
9.79993282699994638918e-02 -4.22960756522204750496e+00 -9.61657125199298579155e-01 1.30104168426380368828e+02 2.14462690805065810118e-02
1.00569464714180475950e-01 -4.22648108995008175981e+00 -9.61634836814315163700e-01 1.30106590281189966163e+02 2.18970090424826235864e-02
1.03138916461774601818e-01 -4.22336285685131773704e+00 -9.61611815606087660946e-01 1.30108996572634453059e+02 2.23420760942124839443e-02
1.05707666019451862471e-01 -4.22025284998426464256e+00 -9.61588066978213862335e-01 1.30111387361031290766e+02 2.27814829973885246694e-02
1.08275695898662718819e-01 -4.21715105345066998410e+00 -9.61563596308608770080e-01 1.30113762706600851971e+02 2.32152426205772463574e-02
1.10842988615757503945e-01 -4.21405745139541565436e+00 -9.61538408949672906978e-01 1.30116122669465994477e+02 2.36433679383620150294e-02
1.13409526692105272483e-01 -4.21097202800644154763e+00 -9.61512510228407446533e-01 1.30118467309651776986e+02 2.40658720305255841021e-02
1.15975292654212733257e-01 -4.20789476751467361737e+00 -9.61485905446577748812e-01 1.30120796687085032772e+02 2.44827680812169413971e-02
1.18540269033843417845e-01 -4.20482565419393239381e+00 -9.61458599880835595997e-01 1.30123110861594255994e+02 2.48940693781052567457e-02
1.21104438368136405058e-01 -4.20176467168974188127e+00 -9.61430598672317282549e-01 1.30125409892891269692e+02 2.52997893096992346185e-02
1.23667783199725281329e-01 -4.19871180568827284674e+00 -9.61401907253590981561e-01 1.30127693840641626366e+02 2.56999413716465438529e-02
1.26230286076857156630e-01 -4.19566703993928857841e+00 -9.61372530728551555335e-01 1.30129962764569739875e+02 2.60945390166426455236e-02
1.28791929553511097506e-01 -4.19263035888112867156e+00 -9.61342474278907621610e-01 1.30132216723738110886e+02 2.64835961819985463150e-02
1.31352696189517337277e-01 -4.18960174700379273105e+00 -9.61311743055906831046e-01 1.30134455777648156527e+02 2.68671265487170525532e-02
1.33912568550675792345e-01 -4.18658118883683805223e+00 -9.61280342188377323609e-01 1.30136679985533135095e+02 2.72451440071439891788e-02
1.36471529208874592376e-01 -4.18356866895216583657e+00 -9.61248276780989563406e-01 1.30138889406526203629e+02 2.76176625452817930961e-02
1.39029560742209123969e-01 -4.18056417196392615665e+00 -9.61215551914387567045e-01 1.30141084099659735784e+02 2.79846962479789254652e-02
1.41586645735100435939e-01 -4.17756768252844512546e+00 -9.61182172645327570493e-01 1.30143264123865549209e+02 2.83462592961109954848e-02
1.44142766778413616846e-01 -4.17457918534415473033e+00 -9.61148144006792715111e-01 1.30145429537974223422e+02 2.87023659657780171039e-02
1.46697906469576699884e-01 -4.17159866515148980426e+00 -9.61113471008139375051e-01 1.30147580400715099813e+02 2.90530306274918610765e-02
1.49252047412698846118e-01 -4.16862610673282318885e+00 -9.61078158635217727479e-01 1.30149716770715912162e+02 2.93982677454040462750e-02
1.51805172218688999575e-01 -4.16566149491238313374e+00 -9.61042211850502425818e-01 1.30151838706502616105e+02 2.97380918764593611681e-02
1.54357263505374042722e-01 -4.16270481455616980782e+00 -9.61005635593224716295e-01 1.30153946266499076501e+02 3.00725176696461475589e-02
1.56908303897617312783e-01 -4.15975605057187269864e+00 -9.60968434779503000165e-01 1.30156039509026811629e+02 3.04015598651775631467e-02
1.59458276027436895994e-01 -4.15681518790879422909e+00 -9.60930614302455410325e-01 1.30158118492304822666e+02 3.07252332937181169004e-02
1.62007162534123755337e-01 -4.15388221155776715676e+00 -9.60892179032344473377e-01 1.30160183274449337887e+02 3.10435528755859078964e-02
1.64554946064359886027e-01 -4.15095710655543026490e+00 -9.60853133814980053806e-01 1.30162233913729522783e+02 3.13565335196535066586e-02
1.67101609272336831813e-01 -4.14803985796757590521e+00 -9.60813483478343832722e-01 1.30164270467593297553e+02 3.16641905039247856246e-02
1.69647134819873285361e-01 -4.14513045091279686005e+00 -9.60773232823422862481e-01 1.30166292994061677746e+02 3.19665389291356877299e-02
1.72191505376533410265e-01 -4.14222887054725852352e+00 -9.60732386630262280569e-01 1.30168301550838720004e+02 3.22635940659318290469e-02
1.74734703619744774494e-01 -4.13933510206827115496e+00 -9.60690949656659243239e-01 1.30170296195524514360e+02 3.25553712706773412666e-02
1.77276712234916367095e-01 -4.13644913071417885675e+00 -9.60648926638280609147e-01 1.30172276985615326339e+02 3.28418859846725322282e-02
1.79817513915556254078e-01 -4.13357094176429828991e+00 -9.60606322288812819465e-01 1.30174243978503113794e+02 3.31231537334091344360e-02
1.82357091363389622884e-01 -4.13070052053884939625e+00 -9.60563141300041389847e-01 1.30176197231475413219e+02 3.33991901257697787475e-02
1.84895427288476549288e-01 -4.12783785239884526419e+00 -9.60519388342003899162e-01 1.30178136801715226056e+02 3.36700108533035738501e-02
1.87432504409329458994e-01 -4.12498292274604061447e+00 -9.60475068063096459881e-01 1.30180062746300734489e+02 3.39356316894272799778e-02
1.89968305453031172103e-01 -4.12213571702283054776e+00 -9.60430185090183630159e-01 1.30181975122205017215e+02 3.41960684887039276236e-02
1.92502813155352114904e-01 -4.11929622071218748403e+00 -9.60384744028740855448e-01 1.30183873986296049452e+02 3.44513371860587641615e-02
1.95036010260868170052e-01 -4.11646441933756168652e+00 -9.60338749462943175317e-01 1.30185759395336418720e+02 3.47014537960443764097e-02
1.97567879523077832848e-01 -4.11364029846282797109e+00 -9.60292205955810773688e-01 1.30187631405983097466e+02 3.49464344120890210710e-02
2.00098403704520089175e-01 -4.11082384369218445386e+00 -9.60245118049295465212e-01 1.30189490074787357798e+02 3.51862952057406114248e-02
2.02627565576891321975e-01 -4.10801504067007527965e+00 -9.60197490264426356532e-01 1.30191335458194458852e+02 3.54210524259367665056e-02
2.05155347921162689584e-01 -4.10521387508529933541e+00 -9.60149327100719429673e-01 1.30193167612788585075e+02 3.56507223587739230375e-02
2.07681733527697698349e-01 -4.10242033265489158822e+00 -9.60100633038901252192e-01 1.30194986594352457132e+02 3.58753214780146226226e-02
2.10206705196368998090e-01 -4.09963439914717930890e+00 -9.60051412537286208426e-01 1.30196792459223530614e+02 3.60948662265010711270e-02
2.12730245736675399604e-01 -4.09685606036682337106e+00 -9.60001670034285048416e-01 1.30198585263422330627e+02 3.63093731551918305622e-02
2.15252337967859502799e-01 -4.09408530215834609578e+00 -9.59951409947936151745e-01 1.30200365062862601917e+02 3.65188588887335463529e-02
2.17772964719024048064e-01 -4.09132211040605664465e+00 -9.59900636676021434823e-01 1.30202131913351308867e+02 3.67233401247456792138e-02
2.20292108829248989288e-01 -4.08856647103394088560e+00 -9.59849354596165715847e-01 1.30203885870588322859e+02 3.69228336330698694856e-02
2.22809753147708622389e-01 -4.08581836921942098684e+00 -9.59797567678395746604e-01 1.30205626990133907839e+02 3.71173562441823798319e-02
2.25325880533787908933e-01 -4.08307779252265135028e+00 -9.59745281007388539862e-01 1.30207355327537328549e+02 3.73069248910574968736e-02
2.27840473857199465879e-01 -4.08034472621551280724e+00 -9.59692498540318683631e-01 1.30209070938144947149e+02 3.74915565459832747508e-02
2.30353515998100027984e-01 -4.07761915638003547002e+00 -9.59639224575286609031e-01 1.30210773877226955619e+02 3.76712682605658405466e-02
2.32864989847207326523e-01 -4.07490106913754424056e+00 -9.59585463390778214965e-01 1.30212464199945770815e+02 3.78460771550628849447e-02
2.35374878305916024335e-01 -4.07219045064858953253e+00 -9.59531219245808641993e-01 1.30214141961355949206e+02 3.80160004176716762037e-02
2.37883164286414594546e-01 -4.06948728711287976978e+00 -9.59476496379965904104e-01 1.30215807216403874236e+02 3.81810553038420680272e-02
2.40389830711801560925e-01 -4.06679156476919345664e+00 -9.59421299013592410176e-01 1.30217460019927841586e+02 3.83412591355273765781e-02
2.42894860516201405165e-01 -4.06410326989529302466e+00 -9.59365631347824487918e-01 1.30219100426657746539e+02 3.84966293005322285348e-02
2.45398236644881417856e-01 -4.06142238880786887734e+00 -9.59309497564745372600e-01 1.30220728491214998712e+02 3.86471832517799804285e-02
2.47899942054367217192e-01 -4.05874890786581943303e+00 -9.59252901827649773203e-01 1.30222344268311246651e+02 3.87929385179053010102e-02
2.50399959712559072589e-01 -4.05608281345712651245e+00 -9.59195848280425367172e-01 1.30223947811980679035e+02 3.89339126588235454052e-02
2.52898272598847562165e-01 -4.05342409201772468919e+00 -9.59138341048721310145e-01 1.30225539176693189347e+02 3.90701233287262736371e-02
2.55394863704230257184e-01 -4.05077273001919291318e+00 -9.59080384239360150822e-01 1.30227118416635477161e+02 3.92015882341280874623e-02
2.57889716031426352583e-01 -4.04812871397163398512e+00 -9.59021981940610390716e-01 1.30228685585885216369e+02 3.93283251432176711448e-02
2.60382812594993184874e-01 -4.04549203042359728499e+00 -9.58963138222282518441e-01 1.30230240738410884660e+02 3.94503518851641796217e-02
2.62874136421441917388e-01 -4.04286266596201837586e+00 -9.58903857135835924197e-01 1.30231783928071735090e+02 3.95676863494554970080e-02
2.65363670549352448358e-01 -4.04024060721211952796e+00 -9.58844142714470937250e-01 1.30233315208617568715e+02 3.96803464851926343537e-02
2.67851398029489484731e-01 -4.03762584083734665796e+00 -9.58783998973238182906e-01 1.30234834633688706163e+02 3.97883503004432745320e-02
2.70337301924917894347e-01 -4.03501835353930093930e+00 -9.58723429909128399551e-01 1.30236342256815930796e+02 3.98917158615463771087e-02
2.72821365311117669528e-01 -4.03241813205764021433e+00 -9.58662439501179020063e-01 1.30237838131420261334e+02 3.99904612924358304760e-02
2.75303571276099334764e-01 -4.02982516317001060457e+00 -9.58601031710569539968e-01 1.30239322310813008698e+02 4.00846047739987429437e-02
2.77783902920519187862e-01 -4.02723943369198789100e+00 -9.58539210480707448703e-01 1.30240794848195378108e+02 4.01741645433853974967e-02
2.80262343357794374565e-01 -4.02466093047698070251e+00 -9.58476979737359680023e-01 1.30242255796658838563e+02 4.02591588933464902822e-02
2.82738875714217352542e-01 -4.02208964041616123808e+00 -9.58414343388696465809e-01 1.30243705209184582827e+02 4.03396061715809647885e-02
2.85213483129071798672e-01 -4.01952555043840487059e+00 -9.58351305325432556437e-01 1.30245143138643697966e+02 4.04155247800794814594e-02
2.87686148754746129352e-01 -4.01696864751016669004e+00 -9.58287869420914817375e-01 1.30246569637796994812e+02 4.04869331744423868735e-02
2.90156855756849185735e-01 -4.01441891863547795083e+00 -9.58224039531176408069e-01 1.30247984759294865853e+02 4.05538498632619232032e-02
2.92625587314324475674e-01 -4.01187635085580662775e+00 -9.58159819495097986319e-01 1.30249388555677342083e+02 4.06162934074421402841e-02
2.95092326619564693235e-01 -4.00934093125002721791e+00 -9.58095213134439904756e-01 1.30250781079373865623e+02 4.06742824195560140343e-02
2.97557056878526016153e-01 -4.00681264693429639578e+00 -9.58030224253975992710e-01 1.30252162382703232879e+02 4.07278355632073318926e-02
3.00019761310842958402e-01 -4.00429148506544851926e+00 -9.57964856642520623531e-01 1.30253532518072887569e+02 4.07769716083127911621e-02
3.02480423149941946015e-01 -4.00177743282766051891e+00 -9.57899114069314050468e-01 1.30254891537205025998e+02 4.08217092130614966905e-02
3.04939025643155781076e-01 -3.99927047745164054859e+00 -9.57833000289531999449e-01 1.30256239492264541013e+02 4.08620672404878468309e-02
3.07395552051837939178e-01 -3.99677060537050321543e+00 -9.57766518289649759765e-01 1.30257576435084359900e+02 4.08980645280363833138e-02
3.09849985651476145243e-01 -3.99427780553860012347e+00 -9.57699673248809557613e-01 1.30258902417514121908e+02 4.09297200309436878807e-02
3.12302309731806226889e-01 -3.99179206447390777512e+00 -9.57632468163080119439e-01 1.30260217491165803949e+02 4.09570526832678943885e-02
3.14752507596926411892e-01 -3.98931336955177462400e+00 -9.57564906720727582190e-01 1.30261521707582005547e+02 4.09800814879244662547e-02
3.17200562565410182359e-01 -3.98684170818428151861e+00 -9.57496992593740658961e-01 1.30262815118194339448e+02 4.09988254937515700371e-02
3.19646457970420572181e-01 -3.98437706782014977591e+00 -9.57428729437926229195e-01 1.30264097774323033718e+02 4.10133037948854708987e-02
3.22090177159823132236e-01 -3.98191943594468211742e+00 -9.57360120892992050301e-01 1.30265369727177073855e+02 4.10235355301717813381e-02
3.24531703496299839262e-01 -3.97946880007968184501e+00 -9.57291170582615258411e-01 1.30266631027854089098e+02 4.10295398825050727787e-02
3.26971020357461672479e-01 -3.97702514778339288881e+00 -9.57221882114563382693e-01 1.30267881727340210318e+02 4.10313360782069494470e-02
3.29408111135962355931e-01 -3.97458846665040832491e+00 -9.57152259080771838917e-01 1.30269121876510212132e+02 4.10289433864589533907e-02
3.31842959239611323685e-01 -3.97215874431161219960e+00 -9.57082305057392779268e-01 1.30270351526127228681e+02 4.10223811186262860007e-02
3.34275548091486185420e-01 -3.96973596843409648471e+00 -9.57012023604939865429e-01 1.30271570726842838894e+02 4.10116686276953135160e-02
3.36705861130046413265e-01 -3.96732012672109668472e+00 -9.56941418268331123187e-01 1.30272779529196924386e+02 4.09968253076208113961e-02
3.39133881809245474326e-01 -3.96491120691192611147e+00 -9.56870492576995745893e-01 1.30273977983617839982e+02 4.09778705927619085747e-02
3.41559593598643573831e-01 -3.96250919678189017503e+00 -9.56799250044915727820e-01 1.30275166140422072658e+02 4.09548239572320726953e-02
3.43982979983520398282e-01 -3.96011408414221799390e+00 -9.56727694170785181171e-01 1.30276344049814326809e+02 4.09277049143274423981e-02
3.46404024464987525533e-01 -3.95772585683998112671e+00 -9.56655828438019772975e-01 1.30277511761887495823e+02 4.08965330159199655369e-02
3.48822710560100557320e-01 -3.95534450275807314412e+00 -9.56583656314870411919e-01 1.30278669326622633662e+02 4.08613278518447989307e-02
3.51239021801971362802e-01 -3.95297000981505863848e+00 -9.56511181254519837758e-01 1.30279816793888841175e+02 4.08221090493125632337e-02
3.53652941739880488647e-01 -3.95060236596516922702e+00 -9.56438406695133358504e-01 1.30280954213443294520e+02 4.07788962723193842974e-02
3.56064453939388791959e-01 -3.94824155919819119731e+00 -9.56365336059956105963e-01 1.30282081634931159897e+02 4.07317092210536316199e-02
3.58473541982449628307e-01 -3.94588757753942376283e+00 -9.56291972757399855176e-01 1.30283199107885565127e+02 4.06805676312845809761e-02
3.60880189467520207103e-01 -3.94354040904958758063e+00 -9.56218320181098091481e-01 1.30284306681727571231e+02 4.06254912738101409131e-02
3.63284380009673946166e-01 -3.94120004182476479926e+00 -9.56144381710023583132e-01 1.30285404405766172431e+02 4.05664999538425941061e-02
3.65686097240711160961e-01 -3.93886646400081819053e+00 -9.56070160710920657898e-01 1.30286492329461111694e+02 4.05036136508873378936e-02
3.68085324809271363655e-01 -3.93653966373579589089e+00 -9.55995660529057933452e-01 1.30287570501396487543e+02 4.04368519695795583524e-02
3.70482046380943785824e-01 -3.93421962923553936164e+00 -9.55920884502016288131e-01 1.30288638970784631965e+02 4.03662349432526920689e-02
3.72876245638379399949e-01 -3.93190634873686617468e+00 -9.55845835950800193359e-01 1.30289697786485930919e+02 4.02917825090712070080e-02
3.75267906281401164570e-01 -3.92959981051161566512e+00 -9.55770518182152417630e-01 1.30290746997248589878e+02 4.02135146357434358766e-02
3.77657012027115768227e-01 -3.92730000209353846685e+00 -9.55694933329479967554e-01 1.30291786651658867413e+02 4.01314512857363497877e-02
3.80043546610023985632e-01 -3.92500691337111229373e+00 -9.55619086927351424343e-01 1.30292816798338662920e+02 4.00456125611341196002e-02
3.82427493782131422417e-01 -3.92272053194854741776e+00 -9.55542981140579561483e-01 1.30293837485650698227e+02 3.99560184868653911483e-02
3.84808837313059592944e-01 -3.92044084623715205495e+00 -9.55466619219428880960e-01 1.30294848761893945266e+02 3.98626891520437454108e-02
3.87187560990155776874e-01 -3.91816784468292311772e+00 -9.55390004400232362158e-01 1.30295850675255053375e+02 3.97656446744888841804e-02
3.89563648618604152496e-01 -3.91590151576644274201e+00 -9.55313139905509589589e-01 1.30296843273808264030e+02 3.96649052001214891261e-02
3.91937084021535264711e-01 -3.91364184800284675703e+00 -9.55236028944000392649e-01 1.30297826605515524534e+02 3.95604909024480366764e-02
3.94307851040136658760e-01 -3.91138882994173364693e+00 -9.55158674710772759298e-01 1.30298800718226289064e+02 3.94524219819696736478e-02
3.96675933533762792305e-01 -3.90914245016710637515e+00 -9.55081080387219394368e-01 1.30299765659677575513e+02 3.93407186656421978266e-02
3.99041315380044780969e-01 -3.90690269729730399462e+00 -9.55003249141263221844e-01 1.30300721477494050760e+02 3.92254012063221538242e-02
4.01403980475000310424e-01 -3.90466955998494480440e+00 -9.54925184127298765091e-01 1.30301668219187888553e+02 3.91064898822092443798e-02
4.03763912733143492950e-01 -3.90244302691681932416e+00 -9.54846888486352352032e-01 1.30302605932158826363e+02 3.89840049962838011699e-02
4.06121096087593724810e-01 -3.90022308681388629736e+00 -9.54768365346100322810e-01 1.30303534663694136952e+02 3.88579668758053525801e-02
4.08475514490185875882e-01 -3.89800972843115278721e+00 -9.54689617820966729411e-01 1.30304454460968571539e+02 3.87283958716987813942e-02
4.10827151911578702936e-01 -3.89580294055764042582e+00 -9.54610649012179623973e-01 1.30305365371044501899e+02 3.85953123580683732374e-02
4.13175992341364761717e-01 -3.89360271201629570825e+00 -9.54531462007859543561e-01 1.30306267440871721419e+02 3.84587367316252537464e-02
4.15522019788178931243e-01 -3.89140903166392959633e+00 -9.54452059883085346392e-01 1.30307160717287530360e+02 3.83186894111696221832e-02
4.17865218279807715263e-01 -3.88922188839118154746e+00 -9.54372445699915861184e-01 1.30308045247016764279e+02 3.81751908370084463984e-02
4.20205571863297211443e-01 -3.88704127112240316322e+00 -9.54292622507545873489e-01 1.30308921076671822448e+02 3.80282614704870805533e-02
4.22543064605062523853e-01 -3.88486716881564797532e+00 -9.54212593342299464361e-01 1.30309788252752468907e+02 3.78779217933922357497e-02
4.24877680590995954191e-01 -3.88269957046254621247e+00 -9.54132361227724934416e-01 1.30310646821646031412e+02 3.77241923074579932340e-02
4.27209403926575026489e-01 -3.88053846508828792494e+00 -9.54051929174671298206e-01 1.30311496829627344596e+02 3.75670935338313152774e-02
4.29538218736971288969e-01 -3.87838384175153771949e+00 -9.53971300181345460700e-01 1.30312338322858749962e+02 3.74066460125178357199e-02
4.31864109167158116698e-01 -3.87623568954437258682e+00 -9.53890477233375166932e-01 1.30313171347389982202e+02 3.72428703018937504177e-02
4.34187059382018403220e-01 -3.87409399759222106141e+00 -9.53809463303879501161e-01 1.30313995949158424992e+02 3.70757869781517049312e-02
4.36507053566452751792e-01 -3.87195875505380415760e+00 -9.53728261353531947542e-01 1.30314812173988855193e+02 3.69054166348050521895e-02
4.38824075925487055994e-01 -3.86982995053327494261e+00 -9.53646872687404667523e-01 1.30315620067538134208e+02 3.67317798305858145280e-02
4.41138110684379691762e-01 -3.86770757445217228110e+00 -9.53565303446603285131e-01 1.30316419675515987819e+02 3.65548972920282447263e-02
4.43449142088729597599e-01 -3.86559161546943919063e+00 -9.53483554995608217908e-01 1.30317211043732385178e+02 3.63747899355090567597e-02
4.45757154404582744966e-01 -3.86348206286412754196e+00 -9.53401630235329866636e-01 1.30317994216837718113e+02 3.61914777980124613421e-02
4.48062131918540051956e-01 -3.86137890596659438813e+00 -9.53319532070260988732e-01 1.30318769240444055413e+02 3.60049818514162206506e-02
4.50364058937863631638e-01 -3.85928213413414011868e+00 -9.53237263387728517294e-01 1.30319536159701470979e+02 3.58153227822947117787e-02
4.52662919790584206137e-01 -3.85719173675691662240e+00 -9.53154827063050436031e-01 1.30320295019647602430e+02 3.56225212909358351920e-02
4.54958698825607410487e-01 -3.85510770325786999990e+00 -9.53072225959647689741e-01 1.30321045865207793213e+02 3.54265980908487695955e-02
4.57251380412820318533e-01 -3.85303002309266195979e+00 -9.52989462929035524574e-01 1.30321788741194808381e+02 3.52275739082203165342e-02
4.59540948943198301890e-01 -3.85095868574961963660e+00 -9.52906540810940283492e-01 1.30322523692309147236e+02 3.50254694814446307372e-02
4.61827388828911278296e-01 -3.84889368074967030964e+00 -9.52823462433337708966e-01 1.30323250763138872799e+02 3.48203055606138081601e-02
4.64110684503429071768e-01 -3.84683499764629122097e+00 -9.52740230612523220088e-01 1.30323969998159640227e+02 3.46121029070212762879e-02
4.66390820421628160553e-01 -3.84478262602543008342e+00 -9.52656848153163093862e-01 1.30324681441734810505e+02 3.44008822926494192695e-02
4.68667781059897148310e-01 -3.84273655550545090165e+00 -9.52573317848343092962e-01 1.30325385138115365180e+02 3.41866644996892052322e-02
4.70941550916242568370e-01 -3.84069677573706691476e+00 -9.52489642479670384212e-01 1.30326081131439991623e+02 3.39694703200511260999e-02
4.73212114510394632472e-01 -3.83866327640328552917e+00 -9.52405824817286639217e-01 1.30326769465735083031e+02 3.37493205548647021152e-02
4.75479456383912424400e-01 -3.83663604721935502795e+00 -9.52321867619943085437e-01 1.30327450184914710007e+02 3.35262360139831766537e-02
4.77743561100288705035e-01 -3.83461507793269174016e+00 -9.52237773635081108381e-01 1.30328123332780734245e+02 3.33002375155227667292e-02
4.80004413245055938653e-01 -3.83260035832282364154e+00 -9.52153545598845796327e-01 1.30328788953022694841e+02 3.30713458853232264434e-02
4.82261997425890265312e-01 -3.83059187820133795199e+00 -9.52069186236179310079e-01 1.30329447089217978828e+02 3.28395819565324292855e-02
4.84516298272717305107e-01 -3.82858962741178032729e+00 -9.51984698260864292685e-01 1.30330097784831679064e+02 3.26049665690659740136e-02
4.86767300437815575442e-01 -3.82659359582967173452e+00 -9.51900084375578381390e-01 1.30330741083216850029e+02 3.23675205691715678347e-02
4.89014988595922406311e-01 -3.82460377336237522528e+00 -9.51815347271942502339e-01 1.30331377027614252029e+02 3.21272648089068191268e-02
4.91259347444337080013e-01 -3.82262014969835028921e+00 -9.51730487494283794447e-01 1.30332005661090732929e+02 3.18842200804040284967e-02
4.93500361703025469673e-01 -3.82064271536056176970e+00 -9.51645511886252570832e-01 1.30332627026785331736e+02 3.16384073726146616834e-02
4.95738016114724178163e-01 -3.81867146005534285891e+00 -9.51560421066054207273e-01 1.30333241167541899586e+02 3.13898474907238628218e-02
4.97972295445044454976e-01 -3.81670637381726995940e+00 -9.51475217681669871439e-01 1.30333848126152872737e+02 3.11385613053616963630e-02
5.00203184482575280434e-01 -3.81474744671250398653e+00 -9.51389904370346650708e-01 1.30334447945298649074e+02 3.08845696906448856367e-02
5.02430668038987948698e-01 -3.81279466883875040040e+00 -9.51304483758584007447e-01 1.30335040667547588100e+02 3.06278935236821078791e-02
5.04654730949138929930e-01 -3.81084803032516505894e+00 -9.51218958462260677500e-01 1.30335626335356124628e+02 3.03685536841199130165e-02
5.06875358071172565921e-01 -3.80890752133230447996e+00 -9.51133331086643107888e-01 1.30336204991068683512e+02 3.01065710536609597303e-02
5.09092534286625153506e-01 -3.80697313205212761744e+00 -9.51047604226433418440e-01 1.30336776676917708073e+02 2.98419665156237634562e-02
5.11306244500527418140e-01 -3.80504485270786618756e+00 -9.50961780465840789134e-01 1.30337341435023915892e+02 2.95747609544823805705e-02
5.13516473641507098513e-01 -3.80312267355398914148e+00 -9.50875862378627090266e-01 1.30337899307395986170e+02 2.93049752553924368337e-02
5.15723206661891864222e-01 -3.80120658487615603605e+00 -9.50789852528170498225e-01 1.30338450335930872370e+02 2.90326303037158443832e-02
5.17926428537812011399e-01 -3.79929657699114997627e+00 -9.50703753467496026630e-01 1.30338994562413660105e+02 2.87577469846281644217e-02
5.20126124269301826075e-01 -3.79739264024680878151e+00 -9.50617567739319602182e-01 1.30339532028517680828e+02 2.84803461826013022684e-02
5.22322278880402501855e-01 -3.79549476502870630767e+00 -9.50531297885117587576e-01 1.30340062776196276673e+02 2.82004493051834538575e-02
5.24514877419263836344e-01 -3.79360294173370160564e+00 -9.50444946409828461675e-01 1.30340586846141121669e+02 2.79180762189257108963e-02
5.26703904958246260648e-01 -3.79171716080879805943e+00 -9.50358515834003769740e-01 1.30341104280058260656e+02 2.76332482964428832739e-02
5.28889346594021980685e-01 -3.78983741272556251545e+00 -9.50272008659735378799e-01 1.30341615119174292658e+02 2.73459864150845319286e-02
5.31071187447676895665e-01 -3.78796368798634341957e+00 -9.50185427379018010541e-01 1.30342119404604204647e+02 2.70563114492832108848e-02
5.33249412664811961449e-01 -3.78609597712419132520e+00 -9.50098774473878138203e-01 1.30342617177351428381e+02 2.67642442701179483766e-02
5.35424007415643554708e-01 -3.78423427070287399232e+00 -9.50012052416392083209e-01 1.30343108478307811993e+02 2.64698057448637773248e-02
5.37594956895105391403e-01 -3.78237855960143143363e+00 -9.49925261017372624117e-01 1.30343593348182196223e+02 2.61730166549584142288e-02
5.39762246322948779920e-01 -3.78052883396893601997e+00 -9.49838407919056160189e-01 1.30344071827784887319e+02 2.58738980168106667834e-02
5.41925860943843207274e-01 -3.77868508465980257327e+00 -9.49751493022706672065e-01 1.30344543957603406170e+02 2.55724706069279106302e-02
5.44085786027477369409e-01 -3.77684730236036214635e+00 -9.49664518761150100445e-01 1.30345009778083777974e+02 2.52687552729824842224e-02
5.46242006868658758201e-01 -3.77501547778737611694e+00 -9.49577487557497268433e-01 1.30345469329560671667e+02 2.49627728566766508844e-02
5.48394508787414136641e-01 -3.77318960168798911425e+00 -9.49490401825223151455e-01 1.30345922652257343088e+02 2.46545441932717428191e-02
5.50543277129089347888e-01 -3.77136966483961622032e+00 -9.49403263968168209530e-01 1.30346369786285890768e+02 2.43440901112185609234e-02
5.52688297264449235335e-01 -3.76955565804995806900e+00 -9.49316076380612661190e-01 1.30346810771647056981e+02 2.40314314316754581990e-02
5.54829554589777229623e-01 -3.76774757215689293233e+00 -9.49228841447321558533e-01 1.30347245648230369852e+02 2.37165889681104323505e-02
5.56967034526974602571e-01 -3.76594539802844563425e+00 -9.49141561543545342339e-01 1.30347674455814171779e+02 2.33995835258607731699e-02
5.59100722523659832142e-01 -3.76414912656274447400e+00 -9.49054239035182267692e-01 1.30348097234065761540e+02 2.30804359017378370178e-02
5.61230604053267856379e-01 -3.76235874868795017179e+00 -9.48966876278650173226e-01 1.30348514022541110080e+02 2.27591668835581614760e-02
5.63356664615148439168e-01 -3.76057425536220302220e+00 -9.48879475621078660730e-01 1.30348924860685343674e+02 2.24357972497846308579e-02
5.65478889734665535194e-01 -3.75879563757358070575e+00 -9.48792039400264908267e-01 1.30349329787832431293e+02 2.21103477690606509132e-02
5.67597264963295100593e-01 -3.75702288634003656043e+00 -9.48704569944730513598e-01 1.30349728843205383555e+02 2.17828391998068672530e-02
5.69711775878724790978e-01 -3.75525599270933474472e+00 -9.48617069573829962970e-01 1.30350122065916195879e+02 2.14532922898251661448e-02
5.71822408084950328799e-01 -3.75349494775904313215e+00 -9.48529540597654041711e-01 1.30350509494966075863e+02 2.11217277758504462515e-02
5.73929147212374757281e-01 -3.75173974259642051265e+00 -9.48441985317218017038e-01 1.30350891169245272749e+02 2.07881663831713560386e-02
5.76031978917906362092e-01 -3.74999036835839971715e+00 -9.48354406024417118104e-01 1.30351267127533219536e+02 2.04526288252169681503e-02
5.78130888885055260751e-01 -3.74824681723905417385e+00 -9.48266801890332411418e-01 1.30351637408412841523e+02 2.01151357015745130274e-02
5.80225862824032101450e-01 -3.74650907852865389103e+00 -9.48179181293648309925e-01 1.30352002050611275763e+02 1.97757078970034090581e-02
5.82316886471844319395e-01 -3.74477714434232877849e+00 -9.48091543504647527030e-01 1.30352361092492145644e+02 1.94343659917347727495e-02
5.84403945592394169495e-01 -3.74305100593578110590e+00 -9.48003890779473668005e-01 1.30352714572392017089e+02 1.90911306476388500930e-02
5.86487025976574760655e-01 -3.74133065459413227671e+00 -9.47916225365375453293e-01 1.30353062528536696618e+02 1.87460225126999217860e-02
5.88566113442367422337e-01 -3.73961608163189485055e+00 -9.47828549500722705723e-01 1.30353404999041487144e+02 1.83990622205785527010e-02
5.90641193834937960894e-01 -3.73790727839290681800e+00 -9.47740865415181321652e-01 1.30353742021911187976e+02 1.80502703902873061492e-02
5.92712253026733248973e-01 -3.73620423625028186265e+00 -9.47653175329556507478e-01 1.30354073635040009549e+02 1.76996676257280757816e-02
5.94779276917577259809e-01 -3.73450694660636184352e+00 -9.47565481455937330679e-01 1.30354399876211743958e+02 1.73472745153205182289e-02
5.96842251434767101514e-01 -3.73281540089265995164e+00 -9.47477785997751897895e-01 1.30354720783099764958e+02 1.69931116316261662802e-02
5.98901162533168496260e-01 -3.73112959056979809347e+00 -9.47390091149769464351e-01 1.30355036393266971118e+02 1.66371995309132977847e-02
6.00955996195312258656e-01 -3.72944950712749756505e+00 -9.47302399098089442653e-01 1.30355346744166126882e+02 1.62795587528257387766e-02
6.03006738431488664709e-01 -3.72777514208450710953e+00 -9.47214712020269966608e-01 1.30355651873139549934e+02 1.59202098199318665961e-02
6.05053375279843597134e-01 -3.72610648698854562966e+00 -9.47127032085333220301e-01 1.30355951817419253302e+02 1.55591732373823263963e-02
6.07095892806472914316e-01 -3.72444353342198031243e+00 -9.47039361466660012390e-01 1.30356246614464765798e+02 1.51964702506393063014e-02
6.09134277105518040507e-01 -3.72278627297912301231e+00 -9.46951702291005226186e-01 1.30356536300630750702e+02 1.48321198518077384393e-02
6.11168514299259779676e-01 -3.72113469729974655209e+00 -9.46864056714229351819e-01 1.30356820913139188178e+02 1.44661432120964036918e-02
6.13198590538213572643e-01 -3.71948879997013515109e+00 -9.46776423438433822888e-01 1.30357100488676991290e+02 1.40985606372970983385e-02
6.15224492001223088877e-01 -3.71784856904923088905e+00 -9.46688811343977199009e-01 1.30357375064132014586e+02 1.37293927822854655574e-02
6.17246204895555039549e-01 -3.71621399798226992317e+00 -9.46601219229482815365e-01 1.30357644675974086113e+02 1.33586599223245797163e-02
6.19263715456992658304e-01 -3.71458507851914054854e+00 -9.46513649205444451695e-01 1.30357909360664848464e+02 1.29863824298729387680e-02
6.21277009949929293064e-01 -3.71296180243840101554e+00 -9.46426103374178651073e-01 1.30358169154555980640e+02 1.26125806568984314554e-02
6.23286074667462219878e-01 -3.71134416154713830949e+00 -9.46338583829724355745e-01 1.30358424093889283313e+02 1.22372749345490312856e-02
6.25290895931486012671e-01 -3.70973214768094061711e+00 -9.46251092657929615548e-01 1.30358674214796792512e+02 1.18604855727314616870e-02
6.27291460092785357894e-01 -3.70812575270387645432e+00 -9.46163631936541515977e-01 1.30358919553300808047e+02 1.14822328597665133942e-02
6.29287753531128202233e-01 -3.70652496850839296982e+00 -9.46076203735102816417e-01 1.30359160145313694557e+02 1.11025370620427554780e-02
6.31279762655358012147e-01 -3.70492978701533859365e+00 -9.45988810115066636186e-01 1.30359396026638449939e+02 1.07214184236062159972e-02
6.33267473903487365661e-01 -3.70334020017387244295e+00 -9.45901453129881941706e-01 1.30359627232968108501e+02 1.03388971658190578079e-02
6.35250873742789323728e-01 -3.70175619996139460000e+00 -9.45814134824837560167e-01 1.30359853799886337811e+02 9.95499348699259781204e-03
6.37229948669889467716e-01 -3.70017777838354966491e+00 -9.45726857237273232926e-01 1.30360075762867154481e+02 9.56972756203533850283e-03
6.39204685210858825073e-01 -3.69860492747415126047e+00 -9.45639622396510226565e-01 1.30360293157275009435e+02 9.18311954206786802690e-03
6.41175069921305018639e-01 -3.69703763929513895548e+00 -9.45552432323894409549e-01 1.30360506018364986858e+02 8.79518955408825631181e-03
6.43141089386463082889e-01 -3.69547590593652186541e+00 -9.45465289032857869600e-01 1.30360714381282747354e+02 8.40595770059631569593e-03
6.45102730221288278578e-01 -3.69391972263393908449e+00 -9.45378190879310076333e-01 1.30360918280934328095e+02 8.01544389443715858679e-03
6.47059979070545909785e-01 -3.69236907559418758851e+00 -9.45291147070592585600e-01 1.30361117752503190559e+02 7.62366850490584641031e-03
6.49012822608903250376e-01 -3.69082395983247302240e+00 -9.45204156041159593293e-01 1.30361312830680560637e+02 7.23065140599885372574e-03
6.50961247541019139007e-01 -3.68928436755164312899e+00 -9.45117219773751737755e-01 1.30361503550174859356e+02 6.83641259864540152408e-03
6.52905240601636016606e-01 -3.68775029098241091674e+00 -9.45030340243355082563e-01 1.30361689945585226269e+02 6.44097205753482639906e-03
6.54844788555668411156e-01 -3.68622172238330270133e+00 -9.44943519417203114941e-01 1.30361872051401604722e+02 6.04434973074087413675e-03
6.56779878198294642111e-01 -3.68469865404066831971e+00 -9.44856759254854794428e-01 1.30362049902004940805e+02 5.64656553938139901122e-03
6.58710496355045971306e-01 -3.68318107826856744325e+00 -9.44770061708180008964e-01 1.30362223531667012821e+02 5.24763937727032187680e-03
6.60636629881896420002e-01 -3.68166898740871761930e+00 -9.44683428721290074925e-01 1.30362392974550630242e+02 4.84759111059817390105e-03
6.62558265665352030815e-01 -3.68016237383060085264e+00 -9.44596862230743572475e-01 1.30362558264709491596e+02 4.44644057754070304994e-03
6.64475390622540684760e-01 -3.67866122993117272699e+00 -9.44510364165454752161e-01 1.30362719436088468683e+02 4.04420758796008444902e-03
6.66387991701300586023e-01 -3.67716554813502938259e+00 -9.44423936446617151574e-01 1.30362876522523549738e+02 3.64091192304950113032e-03
6.68296055880269523897e-01 -3.67567532089422277508e+00 -9.44337580987996361159e-01 1.30363029557741668896e+02 3.23657333500193848327e-03
6.70199570168973357553e-01 -3.67419054068831485438e+00 -9.44251299695612944518e-01 1.30363178575361189360e+02 2.83121154665772357256e-03
6.72098521607914500819e-01 -3.67271120429414343889e+00 -9.44165090862943312544e-01 1.30363323608734901882e+02 2.42484604315100190156e-03
6.73992897268660184906e-01 -3.67123729607932647312e+00 -9.44078963540491922224e-01 1.30363464691572431775e+02 2.01749688660157267331e-03
6.75882684253930277052e-01 -3.66976881252613784667e+00 -9.43992916067291187865e-01 1.30363601857013719609e+02 1.60918351765363212315e-03
6.77767869697685210184e-01 -3.66830574622454363976e+00 -9.43906950320568371993e-01 1.30363735138242219591e+02 1.19992553837323934207e-03
6.79648440765214134629e-01 -3.66684808979194754031e+00 -9.43821068170179189316e-01 1.30363864568332729732e+02 7.89742519811456209974e-04
6.81524384653221182440e-01 -3.66539583587294837130e+00 -9.43735271478638559906e-01 1.30363990180251477113e+02 3.78654001683068476385e-04
6.83395688589913286037e-01 -3.66394897713925438154e+00 -9.43649562101000372039e-01 1.30364112006856231574e+02 -3.33205079585624188614e-05
6.85262339835087441742e-01 -3.66250750628981336376e+00 -9.43563941885023460543e-01 1.30364230080896334130e+02 -4.46161533030151958093e-04
6.87124325680216641032e-01 -3.66107141605068120427e+00 -9.43478412671074462281e-01 1.30364344435012498025e+02 -8.59849629790922090691e-04
6.88981633448537245101e-01 -3.65964069917491308104e+00 -9.43392976292173779385e-01 1.30364455101737206633e+02 -1.27436538710832712382e-03
6.90834250495134805092e-01 -3.65821534844262608033e+00 -9.43307634574024556073e-01 1.30364562113494542928e+02 -1.68968942680633384297e-03
6.92682164207029549274e-01 -3.65679535666385868709e+00 -9.43222389350358403348e-01 1.30364665502774471406e+02 -2.10580151048381149920e-03
6.94525362003264090660e-01 -3.65538071666683661576e+00 -9.43137242402163011867e-01 1.30364765301443839007e+02 -2.52268407636182081036e-03
6.96363831334987137822e-01 -3.65397142131532026710e+00 -9.43052195547877669668e-01 1.30364861541768647157e+02 -2.94031698965627240686e-03
6.98197559685539759222e-01 -3.65256746950539623597e+00 -9.42967247231978222821e-01 1.30364954255550628659e+02 -3.35868129673100963492e-03
7.00026534570540759361e-01 -3.65116884261874252715e+00 -9.42882405972734538580e-01 1.30365043475047173160e+02 -3.77775723430911558945e-03
7.01850743537971277775e-01 -3.64977553915002150831e+00 -9.42797670193709080877e-01 1.30365129231848328573e+02 -4.19752589535206301757e-03
7.03670174168260054159e-01 -3.64838755206866593994e+00 -9.42713041671566887025e-01 1.30365211557620966687e+02 -4.61796814130713533658e-03
7.05484814074367139192e-01 -3.64700487437052611739e+00 -9.42628522175821825790e-01 1.30365290483923814691e+02 -5.03906486904579821451e-03
7.07294650901869381698e-01 -3.64562749907830685459e+00 -9.42544113468797295496e-01 1.30365366042207710962e+02 -5.46079701126526203397e-03
7.09099672329043584362e-01 -3.64425541924128015836e+00 -9.42459817305661196052e-01 1.30365438263815491382e+02 -5.88314553670321680606e-03
7.10899866066950880672e-01 -3.64288862793532963735e+00 -9.42375635434591130135e-01 1.30365507179982159869e+02 -6.30609145051830733558e-03
7.12695219859520112671e-01 -3.64152711826290165220e+00 -9.42291569596484079874e-01 1.30365572821834660999e+02 -6.72961579454537609651e-03
7.14485721483631763817e-01 -3.64017088335290228684e+00 -9.42207621525068539370e-01 1.30365635220392363181e+02 -7.15369964762250717949e-03
7.16271358749200004468e-01 -3.63881991636080659447e+00 -9.42123792946983784624e-01 1.30365694406566660746e+02 -7.57832412584649381393e-03
7.18052119499257623936e-01 -3.63747421046845209602e+00 -9.42040085581690278538e-01 1.30365750411161258171e+02 -8.00347038296955227976e-03
7.19827991610036854730e-01 -3.63613376631261564498e+00 -9.41956498343664350159e-01 1.30365803264656904048e+02 -8.42911998140745064023e-03
7.21598962991052972349e-01 -3.63479856284140456779e+00 -9.41873038647395688372e-01 1.30365852998069044588e+02 -8.85525344156684775243e-03
7.23365021585186451780e-01 -3.63346860020616668763e+00 -9.41789705307850555371e-01 1.30365899641667112974e+02 -9.28185237272483032456e-03
7.25126155368765124010e-01 -3.63214387169526586874e+00 -9.41706500018672287844e-01 1.30365943225824338469e+02 -9.70889808206469584473e-03
7.26882352351645444344e-01 -3.63082437062339691280e+00 -9.41623424466644265429e-01 1.30365983780806345749e+02 -1.01363719158910018520e-02
7.28633600577295093004e-01 -3.62951009033157534489e+00 -9.41540480331443996320e-01 1.30366021336771211736e+02 -1.05642552598313246848e-02
7.30379888122873355272e-01 -3.62820102418674705902e+00 -9.41457669285797993375e-01 1.30366055923769522451e+02 -1.09925295392039566733e-02
7.32121203099313277995e-01 -3.62689716558225594412e+00 -9.41374992995342108060e-01 1.30366087571744458273e+02 -1.14211762192493963136e-02
7.33857533651401716668e-01 -3.62559850793743665420e+00 -9.41292453118707794779e-01 1.30366116310531708677e+02 -1.18501768054378366773e-02
7.35588867957860936819e-01 -3.62430504469784819932e+00 -9.41210051307481809779e-01 1.30366142169859699607e+02 -1.22795128437614246841e-02
7.37315194231428105986e-01 -3.62301676933493244093e+00 -9.41127789206117060239e-01 1.30366165179349366099e+02 -1.27091659210153400811e-02
7.39036500718936339993e-01 -3.62173367534645729293e+00 -9.41045668451964578693e-01 1.30366185368514464926e+02 -1.31391176650592373526e-02
7.40752775701394416963e-01 -3.62045576569430993530e+00 -9.40963688888982519032e-01 1.30366202766525020706e+02 -1.35693502514491835115e-02
7.42464007494066491333e-01 -3.61918301573525891257e+00 -9.40881855973864200671e-01 1.30366217403152802490e+02 -1.39998444226057134482e-02
7.44170184446551918889e-01 -3.61791542783485864376e+00 -9.40800169318849355271e-01 1.30366229307354984712e+02 -1.44305823966966537825e-02
7.45871294942864193622e-01 -3.61665299559547159802e+00 -9.40718630536769406802e-01 1.30366238508216611081e+02 -1.48615459689141610200e-02
7.47567327401510439699e-01 -3.61539571264549897123e+00 -9.40637241233698739862e-01 1.30366245034715461770e+02 -1.52927169769362502477e-02
7.49258270275569682184e-01 -3.61414357263874963522e+00 -9.40556003008490071338e-01 1.30366248915722309221e+02 -1.57240773011572930462e-02
7.50944112052772227983e-01 -3.61289656925516178276e+00 -9.40474917453237080345e-01 1.30366250180001003400e+02 -1.61556088650203141799e-02
7.52624841255577603505e-01 -3.61165469620043522170e+00 -9.40393986152700533943e-01 1.30366248856208073903e+02 -1.65872936352727678999e-02
7.54300446441252492313e-01 -3.61041794720592390533e+00 -9.40313210684929234873e-01 1.30366244972893241538e+02 -1.70191136222119995813e-02
7.55970916201949338920e-01 -3.60918631602878026143e+00 -9.40232592620581675291e-01 1.30366238558499162536e+02 -1.74510508799781485778e-02
7.57636239164782954170e-01 -3.60795980712226693754e+00 -9.40152132809045304462e-01 1.30366229641117200799e+02 -1.78830881220076315374e-02
7.59296403991909008013e-01 -3.60673839370267357296e+00 -9.40071834626114766209e-01 1.30366218249468630574e+02 -1.83152063148030522233e-02
7.60951399380600634892e-01 -3.60552207956254466836e+00 -9.39991698572326894734e-01 1.30366204411429578158e+02 -1.87473882105431907674e-02
7.62601214063325594239e-01 -3.60431085856228250464e+00 -9.39911726194896379738e-01 1.30366188155015464645e+02 -1.91796160416162070339e-02
7.64245836807822653824e-01 -3.60310472458797592665e+00 -9.39831919034014862113e-01 1.30366169508134930766e+02 -1.96118720855492680022e-02
7.65885256417178750254e-01 -3.60190367155114321562e+00 -9.39752278622910330874e-01 1.30366148498589751625e+02 -2.00441386653401124041e-02
7.67519461729904151071e-01 -3.60070769338889906663e+00 -9.39672806487732548142e-01 1.30366125154075092496e+02 -2.04763981496449802566e-02
7.69148441620009615249e-01 -3.59951678406375741304e+00 -9.39593504147506086710e-01 1.30366099502179309866e+02 -2.09086329530758507911e-02
7.70772184997081555302e-01 -3.59833093756405375530e+00 -9.39514373114058609637e-01 1.30366071570384121969e+02 -2.13408255364290720679e-02
7.72390680806357088350e-01 -3.59715014790326037541e+00 -9.39435414892095921324e-01 1.30366041386064495100e+02 -2.17729584069899159693e-02
7.74003918028800530493e-01 -3.59597442146970314170e+00 -9.39356631883821013851e-01 1.30366008976253255014e+02 -2.22050148990038907770e-02
7.75611885681177226637e-01 -3.59480372845568929563e+00 -9.39278024355186813565e-01 1.30365974368594208954e+02 -2.26369761214135975513e-02
7.77214572816129045663e-01 -3.59363807451007266636e+00 -9.39199594183477426412e-01 1.30365937589899488103e+02 -2.30688254390831494478e-02
7.78811968522248321278e-01 -3.59247745374846116917e+00 -9.39121342850621654286e-01 1.30365898667118131016e+02 -2.35005455479159845733e-02
7.80404061924152570029e-01 -3.59132186031170341778e+00 -9.39043271831374370961e-01 1.30365857627092651683e+02 -2.39321191915457670563e-02
7.81990842182558654194e-01 -3.59017128836582788409e+00 -9.38965382593531572297e-01 1.30365814496559153213e+02 -2.43635291615518570496e-02
7.83572298494356056509e-01 -3.58902573210180575458e+00 -9.38887676614413746456e-01 1.30365769302112511241e+02 -2.47947573148258777753e-02
7.85148420092680932036e-01 -3.58788518573763015596e+00 -9.38810155313854255432e-01 1.30365722070344702388e+02 -2.52257884736535147041e-02
7.86719196246989271870e-01 -3.58674964351487846059e+00 -9.38732820153997171708e-01 1.30365672827638405806e+02 -2.56566046230685060325e-02
7.88284616263129733760e-01 -3.58561909970123249281e+00 -9.38655672573058152963e-01 1.30365621600303967398e+02 -2.60871887489888508449e-02
7.89844669483416361722e-01 -3.58449356310686617633e+00 -9.38578717440223586621e-01 1.30365568414356033600e+02 -2.65175249118994871278e-02
7.91399345286702082802e-01 -3.58337299992139080018e+00 -9.38501950181196531453e-01 1.30365513296295631562e+02 -2.69475942340228584448e-02
7.92948633088449872375e-01 -3.58225741813140752257e+00 -9.38425374873037454471e-01 1.30365456271905344465e+02 -2.73773807926679726976e-02
7.94492522340805029657e-01 -3.58114681210469010253e+00 -9.38348992932219738705e-01 1.30365397367070698920e+02 -2.78068677722351463577e-02
7.96031002532667897320e-01 -3.58004117623461803888e+00 -9.38272805767535356125e-01 1.30365336607571066452e+02 -2.82360384072901197949e-02
7.97564063189764360651e-01 -3.57894050493942783575e+00 -9.38196814780673515877e-01 1.30365274019079606660e+02 -2.86648759827549531876e-02
7.99091693874717567958e-01 -3.57784479266280941445e+00 -9.38121021365520335600e-01 1.30365209627163096684e+02 -2.90933638341755555767e-02
8.00613884187118873825e-01 -3.57675403387379553521e+00 -9.38045426908176938063e-01 1.30365143457282300687e+02 -2.95214853479511367407e-02
8.02130623763599115428e-01 -3.57566823836849989604e+00 -9.37970037999325878530e-01 1.30365075534647672839e+02 -2.99492251364519776469e-02
8.03641902277898334539e-01 -3.57458737097985679299e+00 -9.37894846657477021523e-01 1.30365005884831134608e+02 -3.03765644400868922714e-02
8.05147709440937053849e-01 -3.57351144066323334059e+00 -9.37819858506142689514e-01 1.30364934532802038802e+02 -3.08034878796686825697e-02
8.06648035000885443857e-01 -3.57244044198704013837e+00 -9.37745074909971054744e-01 1.30364861503597268211e+02 -3.12299790476509749049e-02
8.08142868743233711015e-01 -3.57137436954467402117e+00 -9.37670497226088861531e-01 1.30364786822147522116e+02 -3.16560215884338497228e-02
8.09632200490861042574e-01 -3.57031321795466061175e+00 -9.37596126803893481494e-01 1.30364710513277401560e+02 -3.20815991986671128489e-02
8.11116020104105994726e-01 -3.56925698186090478714e+00 -9.37521964984610711724e-01 1.30364632601705494608e+02 -3.25066956274007445860e-02
8.12594317480834105183e-01 -3.56820565593306016083e+00 -9.37448013101778721001e-01 1.30364553112044376348e+02 -3.29312946764202599259e-02
8.14067082556508059277e-01 -3.56715923486593355918e+00 -9.37374272480493875292e-01 1.30364472068800495208e+02 -3.33553802003566171597e-02
8.15534305304254858449e-01 -3.56611773065147463768e+00 -9.37300753461743574313e-01 1.30364389496367635957e+02 -3.37789376079234843209e-02
8.16995975734935098167e-01 -3.56508110442502701432e+00 -9.37227440793264143792e-01 1.30364305419115510176e+02 -3.42019479843985729772e-02
8.18452083897210691532e-01 -3.56404936730778931775e+00 -9.37154343470012363149e-01 1.30364219861174149173e+02 -3.46243967275305236653e-02
8.19902619877612370836e-01 -3.56302251409271564242e+00 -9.37081462796259478942e-01 1.30364132846627086337e+02 -3.50462679060955517585e-02
8.21347573800607411165e-01 -3.56200053959783780044e+00 -9.37008800067889002783e-01 1.30364044399451927347e+02 -3.54675456428111962603e-02
8.22786935828667020942e-01 -3.56098343866708777483e+00 -9.36936356572297679435e-01 1.30363954543520179641e+02 -3.58882141145975552821e-02
8.24220696162332733259e-01 -3.55997120616944418003e+00 -9.36864133588906078387e-01 1.30363863302597621896e+02 -3.63082575527898035461e-02
8.25648845040284129482e-01 -3.55896383700052165722e+00 -9.36792132388016618449e-01 1.30363770700343962972e+02 -3.67276602433557960992e-02
8.27071372739403898322e-01 -3.55796134457367374537e+00 -9.36720367102798490144e-01 1.30363676760482292138e+02 -3.71464083313919890550e-02
8.28488269574845448417e-01 -3.55696368773805282615e+00 -9.36648815135822765399e-01 1.30363581506214046613e+02 -3.75644827523977653527e-02
8.29899525900098078424e-01 -3.55597087906307152139e+00 -9.36577488902700872053e-01 1.30363484960972385807e+02 -3.79818696228012217531e-02
8.31305132107052369150e-01 -3.55498291354037387890e+00 -9.36506389653302795395e-01 1.30363387147994814086e+02 -3.83985534495045605086e-02
8.32705078626066685921e-01 -3.55399978618791090312e+00 -9.36435518627935392644e-01 1.30363288090412908105e+02 -3.88145187950749079309e-02
8.34099355926031127417e-01 -3.55302149204958972462e+00 -9.36364877058515565622e-01 1.30363187811252402071e+02 -3.92297502779790988048e-02
8.35487954514433028841e-01 -3.55204802619555337628e+00 -9.36294466167448158345e-01 1.30363086333433159325e+02 -3.96442325727744196429e-02
8.36870864937421798935e-01 -3.55107940261604637655e+00 -9.36224303255631218335e-01 1.30362983680114979279e+02 -4.00579524512748308407e-02
8.38248077779872757809e-01 -3.55011557944536715326e+00 -9.36154359579493333676e-01 1.30362879873435275613e+02 -4.04708907839852610744e-02
8.39619583665451307830e-01 -3.54915656989665251331e+00 -9.36084650416243779780e-01 1.30362774936238878354e+02 -4.08830343006102853165e-02
8.40985373256677326559e-01 -3.54820236913585596028e+00 -9.36015176966955131377e-01 1.30362668891023844253e+02 -4.12943679023505053061e-02
8.42345437254987894349e-01 -3.54725297235570735666e+00 -9.35945940423510536199e-01 1.30362561760182472881e+02 -4.17048765475113852874e-02
8.43699766400801687283e-01 -3.54630837477538252145e+00 -9.35876941968615039258e-01 1.30362453566001249783e+02 -4.21145452517341090104e-02
8.45048351473580483528e-01 -3.54536857164077723326e+00 -9.35808182774615193722e-01 1.30362344330660732794e+02 -4.25233590880969083980e-02
8.46391183291893445251e-01 -3.54443357748571719057e+00 -9.35739684450236142155e-01 1.30362234076851592590e+02 -4.29313055350219463513e-02
8.47728252713479291103e-01 -3.54350334974129310694e+00 -9.35671409931152497919e-01 1.30362122825473420562e+02 -4.33383652710187181056e-02
8.49059550635307469513e-01 -3.54257790228108815356e+00 -9.35603378391574702633e-01 1.30362010598865225575e+02 -4.37445257156807154608e-02
8.50385067993641552420e-01 -3.54165723044639157990e+00 -9.35535590982595088860e-01 1.30361897418786355729e+02 -4.41497721742604709583e-02
8.51704795764099964472e-01 -3.54074132960639875733e+00 -9.35468048844795063701e-01 1.30361783306890202994e+02 -4.45540900105200199377e-02
8.53018724961718044497e-01 -3.53983019515746288874e+00 -9.35400753109017157882e-01 1.30361668284724345312e+02 -4.49574646469000985261e-02
8.54326846641008552652e-01 -3.53892384137344251371e+00 -9.35333728263301300565e-01 1.30361552374561711076e+02 -4.53598841025767487989e-02
8.55629151896023509849e-01 -3.53802222650384434743e+00 -9.35266931658307987263e-01 1.30361435596271320492e+02 -4.57613290390568652755e-02
8.56925631860413927754e-01 -3.53712536429141044536e+00 -9.35200385070639295115e-01 1.30361317971745506838e+02 -4.61617874070431172262e-02
8.58216277707490537985e-01 -3.53623325022787371452e+00 -9.35134089608585017395e-01 1.30361199522110865701e+02 -4.65612448656299721117e-02
8.59501080650284077223e-01 -3.53534587983362413866e+00 -9.35068046369482708258e-01 1.30361080268388064951e+02 -4.69596871335700299932e-02
8.60780031941604684143e-01 -3.53446324865782024460e+00 -9.35002256439748546946e-01 1.30360960231491844752e+02 -4.73570999894725522261e-02
8.62053122874101962481e-01 -3.53358535227871461970e+00 -9.34936720895007122856e-01 1.30360839432231045976e+02 -4.77534692719999501187e-02
8.63320344780323600808e-01 -3.53271220488418613570e+00 -9.34871471438816548094e-01 1.30360717892686949426e+02 -4.81487838706480819617e-02
8.64581689032775213555e-01 -3.53184376508976782816e+00 -9.34806451539746063872e-01 1.30360595630973165271e+02 -4.85430239827047346757e-02
8.65837147043978516692e-01 -3.53098004684878130632e+00 -9.34741689526042862646e-01 1.30360472668720916545e+02 -4.89361784085995607518e-02
8.67086710266529503421e-01 -3.53012104583515196055e+00 -9.34677186449633490284e-01 1.30360349026318260712e+02 -4.93282332287398525561e-02
8.68330370193157397019e-01 -3.52926675775322529205e+00 -9.34612943350753289096e-01 1.30360224724047156997e+02 -4.97191745845337249032e-02
8.69568118356782493450e-01 -3.52841717833932388970e+00 -9.34548961257023580451e-01 1.30360099782083352693e+02 -5.01089886786103833050e-02
8.70799946330572671727e-01 -3.52757232072790838373e+00 -9.34485277454062734925e-01 1.30359974222369459085e+02 -5.04976650771179619293e-02
8.72025845728002679813e-01 -3.52673214574033622171e+00 -9.34421824653725141552e-01 1.30359848061466777835e+02 -5.08851837323282610304e-02
8.73245808202909201690e-01 -3.52589666659763389944e+00 -9.34358636255443020247e-01 1.30359721320806045242e+02 -5.12715341101824470527e-02
8.74459825449549366105e-01 -3.52506587913250246658e+00 -9.34295713263032068241e-01 1.30359594020142310455e+02 -5.16567026593003075785e-02
8.75667889202656035685e-01 -3.52423977920615749682e+00 -9.34233056683617446581e-01 1.30359466178868984798e+02 -5.20406749518433631163e-02
8.76869991237495205461e-01 -3.52341837857607309559e+00 -9.34170706517961191295e-01 1.30359337819213379817e+02 -5.24234428498272300723e-02
8.78066123369920736863e-01 -3.52260164094104455401e+00 -9.34108590168083452454e-01 1.30359208956391597667e+02 -5.28049854389616921124e-02
8.79256277456431312167e-01 -3.52178957838016293280e+00 -9.34046743519171940306e-01 1.30359079611574031787e+02 -5.31852926226300537493e-02
8.80440445394225390530e-01 -3.52098218685672392780e+00 -9.33985167536320881609e-01 1.30358949803988934946e+02 -5.35643511609932079787e-02
8.81618619121255608917e-01 -3.52017946237012457900e+00 -9.33923863171029156049e-01 1.30358819552757893234e+02 -5.39421478773830925801e-02
8.82790790616284959391e-01 -3.51938140095484452985e+00 -9.33862831361918721562e-01 1.30358688876896223974e+02 -5.43186696584692929601e-02
8.83956951898940523904e-01 -3.51858801176493107832e+00 -9.33802120737979635123e-01 1.30358557798353530188e+02 -5.46939072877323517741e-02
8.85117095029768430337e-01 -3.51779926350301153093e+00 -9.33741642140142547035e-01 1.30358426330354319589e+02 -5.50678403496337662282e-02
8.86271212110287143204e-01 -3.51701516626104293550e+00 -9.33681439295807713563e-01 1.30358294494192989532e+02 -5.54404595193125487862e-02
8.87419295283041753564e-01 -3.51623571617611885287e+00 -9.33621513115261647542e-01 1.30358162308463789714e+02 -5.58117519369266193441e-02
8.88561336731657602783e-01 -3.51546090942465205842e+00 -9.33561864494734994224e-01 1.30358029791654018936e+02 -5.61817048070512234381e-02
8.89697328680893129160e-01 -3.51469075236966155273e+00 -9.33502547344718824895e-01 1.30357896965815456269e+02 -5.65503094258600624844e-02
8.90827263396692936581e-01 -3.51392521914487288015e+00 -9.33443462314404448499e-01 1.30357763842470120608e+02 -5.69175453035066156171e-02
8.91951133186240308071e-01 -3.51316431755666069847e+00 -9.33384657945642182142e-01 1.30357630442937676207e+02 -5.72834036319751840893e-02
8.93068930398010163429e-01 -3.51240804388768124156e+00 -9.33326135105899901134e-01 1.30357496785284183716e+02 -5.76478718727654673715e-02
8.94180647421820240517e-01 -3.51165639446350796860e+00 -9.33267894647614615344e-01 1.30357362887468553936e+02 -5.80109375527617862622e-02
8.95286276688883719821e-01 -3.51090937179252948752e+00 -9.33209997167857796541e-01 1.30357228771847587723e+02 -5.83725924985632749209e-02
8.96385810671860183696e-01 -3.51016695739376771712e+00 -9.33152330413412278709e-01 1.30357094447857605246e+02 -5.87328161151798519568e-02
8.97479241884907241733e-01 -3.50942915590045378949e+00 -9.33094949043987820225e-01 1.30356959937023759721e+02 -5.90916001362507201100e-02
8.98566562883731378975e-01 -3.50869596375119696674e+00 -9.33037853880605450030e-01 1.30356825256883070097e+02 -5.94489323490379542592e-02
8.99647766265638582084e-01 -3.50796738099748406370e+00 -9.32981107256150243856e-01 1.30356690429718014457e+02 -5.98048048392785039362e-02
9.00722844669584632449e-01 -3.50724339401387874560e+00 -9.32924593529982026929e-01 1.30356555463897933578e+02 -6.01591972634823099475e-02
9.01791790776225510307e-01 -3.50652400533044783515e+00 -9.32868368928971070098e-01 1.30356420380828410543e+02 -6.05121016266622555047e-02
9.02854597307967132735e-01 -3.50580921150210844672e+00 -9.32812434242729748846e-01 1.30356285197624117700e+02 -6.08635059790778448763e-02
9.03911257029014647557e-01 -3.50509900913955441126e+00 -9.32756790246008771206e-01 1.30356149931291753319e+02 -6.12133984388232993412e-02
9.04961762745422060306e-01 -3.50439339178555320231e+00 -9.32701508746832996799e-01 1.30356014604871290885e+02 -6.15617716128729203229e-02
9.06006107305140861996e-01 -3.50369235809803925008e+00 -9.32646455811805275005e-01 1.30355879223791362165e+02 -6.19086050702734244644e-02
9.07044283598068878938e-01 -3.50299590520215575751e+00 -9.32591696381338541855e-01 1.30355743810064694799e+02 -6.22538913696666432185e-02
9.08076284556099455614e-01 -3.50230402983618827051e+00 -9.32537231197241078817e-01 1.30355608380274588853e+02 -6.25976188958969753662e-02
9.09102103153167639960e-01 -3.50161672113664490524e+00 -9.32483135941452823126e-01 1.30355472957730654571e+02 -6.29397805079304484277e-02
9.10121732405300032376e-01 -3.50093398620818030409e+00 -9.32429269159495421881e-01 1.30355337546144738781e+02 -6.32803560400973241773e-02
9.11135165370661193052e-01 -3.50025581844475341953e+00 -9.32375699351081110855e-01 1.30355202167714651296e+02 -6.36193383321035366151e-02
9.12142395149601159510e-01 -3.49958221472566810561e+00 -9.32322427224177241456e-01 1.30355066838599526591e+02 -6.39567160388457567333e-02
9.13143414884702742107e-01 -3.49891315859995177817e+00 -9.32269533398350391806e-01 1.30354931582568013937e+02 -6.42924822492483977188e-02
9.14138217760827709313e-01 -3.49824866779939602779e+00 -9.32216866835180790751e-01 1.30354796401256663785e+02 -6.46266171025088875801e-02
9.15126797005163528098e-01 -3.49758873099571943044e+00 -9.32164500592148503877e-01 1.30354661317216795169e+02 -6.49591137090456821612e-02
9.16109145887269216146e-01 -3.49693334522262500030e+00 -9.32112435344737200182e-01 1.30354526346182183261e+02 -6.52899609972411448799e-02
9.17085257719121638154e-01 -3.49628248687268117223e+00 -9.32060757782616988720e-01 1.30354391512609964821e+02 -6.56191522373055086126e-02
9.18055125855160469861e-01 -3.49563618721979629811e+00 -9.32009305075267246998e-01 1.30354256815626314392e+02 -6.59466679617611711839e-02
9.19018743692333606177e-01 -3.49499442888293421206e+00 -9.31958155912116170683e-01 1.30354122278340355479e+02 -6.62725015195417543890e-02
9.19976104670142347253e-01 -3.49435720906796731811e+00 -9.31907310936501143139e-01 1.30353987916058855490e+02 -6.65966421162810517931e-02
9.20927202270686140473e-01 -3.49372449491756542628e+00 -9.31856864117468819408e-01 1.30353853754209609406e+02 -6.69190831161718541198e-02
9.21872030018706323240e-01 -3.49309633514811013200e+00 -9.31806638465859982112e-01 1.30353719788873320340e+02 -6.72398056044262865116e-02
9.22810581481630642919e-01 -3.49247270453884750552e+00 -9.31756719462595306425e-01 1.30353586043968277863e+02 -6.75588031045450815304e-02
9.23742850269617443715e-01 -3.49185360049318083142e+00 -9.31707107722525407212e-01 1.30353452534372706850e+02 -6.78760651040263146561e-02
9.24668830035598299233e-01 -3.49123897811821670700e+00 -9.31657905761207327799e-01 1.30353319286832572743e+02 -6.81915849179988431406e-02
9.25588514475321866293e-01 -3.49062890877095499675e+00 -9.31608919929390100201e-01 1.30353186293722444589e+02 -6.85053444456769633497e-02
9.26501897327396517490e-01 -3.49002335700759180881e+00 -9.31560243734725790254e-01 1.30353053580080370466e+02 -6.88173372755981477278e-02
9.27408972373333306827e-01 -3.48942227382976888350e+00 -9.31511980016136442728e-01 1.30352921172770720659e+02 -6.91275566707398175792e-02
9.28309733437587714100e-01 -3.48882573848851595955e+00 -9.31463934395404757893e-01 1.30352789063038386530e+02 -6.94359852095014773443e-02
9.29204174387602388485e-01 -3.48823371203878584978e+00 -9.31416200720629028353e-01 1.30352657275981613338e+02 -6.97426164797552705643e-02
9.30092289133848337812e-01 -3.48764619224761585059e+00 -9.31368779577429251049e-01 1.30352525825728207565e+02 -7.00474404704625186469e-02
9.30974071629866561928e-01 -3.48706311239606980834e+00 -9.31321784386197282224e-01 1.30352394741130808598e+02 -7.03504500533019966335e-02
9.31849515872309464015e-01 -3.48648458501017666222e+00 -9.31275000043405909445e-01 1.30352264008452493727e+02 -7.06516292487037317338e-02
9.32718615900981373734e-01 -3.48591055604311117477e+00 -9.31228530468640403051e-01 1.30352133654511874283e+02 -7.09509714415231251827e-02
9.33581365798879514450e-01 -3.48534095120778752985e+00 -9.31182490896871883912e-01 1.30352003708709531793e+02 -7.12484692530122448728e-02
9.34437759692233416153e-01 -3.48477589738771120764e+00 -9.31136662539295500984e-01 1.30351874155361656449e+02 -7.15441077459627317037e-02
9.35287791750546215752e-01 -3.48421533408804062759e+00 -9.31091151134008199186e-01 1.30351745021730835106e+02 -7.18378801530661081909e-02
9.36131456186633403860e-01 -3.48365917769576860508e+00 -9.31046074397857470473e-01 1.30351616337975400484e+02 -7.21297787357351588566e-02
9.36968747256662348732e-01 -3.48310757273409921098e+00 -9.31001208524291246071e-01 1.30351488086065472771e+02 -7.24197897993754946544e-02
9.37799659260191820209e-01 -3.48256045075963394098e+00 -9.30956661745224844928e-01 1.30351360293895737641e+02 -7.27079063398118202732e-02
9.38624186540210181384e-01 -3.48201771674660465195e+00 -9.30912554845292117278e-01 1.30351232992615706507e+02 -7.29941201128004452103e-02
9.39442323483174468457e-01 -3.48147953676811239276e+00 -9.30868657808542221410e-01 1.30351106161403635042e+02 -7.32784189345880576649e-02
9.40254064519048693427e-01 -3.48094583265100254721e+00 -9.30825081979628099482e-01 1.30350979828996173637e+02 -7.35607954497957405859e-02
9.41059404121340592475e-01 -3.48041649543761844043e+00 -9.30781951693380738000e-01 1.30350854027797907975e+02 -7.38412407143020227407e-02
9.41858336807141038882e-01 -3.47989171746790715289e+00 -9.30739029718523513957e-01 1.30350728733691539674e+02 -7.41197444127594251562e-02
9.42650857137159903232e-01 -3.47937140868100325264e+00 -9.30696431054353956469e-01 1.30350603976493033542e+02 -7.43962986834701411887e-02
9.43436959715763689971e-01 -3.47885544314125549903e+00 -9.30654283921889535769e-01 1.30350479790162268046e+02 -7.46708936269328132918e-02
9.44216639191012285792e-01 -3.47834404518041395704e+00 -9.30612343131294039722e-01 1.30350356146712442751e+02 -7.49435212693207869483e-02
9.44989890254695485972e-01 -3.47783711022769592702e+00 -9.30570727777943917935e-01 1.30350233077310718954e+02 -7.52141730362288207790e-02
9.45756707642368521505e-01 -3.47733449166348718151e+00 -9.30529570078134637967e-01 1.30350110617812163127e+02 -7.54828377357815299975e-02
9.46517086133388918512e-01 -3.47683645278029285208e+00 -9.30488616537632151626e-01 1.30349988735708279819e+02 -7.57495103594593016672e-02
9.47271020550951026173e-01 -3.47634272765942142769e+00 -9.30448117596500368087e-01 1.30349867487144365441e+02 -7.60141785786250384627e-02
9.48018505762121987956e-01 -3.47585357540700901069e+00 -9.30407828347833310012e-01 1.30349746840304874240e+02 -7.62768377705899114360e-02
9.48759536677876158528e-01 -3.47536887587739817818e+00 -9.30367868126106278837e-01 1.30349626827367472970e+02 -7.65374784096289340063e-02
9.49494108253130075781e-01 -3.47488845827410841594e+00 -9.30328368743788436390e-01 1.30349507485928029382e+02 -7.67960874881588734242e-02
9.50222215486776988769e-01 -3.47441263161969571271e+00 -9.30289076659010394366e-01 1.30349388778637887754e+02 -7.70526643626217866423e-02
9.50943853421720053376e-01 -3.47394125306127188324e+00 -9.30250115924106224519e-01 1.30349270739814443232e+02 -7.73071980774625022725e-02
9.51659017144907415364e-01 -3.47347411936925709597e+00 -9.30211621598724502924e-01 1.30349153409937770220e+02 -7.75596731571674274930e-02
9.52367701787364628885e-01 -3.47301160066496539258e+00 -9.30173332844554168197e-01 1.30349036745237356172e+02 -7.78100941086266872926e-02
9.53069902524227741125e-01 -3.47255332041436748369e+00 -9.30135508207579730922e-01 1.30348920811881527015e+02 -7.80584399040248760882e-02
9.53765614574776932066e-01 -3.47209965315513313655e+00 -9.30097893845565182325e-01 1.30348805565898601344e+02 -7.83047161426983079346e-02
9.54454833202468377884e-01 -3.47165021652232663740e+00 -9.30060741639720967022e-01 1.30348691073395940521e+02 -7.85489008788745335377e-02
9.55137553714966891505e-01 -3.47120539254411930585e+00 -9.30023804070388204757e-01 1.30348577289883110097e+02 -7.87910010432981700035e-02
9.55813771464177897030e-01 -3.47076500554827438449e+00 -9.29987203450185262454e-01 1.30348464251943141790e+02 -7.90310030961723641862e-02
9.56483481846278404959e-01 -3.47032880134017407414e+00 -9.29951068570759042942e-01 1.30348352003587734771e+02 -7.92688868463293228039e-02
9.57146680301749208652e-01 -3.46989724646744512881e+00 -9.29915148738032049103e-01 1.30348240492142991798e+02 -7.95046669867435495949e-02
9.57803362315405748539e-01 -3.46946986255740830174e+00 -9.29879692321274875511e-01 1.30348129791721333959e+02 -7.97383127649498452127e-02
9.58453523416427977111e-01 -3.46904713248636742406e+00 -9.29844455759179955301e-01 1.30348019848409506949e+02 -7.99698411395171476768e-02
9.59097159178392222323e-01 -3.46862855972864858600e+00 -9.29809680219967127357e-01 1.30347910737303323003e+02 -8.01992191937037357530e-02
9.59734265219300386462e-01 -3.46821464746779950516e+00 -9.29775129465745808766e-01 1.30347802402918347298e+02 -8.04264665559728669786e-02
9.60364837201609811146e-01 -3.46780487693627437196e+00 -9.29741037131788461423e-01 1.30347694921664498224e+02 -8.06515477178498391142e-02
9.60988870832263142319e-01 -3.46739977585000413995e+00 -9.29707174787928969373e-01 1.30347588236155331742e+02 -8.08744854333751234110e-02
9.61606361862717418099e-01 -3.46699879882628358985e+00 -9.29673767904311665333e-01 1.30347482424447150606e+02 -8.10952411190249550232e-02
9.62217306088972823552e-01 -3.46660250266879899073e+00 -9.29640596662964613373e-01 1.30347377426916750665e+02 -8.13138411722183207520e-02
9.62821699351601556494e-01 -3.46621031063051487919e+00 -9.29607877372712776420e-01 1.30347273323602962591e+02 -8.15302433804832027420e-02
9.63419537535776138171e-01 -3.46582281358501553825e+00 -9.29575400067875312615e-01 1.30347170052309508037e+02 -8.17444783845470146488e-02
9.64010816571297390887e-01 -3.46543939821803137491e+00 -9.29543370431317850233e-01 1.30347067695394883913e+02 -8.19564997010812368305e-02
9.64595532432621638463e-01 -3.46506069493226309675e+00 -9.29511590060925319001e-01 1.30346966187750581412e+02 -8.21663429050509264151e-02
9.65173681138889238973e-01 -3.46468604811168479074e+00 -9.29480252049914135171e-01 1.30346865614396875799e+02 -8.23739565011884222745e-02
9.65745258753950674979e-01 -3.46431613374274904871e+00 -9.29449171843860999509e-01 1.30346765906969977777e+02 -8.25793818019274067366e-02
9.66310261386393642979e-01 -3.46395024755501834690e+00 -9.29418527341522526797e-01 1.30346667153493598335e+02 -8.27825614379218005512e-02
9.66868685189569476712e-01 -3.46358911779804801157e+00 -9.29388150813388880245e-01 1.30346569282010676716e+02 -8.29835433893019169815e-02
9.67420526361620347622e-01 -3.46323198453330372004e+00 -9.29358201621927948466e-01 1.30346472383884275814e+02 -8.31822634154379542126e-02
9.67965781145503245675e-01 -3.46287963569846635181e+00 -9.29328532650890437594e-01 1.30346376383230506235e+02 -8.33787772449189751311e-02
9.68504445829016735736e-01 -3.46253124785763199966e+00 -9.29299280488947165857e-01 1.30346281375081701981e+02 -8.35730126031130199360e-02
9.69036516744826603720e-01 -3.46218767691240403295e+00 -9.29270323423567412569e-01 1.30346187279307144991e+02 -8.37650342271429315666e-02
9.69561990270489948429e-01 -3.46184802718860717974e+00 -9.29241769936796968565e-01 1.30346094194920937070e+02 -8.39547604512221046225e-02
9.70080862828479939530e-01 -3.46151275950679515603e+00 -9.29213567840743492887e-01 1.30346002083596459897e+02 -8.41422247303186682243e-02
9.70593130886211241659e-01 -3.46118231312925628274e+00 -9.29185676449606368088e-01 1.30345910909559364654e+02 -8.43274597115908769451e-02
9.71098790956062218882e-01 -3.46085577335819438716e+00 -9.29158175969744593026e-01 1.30345820771114290437e+02 -8.45103793626925808846e-02
9.71597839595400469825e-01 -3.46053409726476823849e+00 -9.29131007183967572161e-01 1.30345731583039395218e+02 -8.46910636345829387350e-02
9.72090273406605143158e-01 -3.46021627868081660395e+00 -9.29104209842240069683e-01 1.30345643449145001114e+02 -8.48694156844588820654e-02
9.72576089037090585343e-01 -3.45990283291123423837e+00 -9.29077766806476357253e-01 1.30345556328063111096e+02 -8.50454770983989777333e-02
9.73055283179328878163e-01 -3.45959426834678618334e+00 -9.29051677344239434930e-01 1.30345470180578018926e+02 -8.52192913737568474852e-02
9.73527852570872820337e-01 -3.45928953448038400964e+00 -9.29025940265202354595e-01 1.30345385110004372109e+02 -8.53907519648630514153e-02
9.73993793994377243806e-01 -3.45898973630134598523e+00 -9.29000587439002822876e-01 1.30345301025320111421e+02 -8.55599630148912437821e-02
9.74453104277621995344e-01 -3.45869370818765231590e+00 -9.28975557789505468342e-01 1.30345218034826672238e+02 -8.57268013296432207504e-02
9.74905780293532697733e-01 -3.45840204467239908936e+00 -9.28950885302119777620e-01 1.30345136094246015546e+02 -8.58913222348331728551e-02
9.75351818960202621156e-01 -3.45811534939103326636e+00 -9.28926629603008202629e-01 1.30345055160417814477e+02 -8.60535846164347251186e-02
9.75791217240913111297e-01 -3.45783238321334929211e+00 -9.28902667349184252288e-01 1.30344975342722250389e+02 -8.62134522964454613758e-02
9.76223972144155016650e-01 -3.45755377659316964767e+00 -9.28879063746522626310e-01 1.30344896595960648256e+02 -8.63709873518979792673e-02
9.76650080723648006398e-01 -3.45728018010994508913e+00 -9.28855916960653948955e-01 1.30344818875742191722e+02 -8.65262572094565585168e-02
9.77069540078361775670e-01 -3.45701026290483826031e+00 -9.28833026443442677511e-01 1.30344742292789362637e+02 -8.66791094656817057151e-02
9.77482347352534808316e-01 -3.45674470056287219677e+00 -9.28810496053668055438e-01 1.30344666800839746656e+02 -8.68296145756048687314e-02
9.77888499735694360915e-01 -3.45648419998969247402e+00 -9.28788471899771095330e-01 1.30344592354294348979e+02 -8.69778503508350231410e-02
9.78287994462675891683e-01 -3.45622731953866946242e+00 -9.28766657507919424219e-01 1.30344519065205759034e+02 -8.71236444574118584772e-02
9.78680828813640935060e-01 -3.45597478952534453711e+00 -9.28745204693319670319e-01 1.30344446886243161998e+02 -8.72670775818419203196e-02
9.79067000114096308572e-01 -3.45572660786384888709e+00 -9.28724113627190539511e-01 1.30344375823601154707e+02 -8.74081451729460390254e-02
9.79446505734912542529e-01 -3.45548352767909916494e+00 -9.28703585265620468192e-01 1.30344305831877051105e+02 -8.75469353121467314116e-02
9.79819343092340866441e-01 -3.45524401855628404689e+00 -9.28683214400940260091e-01 1.30344237021271339927e+02 -8.76832564539261477554e-02
9.80185509648031860763e-01 -3.45500885365878573907e+00 -9.28663206690081510786e-01 1.30344169344851763981e+02 -8.78171991360927467474e-02
9.80545002909051777173e-01 -3.45477886331765038364e+00 -9.28643836794557198111e-01 1.30344102756526638132e+02 -8.79488664273558595763e-02
9.80897820427900302143e-01 -3.45455236381369568122e+00 -9.28624552154780347202e-01 1.30344037366864341720e+02 -8.80780375912312007980e-02
9.81243959802526766190e-01 -3.45433020455306794005e+00 -9.28605631957620580863e-01 1.30343973128310040011e+02 -8.82048180372566742458e-02
9.81583418676346575182e-01 -3.45411238365855766119e+00 -9.28587076307453296309e-01 1.30343910046318427476e+02 -8.83292037444094874088e-02
9.81916194738257197550e-01 -3.45389980139498131706e+00 -9.28569246605514764248e-01 1.30343848075858772972e+02 -8.84513135539344574898e-02
9.82242285722654373536e-01 -3.45369063630059658365e+00 -9.28551417607336837534e-01 1.30343787324041898046e+02 -8.85708963564101336985e-02
9.82561689409446659127e-01 -3.45348580556631468141e+00 -9.28533954198841215977e-01 1.30343727744463222962e+02 -8.86880730235282410678e-02
9.82874403624071413255e-01 -3.45328530741151062955e+00 -9.28516856434994819480e-01 1.30343669342155493496e+02 -8.88028398346105973804e-02
9.83180426237509119680e-01 -3.45308914010535517036e+00 -9.28500124280574712365e-01 1.30343612122036290657e+02 -8.89151931391498479007e-02
9.83479755166297819891e-01 -3.45289826919330211652e+00 -9.28484222762513300431e-01 1.30343556042050465749e+02 -8.90252689885940862169e-02
9.83772388372547657021e-01 -3.45271074452589488146e+00 -9.28468220034485147707e-01 1.30343501201729111472e+02 -8.91327832078547682704e-02
9.84058323863954753641e-01 -3.45252754638576053736e+00 -9.28452583342277981693e-01 1.30343447557710902629e+02 -8.92378735446633097883e-02
9.84337559693814090345e-01 -3.45234867305483117406e+00 -9.28437312539889259000e-01 1.30343395114493119991e+02 -8.93405366351608387632e-02
9.84610093961033494558e-01 -3.45217517581829991258e+00 -9.28422996783227483242e-01 1.30343343833262906628e+02 -8.94409296403875925252e-02
9.84875924810146630151e-01 -3.45200493207747038937e+00 -9.28408454364015978122e-01 1.30343293805789443240e+02 -8.95387268090723359437e-02
9.85135050431324765796e-01 -3.45183900839370583213e+00 -9.28394277377955545738e-01 1.30343244991961256574e+02 -8.96340871169787195560e-02
9.85387469060390319697e-01 -3.45167740290731028807e+00 -9.28380465391567488709e-01 1.30343197395853053422e+02 -8.97270074549591373225e-02
9.85633178978827628747e-01 -3.45152011383433965364e+00 -9.28367018024156998024e-01 1.30343151021435517123e+02 -8.98174848005045961541e-02
9.85872178513795716093e-01 -3.45136825951962844528e+00 -9.28354655569236908441e-01 1.30343105835469089016e+02 -8.99056965491949466873e-02
9.86104466038138838258e-01 -3.45121958072124268568e+00 -9.28341929797264042712e-01 1.30343061916887307916e+02 -8.99912769280475921541e-02
9.86330039970398142479e-01 -3.45107521296809016675e+00 -9.28329566793177796136e-01 1.30343019231232290167e+02 -9.00744056156521089029e-02
9.86548898774822102808e-01 -3.45093515441923281983e+00 -9.28317565916663367531e-01 1.30342977782046375523e+02 -9.01550798554841131827e-02
9.86761040961377400293e-01 -3.45080059336016686800e+00 -9.28306780860207125805e-01 1.30342937541821612513e+02 -9.02334976610500716365e-02
9.86966465085758248854e-01 -3.45066912589229790598e+00 -9.28295489146980012940e-01 1.30342898576542665978e+02 -9.03092517134437000603e-02
9.87165169749397164445e-01 -3.45054196197335905083e+00 -9.28284556636250979267e-01 1.30342860857665584717e+02 -9.03825433760925833759e-02
9.87357153599473957861e-01 -3.45041909992436002241e+00 -9.28273982674685638194e-01 1.30342824388307093386e+02 -9.04533702046602383628e-02
9.87542415328925060614e-01 -3.45030177587889141932e+00 -9.28264736263904044478e-01 1.30342789147078349288e+02 -9.05219469312041336018e-02
9.87720953676452295689e-01 -3.45018748391753771187e+00 -9.28254853577587968338e-01 1.30342755186066170836e+02 -9.05878320075388654420e-02
9.87892767426531648312e-01 -3.45007748852269147122e+00 -9.28245326321152974813e-01 1.30342722483225855967e+02 -9.06512452154221853862e-02
9.88057855409421592618e-01 -3.44997307765356797660e+00 -9.28237235420509843031e-01 1.30342691022751523633e+02 -9.07124179004973468787e-02
9.88216216501170752196e-01 -3.44987163516508754668e+00 -9.28228381438781724455e-01 1.30342660844128118924e+02 -9.07708741472435798325e-02
9.88367849623625893685e-01 -3.44977448488051852138e+00 -9.28219880683299303215e-01 1.30342631931408362789e+02 -9.08268523448667736142e-02
9.88512753744439143233e-01 -3.44968294304261080541e+00 -9.28212896119225305824e-01 1.30342604273722429298e+02 -9.08805952062405886238e-02
9.88650927877074869876e-01 -3.44959433019136474385e+00 -9.28205051168596861899e-01 1.30342577899135136477e+02 -9.09316027907065421720e-02
9.88782371080816346876e-01 -3.44951137611821057050e+00 -9.28198827703070938888e-01 1.30342552789337815966e+02 -9.09803873737167201341e-02
9.88907082460772635102e-01 -3.44943128964804746062e+00 -9.28191624035995865860e-01 1.30342528960924852299e+02 -9.10264156308729643907e-02
9.89025061167884578239e-01 -3.44935549241640071472e+00 -9.28184775856657151571e-01 1.30342506409424572666e+02 -9.10699580423012661212e-02
9.89136306398929687766e-01 -3.44928533055282571240e+00 -9.28179555884774631913e-01 1.30342485131250498398e+02 -9.11112718812393806989e-02
9.89240817396528693273e-01 -3.44921805192174657506e+00 -9.28173342066986872823e-01 1.30342465137062930580e+02 -9.11498253545056091873e-02
9.89338593449150427439e-01 -3.44915642354825946470e+00 -9.28168805883532010981e-01 1.30342446422874388645e+02 -9.11861543302525390242e-02
9.89429633891116377953e-01 -3.44909765991731687151e+00 -9.28163223239574119994e-01 1.30342428992388420284e+02 -9.12197135057344343778e-02
9.89513938102605350444e-01 -3.44904454571312113487e+00 -9.28159340796387954953e-01 1.30342412847043419788e+02 -9.12510483486071305448e-02
9.89591505509657798356e-01 -3.44899571452962883100e+00 -9.28155834078764119255e-01 1.30342397990400030494e+02 -9.12798920741449415495e-02
9.89662335584179708725e-01 -3.44894968184043282378e+00 -9.28151139803920832705e-01 1.30342384413841614332e+02 -9.13059424995061735819e-02
9.89726427843945932850e-01 -3.44890933737086990973e+00 -9.28148241754219172073e-01 1.30342372131642349586e+02 -9.13297794619368635827e-02
9.89783781852604072071e-01 -3.44887325703267455523e+00 -9.28145688177704153432e-01 1.30342361140125348129e+02 -9.13511179589051730554e-02
9.89834397219676587198e-01 -3.44883996023428363031e+00 -9.28141895826708029915e-01 1.30342351428041780537e+02 -9.13696543024076907047e-02
9.89878273600564240198e-01 -3.44881235029765864653e+00 -9.28139923046008341601e-01 1.30342343015339736212e+02 -9.13859775630254111967e-02
9.89915410696548092595e-01 -3.44878899108124414852e+00 -9.28138270981796353887e-01 1.30342335894584863354e+02 -9.13997969697602774541e-02
9.89945808254791503877e-01 -3.44876987804346057942e+00 -9.28136931322870339933e-01 1.30342330065962045182e+02 -9.14111108314729359225e-02
9.89969466068341796827e-01 -3.44875500711226523620e+00 -9.28135896828617634746e-01 1.30342325529613816570e+02 -9.14199176849998379479e-02
