00000000000000000000 4.35468302332084533646e+00 -9.61904949677528375851e-01 00000000000000000130 2.11204289973367135090e-24
2.58315720529896097890e-03 4.35737479545099493095e+00 -9.61896446562609197528e-01 1.29997602820205145235e+02 5.31514360363275644751e-04
5.16629682395841009074e-03 4.36007354109051092905e+00 -9.61886976035078999914e-01 1.29995183471961894384e+02 1.07192567738975024286e-03
7.74940126945856955221e-03 4.36277927179840219196e+00 -9.61876532463339373180e-01 1.29992741887014602753e+02 1.62124354834810050982e-03
1.03324529555191297475e-02 4.36549199914693453195e+00 -9.61865110188510841205e-01 1.29990277997168391266e+02 2.17947734619070802170e-03
1.29154342962189676997e-02 4.36821173472157742168e+00 -9.61852703524533669821e-01 1.29987791734290539125e+02 2.74663620212412667998e-03
1.54983277061159028382e-02 4.37093849012089563644e+00 -9.61839306758017653642e-01 1.29985283030310029062e+02 3.32272900401969859679e-03
1.80811156003663868475e-02 4.37367227695684679389e+00 -9.61824914146187426311e-01 1.29982751817239886805e+02 3.90776450614379895071e-03
2.06637803948452533631e-02 4.37641310685379902878e+00 -9.61809519921599020975e-01 1.29980198027124885130e+02 4.50175104100403438573e-03
2.32463045062654173611e-02 4.37916099144947068567e+00 -9.61793118286442094700e-01 1.29977621592103531611e+02 5.10469684286906418696e-03
2.58286703522975918945e-02 4.38191594239434767388e+00 -9.61775703415299165755e-01 1.29975022444378168984e+02 5.71660987505931677405e-03
2.84108603516900135033e-02 4.38467797135172610012e+00 -9.61757269454290408817e-01 1.29972400516224126932e+02 6.33749786856140778779e-03
3.09928569243880722150e-02 4.38744708999620236511e+00 -9.61737810524179059790e-01 1.29969755739906361214e+02 6.96736812885423266450e-03
3.35746424916540803229e-02 4.39022331001793464367e+00 -9.61717320710298917419e-01 1.29967088047936726980e+02 7.60622811590957147165e-03
3.61561994761869162640e-02 4.39300664311722766087e+00 -9.61695794074548637731e-01 1.29964397372760686267e+02 8.25408472880966720409e-03
3.87375103022416650278e-02 4.39579710100745746360e+00 -9.61673224648329716402e-01 1.29961683646936307923e+02 8.91094470893062824690e-03
4.13185573957493418318e-02 4.39859469541432268613e+00 -9.61649606433893855417e-01 1.29958946803096040412e+02 9.57681454952064026287e-03
4.38993231844364839578e-02 4.40139943807573441603e+00 -9.61624933404189863317e-01 1.29956186773946825497e+02 1.02517004932753692109e-02
4.64797900979448119774e-02 4.40421134074171316541e+00 -9.61599199502720991539e-01 1.29953403492270439301e+02 1.09356085291445036950e-02
4.90599405679508632216e-02 4.40703041517425564422e+00 -9.61572398643415482411e-01 1.29950596890922213333e+02 1.16285443885731851199e-02
5.16397570282855211676e-02 4.40985667315503437891e+00 -9.61544524700187475119e-01 1.29947766903290556684e+02 1.23305141480005917010e-02
5.42192219150537807471e-02 4.41269012645914404658e+00 -9.61515571541285751778e-01 1.29944913461759995243e+02 1.30415221959908587956e-02
5.67983176667541181382e-02 4.41553078688920663808e+00 -9.61485532983947233099e-01 1.29942036499723343468e+02 1.37615738903873567611e-02
5.93770267243982005634e-02 4.41837866625500197415e+00 -9.61454402821001030688e-01 1.29939135950391261076e+02 1.44906739798653198814e-02
6.19553315316303740423e-02 4.42123377637796011186e+00 -9.61422174814651531172e-01 1.29936211747062912991e+02 1.52288269595262162892e-02
6.45332145348472135948e-02 4.42409612909107341494e+00 -9.61388842696262568843e-01 1.29933263823128839931e+02 1.59760370700712077408e-02
6.71106581833170040552e-02 4.42696573623881217685e+00 -9.61354400166186118248e-01 1.29930292112072379496e+02 1.67323082978397576215e-02
6.96876449292992278250e-02 4.42984260967705090195e+00 -9.61318840893529036329e-01 1.29927296547473730470e+02 1.74976443744116125223e-02
7.22641572281641081377e-02 4.43272676127299458670e+00 -9.61282158515969764601e-01 1.29924277063012254985e+02 1.82720487772386058767e-02
7.48401775385119094608e-02 4.43561820288537322909e+00 -9.61244346655825476766e-01 1.29921233591310340216e+02 1.90555237712739071465e-02
7.74156883222925085164e-02 4.43851694643372507443e+00 -9.61205398862476356747e-01 1.29918166068014414805e+02 1.98480737841846659186e-02
7.99906720449247571336e-02 4.44142300380463161957e+00 -9.61165308689714503743e-01 1.29915074426289805842e+02 2.06497008440799899309e-02
8.25651111754157757128e-02 4.44433638690852461650e+00 -9.61124069648403023258e-01 1.29911958600169043621e+02 2.14604073518043017565e-02
8.51389881864804548561e-02 4.44725710766645843108e+00 -9.61081675217147268775e-01 1.29908818523781718568e+02 2.22801954411029970449e-02
8.77122855546606100541e-02 4.45018517800998036904e+00 -9.61038118842115984819e-01 1.29905654131355703385e+02 2.31090669769939763278e-02
9.02849857604444694381e-02 4.45312060988101521275e+00 -9.60993393936856121762e-01 1.29902465357218289910e+02 2.39470235540211150160e-02
9.28570712883857868336e-02 4.45606341523170979002e+00 -9.60947493882099990081e-01 1.29899252135795848062e+02 2.47940664947336915358e-02
9.54285246272232184905e-02 4.45901360602430685276e+00 -9.60900412025600503263e-01 1.29896014401614650069e+02 2.56501968476875695513e-02
9.79993282699994638918e-02 4.46197119423098165214e+00 -9.60852141681934668327e-01 1.29892752089300444140e+02 2.65154153853829933907e-02
1.00569464714180475950e-01 4.46493619183368384284e+00 -9.60802676132337052373e-01 1.29889465133577658662e+02 2.73897226022726293648e-02
1.03138916461774601818e-01 4.46790861082396872916e+00 -9.60752008624528031078e-01 1.29886153469268776917e+02 2.82731187119764811044e-02
1.05707666019451862471e-01 4.47088846327240041489e+00 -9.60700132338201284732e-01 1.29882817035384107385e+02 2.91656056650462687518e-02
1.08275695898662718819e-01 4.47387576107558970762e+00 -9.60647040509763350258e-01 1.29879455760256689700e+02 3.00671797957473806162e-02
1.10842988615757503945e-01 4.47687051630525800761e+00 -9.60592726259407836409e-01 1.29876069582077178666e+02 3.09778419859041559414e-02
1.13409526692105272483e-01 4.47987274099193744092e+00 -9.60537182697926761321e-01 1.29872658436184764241e+02 3.18975913650682355027e-02
1.15975292654212733257e-01 4.48288244717533945760e+00 -9.60480402901501384427e-01 1.29869222258038206519e+02 3.28264267827911501718e-02
1.18540269033843417845e-01 4.48589964690425357929e+00 -9.60422379911482049231e-01 1.29865760983220098979e+02 3.37643468068129851134e-02
1.21104438368136405058e-01 4.48892435223639996167e+00 -9.60363106734185345559e-01 1.29862274547437664296e+02 3.47113497228411851947e-02
1.23667783199725281329e-01 4.49195657523832636571e+00 -9.60302576340695712709e-01 1.29858762886527301816e+02 3.56674335327622979430e-02
1.26230286076857156630e-01 4.49499632798526160826e+00 -9.60240781666639064973e-01 1.29855225936455667579e+02 3.66325959545151166874e-02
1.28791929553511097506e-01 4.49804362256101342155e+00 -9.60177715611988502609e-01 1.29851663633324733382e+02 3.76068344207280899627e-02
1.31352696189517337277e-01 4.50109847105786009536e+00 -9.60113371040834384651e-01 1.29848075913375254231e+02 3.85901460779381894062e-02
1.33912568550675792345e-01 4.50416088557641725032e+00 -9.60047740781173275515e-01 1.29844462712989866304e+02 3.95825277864357838453e-02
1.36471529208874592376e-01 4.50723087822556411908e+00 -9.59980817624689342082e-01 1.29840823968699510260e+02 4.05839761192695672176e-02
1.39029560742209123969e-01 4.51030846094817139402e+00 -9.59912594367374971682e-01 1.29837159606946926260e+02 4.15944849559647250592e-02
1.41586645735100435939e-01 4.51339364616544713726e+00 -9.59843063657847439529e-01 1.29833469581987202446e+02 4.26140544030253823338e-02
1.44142766778413616846e-01 4.51648644587418246488e+00 -9.59772218209591243543e-01 1.29829753822813813713e+02 4.36426782793318673859e-02
1.46697906469576699884e-01 4.51958687221181154570e+00 -9.59700050667527393422e-01 1.29826012266398208794e+02 4.46803519611924312982e-02
1.49252047412698846118e-01 4.52269493732286687049e+00 -9.59626553639279844532e-01 1.29822244849847919568e+02 4.57270705274200259249e-02
1.51805172218688999575e-01 4.52581065335876520095e+00 -9.59551719694934357463e-01 1.29818451510405935778e+02 4.67828287585192736930e-02
1.54357263505374042722e-01 4.52893403247763970398e+00 -9.59475541366845541269e-01 1.29814632185452524027e+02 4.78476211351946331685e-02
1.56908303897617312783e-01 4.53206508684413478250e+00 -9.59398011149418250554e-01 1.29810786812506108845e+02 4.89214418365271699884e-02
1.59458276027436895994e-01 4.53520382862920357070e+00 -9.59319121498875437837e-01 1.29806915329222476885e+02 5.00042847393783115861e-02
1.62007162534123755337e-01 4.53835027000988500134e+00 -9.59238864833049875713e-01 1.29803017673394776921e+02 5.10961434173597961461e-02
1.64554946064359886027e-01 4.54150442316910663010e+00 -9.59157233531170216878e-01 1.29799093782954486187e+02 5.21970111380251344801e-02
1.67101609272336831813e-01 4.54466630029542173475e+00 -9.59074219933616856082e-01 1.29795143595968568206e+02 5.33068808635877786073e-02
1.69647134819873285361e-01 4.54783591358278549421e+00 -9.58989816341713097181e-01 1.29791167050639216995e+02 5.44257452485930118269e-02
1.72191505376533410265e-01 4.55101327523029741684e+00 -9.58904015017512323382e-01 1.29787164085302066496e+02 5.55535966383024840121e-02
1.74734703619744774494e-01 4.55419839781025448389e+00 -9.58816808180936841488e-01 1.29783134660081543643e+02 5.66904272319114846401e-02
1.77276712234916367095e-01 4.55739129288896460679e+00 -9.58728188019821181420e-01 1.29779078675805607190e+02 5.78362284399690090853e-02
1.79817513915556254078e-01 4.56059197297565788176e+00 -9.58638146674668178981e-01 1.29774996088619246848e+02 5.89909918199032073938e-02
1.82357091363389622884e-01 4.56380045029208414320e+00 -9.58546676248171691803e-01 1.29770886837648163237e+02 6.01547084662661588061e-02
1.84895427288476549288e-01 4.56701673706461175328e+00 -9.58453768802625782897e-01 1.29766750862188843030e+02 6.13273691577622057092e-02
1.87432504409329458994e-01 4.57024084552398157655e+00 -9.58359416359681359765e-01 1.29762588101708303157e+02 6.25089643563504077095e-02
1.89968305453031172103e-01 4.57347278790520306302e+00 -9.58263610900133788739e-01 1.29758398495852645738e+02 6.36994842036653213802e-02
1.92502813155352114904e-01 4.57671257644732154546e+00 -9.58166344363703070819e-01 1.29754181984447512832e+02 6.48989185204251889383e-02
1.95036010260868170052e-01 4.57996022339320418837e+00 -9.58067608648762614187e-01 1.29749938507501042295e+02 6.61072568063147680828e-02
1.97567879523077832848e-01 4.58321574098936235231e+00 -9.57967395612147720740e-01 1.29745668005207704709e+02 6.73244882365362784515e-02
2.00098403704520089175e-01 4.58647914148584323613e+00 -9.57865697068927879343e-01 1.29741370417957568861e+02 6.85506016598253775651e-02
2.02627565576891321975e-01 4.58975043713593233718e+00 -9.57762504792150637378e-01 1.29737045686334397487e+02 6.97855855975834660221e-02
2.05155347921162689584e-01 4.59302964019606285717e+00 -9.57657810512639429135e-01 1.29732693751125452764e+02 7.10294282416999156471e-02
2.07681733527697698349e-01 4.59631676292560875652e+00 -9.57551605918750881052e-01 1.29728314553325645875e+02 7.22821174521324633089e-02
2.10206705196368998090e-01 4.59961181758674619857e+00 -9.57443882656155875743e-01 1.29723908034145381407e+02 7.35436407546213727349e-02
2.12730245736675399604e-01 4.60291481572800265099e+00 -9.57334632174696387175e-01 1.29719474092899275774e+02 7.48139943028979237383e-02
2.15252337967859502799e-01 4.60622577088754070473e+00 -9.57223846304659509165e-01 1.29715012745976451924e+02 7.60931490798891496663e-02
2.17772964719024048064e-01 4.60954469474627703818e+00 -9.57111516436984888223e-01 1.29710523900659438823e+02 7.73810989412953426081e-02
2.20292108829248989288e-01 4.61287159956941117400e+00 -9.56997634042847433733e-01 1.29706007498703968395e+02 7.86778301395686802122e-02
2.22809753147708622389e-01 4.61620649762303347785e+00 -9.56882190549315336803e-01 1.29701463482052361087e+02 7.99833285975375812837e-02
2.25325880533787908933e-01 4.61954940117392798271e+00 -9.56765177339154337943e-01 1.29696891792839522850e+02 8.12975799040180219235e-02
2.27840473857199465879e-01 4.62290032248925530922e+00 -9.56646585750552724825e-01 1.29692292373391779847e+02 8.26205693139182018037e-02
2.30353515998100027984e-01 4.62625927383618762434e+00 -9.56526407076782936301e-01 1.29687665166223212054e+02 8.39522817513562447100e-02
2.32864989847207326523e-01 4.62962626748173367019e+00 -9.56404632566044576869e-01 1.29683010114043611338e+02 8.52927018038256018473e-02
2.35374878305916024335e-01 4.63300131569224493688e+00 -9.56281253421068400122e-01 1.29678327159747851738e+02 8.66418137277682604003e-02
2.37883164286414594546e-01 4.63638443112568854332e+00 -9.56156260614288711075e-01 1.29673616246389968865e+02 8.79996014282588556732e-02
2.40389830711801560925e-01 4.63977562525739806176e+00 -9.56029645625362078931e-01 1.29668877317324131582e+02 8.93660485182653230307e-02
2.42894860516201405165e-01 4.64317491074682298091e+00 -9.55901399335348123110e-01 1.29664110315980224186e+02 9.07411382360365226241e-02
2.45398236644881417856e-01 4.64658229985478055113e+00 -9.55771512762562114318e-01 1.29659315186010303478e+02 9.21248535008969415827e-02
2.47899942054367217192e-01 4.64999780483983737867e+00 -9.55639976878513208725e-01 1.29654491871253469526e+02 9.35171768973351996701e-02
2.50399959712559072589e-01 4.65342143795785290195e+00 -9.55506782607545290809e-01 1.29649640315728106543e+02 9.49180906794616363609e-02
2.52898272598847562165e-01 4.65685321280170771985e+00 -9.55371921426139025790e-01 1.29644760542429395400e+02 9.63275415921704680766e-02
2.55394863704230257184e-01 4.66029313921267451803e+00 -9.55235383086737055436e-01 1.29639852354135030055e+02 9.77455744022459466214e-02
2.57889716031426352583e-01 4.66374123055591738307e+00 -9.55097158870984563883e-01 1.29634915761229962072e+02 9.91721410044545392815e-02
2.60382812594993184874e-01 4.66719749908158476615e+00 -9.54957239515713762756e-01 1.29629950708956243943e+02 1.00607222094149767466e-01
2.62874136421441917388e-01 4.67066195703639230885e+00 -9.54815615709638021436e-01 1.29624957142795921072e+02 1.02050798006743104196e-01
2.65363670549352448358e-01 4.67413461666335727784e+00 -9.54672278093137705035e-01 1.29619935008477568772e+02 1.03502848713389744573e-01
2.67851398029489484731e-01 4.67761549020143885258e+00 -9.54527217257999049949e-01 1.29614884251975894358e+02 1.04963353818536095363e-01
2.70337301924917894347e-01 4.68110458988536048963e+00 -9.54380423747148598501e-01 1.29609804819524157438e+02 1.06432292558087546186e-01
2.72821365311117669528e-01 4.68460192794523866411e+00 -9.54231888054459131965e-01 1.29604696657614312016e+02 1.07909643793274626078e-01
2.75303571276099334764e-01 4.68810751660623203918e+00 -9.54081600624401393596e-01 1.29599559712998654959e+02 1.09395386013771300782e-01
2.77783902920519187862e-01 4.69162136808841978564e+00 -9.53929551851922519212e-01 1.29594393932706225314e+02 1.10889497326306915581e-01
2.80262343357794374565e-01 4.69514349460628288568e+00 -9.53775732082082106089e-01 1.29589199264035244141e+02 1.12391955458986350647e-01
2.82738875714217352542e-01 4.69867390836867837578e+00 -9.53620131609973054054e-01 1.29583975654574544478e+02 1.13902737747653873268e-01
2.85213483129071798672e-01 4.70221262157839081652e+00 -9.53462740680365072876e-01 1.29578723052201809196e+02 1.15421821138540353635e-01
2.87686148754746129352e-01 4.70575964643183830560e+00 -9.53303549487481971525e-01 1.29573441405089937462e+02 1.16949182183721120398e-01
2.90156855756849185735e-01 4.70931499511899520627e+00 -9.53142548174917170201e-01 1.29568130661727138886e+02 1.18484797027686439286e-01
2.92625587314324475674e-01 4.71287867982293562363e+00 -9.52979726835279095098e-01 1.29562790770914546101e+02 1.20028641409984829225e-01
2.95092326619564693235e-01 4.71645071024855067066e+00 -9.52815073736227535761e-01 1.29557421536461561118e+02 1.21580794731329336344e-01
2.97557056878526016153e-01 4.72003110304733386471e+00 -9.52648582086005779601e-01 1.29552023171460092499e+02 1.23141043071828312772e-01
3.00019761310842958402e-01 4.72361986828799818028e+00 -9.52480240321219584487e-01 1.29546595502678712819e+02 1.24709449038027428425e-01
3.02480423149941946015e-01 4.72721701811069827670e+00 -9.52310038319313489907e-01 1.29541138479524022387e+02 1.26285987222283568876e-01
3.04939025643155781076e-01 4.73082256464561723419e+00 -9.52137965904583993826e-01 1.29535652051663760176e+02 1.27870631846227100770e-01
3.07395552051837939178e-01 4.73443652001260684159e+00 -9.51964012847671625650e-01 1.29530136169032033422e+02 1.29463356771398974132e-01
3.09849985651476145243e-01 4.73805889632066001838e+00 -9.51788168865313033429e-01 1.29524590781826077546e+02 1.31064135494766920154e-01
3.12302309731806226889e-01 4.74168970566747915996e+00 -9.51610423619989820310e-01 1.29519015840507279336e+02 1.32672941150801693144e-01
3.14752507596926411892e-01 4.74532896013903382482e+00 -9.51430766719554732447e-01 1.29513411295803877010e+02 1.34289746513583135856e-01
3.17200562565410182359e-01 4.74897667180901628114e+00 -9.51249187716898925160e-01 1.29507777098706412744e+02 1.35914523997546499157e-01
3.19646457970420572181e-01 4.75263285273826241450e+00 -9.51065676109430824248e-01 1.29502113200462616760e+02 1.37547245668675766073e-01
3.22090177159823132236e-01 4.75629751497444797081e+00 -9.50880221338897824168e-01 1.29496419552588093893e+02 1.39187883235518505831e-01
3.24531703496299839262e-01 4.75997067055136380276e+00 -9.50692812790908781118e-01 1.29490696106853050651e+02 1.40836408057558593043e-01
3.26971020357461672479e-01 4.76365233148843980615e+00 -9.50503439794500248894e-01 1.29484942815283829987e+02 1.42492791151378056513e-01
3.29408111135962355931e-01 4.76734250979000506732e+00 -9.50312091621538401753e-01 1.29479159630149581517e+02 1.44157003205672373802e-01
3.31842959239611323685e-01 4.77104121744497344793e+00 -9.50118757486696274839e-01 1.29473346503973886001e+02 1.45829014562871922545e-01
3.34275548091486185420e-01 4.77474846642605488256e+00 -9.49923426546667837300e-01 1.29467503389519293933e+02 1.47508795245715751410e-01
3.36705861130046413265e-01 4.77846427255594985439e+00 -9.49726092001124455599e-01 1.29461630467271504585e+02 1.49196074347714341402e-01
3.39133881809245474326e-01 4.78218864071103855196e+00 -9.49526735394657595002e-01 1.29455727274986088560e+02 1.50891260975072188932e-01
3.41559593598643573831e-01 4.78592158611769225018e+00 -9.49325349216868952240e-01 1.29449793960607422605e+02 1.52594118328464728451e-01
3.43982979983520398282e-01 4.78966312069448463262e+00 -9.49121922405843476689e-01 1.29443830478797821115e+02 1.54304614169463116813e-01
3.46404024464987525533e-01 4.79341325634285730928e+00 -9.48916443841679613236e-01 1.29437836784563558012e+02 1.56022715839528480775e-01
3.48822710560100557320e-01 4.79717200494660822585e+00 -9.48708902346321658605e-01 1.29431812833258845785e+02 1.57748390248815956172e-01
3.51239021801971362802e-01 4.80093937837131434776e+00 -9.48499286683156528355e-01 1.29425758580584243873e+02 1.59481603879541189439e-01
3.53652941739880488647e-01 4.80471538846410428647e+00 -9.48287585557018419813e-01 1.29419673982608543383e+02 1.61222322764881603741e-01
3.56064453939388791959e-01 4.80850004705293354590e+00 -9.48073787613537555252e-01 1.29413558995759984782e+02 1.62970512506668330222e-01
3.58473541982449628307e-01 4.81229336594623102741e+00 -9.47857881439340688168e-01 1.29407413576840411906e+02 1.64726138242222625019e-01
3.60880189467520207103e-01 4.81609535693259704914e+00 -9.47639855561482113977e-01 1.29401237683043405013e+02 1.66489164657346588871e-01
3.63284380009673946166e-01 4.81990603177989207495e+00 -9.47419698447514391226e-01 1.29395031271936090889e+02 1.68259555960379725281e-01
3.65686097240711160961e-01 4.82372540223526780068e+00 -9.47197398504968646193e-01 1.29388794301497256356e+02 1.70037275892312794712e-01
3.68085324809271363655e-01 4.82755348002450901390e+00 -9.46972944081632239666e-01 1.29382526730115898772e+02 1.71822287688343872114e-01
3.70482046380943785824e-01 4.83139027685137989465e+00 -9.46746323464778383183e-01 1.29376228516589549145e+02 1.73614554102531265523e-01
3.72876245638379399949e-01 4.83523580439770395145e+00 -9.46517524881654748192e-01 1.29369899620166876275e+02 1.75414037356832697157e-01
3.75267906281401164570e-01 4.83909007432255489078e+00 -9.46286536499165054082e-01 1.29363540000538279173e+02 1.77220699138715742649e-01
3.77657012027115768227e-01 4.84295309299909781942e+00 -9.46053338283979083911e-01 1.29357149307933781301e+02 1.79034978053201121462e-01
3.80043546610023985632e-01 4.84682488169692593516e+00 -9.45817933236435148814e-01 1.29350728071669720975e+02 1.80855957446717285908e-01
3.82427493782131422417e-01 4.85070544747318965761e+00 -9.45580302320661814086e-01 1.29344275986017493096e+02 1.82684009170434036307e-01
3.84808837313059592944e-01 4.85459480187166203535e+00 -9.45340433430599924591e-01 1.29337793011395518761e+02 1.84519094406399825070e-01
3.87187560990155776874e-01 4.85849295640856304601e+00 -9.45098314395628080753e-01 1.29331279108579849435e+02 1.86361173939645879960e-01
3.89563648618604152496e-01 4.86239992257231712358e+00 -9.44853932979948241133e-01 1.29324734238731053892e+02 1.88210208171792625631e-01
3.91937084021535264711e-01 4.86631571182221112082e+00 -9.44607276881837876203e-01 1.29318158363356815244e+02 1.90066157142754293963e-01
3.94307851040136658760e-01 4.87024033558811542122e+00 -9.44358333733729460313e-01 1.29311551444338306283e+02 1.91928980503597107488e-01
3.96675933533762792305e-01 4.87417380526955135167e+00 -9.44107091101237250186e-01 1.29304913443917854465e+02 1.93798637550826269305e-01
3.99041315380044780969e-01 4.87811613223508189208e+00 -9.43853536483015398417e-01 1.29298244324706502084e+02 1.95675087212330595099e-01
4.01403980475000310424e-01 4.88206732782156294093e+00 -9.43597657309815263105e-01 1.29291544049683864159e+02 1.97558288079420579786e-01
4.03763912733143492950e-01 4.88602740333283591667e+00 -9.43339440944269913558e-01 1.29284812582165614003e+02 1.99448198397011638994e-01
4.06121096087593724810e-01 4.88999637003967890792e+00 -9.43078874679783130119e-01 1.29278049885846115785e+02 2.01344776105508382891e-01
4.08475514490185875882e-01 4.89397423917854101916e+00 -9.42815945741162453331e-01 1.29271255924769093326e+02 2.03247978780636273655e-01
4.10827151911578702936e-01 4.89796102195085403253e+00 -9.42550641282457579706e-01 1.29264430663333570237e+02 2.05157763736968368207e-01
4.13175992341364761717e-01 4.90195672952182714965e+00 -9.42282948387229035703e-01 1.29257574066269626201e+02 2.07074087988617372424e-01
4.15522019788178931243e-01 4.90596137301965828925e+00 -9.42012854066851867962e-01 1.29250686098639732791e+02 2.08996908325770114345e-01
4.17865218279807715263e-01 4.90997496353507578704e+00 -9.41740345261514399944e-01 1.29243766725859359212e+02 2.10926181231904152913e-01
4.20205571863297211443e-01 4.91399751931237993574e+00 -9.41465425654365861696e-01 1.29236816338184212327e+02 2.12860876665238701877e-01
4.22543064605062523853e-01 4.91802903811747693652e+00 -9.41188050995119929176e-01 1.29229834119851091145e+02 2.14802771514776946749e-01
4.24877680590995954191e-01 4.92206953714823303159e+00 -9.40908222610564282107e-01 1.29222820404715889708e+02 2.16750964839376170090e-01
4.27209403926575026489e-01 4.92611902735777640316e+00 -9.40625927195791300406e-01 1.29215775160828115986e+02 2.18705409335501865797e-01
4.29538218736971288969e-01 4.93017751966078865422e+00 -9.40341151377159456537e-01 1.29208698356782576866e+02 2.20666057130000703435e-01
4.31864109167158116698e-01 4.93424502493118222191e+00 -9.40053881711188199510e-01 1.29201589961635562531e+02 2.22632859820977246912e-01
4.34187059382018403220e-01 4.93832155400109584775e+00 -9.39764104683582957023e-01 1.29194449944898252625e+02 2.24605768510110076486e-01
4.36507053566452751792e-01 4.94240711766085194512e+00 -9.39471806709594514651e-01 1.29187278276586852144e+02 2.26584733757963036060e-01
4.38824075925487055994e-01 4.94650172665821941109e+00 -9.39176974134433240060e-01 1.29180074927233675908e+02 2.28569705534396400148e-01
4.41138110684379691762e-01 4.95060539169686730787e+00 -9.38879593232031628425e-01 1.29172839867850683504e+02 2.30560633267024639448e-01
4.43449142088729597599e-01 4.95471812343671924594e+00 -9.38579650206272875224e-01 1.29165573070005677891e+02 2.32557465744211377956e-01
4.45757154404582744966e-01 4.95883993249203403053e+00 -9.38277131189265034550e-01 1.29158274505765319873e+02 2.34560151191093579914e-01
4.48062131918540051956e-01 4.96297082943129996835e+00 -9.37972022242426373140e-01 1.29150944147745917689e+02 2.36568637181639701561e-01
4.50364058937863631638e-01 4.96711082477622589693e+00 -9.37664309356067926515e-01 1.29143581969111352237e+02 2.38582870637524979696e-01
4.52662919790584206137e-01 4.97125992900158397703e+00 -9.37353978450173874748e-01 1.29136187943622331886e+02 2.40602797757046404925e-01
4.54958698825607410487e-01 4.97541815253322905477e+00 -9.37041015372429453301e-01 1.29128762045578810103e+02 2.42628364106195842931e-01
4.57251380412820318533e-01 4.97958550574907121700e+00 -9.36725405901502217176e-01 1.29121304249937054465e+02 2.44659514400206917761e-01
4.59540948943198301890e-01 4.98376199202898995111e+00 -9.36407107957526574360e-01 1.29113814119785274670e+02 2.46697822531160709802e-01
4.61827388828911278296e-01 4.98794763445234146104e+00 -9.36086158638545495769e-01 1.29106292391261462171e+02 2.48740213049620878527e-01
4.64110684503429071768e-01 4.99214243722501560541e+00 -9.35762519252646307599e-01 1.29098738683816662842e+02 2.50788051224675234696e-01
4.66390820421628160553e-01 4.99634641049681160752e+00 -9.35436175216872389804e-01 1.29091152973494303069e+02 2.52841283128771299182e-01
4.68667781059897148310e-01 5.00055956436260284903e+00 -9.35107111869720397657e-01 1.29083535236892629428e+02 2.54899854413262960673e-01
4.70941550916242568370e-01 5.00478190885970519730e+00 -9.34775314469045603971e-01 1.29075885451074043431e+02 2.56963710406093559513e-01
4.73212114510394632472e-01 5.00901345396832464729e+00 -9.34440768193301796174e-01 1.29068203593656846806e+02 2.59032796011870736219e-01
4.75479456383912424400e-01 5.01325420960910594914e+00 -9.34103458138844100489e-01 1.29060489642736996529e+02 2.61107055844339353001e-01
4.77743561100288705035e-01 5.01750418564264055732e+00 -9.33763369319132952029e-01 1.29052743576925990965e+02 2.63186434246660994063e-01
4.80004413245055938653e-01 5.02176339186853581964e+00 -9.33420486666331483683e-01 1.29044965375364029114e+02 2.65270875170873332571e-01
4.82261997425890265312e-01 5.02603183802386688228e+00 -9.33074795028435266531e-01 1.29037155017697983794e+02 2.67360322319587451201e-01
4.84516298272717305107e-01 5.03030953378200784698e+00 -9.32726279168311189771e-01 1.29029312484081287948e+02 2.69454719176401846781e-01
4.86767300437815575442e-01 5.03459648875113874311e+00 -9.32374923763304885860e-01 1.29021437755157393212e+02 2.71554009000822660358e-01
4.89014988595922406311e-01 5.03889271247427661393e+00 -9.32020713405509071414e-01 1.29013530812132501069e+02 2.73658134786605056199e-01
4.91259347444337080013e-01 5.04319821442617577389e+00 -9.31663632598692115216e-01 1.29005591636665684518e+02 2.75767039414201164949e-01
4.93500361703025469673e-01 5.04751300401281888242e+00 -9.31303665757091225785e-01 1.28997620210911634331e+02 2.77880665694478001804e-01
4.95738016114724178163e-01 5.05183709057147556365e+00 -9.30940797207956305392e-01 1.28989616517599074541e+02 2.79998956192934189691e-01
4.97972295445044454976e-01 5.05617048336654573149e+00 -9.30575011184848976953e-01 1.28981580539860146928e+02 2.82121853593944149630e-01
5.00203184482575280434e-01 5.06051319660400888978e+00 -9.30206341567062944264e-01 1.28973512565912301397e+02 2.84246382308475986633e-01
5.02430668038987948698e-01 5.06486523022789913995e+00 -9.29834680008427394426e-01 1.28965412022459105401e+02 2.86377906167092521894e-01
5.04654730949138929930e-01 5.06922659757871851838e+00 -9.29460054089583653791e-01 1.28957279155303126572e+02 2.88513808218224920843e-01
5.06875358071172565921e-01 5.07359730764266281255e+00 -9.29082447794043253531e-01 1.28949113950775711146e+02 2.90654024034383229314e-01
5.09092534286625153506e-01 5.07797736932901866425e+00 -9.28701845021158267635e-01 1.28940916395768340408e+02 2.92798488610645502028e-01
5.11306244500527418140e-01 5.08236679147094783104e+00 -9.28318229588765420068e-01 1.28932686477861096819e+02 2.94947136181247460129e-01
5.13516473641507098513e-01 5.08676558282265300903e+00 -9.27931585229460065278e-01 1.28924424185237512575e+02 2.97099900409851458427e-01
5.15723206661891864222e-01 5.09117375205791056203e+00 -9.27541895594265586311e-01 1.28916129506682608508e+02 2.99256714146196867166e-01
5.17926428537812011399e-01 5.09559130777128910239e+00 -9.27149144249786894001e-01 1.28907802431738844007e+02 3.01417509565412522488e-01
5.20126124269301826075e-01 5.10001825847187273411e+00 -9.26753314678715800490e-01 1.28899442950423519960e+02 3.03582218108398693701e-01
5.22322278880402501855e-01 5.10445461258875088362e+00 -9.26354390282557393910e-01 1.28891051053637880841e+02 3.05750770295256824038e-01
5.24514877419263836344e-01 5.10890037846291811263e+00 -9.25952354378465680718e-01 1.28882626732779641543e+02 3.07923095880732522467e-01
5.26703904958246260648e-01 5.11335556435023264044e+00 -9.25547190201270408849e-01 1.28874169980005689240e+02 3.10099123707690715879e-01
5.28889346594021980685e-01 5.11782017841940550795e+00 -9.25138880903218052687e-01 1.28865680788204826968e+02 3.12278781692957863036e-01
5.31071187447676895665e-01 5.12229422874853401737e+00 -9.24727409553784407414e-01 1.28857159150885479448e+02 3.14461996809423660615e-01
5.33249412664811961449e-01 5.12677772332622616602e+00 -9.24312759143280260332e-01 1.28848605062335593630e+02 3.16648694845588607460e-01
5.35424007415643554708e-01 5.13127067004857728705e+00 -9.23894912579239169226e-01 1.28840018517537970411e+02 3.18838800588440163253e-01
5.37594956895105391403e-01 5.13577307672066218913e+00 -9.23473852689757124246e-01 1.28831399512354437320e+02 3.21032237599009562246e-01
5.39762246322948779920e-01 5.14028495358858794617e+00 -9.23049477364645820643e-01 1.28822748170666926626e+02 3.23233910016863412729e-01
5.41925860943843207274e-01 5.14480630324318077840e+00 -9.22621927302646027691e-01 1.28814064234920124363e+02 3.25434461371723215972e-01
5.44085786027477369409e-01 5.14933713564776773808e+00 -9.22191110376274325588e-01 1.28805347828104743257e+02 3.27638197821201959670e-01
5.46242006868658758201e-01 5.15387745820952769549e+00 -9.21757008904680708028e-01 1.28796598948526593631e+02 3.29845048951830976947e-01
5.48394508787414136641e-01 5.15842727823158853084e+00 -9.21319605109557460132e-01 1.28787817595094168155e+02 3.32054944033768284495e-01
5.50543277129089347888e-01 5.16298660291479816209e+00 -9.20878881112478953064e-01 1.28779003767524613977e+02 3.34267812148920318016e-01
5.52688297264449235335e-01 5.16755543935600680783e+00 -9.20434818937237220204e-01 1.28770157466347740183e+02 3.36483582023286875717e-01
5.54829554589777229623e-01 5.17213379454307720096e+00 -9.19987400507278563211e-01 1.28761278692718207139e+02 3.38702182147967045811e-01
5.56967034526974602571e-01 5.17672167535380367553e+00 -9.19536607637917446922e-01 1.28752367448456681132e+02 3.40923541205558344735e-01
5.59100722523659832142e-01 5.18131908856113820860e+00 -9.19082422045892299955e-01 1.28743423736467917706e+02 3.43147587482044325036e-01
5.61230604053267856379e-01 5.18592604081814378958e+00 -9.18624825339471318131e-01 1.28734447559964507946e+02 3.45374249413219092109e-01
5.63356664615148439168e-01 5.19054253867092718622e+00 -9.18163799026674776194e-01 1.28725438923339595476e+02 3.47603455077017953201e-01
5.65478889734665535194e-01 5.19516858854499830045e+00 -9.17699324499572144376e-01 1.28716397831474722580e+02 3.49835133081139171285e-01
5.67597264963295100593e-01 5.19980419675057969897e+00 -9.17231383045681192279e-01 1.28707324290168969583e+02 3.52069211866713915882e-01
5.69711775878724790978e-01 5.20444936947586000997e+00 -9.16759955837237683340e-01 1.28698218305855277777e+02 3.54305620306021251675e-01
5.71822408084950328799e-01 5.20910411279089213821e+00 -9.16285023937612130851e-01 1.28689079885949041682e+02 3.56544287297603956777e-01
5.73929147212374757281e-01 5.21376843263983946741e+00 -9.15806568290747025074e-01 1.28679909038508526464e+02 3.58785142354571373602e-01
5.76031978917906362092e-01 5.21844233483933805928e+00 -9.15324569720054048716e-01 1.28670705772258230581e+02 3.61028115639159929984e-01
5.78130888885055260751e-01 5.22312580466371212395e+00 -9.14839148553633130234e-01 1.28661468941246994291e+02 3.63264932844562293823e-01
5.80225862824032101450e-01 5.22781888637303637779e+00 -9.14350024832560337451e-01 1.28652200747988615603e+02 3.65510835929484523277e-01
5.82316886471844319395e-01 5.23252156657828848552e+00 -9.13857302560801221247e-01 1.28642900157120323001e+02 3.67758508983158372008e-01
5.84403945592394169495e-01 5.23723385125210505464e+00 -9.13360961958767259006e-01 1.28633567179569666905e+02 3.70007867496486841929e-01
5.86487025976574760655e-01 5.24195574519797435897e+00 -9.12860983759319455366e-01 1.28624201827694946587e+02 3.72258826356067273888e-01
5.88566113442367422337e-01 5.24668725342314878901e+00 -9.12357348402527690290e-01 1.28614804114389073675e+02 3.74511299000583663954e-01
5.90641193834937960894e-01 5.25142838079585949629e+00 -9.11850036222519033657e-01 1.28605374053436577242e+02 3.76765198446011417843e-01
5.92712253026733248973e-01 5.25617913203898545760e+00 -9.11339027465283724183e-01 1.28595911659282450046e+02 3.79020436207602728906e-01
5.94779276917577259809e-01 5.26093951173113527631e+00 -9.10824302275594854805e-01 1.28586416947227547780e+02 3.81276923038343151795e-01
5.96842251434767101514e-01 5.26570952430328365068e+00 -9.10305840703953594861e-01 1.28576889933371944608e+02 3.83534568489918237244e-01
5.98901162533168496260e-01 5.27048917403735295295e+00 -9.09783622709962491726e-01 1.28567330634673254508e+02 3.85793280683833506028e-01
6.00955996195312258656e-01 5.27527846506011321992e+00 -9.09257628154622854488e-01 1.28557739068727414633e+02 3.88052966731292525715e-01
6.03006738431488664709e-01 5.28007740134622594042e+00 -9.08727836811654920979e-01 1.28548115254096245508e+02 3.90313532039411659191e-01
6.05053375279843597134e-01 5.28488598671446929700e+00 -9.08194228367189770879e-01 1.28538459210231877705e+02 3.92574880297818507024e-01
6.07095892806472914316e-01 5.28970422481970281581e+00 -9.07656782405666495706e-01 1.28528770957147571607e+02 3.94836914273536843112e-01
6.09134277105518040507e-01 5.29453211915719812453e+00 -9.07115478432459543257e-01 1.28519050515830855375e+02 3.97099534453526858968e-01
6.11168514299259779676e-01 5.29936967305951789342e+00 -9.06570295865748887465e-01 1.28509297908209958905e+02 3.99362639490240090012e-01
6.13198590538213572643e-01 5.30421688968508320272e+00 -9.06021214036574540351e-01 1.28499513156636368194e+02 4.01626126164892016668e-01
6.15224492001223088877e-01 5.30907382779791614524e+00 -9.05467988741085250126e-01 1.28489699477797927329e+02 4.03903039726713986024e-01
6.17246204895555039549e-01 5.31394038480222263843e+00 -9.04911016872786078125e-01 1.28479850857681554999e+02 4.06168688962096069428e-01
6.19263715456992658304e-01 5.31881661360759050439e+00 -9.04350079575714005387e-01 1.28469970201241068253e+02 4.08434612826989673628e-01
6.21277009949929293064e-01 5.32370251673456706953e+00 -9.03785155426227504449e-01 1.28460057537364690461e+02 4.10700724248526549687e-01
6.23286074667462219878e-01 5.32859809652966909255e+00 -9.03216222873091223455e-01 1.28450112896154308828e+02 4.12966936515781923855e-01
6.25290895931486012671e-01 5.33350335516152984638e+00 -9.02643260253192525333e-01 1.28440136308873121607e+02 4.15233162325708615725e-01
6.27291460092785357894e-01 5.33841829461244188337e+00 -9.02066245759103213508e-01 1.28430127807605032331e+02 4.17499315657482883424e-01
6.29287753531128202233e-01 5.34334291668448368995e+00 -9.01485157483335797224e-01 1.28420087425804666736e+02 4.19765309144497611449e-01
6.31279762655358012147e-01 5.34827722299120100757e+00 -9.00899973373196827353e-01 1.28410015197964327172e+02 4.22031056695930717471e-01
6.33267473903487365661e-01 5.35322121495775871125e+00 -9.00310671247866900480e-01 1.28399911159806777050e+02 4.24296472464260943092e-01
6.35250873742789323728e-01 5.35817489381608158538e+00 -8.99717228796813039970e-01 1.28389775348178176273e+02 4.26561470908316753281e-01
6.37229948669889467716e-01 5.36313826060118703509e+00 -8.99119623577071536147e-01 1.28379607801013378321e+02 4.28825966922944279425e-01
6.39204685210858825073e-01 5.36811131615438874576e+00 -8.98517832992461906727e-01 1.28369408557698733375e+02 4.31089877034479596052e-01
6.41175069921305018639e-01 5.37309406111308174303e+00 -8.97911834331334368642e-01 1.28359177658675832845e+02 4.33353117149452127244e-01
6.43141089386463082889e-01 5.37808649591032406079e+00 -8.97301604710806666176e-01 1.28348915145580946273e+02 4.35615605805013184071e-01
6.45102730221288278578e-01 5.38308862077864880291e+00 -8.96687121117085705890e-01 1.28338621061679674540e+02 4.37877261772913528581e-01
6.47059979070545909785e-01 5.38810043573465691225e+00 -8.96068360380593897929e-01 1.28328295451144043682e+02 4.40138005488364902895e-01
6.49012822608903250376e-01 5.39312194058457539114e+00 -8.95445299174071340786e-01 1.28317938359576032781e+02 4.42397759136556600890e-01
6.50961247541019139007e-01 5.39815301617056508832e+00 -8.94818264309986011185e-01 1.28307543006817439846e+02 4.44635788238722906573e-01
6.52905240601636016606e-01 5.40319388643004128170e+00 -8.94186576310039615834e-01 1.28297122356059077219e+02 4.46890694264743981723e-01
6.54844788555668411156e-01 5.40824444339807275384e+00 -8.93550522411708736392e-01 1.28286670295560242039e+02 4.49144062320272541289e-01
6.56779878198294642111e-01 5.41330468588443292077e+00 -8.92910079284539803801e-01 1.28276186869907633081e+02 4.51395784233616537140e-01
6.58710496355045971306e-01 5.41837461246091489642e+00 -8.92265223479425717557e-01 1.28265672124551628031e+02 4.53645751127206953157e-01
6.60636629881896420002e-01 5.42345422145729028074e+00 -8.91615931444984299858e-01 1.28255126105791617874e+02 4.55893852426082824003e-01
6.62558265665352030815e-01 5.42854351096532639076e+00 -8.90962179517847840948e-01 1.28244548861227428915e+02 4.58139976403852511311e-01
6.64475390622540684760e-01 5.43364247882029882675e+00 -8.90303943936426200878e-01 1.28233940438899566061e+02 4.60384009337586219690e-01
6.66387991701300586023e-01 5.43875112261119753043e+00 -8.89641200831163714291e-01 1.28223300888111083395e+02 4.62625836059136763545e-01
6.68296055880269523897e-01 5.44386943966392777838e+00 -8.88973926245848922179e-01 1.28212630258677478423e+02 4.64865338666722471839e-01
6.70199570168973357553e-01 5.44899742705435574663e+00 -8.88302096102584259896e-01 1.28201928601910225325e+02 4.67102398567179943889e-01
6.72098521607914500819e-01 5.45413508158693804972e+00 -8.87625686246557576986e-01 1.28191195969615705508e+02 4.69336893803583510287e-01
6.73992897268660184906e-01 5.45928239978807550159e+00 -8.86944672423486513146e-01 1.28180432413932351210e+02 4.71568700354594583235e-01
6.75882684253930277052e-01 5.46443937793501621769e+00 -8.86259030291897342835e-01 1.28169637989280545298e+02 4.73797691400046738774e-01
6.77767869697685210184e-01 5.46960601200197960026e+00 -8.85568735416049745979e-01 1.28158812749433593581e+02 4.76023737685039249889e-01
6.79648440765214134629e-01 5.47478229769690383222e+00 -8.84873763279572900231e-01 1.28147956749937748100e+02 4.78246706710565350207e-01
6.81524384653221182440e-01 5.47996823043923075858e+00 -8.84174089304251453747e-01 1.28137070047067794576e+02 4.80466461590788540548e-01
6.83395688589913286037e-01 5.48516380534653080758e+00 -8.83469688800840757814e-01 1.28126152697271180614e+02 4.82682863917973437040e-01
6.85262339835087441742e-01 5.49036924015904403973e+00 -8.82759996419696824077e-01 1.28115217599540216042e+02 4.84927739540660318607e-01
6.87124325680216641032e-01 5.49558410734135893705e+00 -8.82046000909070926355e-01 1.28104240491328056351e+02 4.87141006288886513342e-01
6.88981633448537245101e-01 5.50080860262102255831e+00 -8.81327196298853920986e-01 1.28093233045344476295e+02 4.89350960218437380789e-01
6.90834250495134805092e-01 5.50604272011658046893e+00 -8.80603556698147604820e-01 1.28082195333149627459e+02 4.91557501577339017729e-01
6.92682164207029549274e-01 5.51128645365084057772e+00 -8.79875056124886922859e-01 1.28071127428177987895e+02 4.93760527841578644725e-01
6.94525362003264090660e-01 5.51653979673811178941e+00 -8.79141668398471964885e-01 1.28060029405205966668e+02 4.95959940016721556599e-01
6.96363831334987137822e-01 5.52180274259491365996e+00 -8.78403367212924779395e-01 1.28048901341307868051e+02 4.98155638314917048604e-01
6.98197559685539759222e-01 5.52707528411146853387e+00 -8.77660126092222991900e-01 1.28037743314437761910e+02 5.00347524753580796819e-01
7.00026534570540759361e-01 5.53235741387262436319e+00 -8.76911918414316149395e-01 1.28026555404968405583e+02 5.02535501735481338059e-01
7.01850743537971277775e-01 5.53764912414018084519e+00 -8.76158717375317142029e-01 1.28015337694925591450e+02 5.04719474133928147630e-01
7.03670174168260054159e-01 5.54295040684882511783e+00 -8.75400496013481355106e-01 1.28004090268061929692e+02 5.06899347862119209474e-01
7.05484814074367139192e-01 5.54826125360292987665e+00 -8.74637227198580724519e-01 1.27992813209967394528e+02 5.09075030483097101808e-01
7.07294650901869381698e-01 5.55358165567568384802e+00 -8.73868883611974456294e-01 1.27981506608315385165e+02 5.11246432372726156146e-01
7.09099672329043584362e-01 5.55891160399861306018e+00 -8.73095437764609738629e-01 1.27970170552569328493e+02 5.13413465638746124853e-01
7.10899866066950880672e-01 5.56425108915856458935e+00 -8.72316861957436739949e-01 1.27958805134099620204e+02 5.15576046444044200356e-01
7.12695219859520112671e-01 5.56960010140949091095e+00 -8.71533128351725916438e-01 1.27947410447244919851e+02 5.17734090854734319009e-01
7.14485721483631763817e-01 5.57495863062573437929e+00 -8.70744208835412147884e-01 1.27935986586801504927e+02 5.19887522689897130235e-01
7.16271358749200004468e-01 5.58032666634802421157e+00 -8.69950075145541679156e-01 1.27924533651145793556e+02 5.22036266316499464324e-01
7.18052119499257623936e-01 5.58570381353216216525e+00 -8.69151523282160831663e-01 1.27913029583969503733e+02 5.24131324124992525881e-01
7.19827991610036854730e-01 5.59109078973462736428e+00 -8.68346976788834212790e-01 1.27901516524860852542e+02 5.26264471014626811218e-01
7.21598962991052972349e-01 5.59648723504857770195e+00 -8.67537141929693778053e-01 1.27889974481540619422e+02 5.28392021713491422119e-01
7.23365021585186451780e-01 5.60189313721194714901e+00 -8.66721990917691420542e-01 1.27878403543326072622e+02 5.30513838216069566478e-01
7.25126155368765124010e-01 5.60730848354945443646e+00 -8.65901495798318543429e-01 1.27866803800170615091e+02 5.32629783902388131978e-01
7.26882352351645444344e-01 5.61273326097911517962e+00 -8.65075628571810417711e-01 1.27855175343495119478e+02 5.34739716316531499274e-01
7.28633600577295093004e-01 5.61816745598960398667e+00 -8.64244361035672814531e-01 1.27843518265118447630e+02 5.36843496447504398006e-01
7.30379888122873355272e-01 5.62361105463198729382e+00 -8.63407664974187971652e-01 1.27831832657273039899e+02 5.38940977521277231332e-01
7.32121203099313277995e-01 5.62906404256391201812e+00 -8.62565512085661456609e-01 1.27820118615554051189e+02 5.41032009322348739211e-01
7.33857533651401716668e-01 5.63452640495961976086e+00 -8.61717873919856214293e-01 1.27808376233946972889e+02 5.43116441826321572073e-01
7.35588867957860936819e-01 5.63999812658489130257e+00 -8.60864721974022639728e-01 1.27796605609721027008e+02 5.45194119572502744475e-01
7.37315194231428105986e-01 5.64547919172529777398e+00 -8.60006027711033405048e-01 1.27784806839603461981e+02 5.47264880536650566434e-01
7.39036500718936339993e-01 5.65096958421545725315e+00 -8.59141762437627742877e-01 1.27772980021832694320e+02 5.49328563349445464503e-01
7.40752775701394416963e-01 5.65646928691737027606e+00 -8.58271897545373363414e-01 1.27761125255225906017e+02 5.51385000948462100645e-01
7.42464007494066491333e-01 5.66197828370891187433e+00 -8.57396404067966355633e-01 1.27749242640270907145e+02 5.53434014828168230338e-01
7.44170184446551918889e-01 5.66749655651368655640e+00 -8.56515253262336018203e-01 1.27737332278185803602e+02 5.55475428934606996201e-01
7.45871294942864193622e-01 5.67302408724180207145e+00 -8.55628416283106263407e-01 1.27725394270678421549e+02 5.57509056487204612829e-01
7.47567327401510439699e-01 5.67856141914751155753e+00 -8.54734753401086289060e-01 1.27713461147452449040e+02 5.59600898385395173484e-01
7.49258270275569682184e-01 5.68410746561787405540e+00 -8.53836323129798069331e-01 1.27701471380041169823e+02 5.61626376628891144094e-01
7.50944112052772227983e-01 5.68966271787706290297e+00 -8.52932104236641341899e-01 1.27689454570632335617e+02 5.63644406769693517845e-01
7.52624841255577603505e-01 5.69522715619571773260e+00 -8.52022066079685336248e-01 1.27677410846956064461e+02 5.65654875023329117845e-01
7.54300446441252492313e-01 5.70080076039020511303e+00 -8.51106177823833354168e-01 1.27665340341989661965e+02 5.67657670597238706023e-01
7.55970916201949338920e-01 5.70638350970093455317e+00 -8.50184408417729242657e-01 1.27653243187206200560e+02 5.69652686986497069910e-01
7.57636239164782954170e-01 5.71197538289497686037e+00 -8.49256726621936519628e-01 1.27641119519158621642e+02 5.71639820409492904751e-01
7.59296403991909008013e-01 5.71757635820291376660e+00 -8.48323101114422106761e-01 1.27628969476313869791e+02 5.73618963530917125304e-01
7.60951399380600634892e-01 5.72318641329399824258e+00 -8.47383500300086911494e-01 1.27616793197927833603e+02 5.75590016757595468455e-01
7.62601214063325594239e-01 5.72880552534561005018e+00 -8.46437892393255175705e-01 1.27604590828734316688e+02 5.77552883438309794251e-01
7.64245836807822653824e-01 5.73443367093760070219e+00 -8.45486245488979437646e-01 1.27592362513255082490e+02 5.79507465580312963738e-01
7.65885256417178750254e-01 5.74007082612658958709e+00 -8.44528527301975917574e-01 1.27580108400511960554e+02 5.81453679432681003192e-01
7.67519461729904151071e-01 5.74571696638360762677e+00 -8.43564705590205132779e-01 1.27567828641211391982e+02 5.83391430344489481108e-01
7.69148441620009615249e-01 5.75137206662446764938e+00 -8.42594747639774932502e-01 1.27555523389656329414e+02 5.85320643394165340823e-01
7.70772184997081555302e-01 5.75703610116139152808e+00 -8.41618620713839415970e-01 1.27543192801799321501e+02 5.87241236756244733286e-01
7.72390680806357088350e-01 5.76270904370804437633e+00 -8.40636291659105805429e-01 1.27530837035763610743e+02 5.89153145109858944473e-01
7.74003918028800530493e-01 5.76839086742852380496e+00 -8.39647727156189960240e-01 1.27518456255530139742e+02 5.91056304873660232069e-01
7.75611885681177226637e-01 5.77408154483124924639e+00 -8.38652893757807937902e-01 1.27506050625247880248e+02 5.92950651895010949488e-01
7.77214572816129045663e-01 5.77978104780638179960e+00 -8.37651757501122307126e-01 1.27493620311696233216e+02 5.94836144572714831114e-01
7.78811968522248321278e-01 5.78548841657556245366e+00 -8.36646145896230764016e-01 1.27481111815812212740e+02 5.96601229459611803740e-01
7.80404061924152570029e-01 5.79120539621904306671e+00 -8.35632520580767534923e-01 1.27468627639372812155e+02 5.98455745778056380502e-01
7.81990842182558654194e-01 5.79693110594541138880e+00 -8.34612514020380280577e-01 1.27456118884124279589e+02 6.00299821836330682601e-01
7.83572298494356056509e-01 5.80266551453895829127e+00 -8.33586093881780731962e-01 1.27443585699422172297e+02 6.02133285312247745757e-01
7.85148420092680932036e-01 5.80840859009384224976e+00 -8.32553227631371073336e-01 1.27431028236377102303e+02 6.03955967777212388015e-01
7.86719196246989271870e-01 5.81416030005579642648e+00 -8.31513882820164584864e-01 1.27418446651253731261e+02 6.05767687844937507968e-01
7.88284616263129733760e-01 5.81992061110374514499e+00 -8.30468026925155533569e-01 1.27405841098942275380e+02 6.07568260557652117804e-01
7.89844669483416361722e-01 5.82568948913769002473e+00 -8.29415627231256502583e-01 1.27393211732791073132e+02 6.09357504469504540623e-01
7.91399345286702082802e-01 5.83146689943997564853e+00 -8.28356651203348670620e-01 1.27380558715250231216e+02 6.11135219717106270565e-01
7.92948633088449872375e-01 5.83725280646604005597e+00 -8.27291066045827361286e-01 1.27367882205685091890e+02 6.12901214119027537564e-01
7.94492522340805029657e-01 5.84304717391542549620e+00 -8.26218839077090927425e-01 1.27355182365672064293e+02 6.14655281012999710200e-01
7.96031002532667897320e-01 5.84884996469978091227e+00 -8.25139937736039885685e-01 1.27342459357825305233e+02 6.16397198902638887574e-01
7.97564063189764360651e-01 5.85466114097399348282e+00 -8.24054328958403581318e-01 1.27329713347760446140e+02 6.18126768752761734937e-01
7.99091693874717567958e-01 5.86048066413725798895e+00 -8.22961980361669787065e-01 1.27316944506092909251e+02 6.19843743427007431990e-01
8.00613884187118873825e-01 5.86630849465804349308e+00 -8.21862859015866531465e-01 1.27304152997521583757e+02 6.21547900891832982850e-01
8.02130623763599115428e-01 5.87214459231271934669e+00 -8.20756932490379398359e-01 1.27291338996896428171e+02 6.23238982109559191969e-01
8.03641902277898334539e-01 5.87798891596657213654e+00 -8.19644168094808889258e-01 1.27278502676166695551e+02 6.24916736194119692982e-01
8.05147709440937053849e-01 5.88384142369203377854e+00 -8.18524533330418524457e-01 1.27265644212700237858e+02 6.26580893691558227232e-01
8.06648035000885443857e-01 5.88970338016629035849e+00 -8.17395246921729157208e-01 1.27252838963963796459e+02 6.28396810768620750487e-01
8.08142868743233711015e-01 5.89557224138294611038e+00 -8.16261458616115431752e-01 1.27239943259947992260e+02 6.30051972247327007892e-01
8.09632200490861042574e-01 5.90144916425028398521e+00 -8.15120668284301408413e-01 1.27227026431033650056e+02 6.31694753516075180322e-01
8.11116020104105994726e-01 5.90733410387158652810e+00 -8.13972840312129131135e-01 1.27214088691886914262e+02 6.33325046775477185079e-01
8.12594317480834105183e-01 5.91322701368251912868e+00 -8.12817938740469814185e-01 1.27201130253784981505e+02 6.34942757513999200825e-01
8.14067082556508059277e-01 5.91912784819767079370e+00 -8.11655927782497954581e-01 1.27188151331604373695e+02 6.36547776540328347217e-01
8.15534305304254858449e-01 5.92503655912281868012e+00 -8.10486771018687379708e-01 1.27175152147657342994e+02 6.38140025534637334026e-01
8.16995975734935098167e-01 5.93095309778780777066e+00 -8.09310432261542311849e-01 1.27162132922624039111e+02 6.39719406386919708929e-01
8.18452083897210691532e-01 5.93687741462157170247e+00 -8.08126874910487735804e-01 1.27149093883189337362e+02 6.41285840029757525649e-01
8.19902619877612370836e-01 5.94280945902880830545e+00 -8.06936061892144840257e-01 1.27136035255512069853e+02 6.42839270087652292496e-01
8.21347573800607411165e-01 5.94874917949071768675e+00 -8.05737956522958098660e-01 1.27122957273210360540e+02 6.44379611505142557704e-01
8.22786935828667020942e-01 5.95469652339299049260e+00 -8.04532521570471614858e-01 1.27109860166940208615e+02 6.45906806782429732117e-01
8.24220696162332733259e-01 5.96065143717476875196e+00 -8.03319719595995129779e-01 1.27096744174698585539e+02 6.47420805842047641931e-01
8.25648845040284129482e-01 5.96661386621218703397e+00 -8.02099512805257708337e-01 1.27083609535665402746e+02 6.48921575076491286005e-01
8.27071372739403898322e-01 5.97258375475853053871e+00 -8.00871863202278100324e-01 1.27070456487805984125e+02 6.50409088283815051135e-01
8.28488269574845448417e-01 5.97856104606268079493e+00 -7.99636732486090795469e-01 1.27057285275888062870e+02 6.51883333252587182649e-01
8.29899525900098078424e-01 5.98454568217869820046e+00 -7.98394082385161074633e-01 1.27044096141515112208e+02 6.53344291696413392856e-01
8.31305132107052369150e-01 5.99053760415853187027e+00 -7.97143873998131802239e-01 1.27030889334957151959e+02 6.54791979348568586872e-01
8.32705078626066685921e-01 5.99653506632313870739e+00 -7.95890055263017481835e-01 1.27017568811312841603e+02 6.55984543541364484298e-01
8.34099355926031127417e-01 6.00254124538172995074e+00 -7.94625056577756949672e-01 1.27004319981280431762e+02 6.57378789023387533064e-01
8.35487954514433028841e-01 6.00855451804019846662e+00 -7.93352428584097935094e-01 1.26991053794987394099e+02 6.58757003399288776357e-01
8.36870864937421798935e-01 6.01457482043984281717e+00 -7.92072135908104768554e-01 1.26977770503143787550e+02 6.60118972184517871504e-01
8.38248077779872757809e-01 6.02060208735011226366e+00 -7.90784142852551941161e-01 1.26964470349112346526e+02 6.61464496978750093881e-01
8.39619583665451307830e-01 6.02663625248100487397e+00 -7.89488414289074236230e-01 1.26951153590088864576e+02 6.62793342442465238662e-01
8.40985373256677326559e-01 6.03267724814288808233e+00 -7.88184914847773976376e-01 1.26937820476796076719e+02 6.64105284923162120236e-01
8.42345437254987894349e-01 6.03872500553702273862e+00 -7.86873609509569527098e-01 1.26924471273027663187e+02 6.65400077455175376073e-01
8.43699766400801687283e-01 6.04477945444603026459e+00 -7.85554463048517392920e-01 1.26911106237530560747e+02 6.66677483265024073411e-01
8.45048351473580483528e-01 6.05084052361285529287e+00 -7.84227440654237106799e-01 1.26897725649008705773e+02 6.67937239075986566306e-01
8.46391183291893445251e-01 6.05690814009867395384e+00 -7.82892507544701965472e-01 1.26884329768198327315e+02 6.69179077898311547301e-01
8.47728252713479291103e-01 6.06298222988787038901e+00 -7.81549628892861503182e-01 1.26870918875615188881e+02 6.70402734643767317380e-01
8.49059550635307469513e-01 6.06906271765644067528e+00 -7.80198770532545160528e-01 1.26857493259970013355e+02 6.71607903524761074010e-01
8.50385067993641552420e-01 6.07514952648639017241e+00 -7.78839898109541683979e-01 1.26844053201132780373e+02 6.72794289272292456161e-01
8.51704795764099964472e-01 6.08124257828771774825e+00 -7.77472977385407104656e-01 1.26830598997485950008e+02 6.73961589777828384840e-01
8.53018724961718044497e-01 6.08734179354251914162e+00 -7.76097974915545774088e-01 1.26817130952924657095e+02 6.75109455090622256890e-01
8.54326846641008552652e-01 6.09344709119673311193e+00 -7.74714856779494032146e-01 1.26803649369960510285e+02 6.76237564456752093811e-01
8.55629151896023509849e-01 6.09955838887458501318e+00 -7.73323590156719475885e-01 1.26790154566528627811e+02 6.77345531679633516831e-01
8.56925631860413927754e-01 6.10567560193215630449e+00 -7.71924141619866444053e-01 1.26776646868149242664e+02 6.78432992775616527936e-01
8.58216277707490537985e-01 6.11180070553282028811e+00 -7.70510245885570599356e-01 1.26763241977784815617e+02 6.79880674059744172233e-01
8.59501080650284077223e-01 6.11792962504300952276e+00 -7.69093672017143070718e-01 1.26749716374509802108e+02 6.80966671388737676551e-01
8.60780031941604684143e-01 6.12406420421668329368e+00 -7.67668752761373807125e-01 1.26736179022100031943e+02 6.82035036587200660385e-01
8.62053122874101962481e-01 6.13020435265222651822e+00 -7.66235450943687612657e-01 1.26722630235968210854e+02 6.83085665568368916034e-01
8.63320344780323600808e-01 6.13634997800074710739e+00 -7.64793728003716921648e-01 1.26709070314534599788e+02 6.84118542287673214730e-01
8.64581689032775213555e-01 6.14250098687723067314e+00 -7.63343547825217849656e-01 1.26695499602289686436e+02 6.85133508133949686858e-01
8.65837147043978516692e-01 6.14865728370376363188e+00 -7.61884869545884191311e-01 1.26681918409863797592e+02 6.86130697720083726487e-01
8.67086710266529503421e-01 6.15481877113557107606e+00 -7.60417658618551373095e-01 1.26668327059279164359e+02 6.87109867731020673709e-01
8.68330370193157397019e-01 6.16098535046502249202e+00 -7.58941875441868418761e-01 1.26654725892159632394e+02 6.88071089560594262302e-01
8.69568118356782493450e-01 6.16715691992980286074e+00 -7.57457482738002729761e-01 1.26641115180388524664e+02 6.89014298538624281321e-01
8.70799946330572671727e-01 6.17333337764894540811e+00 -7.55964442079248066797e-01 1.26627495301128703886e+02 6.89939510823631585446e-01
8.72025845728002679813e-01 6.17951461876403040918e+00 -7.54462715646702863914e-01 1.26613866567506718752e+02 6.90846712368047621844e-01
8.73245808202909201690e-01 6.18570053645320339086e+00 -7.52952264811288962676e-01 1.26600229289876907046e+02 6.91735947824614338941e-01
8.74459825449549366105e-01 6.19189102224522436302e+00 -7.51433051511264271660e-01 1.26586583799268808548e+02 6.92607237901749606124e-01
8.75667889202656035685e-01 6.19808596568581382513e+00 -7.49905038009944346911e-01 1.26572930428682781212e+02 6.93460594334450508569e-01
8.76869991237495205461e-01 6.20428525358365856590e+00 -7.48368184186925633483e-01 1.26559269464288050244e+02 6.94296184976191388394e-01
8.78066123369920736863e-01 6.21048877132326637707e+00 -7.46822453345649561740e-01 1.26545601237813002626e+02 6.95113982094752169694e-01
8.79256277456431312167e-01 6.21669640180354132752e+00 -7.45267805792097726147e-01 1.26531926052566205954e+02 6.95914153900176413181e-01
8.80440445394225390530e-01 6.22290802597381542682e+00 -7.43704202625939392313e-01 1.26518244224966835532e+02 6.96696834774483519936e-01
8.81618619121255608917e-01 6.22912155451562998820e+00 -7.42140888996282832579e-01 1.26504452449884979615e+02 6.96889532222499830105e-01
8.82790790616284959391e-01 6.23534073683125544818e+00 -7.40560197489945060134e-01 1.26490756234151305648e+02 6.97579559527977566269e-01
8.83956951898940523904e-01 6.24156354928149870176e+00 -7.38970522051825118304e-01 1.26477054938973864751e+02 6.98247102682520659478e-01
8.85117095029768430337e-01 6.24778986794581303599e+00 -7.37371838204385010584e-01 1.26463349163629231953e+02 6.98891473467847745837e-01
8.86271212110287143204e-01 6.25401955558316302586e+00 -7.35764097393730165386e-01 1.26449638787846794230e+02 6.99513459265929893327e-01
8.87419295283041753564e-01 6.26025248892632646402e+00 -7.34147283540314332662e-01 1.26435924815604764149e+02 7.00111866090486811842e-01
8.88561336731657602783e-01 6.26648853345941070359e+00 -7.32521363696127636445e-01 1.26422207502889747843e+02 7.00686646931555245921e-01
8.89697328680893129160e-01 6.27272755248229962888e+00 -7.30886306700402887948e-01 1.26408487299169365770e+02 7.01237562185011986671e-01
8.90827263396692936581e-01 6.27896941688569487638e+00 -7.29242059350911242532e-01 1.26394765174976214439e+02 7.01765806599542241173e-01
8.91951133186240308071e-01 6.28521396044049751595e+00 -7.27588666744234946471e-01 1.26381040166077156073e+02 7.02266473093159038221e-01
8.93068930398010163429e-01 6.29146106620621736738e+00 -7.25926026833484727696e-01 1.26367314213226762831e+02 7.02743848295952600047e-01
8.94180647421820240517e-01 6.29771058017088591896e+00 -7.24254136921019697759e-01 1.26353587332985739522e+02 7.03196055013978638115e-01
8.95286276688883719821e-01 6.30396236206053917073e+00 -7.22572883163471457735e-01 1.26339860327795889816e+02 7.03628139612424652327e-01
8.96385810671860183696e-01 6.31021624295341521105e+00 -7.20882496947766293616e-01 1.26326133112255220681e+02 7.04023792725783637003e-01
8.97479241884907241733e-01 6.31647208350746325323e+00 -7.19182705131487853834e-01 1.26312406558526930667e+02 7.04397974305477903023e-01
8.98566562883731378975e-01 6.32272972903498242658e+00 -7.17473556300464831992e-01 1.26298681430404428738e+02 7.04745772498150402363e-01
8.99647766265638582084e-01 6.32898901977501360250e+00 -7.15755030994936425337e-01 1.26284958216023355249e+02 7.05066507111082541037e-01
9.00722844669584632449e-01 6.33524979085541417589e+00 -7.14027087150585493269e-01 1.26271237219505110261e+02 7.05360928520859742363e-01
9.01791790776225510307e-01 6.34151189225527112114e+00 -7.12289763713890078378e-01 1.26257520027484602565e+02 7.05624837671788962545e-01
9.02854597307967132735e-01 6.34777603291478431657e+00 -7.10530060399650609249e-01 1.26243832850940080448e+02 7.06665864597434634220e-01
9.03911257029014647557e-01 6.35404015545356948280e+00 -7.08772594100828490227e-01 1.26230113424555597135e+02 7.06949790699264890570e-01
9.04961762745422060306e-01 6.36030506328565437002e+00 -7.07005542018049437658e-01 1.26216397030750385966e+02 7.07210846236387080666e-01
9.06006107305140861996e-01 6.36657057795800795930e+00 -7.05228877398039966096e-01 1.26202684110668727158e+02 7.07449049806220919834e-01
9.07044283598068878938e-01 6.37283652362491181975e+00 -7.03442548401707501426e-01 1.26188975411547929184e+02 7.07666043220789520163e-01
9.08076284556099455614e-01 6.37910269989134981472e+00 -7.01646585371420217214e-01 1.26175270545696776026e+02 7.07858348267622394800e-01
9.09102103153167639960e-01 6.38536892935728328524e+00 -6.99840972145311601693e-01 1.26161570722840579606e+02 7.08025422814031690777e-01
9.10121732405300032376e-01 6.39163502256663385026e+00 -6.98025594305981766929e-01 1.26147876200082990295e+02 7.08173087460457484354e-01
9.11135165370661193052e-01 6.39790077898421127855e+00 -6.96200486455027744981e-01 1.26134187289796585674e+02 7.08297714528840938186e-01
9.12142395149601159510e-01 6.40416599158473953679e+00 -6.94365586826007463728e-01 1.26120503829274554164e+02 7.08401805071382284495e-01
9.13143414884702742107e-01 6.41043048837086981706e+00 -6.92520984718920429302e-01 1.26106828440268444069e+02 7.08478562633455655195e-01
9.14138217760827709313e-01 6.41669400899679054362e+00 -6.90666549011028307881e-01 1.26093157905945432162e+02 7.08534837860715138724e-01
9.15126797005163528098e-01 6.42295639288479058848e+00 -6.88802156911443530518e-01 1.26079495499216037047e+02 7.08577302729763713884e-01
9.16109145887269216146e-01 6.42921772761508414362e+00 -6.86926965874319006566e-01 1.26065858484346605906e+02 7.08658559313593339191e-01
9.17085257719121638154e-01 6.43547687141569824121e+00 -6.85044341259480549233e-01 1.26052197886596374587e+02 7.08563901169645737887e-01
9.18055125855160469861e-01 6.44173444257957061865e+00 -6.83150124785686929663e-01 1.26038556333344871518e+02 7.08555668358608281565e-01
9.19018743692333606177e-01 6.44798981642539370540e+00 -6.81247785855156884338e-01 1.26024918179951299635e+02 7.08413816742230584289e-01
9.19976104670142347253e-01 6.45424341388692202059e+00 -6.79333023172483452257e-01 1.26011313636019323781e+02 7.08410024649069214320e-01
9.20927202270686140473e-01 6.46049422055954458699e+00 -6.77409726145657531404e-01 1.25997704238363056106e+02 7.08296633911904449654e-01
9.21872030018706323240e-01 6.46674228426033348427e+00 -6.75476298580790168735e-01 1.25984104266106768932e+02 7.08174306657626817518e-01
9.22810581481630642919e-01 6.47298923953063987113e+00 -6.73552209536250945376e-01 1.25970686081485084173e+02 7.06817217621729998456e-01
9.23742850269617443715e-01 6.47923172478366549143e+00 -6.71599371653690102590e-01 1.25957149819223332088e+02 7.06622419067801987858e-01
9.24668830035598299233e-01 6.48547073076790692170e+00 -6.69637268521745654404e-01 1.25943627184781846040e+02 7.06362605596567272315e-01
9.25588514475321866293e-01 6.49170596357684370759e+00 -6.67665770960774063170e-01 1.25930115989972804869e+02 7.06045379534838479785e-01
9.26501897327396517490e-01 6.49793696554796706977e+00 -6.65680261740333900633e-01 1.25916590940145027844e+02 7.05963096123073396981e-01
9.27408972373333306827e-01 6.50416437035331629346e+00 -6.63693241785360821261e-01 1.25903145335271105409e+02 7.05324980912962029578e-01
9.28309733437587714100e-01 6.51038703086532422049e+00 -6.61692265699542536694e-01 1.25889688458599849241e+02 7.04918261202102547358e-01
9.29204174387602388485e-01 6.51660493359344172859e+00 -6.59681183256232928080e-01 1.25876248356947201046e+02 7.04499644325143004053e-01
9.30092289133848337812e-01 6.52281778897784292326e+00 -6.57659847153479915072e-01 1.25862824430539859577e+02 7.04078843890856953536e-01
9.30974071629866561928e-01 6.52902548342748012544e+00 -6.55630160034625819598e-01 1.25849433786556573978e+02 7.03535541709068956706e-01
9.31849515872309464015e-01 6.53522748109657847237e+00 -6.53590155426524432869e-01 1.25836055391905844658e+02 7.02994825365396369676e-01
9.32718615900981373734e-01 6.54142376477312037508e+00 -6.51540029184538238560e-01 1.25822708036417807875e+02 7.02445830574490281961e-01
9.33581365798879514450e-01 6.54761379526417908181e+00 -6.49479841223884468704e-01 1.25809377125940244468e+02 7.01884911776037956344e-01
9.34437759692233416153e-01 6.55379731284564392979e+00 -6.47410284351599307762e-01 1.25796068249661431082e+02 7.01268884732048736197e-01
9.35287791750546215752e-01 6.55997429282615662771e+00 -6.45331145234849468117e-01 1.25782799638844949186e+02 7.00613411771179750431e-01
9.36131456186633403860e-01 6.56614381632690236046e+00 -6.43241291650541890945e-01 1.25769529561897456915e+02 6.99990549820139085213e-01
9.36968747256662348732e-01 6.57230651436174273528e+00 -6.41143420457460755379e-01 1.25756328420624157616e+02 6.99231733724110626760e-01
9.37799659260191820209e-01 6.57846123063707111100e+00 -6.39035213864712958731e-01 1.25743136107090805353e+02 6.98484734467650691947e-01
9.38624186540210181384e-01 6.58460782781529641028e+00 -6.36916615361467486345e-01 1.25729965520482494412e+02 6.97755658959161584320e-01
9.39442323483174468457e-01 6.59074613182193136396e+00 -6.34789391456400675651e-01 1.25716833680998774980e+02 6.96933626207374312678e-01
9.40254064519048693427e-01 6.59687572669648858437e+00 -6.32652416657853544635e-01 1.25703732923842125047e+02 6.96092953940949499270e-01
9.41059404121340592475e-01 6.60298847129509791642e+00 -6.30484727708911396604e-01 1.25690087823212394369e+02 6.96564557963893604686e-01
9.41858336807141038882e-01 6.60909865431907039834e+00 -6.28329551432426303137e-01 1.25676993619023093629e+02 6.95608186700899744359e-01
9.42650857137159903232e-01 6.61519842762641463452e+00 -6.26158617083636515055e-01 1.25663870234155652383e+02 6.95028148834258119315e-01
9.43436959715763689971e-01 6.62128805217268912031e+00 -6.23981070666255743795e-01 1.25650790988429335471e+02 6.94237765892630531717e-01
9.44216639191012285792e-01 6.62736752652249894169e+00 -6.21794516599537883117e-01 1.25637772558543517221e+02 6.93396723150045635187e-01
9.44989890254695485972e-01 6.63343515211237644280e+00 -6.19598053569948126196e-01 1.25624726845906025119e+02 6.92562413484818950593e-01
9.45756707642368521505e-01 6.63949354397299806863e+00 -6.17396865842319009232e-01 1.25611869077228121228e+02 6.91412177765899693682e-01
9.46517086133388918512e-01 6.64553845255382924506e+00 -6.15183798337752496543e-01 1.25598922954521469819e+02 6.90401509045656114338e-01
9.47271020550951026173e-01 6.65157262722039988034e+00 -6.12961266039801166983e-01 1.25586103379284338644e+02 6.89389499103037595162e-01
9.48018505762121987956e-01 6.65759200617663893240e+00 -6.10725149853457716098e-01 1.25573156801296704543e+02 6.88636281785895087992e-01
9.48759536677876158528e-01 6.66359859678906829572e+00 -6.08484144834657625367e-01 1.25560275189771729742e+02 6.87588213736690101463e-01
9.49494108253130075781e-01 6.66959370706982834776e+00 -6.06235497814683221840e-01 1.25547562649092554921e+02 6.86436697257258310323e-01
9.50222215486776988769e-01 6.67557389875125739565e+00 -6.03976799036596290193e-01 1.25534813660385665912e+02 6.85333585919436827361e-01
9.50943853421720053376e-01 6.68153967327681996835e+00 -6.01708923908508275247e-01 1.25522093864967771992e+02 6.84231277354003797342e-01
9.51659017144907415364e-01 6.68749047764996618071e+00 -5.99431676673394586707e-01 1.25509396136078891004e+02 6.83148673209353018976e-01
9.52367701787364628885e-01 6.69342674186548247661e+00 -5.97146060323825889071e-01 1.25496783502019709999e+02 6.82030174748129547346e-01
9.53069902524227741125e-01 6.69934677016142376971e+00 -5.94852316976363759693e-01 1.25484176537571428867e+02 6.80861813986575081792e-01
9.53765614574776932066e-01 6.70525019251468368253e+00 -5.92551885668859967815e-01 1.25471588612428121223e+02 6.79556209745545092282e-01
9.54454833202468377884e-01 6.71113746627543683587e+00 -5.90242576598700274815e-01 1.25459073258401701878e+02 6.78269679297328509371e-01
9.55137553714966891505e-01 6.71700786147576156537e+00 -5.87925108285476283321e-01 1.25446618290592454059e+02 6.76962128246971328593e-01
9.55813771464177897030e-01 6.72285968922980714524e+00 -5.85598814076468632273e-01 1.25434142419241197786e+02 6.75681429002530253847e-01
9.56483481846278404959e-01 6.72869366797586376805e+00 -5.83264140583944490359e-01 1.25421729186270155765e+02 6.74412371503499863401e-01
9.57146680301749208652e-01 6.73450873203575284265e+00 -5.80921302498152547500e-01 1.25409343679235675495e+02 6.73148586292595774161e-01
9.57803362315405748539e-01 6.74030477397881000456e+00 -5.78572369977519707085e-01 1.25397023453602685095e+02 6.71763977856907779085e-01
9.58453523416427977111e-01 6.74610381140686854451e+00 -5.76241151313105826048e-01 1.25386384524119819162e+02 6.68782299287308923397e-01
9.59097159178392222323e-01 6.75186109656746502594e+00 -5.73884817053955331723e-01 1.25374283320245652362e+02 6.66870395364179469055e-01
9.59734265219300386462e-01 6.75759876132848713581e+00 -5.71522486214272817939e-01 1.25362320187076377920e+02 6.64867730071533769021e-01
9.60364837201609811146e-01 6.76331694697981244957e+00 -5.69145087734080679098e-01 1.25350500266808623451e+02 6.63398425533359814565e-01
9.60988870832263142319e-01 6.76900856708911380366e+00 -5.66759077991773274618e-01 1.25338416610342363811e+02 6.62013136984196393087e-01
9.61606361862717418099e-01 6.77467328017213876734e+00 -5.64349532442650514419e-01 1.25326011303815661790e+02 6.61730746968695826560e-01
9.62217306088972823552e-01 6.78033239301707801872e+00 -5.61985954167411705384e-01 1.25315099435647667292e+02 6.57993673507324405847e-01
9.62821699351601556494e-01 6.78595290986604737782e+00 -5.59561599867528847163e-01 1.25302976021795899442e+02 6.57847099523960032741e-01
9.63419537535776138171e-01 6.79155445345752717401e+00 -5.57167385765398592845e-01 1.25291455250971353053e+02 6.55277100533222411904e-01
9.64010816571297390887e-01 6.79714111046553437490e+00 -5.54780362862701270643e-01 1.25280747196301035729e+02 6.51867393738621014876e-01
9.64595532432621638463e-01 6.80267965466766888483e+00 -5.52331025624670957086e-01 1.25268286310056055299e+02 6.52178357715334389155e-01
9.65173681138889238973e-01 6.80820500174384779513e+00 -5.49912443640702353065e-01 1.25256959627446633476e+02 6.50105619428551051442e-01
9.65745258753950674979e-01 6.81369766883650385125e+00 -5.47488960757677500801e-01 1.25245307629092067714e+02 6.47984828874983542768e-01
9.66310261386393642979e-01 6.81916522800841651275e+00 -5.45057839211956274283e-01 1.25233875360610895200e+02 6.46065316180816529013e-01
9.66868685189569476712e-01 6.82461345316211343004e+00 -5.42620497886517227926e-01 1.25223111387276361484e+02 6.44307261565491340427e-01
9.67420526361620347622e-01 6.83002321358746922186e+00 -5.40170929986553138846e-01 1.25211723787194969759e+02 6.43043224560687742830e-01
9.67965781145503245675e-01 6.83540519542732649683e+00 -5.37725654200790104120e-01 1.25200580128437607641e+02 6.41228215688200653410e-01
9.68504445829016735736e-01 6.84075645513423058475e+00 -5.35276246316174653117e-01 1.25189481287050682567e+02 6.39448129731547854071e-01
9.69036516744826603720e-01 6.84607868395353502677e+00 -5.32824162605820994543e-01 1.25178601789591155580e+02 6.37641557945724080092e-01
9.69561990270489948429e-01 6.85136861886882364558e+00 -5.30370818830533941046e-01 1.25167775967153346528e+02 6.35721411810800995923e-01
9.70080862828479939530e-01 6.85662646926038554795e+00 -5.27917223013841807600e-01 1.25157075478925534640e+02 6.33649321276279153814e-01
9.70593130886211241659e-01 6.86184933884084635736e+00 -5.25461115437587555910e-01 1.25146339251832358741e+02 6.31595271829965110300e-01
9.71098790956062218882e-01 6.86703856373175991479e+00 -5.23003634406719930539e-01 1.25135718679976591261e+02 6.29521396565404622869e-01
9.71597839595400469825e-01 6.87219352841511899044e+00 -5.20544596296729888962e-01 1.25125223705249950967e+02 6.27471023432423002930e-01
9.72090273406605143158e-01 6.87731255269964059096e+00 -5.18084482003957069729e-01 1.25114795072930618858e+02 6.25436280902559982309e-01
9.72576089037090585343e-01 6.88239509790369563547e+00 -5.15624042634780455074e-01 1.25104454478173607868e+02 6.23398387943299492342e-01
9.73055283179328878163e-01 6.88740285599425661189e+00 -5.13153719540296537893e-01 1.25091527078857865263e+02 6.21818554702191828021e-01
9.73527852570872820337e-01 6.89240505910595047112e+00 -5.10685955202165975386e-01 1.25080968423351009733e+02 6.20309012901168577159e-01
9.73993793994377243806e-01 6.89737004747000348459e+00 -5.08220919905306600661e-01 1.25070634592804779572e+02 6.18699614454873647595e-01
9.74453104277621995344e-01 6.90229362510873656333e+00 -5.05759476137157992781e-01 1.25060296540308144131e+02 6.16944986243983195529e-01
9.74905780293532697733e-01 6.90718148735018022677e+00 -5.03313354928135892052e-01 1.25050491988919063147e+02 6.14303085298208428888e-01
9.75351818960202621156e-01 6.91202584027087230112e+00 -5.00869928424516497323e-01 1.25040651896355200279e+02 6.11651855011900336123e-01
9.75791217240913111297e-01 6.91682815326727240546e+00 -4.98427707495269323168e-01 1.25030929432549115177e+02 6.09153879702806322349e-01
9.76223972144155016650e-01 6.92158492735341202007e+00 -4.95986814053558655591e-01 1.25021139331622904933e+02 6.06826778038332070864e-01
9.76650080723648006398e-01 6.92629723298561650324e+00 -4.93547788143353372003e-01 1.25011420844341188285e+02 6.04691752556893669102e-01
9.77069540078361775670e-01 6.93096040932419921177e+00 -4.91111829058731297337e-01 1.25001515699212916388e+02 6.02684991128210501010e-01
9.77482347352534808316e-01 6.93558387455467606486e+00 -4.88679230815304899149e-01 1.24992155300255845418e+02 6.00908862975711111076e-01
9.77888499735694360915e-01 6.94015719518673712685e+00 -4.86254920378417665461e-01 1.24982699607116828133e+02 5.98996052476881035709e-01
9.78287994462675891683e-01 6.94467933106272194976e+00 -4.83837375784419931879e-01 1.24973127107991899720e+02 5.97104815724180282288e-01
9.78680828813640935060e-01 6.94915678985838614068e+00 -4.81431941041261246550e-01 1.24964006695578987660e+02 5.94963161966203246678e-01
9.79067000114096308572e-01 6.95357911224568692177e+00 -4.79035323965564086013e-01 1.24954633764401023655e+02 5.92789309564722532997e-01
9.79446505734912542529e-01 6.95795800347629977978e+00 -4.76651208092844391739e-01 1.24945939063343843145e+02 5.90473811042131146998e-01
9.79819343092340866441e-01 6.96228629321539305153e+00 -4.74281041507220169073e-01 1.24937491788390630632e+02 5.87924721724588428273e-01
9.80185509648031860763e-01 6.96655384605943872600e+00 -4.71920602368021191442e-01 1.24928597342557068828e+02 5.85433547968388423577e-01
9.80545002909051777173e-01 6.97077100098690660701e+00 -4.69572029911248134404e-01 1.24920082170107619390e+02 5.82999355415927067448e-01
9.80897820427900302143e-01 6.97493236985649733839e+00 -4.67235165350946390905e-01 1.24911625382665647521e+02 5.80664665459081352772e-01
9.81243959802526766190e-01 6.97903574684133065631e+00 -4.64910766955274501466e-01 1.24903141335007106250e+02 5.78432735580699630695e-01
9.81583418676346575182e-01 6.98308319906662067211e+00 -4.62600961586737580156e-01 1.24894864974380993772e+02 5.76245049845630519236e-01
9.81916194738257197550e-01 6.98707145492401338061e+00 -4.60306513283027796124e-01 1.24886634412950854767e+02 5.74099430000435839716e-01
9.82242285722654373536e-01 6.99100032297029283512e+00 -4.58028859281471079079e-01 1.24878515109927846538e+02 5.71972883938998477582e-01
9.82561689409446659127e-01 6.99486974550599249767e+00 -4.55770067756996466457e-01 1.24870592123888471292e+02 5.69798421310704017451e-01
9.82874403624071413255e-01 6.99867919404247551540e+00 -4.53533591770678534694e-01 1.24862925689187960643e+02 5.67406955102299215277e-01
9.83180426237509119680e-01 7.00242508996902301988e+00 -4.51316776439711131452e-01 1.24855300903636830867e+02 5.65049401701223086292e-01
9.83479755166297819891e-01 7.00610744566126886212e+00 -4.49120636695132857685e-01 1.24847795922742037078e+02 5.62743128611797316374e-01
9.83772388372547657021e-01 7.00972544760176674572e+00 -4.46946329900178074279e-01 1.24840429863217579509e+02 5.60489967038501180063e-01
9.84058323863954753641e-01 7.01327754548862003503e+00 -4.44794932306123824706e-01 1.24833166735742111086e+02 5.58292895401830691071e-01
9.84337559693814090345e-01 7.01676296034445190486e+00 -4.42667919914815244375e-01 1.24826030396267469769e+02 5.56134368334065265493e-01
9.84610093961033494558e-01 7.02018078983155824346e+00 -4.40566689478125328439e-01 1.24819033168118835420e+02 5.54004450994786012963e-01
9.84875924810146630151e-01 7.02352880963261227976e+00 -4.38491678987858735095e-01 1.24812084414876352412e+02 5.51949821397991424732e-01
9.85135050431324765796e-01 7.02680852591719773415e+00 -4.36447951370317999142e-01 1.24805408656727706784e+02 5.49715672383312203841e-01
9.85387469060390319697e-01 7.03001992635821526534e+00 -4.34433524170098006589e-01 1.24799052260982364260e+02 5.47554485563877868515e-01
9.85633178978827628747e-01 7.03315617519745828190e+00 -4.32448905870571553844e-01 1.24792577828329427803e+02 5.45469506505577461652e-01
9.85872178513795716093e-01 7.03622028693466194937e+00 -4.30496344303794575836e-01 1.24786294012167630285e+02 5.43432723664405537001e-01
9.86104466038138838258e-01 7.03921153351887962657e+00 -4.28577658615169831968e-01 1.24780227657727465385e+02 5.41412630331223443392e-01
9.86330039970398142479e-01 7.04219073428930819603e+00 -4.26701808239008162360e-01 1.24779069106120005017e+02 5.39480133621418778134e-01
9.86548898774822102808e-01 7.04503165244712548088e+00 -4.24852107394114220096e-01 1.24773298679603470873e+02 5.37699608229045722396e-01
9.86761040961377400293e-01 7.04779632897361008048e+00 -4.23039884911243668775e-01 1.24767711027928115186e+02 5.35973319699792560833e-01
9.86966465085758248854e-01 7.05048329938425855090e+00 -4.21267105478463410595e-01 1.24762274722760651002e+02 5.34254268280793365165e-01
9.87165169749397164445e-01 7.05309171145789548518e+00 -4.19534294455513601108e-01 1.24756987472544736306e+02 5.32609967462853495235e-01
9.87357153599473957861e-01 7.05561985133613145393e+00 -4.17843147043532370244e-01 1.24751793043546470585e+02 5.31011265119036179883e-01
9.87542415328925060614e-01 7.05806818499046251247e+00 -4.16195125226805684449e-01 1.24746794959468985553e+02 5.29469876740246148117e-01
9.87720953676452295689e-01 7.06043835983117684663e+00 -4.14592473241287173824e-01 1.24742193374418107510e+02 5.27951862801066096331e-01
9.87892767426531648312e-01 7.06272063387417059488e+00 -4.13036569795024621765e-01 1.24737318881287635008e+02 5.26361938007427365704e-01
9.88057855409421592618e-01 7.06493245680407699894e+00 -4.11531219687090943360e-01 1.24733577617232512580e+02 5.24725515572564082944e-01
9.88216216501170752196e-01 7.06704785674205471224e+00 -4.10073620101918001613e-01 1.24729025420442397376e+02 5.23072681784292670137e-01
9.88367849623625893685e-01 7.06908848792105981573e+00 -4.08665925492745552017e-01 1.24725365781194994952e+02 5.21600899822191155231e-01
9.88512753744439143233e-01 7.07104166817987422888e+00 -4.07327450062710150203e-01 1.24721903789399675588e+02 5.18814659944085820875e-01
9.88650927877074869876e-01 7.07291185181347170641e+00 -4.06039575575596944912e-01 1.24718805320759670963e+02 5.16284736888136808197e-01
9.88782371080816346876e-01 7.07469907636157291364e+00 -4.04812343960425202738e-01 1.24716228435935491348e+02 5.13358457792743805292e-01
9.88907082460772635102e-01 7.07639701720668856666e+00 -4.03637105883528080064e-01 1.24713628063255740130e+02 5.10724898876563915273e-01
9.89025061167884578239e-01 7.07802137479765836048e+00 -4.02530809193432703719e-01 1.24712432966675265789e+02 5.07383689516837876887e-01
9.89136306398929687766e-01 7.07954992955566630997e+00 -4.01469516824022598644e-01 1.24710700937856444170e+02 5.04994783707248262594e-01
9.89240817396528693273e-01 7.08093783065726345427e+00 -4.00464149109685252359e-01 1.24705166914349860008e+02 5.02283658079810346742e-01
9.89338593449150427439e-01 7.08226591296154239785e+00 -3.99493400742318038876e-01 1.24701761115955804371e+02 5.01936976500232834297e-01
9.89429633891116377953e-01 7.08352241624881528992e+00 -3.98586324226132659998e-01 1.24699963659817498751e+02 5.01696006516185843971e-01
9.89513938102605350444e-01 7.08465438970149730125e+00 -3.97635185220936770989e-01 1.24694438257267179893e+02 5.09229404192691470499e-01
9.89591505509657798356e-01 7.08560159265509792448e+00 -3.96741818265493650930e-01 1.24681824420687590305e+02 5.16100207762495433172e-01
9.89662335584179708725e-01 7.08656732483164741865e+00 -3.95950093793244306539e-01 1.24678233091427046020e+02 5.21516800256472512487e-01
9.89726427843945932850e-01 7.08754283948513830182e+00 -3.95325396522920258224e-01 1.24683844233953976754e+02 5.20443601529066435241e-01
9.89783781852604072071e-01 7.08832863430618687062e+00 -3.94767673349939285377e-01 1.24682169653243775542e+02 5.18132761631512561706e-01
9.89834397219676587198e-01 7.08907404204071500686e+00 -3.94323256250468545669e-01 1.24685237871151457512e+02 5.12938845342148397322e-01
9.89878273600564240198e-01 7.08971097550962259248e+00 -3.94041848166714836488e-01 1.24688470446781508372e+02 5.00252350629680986316e-01
9.89915410696548092595e-01 7.09025782473667209871e+00 -3.93729516534635448632e-01 1.24690864396389812896e+02 4.95216914487920767396e-01
9.89945808254791503877e-01 7.09057594362410092970e+00 -3.93225118276526452998e-01 1.24679757437449580948e+02 5.08502158223358202704e-01
9.89969466068341796827e-01 7.09089370821897357899e+00 -3.92891699772304925364e-01 1.24677226035051560871e+02 5.15154281490332488502e-01
