00000000000000000000 3.60358956218940518212e+00 -1.91565498725798172286e-01 00000000000000000088 -6.83110188349453150227e-26
2.58315720529896097890e-03 3.60623564794204432005e+00 -1.91563990357529606579e-01 8.79970963246756525677e+01 1.54539145533376832010e-04
5.16629682395841009074e-03 3.60888854883250154160e+00 -1.91562289826634285506e-01 8.79941773168824141749e+01 3.10254074965683225573e-04
7.74940126945856955221e-03 3.61154827817936796563e+00 -1.91560395860685461766e-01 8.79912429315772612881e+01 4.67145740325489795992e-04
1.03324529555191297475e-02 3.61421484933411729656e+00 -1.91558307181076553638e-01 8.79882931237156071802e+01 6.25215062597048024974e-04
1.29154342962189676997e-02 3.61688827568107873489e+00 -1.91556022502921780015e-01 8.79853278482475786859e+01 7.84462933286338495731e-04
1.54983277061159028382e-02 3.61956857063757553306e+00 -1.91553540535069066753e-01 8.79823470601239279176e+01 9.44890212139829562162e-04
1.80811156003663868475e-02 3.62225574765391611365e+00 -1.91550859980044702047e-01 8.79793507142941564325e+01 1.10649772791486869505e-03
2.06637803948452533631e-02 3.62494982021344380740e+00 -1.91547979534026385773e-01 8.79763387657081068483e+01 1.26928627776890586183e-03
2.32463045062654173611e-02 3.62765080183259813751e+00 -1.91544897886813697552e-01 8.79733111693174265611e+01 1.43325662672238161345e-03
2.58286703522975918945e-02 3.63035870606019095419e+00 -1.91541613721448178431e-01 8.79702678800394863856e+01 1.59840952418226992654e-03
2.84108603516900135033e-02 3.63307354647966995742e+00 -1.91538125715195156618e-01 8.79672088528664630758e+01 1.76474565429010914371e-03
3.09928569243880722150e-02 3.63579533670645771437e+00 -1.91534432538271431889e-01 8.79641340427344857744e+01 1.93226569571304106383e-03
3.35746424916540803229e-02 3.63852409038949398123e+00 -1.91530532854502000273e-01 8.79610434045980298379e+01 2.10097028781943686790e-03
3.61561994761869162640e-02 3.64125982121094216026e+00 -1.91526425321130039370e-01 8.79579368934143843717e+01 2.27086003786551278785e-03
3.87375103022416650278e-02 3.64400254288621860965e+00 -1.91522108588777412175e-01 8.79548144641441638214e+01 2.44193552091726733336e-03
4.13185573957493418318e-02 3.64675226916401307165e+00 -1.91517581301404365979e-01 8.79516760717514642920e+01 2.61419727981880827689e-03
4.38993231844364839578e-02 3.64950901382631975878e+00 -1.91512842096266094893e-01 8.79485216712043467169e+01 2.78764582521913396526e-03
4.64797900979448119774e-02 3.65227279069056631755e+00 -1.91507889604977360465e-01 8.79453512175774676507e+01 2.96228158183743737336e-03
4.90599405679508632216e-02 3.65504361360256968538e+00 -1.91502722449764184454e-01 8.79421646657086739651e+01 3.13810506857618723778e-03
5.16397570282855211676e-02 3.65782149644582244008e+00 -1.91497339248278775070e-01 8.79389619706499843232e+01 3.31511666244153468258e-03
5.42192219150537807471e-02 3.66060645313603405526e+00 -1.91491738610682304955e-01 8.79357430874011072319e+01 3.49331673825874862091e-03
5.67983176667541181382e-02 3.66339849762239921915e+00 -1.91485919140255755888e-01 8.79325079709704198194e+01 3.67270563686415739760e-03
5.93770267243982005634e-02 3.66619764388762936491e+00 -1.91479879433362892849e-01 8.79292565763758631192e+01 3.85328366485618604639e-03
6.19553315316303740423e-02 3.66900390594798109234e+00 -1.91473618079412127857e-01 8.79259888586456099802e+01 4.03505109434076133373e-03
6.45332145348472135948e-02 3.67181729785329213911e+00 -1.91467133660818328300e-01 8.79227047728190598264e+01 4.21800816264314773485e-03
6.71106581833170040552e-02 3.67463783368700225296e+00 -1.91460424752965013839e-01 8.79194042739474639347e+01 4.40215507201091853923e-03
6.96876449292992278250e-02 3.67746552756619671243e+00 -1.91453489924167802316e-01 8.79160873170951333577e+01 4.58749198927107821461e-03
7.22641572281641081377e-02 3.68030039363753935788e+00 -1.91446327733201443477e-01 8.79127538571414248736e+01 4.77401916388541392583e-03
7.48401775385119094608e-02 3.68314244609182939172e+00 -1.91438936737916648445e-01 8.79094038494881857559e+01 4.96173650692993250394e-03
7.74156883222925085164e-02 3.68599169914428825834e+00 -1.91431315483434894009e-01 8.79060372491002652851e+01 5.15064416274307532162e-03
7.99906720449247571336e-02 3.68884816704663576203e+00 -1.91423462509293790257e-01 8.79026540110925509452e+01 5.34074215940066963221e-03
8.25651111754157757128e-02 3.69171186408432472348e+00 -1.91415376347745885832e-01 8.78992540905953489982e+01 5.53203048926082571052e-03
8.51389881864804548561e-02 3.69458280457657606277e+00 -1.91407055523715619039e-01 8.78958374427552371344e+01 5.72450910878909060425e-03
8.77122855546606100541e-02 3.69746100287638235216e+00 -1.91398498554757295897e-01 8.78924040227353202681e+01 5.91817793840658176729e-03
9.02849857604444694381e-02 3.70034647337053490546e+00 -1.91389703951011708183e-01 8.78889537857162679302e+01 6.11303686233122429983e-03
9.28570712883857868336e-02 3.70323923047964420618e+00 -1.91380670215163917192e-01 8.78854866868967832261e+01 6.30908572843416788622e-03
9.54285246272232184905e-02 3.70613928865815100977e+00 -1.91371395842398678289e-01 8.78820026814942849569e+01 6.50632434810899731858e-03
9.79993282699994638918e-02 3.70904666239434765984e+00 -1.91361879320356198519e-01 8.78785017247456323730e+01 6.70475249615985584295e-03
1.00569464714180475950e-01 3.71196136621039096681e+00 -1.91352119129086839511e-01 8.78749837719077078191e+01 6.90436991069499992474e-03
1.03138916461774601818e-01 3.71488341466231020149e+00 -1.91342113741005986904e-01 8.78714487782577862163e+01 7.10517629306912316262e-03
1.05707666019451862471e-01 3.71781282234971133249e+00 -1.91331861627348304156e-01 8.78678966995655486016e+01 7.30717099181915109851e-03
1.08275695898662718819e-01 3.72074960388517084198e+00 -1.91321361308897514020e-01 8.78643274903637490070e+01 7.51035416533947508544e-03
1.10842988615757503945e-01 3.72369377392474643074e+00 -1.91310611089443333155e-01 8.78607411063568406462e+01 7.71472515602537878276e-03
1.13409526692105272483e-01 3.72664534716446160800e+00 -1.91299609486360711053e-01 8.78571375029214038932e+01 7.92028351272006797545e-03
1.15975292654212733257e-01 3.72960433833017335203e+00 -1.91288354933380227996e-01 8.78535166354598402449e+01 8.12702874279732333240e-03
1.18540269033843417845e-01 3.73257076218172567650e+00 -1.91276845856348798325e-01 8.78498784594012107618e+01 8.33496031481467322677e-03
1.21104438368136405058e-01 3.73554463351295806817e+00 -1.91265080673188425653e-01 8.78462229302018613453e+01 8.54407765828032496336e-03
1.23667783199725281329e-01 3.73852596715171481279e+00 -1.91253057793849601254e-01 8.78425500033461901239e+01 8.75438016341912629559e-03
1.26230286076857156630e-01 3.74151477795986631136e+00 -1.91240775620268033119e-01 8.78388596343480685391e+01 8.96586718087908317310e-03
1.28791929553511097506e-01 3.74451108083330330700e+00 -1.91228232546320070506e-01 8.78351517787510402968e+01 9.17853802150897860046e-03
1.31352696189517337277e-01 3.74751489070196130982e+00 -1.91215426957778183992e-01 8.78314263921299982485e+01 9.39239195603646520594e-03
1.33912568550675792345e-01 3.75052622252981571194e+00 -1.91202357232266195730e-01 8.78276834300913833431e+01 9.60742821482024958457e-03
1.36471529208874592376e-01 3.75354509131489777474e+00 -1.91189021739215814222e-01 8.78239228482747336102e+01 9.82364598750570111596e-03
1.39029560742209123969e-01 3.75657151208930173425e+00 -1.91175418839821198436e-01 8.78201446023535368113e+01 1.00410444227147562651e-02
1.41586645735100435939e-01 3.75960549991918968615e+00 -1.91161546886995686867e-01 8.78163486480361683562e+01 1.02596226276971264069e-02
1.44142766778413616846e-01 3.76264706988388208941e+00 -1.91147404209644378170e-01 8.78125349400494457086e+01 1.04793804302701163561e-02
1.46697906469576699884e-01 3.76569623715403878350e+00 -1.91132989171237471782e-01 8.78087034359432863084e+01 1.07003155291825729351e-02
1.49252047412698846118e-01 3.76875301688131969513e+00 -1.91118300087026737888e-01 8.78048540907229266850e+01 1.09224275155267811638e-02
1.51805172218688999575e-01 3.77181742426793142897e+00 -1.91103335276148256217e-01 8.78009868602338343635e+01 1.11457153375585805294e-02
1.54357263505374042722e-01 3.77488947455012446852e+00 -1.91088093049198659568e-01 8.77971017003595477490e+01 1.13701779020570180323e-02
1.56908303897617312783e-01 3.77796918299818784703e+00 -1.91072571708185035000e-01 8.77931985670227419405e+01 1.15958140741395585027e-02
1.59458276027436895994e-01 3.78105656491644159800e+00 -1.91056769546476296062e-01 8.77892774161857118997e+01 1.18226226771049464093e-02
1.62007162534123755337e-01 3.78415163564323187018e+00 -1.91040684848752112535e-01 8.77853382038516230068e+01 1.20506024922246556680e-02
1.64554946064359886027e-01 3.78725441055092204579e+00 -1.91024315890953477748e-01 8.77813808860650652832e+01 1.22797522586031090941e-02
1.67101609272336831813e-01 3.79036490504588297057e+00 -1.91007660940230999946e-01 8.77774054189130481518e+01 1.25100706730130340621e-02
1.69647134819873285361e-01 3.79348313456848362790e+00 -1.90990718254893915296e-01 8.77734117585259099314e+01 1.27415563897181616237e-02
1.72191505376533410265e-01 3.79660911459307559568e+00 -1.90973486084358295978e-01 8.77693998610780710123e+01 1.29742080203760316859e-02
1.74734703619744774494e-01 3.79974286062798460861e+00 -1.90955962669094175821e-01 8.77653696827889859833e+01 1.32080241338611292790e-02
1.77276712234916367095e-01 3.80288438821548835378e+00 -1.90938146240573342061e-01 8.77613211799238399635e+01 1.34430032561867873059e-02
1.79817513915556254078e-01 3.80603371293180225976e+00 -1.90920035021214046234e-01 8.77572543087943728324e+01 1.36791438704115825981e-02
1.82357091363389622884e-01 3.80919085038706262125e+00 -1.90901627224329212273e-01 8.77531690257599450433e+01 1.39164444165045704527e-02
1.84895427288476549288e-01 3.81235581626255992660e+00 -1.90882921085075207834e-01 8.77490652890409705833e+01 1.41549017841690882857e-02
1.87432504409329458994e-01 3.81552862616994881151e+00 -1.90863914743252205408e-01 8.77449430518701376513e+01 1.43945170070184681743e-02
1.89968305453031172103e-01 3.81870929585167306897e+00 -1.90844606410056766288e-01 8.77408022722468814436e+01 1.46352871542291193552e-02
1.92502813155352114904e-01 3.82189784105363017375e+00 -1.90824994262081437668e-01 8.77366429067432704869e+01 1.48772104802485250624e-02
1.95036010260868170052e-01 3.82509427755556208339e+00 -1.90805076466574269345e-01 8.77324649119852466583e+01 1.51202851941916616846e-02
1.97567879523077832848e-01 3.82829862117104235963e+00 -1.90784851181386105878e-01 8.77282682446536767884e+01 1.53645094595710914043e-02
2.00098403704520089175e-01 3.83151088774743620036e+00 -1.90764316554917129354e-01 8.77240528614851484690e+01 1.56098813940656003935e-02
2.02627565576891321975e-01 3.83473109316588267603e+00 -1.90743470726064484611e-01 8.77198187192732206086e+01 1.58563990692439024666e-02
2.05155347921162689584e-01 3.83795925334127474571e+00 -1.90722311824170043248e-01 8.77155657748699155718e+01 1.61040605102265969861e-02
2.07681733527697698349e-01 3.84119538422221218354e+00 -1.90700837968964642677e-01 8.77112939851859607643e+01 1.63528636955001735465e-02
2.10206705196368998090e-01 3.84443950179098470343e+00 -1.90679047270516904833e-01 8.77070033071927213086e+01 1.66028065565328453168e-02
2.12730245736675399604e-01 3.84769162206354131683e+00 -1.90656937829179279342e-01 8.77026936979231521718e+01 1.68538869775003430362e-02
2.15252337967859502799e-01 3.85095176108944770021e+00 -1.90634507735533587081e-01 8.76983651144725655513e+01 1.71061027949644291202e-02
2.17772964719024048064e-01 3.85421993495186132606e+00 -1.90611755070338478868e-01 8.76940175140005209187e+01 1.73594517975270805354e-02
2.20292108829248989288e-01 3.85749615976748438939e+00 -1.90588677904473896563e-01 8.76896508537312087128e+01 1.76139317255415601970e-02
2.22809753147708622389e-01 3.86078045168654426789e+00 -1.90565274298890668936e-01 8.76852650909556530223e+01 1.78695402705954416167e-02
2.25325880533787908933e-01 3.86407282689273845477e+00 -1.90541542304554389897e-01 8.76808601830322231763e+01 1.81262750752883665395e-02
2.27840473857199465879e-01 3.86737330160320658123e+00 -1.90517479962393126991e-01 8.76764360873884669445e+01 1.83841337326812424846e-02
2.30353515998100027984e-01 3.87068189199442436177e+00 -1.90493085235289377755e-01 8.76719927579182893851e+01 1.86431170891752269470e-02
2.32864989847207326523e-01 3.87399861448408433517e+00 -1.90468356266732724569e-01 8.76675301587022204330e+01 1.89032166684504621124e-02
2.35374878305916024335e-01 3.87732348532705684008e+00 -1.90443291010011228614e-01 8.76630482443497243139e+01 1.91644326932815280140e-02
2.37883164286414594546e-01 3.88065652087337520371e+00 -1.90417887464974178169e-01 8.76585469725568344757e+01 1.94267625734892493417e-02
2.40389830711801560925e-01 3.88399773750622356872e+00 -1.90392143621107845508e-01 8.76540263010921592013e+01 1.96902036699327757929e-02
2.42894860516201405165e-01 3.88734715164188671110e+00 -1.90366057457476256509e-01 8.76494861877985300680e+01 1.99547532942575892023e-02
2.45398236644881417856e-01 3.89070477972970030223e+00 -1.90339626942660822273e-01 8.76449265905941388155e+01 2.02204087087581724225e-02
2.47899942054367217192e-01 3.89407063825196253504e+00 -1.90312850034695696388e-01 8.76403474674726510329e+01 2.04871671262641802391e-02
2.50399959712559072589e-01 3.89744474372390881101e+00 -1.90285724681012208270e-01 8.76357487765058777995e+01 2.07550257098034832137e-02
2.52898272598847562165e-01 3.90082711269361759321e+00 -1.90258248818371972222e-01 8.76311304758436904194e+01 2.10239815725972549465e-02
2.55394863704230257184e-01 3.90421776174195933606e+00 -1.90230420372805297813e-01 8.76264925237155978266e+01 2.12940317778512223923e-02
2.57889716031426352583e-01 3.90761670748251743746e+00 -1.90202237259547574100e-01 8.76218348784316845013e+01 2.15651733386731554731e-02
2.60382812594993184874e-01 3.91102396656153095122e+00 -1.90173697382978318382e-01 8.76171574983841878748e+01 2.18374032177859229986e-02
2.62874136421441917388e-01 3.91443955565780354888e+00 -1.90144798636551148885e-01 8.76124603420480667637e+01 2.21107183276648272541e-02
2.65363670549352448358e-01 3.91786349148263557396e+00 -1.90115538902732972293e-01 8.76077433679821950818e+01 2.23851155302191642815e-02
2.67851398029489484731e-01 3.92129579077974943502e+00 -1.90085916052935538501e-01 8.76030065348309392448e+01 2.26605916368716638065e-02
2.70337301924917894347e-01 3.92473647032518924149e+00 -1.90055927947447411697e-01 8.75982498013242292245e+01 2.29371434084819983412e-02
2.72821365311117669528e-01 3.92818554692726085165e+00 -1.90025572435370299074e-01 8.75934731262799459728e+01 2.32147675552065620164e-02
2.75303571276099334764e-01 3.93164303754680322101e+00 -1.89994847475676464921e-01 8.75886764744627299706e+01 2.34934548479499155649e-02
2.77783902920519187862e-01 3.93510895883659728156e+00 -1.89963750673706438521e-01 8.75838597941725538476e+01 2.37732126478687952331e-02
2.80262343357794374565e-01 3.93858332780397146777e+00 -1.89932279948075322107e-01 8.75790230494992272270e+01 2.40540324818582992861e-02
2.82738875714217352542e-01 3.94206616138584520215e+00 -1.89900433102958371423e-01 8.75741661996455889039e+01 2.43359108321206524250e-02
2.85213483129071798672e-01 3.94555747655098931759e+00 -1.89868207931062571436e-01 8.75692892039102730450e+01 2.46188441268518076743e-02
2.87686148754746129352e-01 3.94905729029992791368e+00 -1.89835602213562548712e-01 8.75643920216889455332e+01 2.49028287399748020359e-02
2.90156855756849185735e-01 3.95256561966485353565e+00 -1.89802613720034901723e-01 8.75594746124763503303e+01 2.51878609908241166138e-02
2.92625587314324475674e-01 3.95608248170953258338e+00 -1.89769240208395834069e-01 8.75545369358678442495e+01 2.54739371436800490778e-02
2.95092326619564693235e-01 3.95960789352917119643e+00 -1.89735479424831432471e-01 8.75495789515593401120e+01 2.57610534077426130140e-02
2.97557056878526016153e-01 3.96314187225034775253e+00 -1.89701329103736354709e-01 8.75446006193506036652e+01 2.60492059365211893474e-02
3.00019761310842958402e-01 3.96668443503088674618e+00 -1.89666786967646994189e-01 8.75396018991457367520e+01 2.63383908275465553062e-02
3.02480423149941946015e-01 3.97023559905976286544e+00 -1.89631850727175810256e-01 8.75345827509552663059e+01 2.66286041220550918907e-02
3.04939025643155781076e-01 3.97379538155697131785e+00 -1.89596518080946990770e-01 8.75295431348970254248e+01 2.69198418045187605474e-02
3.07395552051837939178e-01 3.97736379977341902858e+00 -1.89560786715526702340e-01 8.75244830111978586729e+01 2.72120998023855607817e-02
3.09849985651476145243e-01 3.98094087099083449033e+00 -1.89524654305364220752e-01 8.75194023401963505648e+01 2.75053739854221566963e-02
3.12302309731806226889e-01 3.98452661252158879535e+00 -1.89488118512719544428e-01 8.75143010823419587041e+01 2.77996601655019492938e-02
3.14752507596926411892e-01 3.98812104170864589747e+00 -1.89451176987603803203e-01 8.75091791981999307382e+01 2.80949540959023469355e-02
3.17200562565410182359e-01 3.99172417592538408826e+00 -1.89413827367708675897e-01 8.75040366484503664424e+01 2.83912514710552218999e-02
3.19646457970420572181e-01 3.99533603257549296828e+00 -1.89376067278346299494e-01 8.74988733938912019994e+01 2.86885479256953450367e-02
3.22090177159823132236e-01 3.99895662889060554690e+00 -1.89337894110478938137e-01 8.74936893855936403952e+01 2.89868498245937807056e-02
3.24531703496299839262e-01 4.00258598270663679131e+00 -1.89299305872795559091e-01 8.74884846027078566522e+01 2.92861328265547476990e-02
3.26971020357461672479e-01 4.00622411134269107436e+00 -1.89260299961265088253e-01 8.74832589978890382554e+01 2.95864017108889085228e-02
3.29408111135962355931e-01 4.00987103232165686961e+00 -1.89220873950259133034e-01 8.74780125323895560996e+01 2.98876519055520581403e-02
3.31842959239611323685e-01 4.01352676319594436904e+00 -1.89181025401341157410e-01 8.74727451675832412548e+01 3.01898787809196274268e-02
3.34275548091486185420e-01 4.01719132154737046392e+00 -1.89140751863196843185e-01 8.74674568649688382038e+01 3.04930776492907465447e-02
3.36705861130046413265e-01 4.02086472498695446376e+00 -1.89100050871553126974e-01 8.74621475861693369325e+01 3.07972437649997217435e-02
3.39133881809245474326e-01 4.02454699115479552773e+00 -1.89058919949108644731e-01 8.74568172929350282629e+01 3.11023723239638519300e-02
3.41559593598643573831e-01 4.02823813771989414079e+00 -1.89017356605448633156e-01 8.74514659471447401984e+01 3.14084584638619698782e-02
3.43982979983520398282e-01 4.03193818237997536613e+00 -1.88975358336973708884e-01 8.74460935108065626764e+01 3.17154972637608972841e-02
3.46404024464987525533e-01 4.03564714286133252585e+00 -1.88932922626818017298e-01 8.74406999460602776253e+01 3.20234837441013761583e-02
3.48822710560100557320e-01 4.03936503691862647258e+00 -1.88890046944772405091e-01 8.74352852151778705547e+01 3.23324128665115964609e-02
3.51239021801971362802e-01 4.04309188233473015828e+00 -1.88846728747197795117e-01 8.74298492805658611360e+01 3.26422795340304550127e-02
3.53652941739880488647e-01 4.04682769692053589949e+00 -1.88802965476953549251e-01 8.74243921047667669200e+01 3.29530785905927867119e-02
3.56064453939388791959e-01 4.05057249851476264269e+00 -1.88758754563309649743e-01 8.74189136504602544164e+01 3.32648048212935767975e-02
3.58473541982449628307e-01 4.05432630498373836048e+00 -1.88714093421858603028e-01 8.74134138804633522568e+01 3.35774529525763587579e-02
3.60880189467520207103e-01 4.05808913422125705495e+00 -1.88668979454444524224e-01 8.74078927577349276135e+01 3.38910176516861519347e-02
3.63284380009673946166e-01 4.06186100414831052774e+00 -1.88623410049064771377e-01 8.74023502453735403606e+01 3.42054935273260751760e-02
3.65686097240711160961e-01 4.06564193271292939613e+00 -1.88577382579788094263e-01 8.73967863066215642220e+01 3.45208751295079038779e-02
3.68085324809271363655e-01 4.06943193820144699657e+00 -1.88530894777453161826e-01 8.73912009200400490272e+01 3.48371389131670386452e-02
3.70482046380943785824e-01 4.07323103803915564924e+00 -1.88483943301875317422e-01 8.73855940210953718861e+01 3.51543126871627920060e-02
3.72876245638379399949e-01 4.07703925052520510519e+00 -1.88436525808052535158e-01 8.73799655866853584030e+01 3.54723751027566230887e-02
3.75267906281401164570e-01 4.08085659371441877852e+00 -1.88388639614515712717e-01 8.73743155806807578756e+01 3.57913204250807498452e-02
3.77657012027115768227e-01 4.08468308568767657363e+00 -1.88340282025552113732e-01 8.73686439671093779680e+01 3.61111428549750757000e-02
3.80043546610023985632e-01 4.08851874455161024002e+00 -1.88291450331119825101e-01 8.73629507101541804559e+01 3.64318365289673443130e-02
3.82427493782131422417e-01 4.09236358843844172384e+00 -1.88242141806771817736e-01 8.73572357741583829238e+01 3.67533955186197594522e-02
3.84808837313059592944e-01 4.09621763550570339163e+00 -1.88192353713573623519e-01 8.73514991236254445539e+01 3.70758138302578060808e-02
3.87187560990155776874e-01 4.10008090393602131485e+00 -1.88142083298029227922e-01 8.73457407232219225079e+01 3.73990854042878032026e-02
3.89563648618604152496e-01 4.10395341193685236902e+00 -1.88091327791986340223e-01 8.73399605377789498561e+01 3.77232041153901243025e-02
3.91937084021535264711e-01 4.10783517774025863645e+00 -1.88040084412574914907e-01 8.73341585322949640613e+01 3.80481637712218531688e-02
3.94307851040136658760e-01 4.11172621960262496543e+00 -1.87988350362110645531e-01 8.73283346719367017386e+01 3.83739581126390852384e-02
3.96675933533762792305e-01 4.11562655580442626757e+00 -1.87936122828023965958e-01 8.73224889220425382064e+01 3.87005808127585670952e-02
3.99041315380044780969e-01 4.11953620464993530703e+00 -1.87883398982775423613e-01 8.73166212481229138120e+01 3.90280254766570341984e-02
4.01403980475000310424e-01 4.12345518446700864956e+00 -1.87830175983779629201e-01 8.73107316158655351046e+01 3.93562856405802255488e-02
4.03763912733143492950e-01 4.12738351360675714830e+00 -1.87776450973321989979e-01 8.73048199911345932378e+01 3.96853547714968307725e-02
4.06121096087593724810e-01 4.13132121044326616754e+00 -1.87722221078474776901e-01 8.72988863399730092851e+01 4.00152262666616312381e-02
4.08475514490185875882e-01 4.13526829337337087367e+00 -1.87667483411029373253e-01 8.72929306286074080390e+01 4.03458934523993686949e-02
4.10827151911578702936e-01 4.13922478081633915536e+00 -1.87612235067412563838e-01 8.72869528234492406682e+01 4.06773495835813653221e-02
4.13175992341364761717e-01 4.14319069075807888680e+00 -1.87556472543501800976e-01 8.72809528688886473446e+01 4.10096163224679330361e-02
4.15522019788178931243e-01 4.14716604250769904638e+00 -1.87500193992065883331e-01 8.72749307729534251621e+01 4.13426338560664435873e-02
4.17865218279807715263e-01 4.15115085415062345930e+00 -1.87443395949510538401e-01 8.72688864831530963784e+01 4.16764202114386014819e-02
4.20205571863297211443e-01 4.15514514419172886761e+00 -1.87386075448574551672e-01 8.72628199666066564077e+01 4.20109684200964741962e-02
4.22543064605062523853e-01 4.15914893115662920309e+00 -1.87328229506061594289e-01 8.72567311906215508088e+01 4.23462714466803988311e-02
4.24877680590995954191e-01 4.16316223359136472482e+00 -1.87269855122749434573e-01 8.72506201226966027207e+01 4.26823221886591178120e-02
4.27209403926575026489e-01 4.16718507006207872223e+00 -1.87210949283300120971e-01 8.72444867305250255640e+01 4.30191134759155824341e-02
4.29538218736971288969e-01 4.17121745915475194977e+00 -1.87151508956171608311e-01 8.72383309820000079071e+01 4.33566380703651124695e-02
4.31864109167158116698e-01 4.17525941947466083803e+00 -1.87091531093495966331e-01 8.72321528452077359361e+01 4.36948886670234723506e-02
4.34187059382018403220e-01 4.17931096964617854184e+00 -1.87031012631006493541e-01 8.72259522884369999929e+01 4.40338578927442630961e-02
4.36507053566452751792e-01 4.18337212831239835253e+00 -1.86969950487931524385e-01 8.72197292801808998775e+01 4.43735383065695793148e-02
4.38824075925487055994e-01 4.18744291413464431173e+00 -1.86908341566882824081e-01 8.72134837891329937065e+01 4.47139224002763777110e-02
4.41138110684379691762e-01 4.19152334579222074495e+00 -1.86846182753769629592e-01 8.72072157841958528479e+01 4.50550025976625620472e-02
4.43449142088729597599e-01 4.19561344198194330346e+00 -1.86783470917688848578e-01 8.72009252344789871358e+01 4.53967712549679033862e-02
4.45757154404582744966e-01 4.19971322141778369286e+00 -1.86720202910820698428e-01 8.71946121093027812776e+01 4.57392206610103477238e-02
4.48062131918540051956e-01 4.20382270283041403758e+00 -1.86656375568318932956e-01 8.71882763781979264195e+01 4.60823430375704237716e-02
4.50364058937863631638e-01 4.20794190496690045933e+00 -1.86591985708221302920e-01 8.71819180109126392608e+01 4.64261305387189127103e-02
4.52662919790584206137e-01 4.21207084659010977390e+00 -1.86527030131315996186e-01 8.71755369774059545307e+01 4.67705752523177656355e-02
4.54958698825607410487e-01 4.21620954647848655839e+00 -1.86461505621055401161e-01 8.71691332478598752687e+01 4.71156691991520618079e-02
4.57251380412820318533e-01 4.22035802342543764354e+00 -1.86395408943421547754e-01 8.71627067926723384517e+01 4.74614043344255553958e-02
4.59540948943198301890e-01 4.22451629697374819727e+00 -1.86328737858625775869e-01 8.71562576183341946034e+01 4.78077232508972785330e-02
4.61827388828911278296e-01 4.22868438457630269056e+00 -1.86261487210288373406e-01 8.71497856288457910523e+01 4.81547097124572637261e-02
4.64110684503429071768e-01 4.23286230571656663102e+00 -1.86193654604310282474e-01 8.71432908268908619220e+01 4.85023119731259749754e-02
4.66390820421628160553e-01 4.23705007924520504758e+00 -1.86125236737867016945e-01 8.71367731838453210003e+01 4.88505216218084806212e-02
4.68667781059897148310e-01 4.24124772402584238051e+00 -1.86056230290354035484e-01 8.71302326713251886758e+01 4.91993301710524910675e-02
4.70941550916242568370e-01 4.24545525893440256482e+00 -1.85986631923262368815e-01 8.71236692611806802233e+01 4.95487290578905115179e-02
4.73212114510394632472e-01 4.24967270285890741377e+00 -1.85916438280102874758e-01 8.71170829255121788037e+01 4.98987096422260356654e-02
4.75479456383912424400e-01 4.25390007469871722634e+00 -1.85845645986291302387e-01 8.71104736366595631125e+01 5.02492632071662517768e-02
4.77743561100288705035e-01 4.25813739336427232729e+00 -1.85774251649067301262e-01 8.71038413672170435120e+01 5.06003809576132251857e-02
4.80004413245055938653e-01 4.26238467777638518896e+00 -1.85702251857391503753e-01 8.70971860900258008087e+01 5.09520540199720206598e-02
4.82261997425890265312e-01 4.26664194686583098104e+00 -1.85629643181836723187e-01 8.70905077781822143379e+01 5.13042734419925927636e-02
4.84516298272717305107e-01 4.27090921957284486155e+00 -1.85556422174510987633e-01 8.70838064050414573103e+01 5.16570301912202545225e-02
4.86767300437815575442e-01 4.27518651484649492289e+00 -1.85482585368942187731e-01 8.70770819442159762502e+01 5.20103151551012596321e-02
4.89014988595922406311e-01 4.27947385164427274162e+00 -1.85408129280002081929e-01 8.70703343695849270034e+01 5.23641191392393637316e-02
4.91259347444337080013e-01 4.28377124893139438200e+00 -1.85333050403792137795e-01 8.70635636552898830587e+01 5.27184328674934130077e-02
4.93500361703025469673e-01 4.28807872568031545057e+00 -1.85257345217547692018e-01 8.70567697757416993909e+01 5.30732469811025647788e-02
4.95738016114724178163e-01 4.29239630087025592076e+00 -1.85181010179576582830e-01 8.70499527056280015813e+01 5.34285520361604121531e-02
4.97972295445044454976e-01 4.29672399348643896388e+00 -1.85104041729127921645e-01 8.70431124199077004278e+01 5.37843385044274799323e-02
5.00203184482575280434e-01 4.30106182251963087282e+00 -1.85026436286308937351e-01 8.70362488938204847955e+01 5.41405967717825606367e-02
5.02430668038987948698e-01 4.30540980594341871068e+00 -1.84948188750709979766e-01 8.70293620529064213542e+01 5.44973903787415794864e-02
5.04654730949138929930e-01 4.30976796466717715361e+00 -1.84869298311294588677e-01 8.70224519663401565595e+01 5.48545725796763319893e-02
5.06875358071172565921e-01 4.31413631679013143128e+00 -1.84789759999703206983e-01 8.70155185659939860443e+01 5.52121984004953283987e-02
5.09092534286625153506e-01 4.31851488131700556039e+00 -1.84709570155686203519e-01 8.70085618281594719292e+01 5.55702580121816905323e-02
5.11306244500527418140e-01 4.32290367725470314753e+00 -1.84628725099072549254e-01 8.70015817294126918569e+01 5.59287415095115064689e-02
5.13516473641507098513e-01 4.32730272361154444383e+00 -1.84547221129655353300e-01 8.69945782466122921051e+01 5.62876389108607072531e-02
5.15723206661891864222e-01 4.33171203939687199380e+00 -1.84465054527101213200e-01 8.69875513569164127148e+01 5.66469401568233943411e-02
5.17926428537812011399e-01 4.33613164361998926211e+00 -1.84382221550785485586e-01 8.69805010377668565980e+01 5.70066351124552186946e-02
5.20126124269301826075e-01 4.34056155528988174552e+00 -1.84298718439714903639e-01 8.69734272669131200928e+01 5.73667135652361076525e-02
5.22322278880402501855e-01 4.34500179341405701194e+00 -1.84214541412354743111e-01 8.69663300223933788402e+01 5.77271652275763505480e-02
5.24514877419263836344e-01 4.34945237699814857280e+00 -1.84129686666560182795e-01 8.69592092825531892686e+01 5.80879797343100898188e-02
5.26703904958246260648e-01 4.35391332504504902090e+00 -1.84044150379402887685e-01 8.69520650260426464229e+01 5.84491466452435048939e-02
5.28889346594021980685e-01 4.35838465655408047184e+00 -1.83957928707056461715e-01 8.69448972318152186745e+01 5.88106554447653320783e-02
5.31071187447676895665e-01 4.36286639052033198283e+00 -1.83871017784677764917e-01 8.69377058791359189627e+01 5.91724955416951109433e-02
5.33249412664811961449e-01 4.36735854593395256273e+00 -1.83783413726288397116e-01 8.69304909475877565228e+01 5.95346562690563865794e-02
5.35424007415643554708e-01 4.37186114177903206723e+00 -1.83695112624589068639e-01 8.69232524170585207912e+01 5.98971268871161463543e-02
5.37594956895105391403e-01 4.37637419703307450902e+00 -1.83606110550836115758e-01 8.69159902677579623287e+01 6.02598965833736621711e-02
5.39762246322948779920e-01 4.38089773066612853114e+00 -1.83516403554765367145e-01 8.69087044802179349290e+01 6.06229544701752595670e-02
5.41925860943843207274e-01 4.38543176163990455763e+00 -1.83425987664406209277e-01 8.69013950352931914267e+01 6.09862895876879113066e-02
5.44085786027477369409e-01 4.38997630890680579085e+00 -1.83334858885882578949e-01 8.68940619141589252195e+01 6.13498909075477216746e-02
5.46242006868658758201e-01 4.39453139300497674924e+00 -1.83243015682107740494e-01 8.68867051765415965292e+01 6.17136261705448843640e-02
5.48394508787414136641e-01 4.39909702987810469210e+00 -1.83150449368648104986e-01 8.68793246578364488641e+01 6.20777113062598931426e-02
5.50543277129089347888e-01 4.40367323986277092729e+00 -1.83057158090566385322e-01 8.68719204096646393509e+01 6.24420272929650729821e-02
5.52688297264449235335e-01 4.40826004186858977363e+00 -1.82963137769461325899e-01 8.68644924146717585245e+01 6.28065626140528188159e-02
5.54829554589777229623e-01 4.41285745479180313566e+00 -1.82868384304850417621e-01 8.68570406558594925173e+01 6.31713056617521223624e-02
5.56967034526974602571e-01 4.41746549751427686203e+00 -1.82772893573975775405e-01 8.68495651165852962095e+01 6.35362447403687302661e-02
5.59100722523659832142e-01 4.42208418890247312305e+00 -1.82676661431694337123e-01 8.68420657805625921810e+01 6.39013680652902593682e-02
5.61230604053267856379e-01 4.42671354780673453888e+00 -1.82579683710439422129e-01 8.68345426318764168627e+01 6.42666637585621314255e-02
5.63356664615148439168e-01 4.43135359306007092783e+00 -1.82481956220021668269e-01 8.68269956549758177289e+01 6.46321198522114559459e-02
5.65478889734665535194e-01 4.43600434347718852734e+00 -1.82383474747522006387e-01 8.68194248346792818438e+01 6.49977242870848764822e-02
5.67597264963295100593e-01 4.44066581785371639057e+00 -1.82284235057279309089e-01 8.68118301561900267416e+01 6.53634649070814199856e-02
5.69711775878724790978e-01 4.44533803496480306450e+00 -1.82184232890654052017e-01 8.68042116050817327277e+01 6.57293294641908554254e-02
5.71822408084950328799e-01 4.45002101356442114621e+00 -1.82083463965995728806e-01 8.67965691673203281198e+01 6.60953056136898003947e-02
5.73929147212374757281e-01 4.45471477238412916222e+00 -1.81981923978508292050e-01 8.67889028292589301827e+01 6.64613809141711420203e-02
5.76031978917906362092e-01 4.45941933013200042524e+00 -1.81879608600163111820e-01 8.67812125776429610369e+01 6.68275428253139597290e-02
5.78130888885055260751e-01 4.46413470549157498368e+00 -1.81776513479556867114e-01 8.67734983996170967657e+01 6.71937787083164289603e-02
5.80225862824032101450e-01 4.46886091712067923254e+00 -1.81672634241856811865e-01 8.67657602827262195433e+01 6.75600758219391112069e-02
5.82316886471844319395e-01 4.47359798365045957524e+00 -1.81567966488665577529e-01 8.67579982149284489878e+01 6.79264213226103003018e-02
5.84403945592394169495e-01 4.47834592368413453300e+00 -1.81462505797969658738e-01 8.67502121845951990053e+01 6.82928022602942302877e-02
5.86487025976574760655e-01 4.48310475359028171027e+00 -1.81356244122802018337e-01 8.67424020720834221265e+01 6.86593820276243382850e-02
5.88566113442367422337e-01 4.48787449604827237692e+00 -1.81249183756153509073e-01 8.67345680699030054939e+01 6.90258161384557089590e-02
5.90641193834937960894e-01 4.49265516760692573683e+00 -1.81141316991125400637e-01 8.67267100711754608255e+01 6.93922487417683725441e-02
5.92712253026733248973e-01 4.49744678674215148106e+00 -1.81032639304277098713e-01 8.67188280657911434446e+01 6.97586667375968694227e-02
5.94779276917577259809e-01 4.50224937189509333280e+00 -1.80923146147385860427e-01 8.67109220440394352636e+01 7.01250569434309772854e-02
5.96842251434767101514e-01 4.50706294147161834474e+00 -1.80812832947391199934e-01 8.67029919966515336682e+01 7.04914060902528671892e-02
5.98901162533168496260e-01 4.51188751384028652325e+00 -1.80701695106179893724e-01 8.66950379147695855409e+01 7.08577008263362034812e-02
6.00955996195312258656e-01 4.51672310733160120577e+00 -1.80589728000498050964e-01 8.66870597899794290697e+01 7.12239277148068172796e-02
6.03006738431488664709e-01 4.52156974023603019930e+00 -1.80476926981715191101e-01 8.66790576142849999997e+01 7.15900732383955434868e-02
6.05053375279843597134e-01 4.52642743080338316730e+00 -1.80363287375827630044e-01 8.66710313801496710084e+01 7.19561237925616520306e-02
6.07095892806472914316e-01 4.53129619724045085150e+00 -1.80248804483102459395e-01 8.66629810804538180946e+01 7.23220656960803925939e-02
6.09134277105518040507e-01 4.53617605771045262486e+00 -1.80133473578126701575e-01 8.66549067085426685253e+01 7.26878851818755500336e-02
6.11168514299259779676e-01 4.54106703033081871013e+00 -1.80017289909459560215e-01 8.66468082581929337493e+01 7.30535684071769442216e-02
6.13198590538213572643e-01 4.54596913317238282559e+00 -1.79900248699642523187e-01 8.66386857236509371205e+01 7.34191014462697438825e-02
6.15224492001223088877e-01 4.55088238425726565595e+00 -1.79782345144907262924e-01 8.66305390996067217202e+01 7.37844702978863314913e-02
6.17246204895555039549e-01 4.55580680155753547922e+00 -1.79663574415085458558e-01 8.66223683812082754230e+01 7.41496608828066394725e-02
6.19263715456992658304e-01 4.56074240299398425691e+00 -1.79543931653425858919e-01 8.66141735640827334919e+01 7.45146590459934282658e-02
6.21277009949929293064e-01 4.56568920643376774393e+00 -1.79423411976381952382e-01 8.66059546443029546481e+01 7.48794505600441362425e-02
6.23286074667462219878e-01 4.57064722968936720804e+00 -1.79302010473459588757e-01 8.65977116184204191995e+01 7.52440211258517815951e-02
6.25290895931486012671e-01 4.57561649358377842134e+00 -1.79179727426222679121e-01 8.65894446348187329932e+01 7.56080998441468199456e-02
6.27291460092785357894e-01 4.58059701005598007839e+00 -1.79056548053256325836e-01 8.65811534068390926677e+01 7.59721547197401148033e-02
6.29287753531128202233e-01 4.58558879947995912119e+00 -1.78932472031190920037e-01 8.65728380674683251073e+01 7.63359417989303290497e-02
6.31279762655358012147e-01 4.59059187943697377676e+00 -1.78807494347954232250e-01 8.65644986154284055146e+01 7.66994461187596870966e-02
6.33267473903487365661e-01 4.59560626744515232645e+00 -1.78681609964338877772e-01 8.65561350499464055019e+01 7.70626526187542515434e-02
6.35250873742789323728e-01 4.60063198095761105577e+00 -1.78554813813980584047e-01 8.65477473707550615245e+01 7.74255461350161627854e-02
6.37229948669889467716e-01 4.60566903736156163518e+00 -1.78427100803315169530e-01 8.65393355781433371021e+01 7.77881113954469738392e-02
6.39204685210858825073e-01 4.61071745397514742848e+00 -1.78298465811254414071e-01 8.65308996728967514400e+01 7.81503330285555630752e-02
6.41175069921305018639e-01 4.61577724804648870105e+00 -1.78168903689246760358e-01 8.65224396563486095602e+01 7.85121955535949267446e-02
6.43141089386463082889e-01 4.62084843675169043564e+00 -1.78038409261134816797e-01 8.65139555303810396936e+01 7.88736833805515347162e-02
6.45102730221288278578e-01 4.62593103719255971384e+00 -1.77906977322971310285e-01 8.65054472974142498742e+01 7.92347808121375146717e-02
6.47059979070545909785e-01 4.63102506639500877128e+00 -1.77774602643001461422e-01 8.64969149604304163859e+01 7.95954720377724661562e-02
6.49012822608903250376e-01 4.63613054130657964436e+00 -1.77641279961416598265e-01 8.64883585229568154773e+01 7.99557411386002669929e-02
6.50961247541019139007e-01 4.64124747879489696345e+00 -1.77507003990401895921e-01 8.64797779890959219529e+01 8.03155720782228882415e-02
6.52905240601636016606e-01 4.64637589564571928946e+00 -1.77371769414023772171e-01 8.64711733635382131524e+01 8.06749487012282939791e-02
6.54844788555668411156e-01 4.65151580856000457231e+00 -1.77235570888001237044e-01 8.64625446515271249837e+01 8.10338547374266221501e-02
6.56779878198294642111e-01 4.65666723415259120600e+00 -1.77098403039718216290e-01 8.64538918589068856591e+01 8.13922737942818774748e-02
6.58710496355045971306e-01 4.66183018895011880289e+00 -1.76960260468215890839e-01 8.64452149921336143734e+01 8.17501893503600474133e-02
6.60636629881896420002e-01 4.66700468938726675816e+00 -1.76821137743760847805e-01 8.64365140582060291763e+01 8.21075847694670429844e-02
6.62558265665352030815e-01 4.67219074750531948581e+00 -1.76681021850462749434e-01 8.64277888514916696749e+01 8.24648162453386068815e-02
6.64475390622540684760e-01 4.67738838763854847258e+00 -1.76539921537039928845e-01 8.64190397812001407374e+01 8.28211644525307794096e-02
6.66387991701300586023e-01 4.68259762209163099556e+00 -1.76397824510955897326e-01 8.64102666656133351353e+01 8.31769467103738585623e-02
6.68296055880269523897e-01 4.68781846690688741575e+00 -1.76254725216921565023e-01 8.64014695138883297432e+01 8.35321463749131298826e-02
6.70199570168973357553e-01 4.69305093802431017025e+00 -1.76110618069726193591e-01 8.63926483358242620625e+01 8.38867467101851588263e-02
6.72098521607914500819e-01 4.69829505127880864279e+00 -1.75965497454174890635e-01 8.63838031418550542639e+01 8.42407308843941965426e-02
6.73992897268660184906e-01 4.70355082239636512753e+00 -1.75819357724602859383e-01 8.63749339429903244536e+01 8.45940819870081989196e-02
6.75882684253930277052e-01 4.70881826699274874670e+00 -1.75672193204973792202e-01 8.63660407508851335479e+01 8.49467830172678101119e-02
6.77767869697685210184e-01 4.71409740057017589976e+00 -1.75523998188577556867e-01 8.63571235778107819669e+01 8.52988168922905742875e-02
6.79648440765214134629e-01 4.71938823851542288423e+00 -1.75374766938032389252e-01 8.63481824366991475017e+01 8.56501664403339774134e-02
6.81524384653221182440e-01 4.72469079609599251768e+00 -1.75224493684957238759e-01 8.63392173410941694556e+01 8.60008144102029775668e-02
6.83395688589913286037e-01 4.73000508845773559585e+00 -1.75073172629808121448e-01 8.63302283051765328992e+01 8.63507434727959211074e-02
6.85262339835087441742e-01 4.73533113062303812058e+00 -1.74920797941835182154e-01 8.63212153438196310162e+01 8.66999362166642750793e-02
6.87124325680216641032e-01 4.74066893748656248420e+00 -1.74767363758914107130e-01 8.63121784725272647165e+01 8.70483751496797797387e-02
6.88981633448537245101e-01 4.74601852381247901747e+00 -1.74612864187067257093e-01 8.63031177074464324050e+01 8.73960427162714520444e-02
6.90834250495134805092e-01 4.75137990423245781813e+00 -1.74457293300705557071e-01 8.62940330654219280859e+01 8.77429212790571261271e-02
6.92682164207029549274e-01 4.75675309324130068944e+00 -1.74300645142069055016e-01 8.62849245639357604887e+01 8.80889931400319764476e-02
6.94525362003264090660e-01 4.76213810519525271303e+00 -1.74142913721375691694e-01 8.62757922211823711223e+01 8.84342405269562537029e-02
6.96363831334987137822e-01 4.76753495430733398308e+00 -1.73984093016338492443e-01 8.62666360559989442436e+01 8.87786456108567018086e-02
6.98197559685539759222e-01 4.77294366074412756973e+00 -1.73824187912278077528e-01 8.62574563921483843387e+01 8.91216478659681982100e-02
7.00026534570540759361e-01 4.77836422694791274068e+00 -1.73663171688274386995e-01 8.62482526775090860838e+01 8.94642525895150558801e-02
7.01850743537971277775e-01 4.78379667214567483313e+00 -1.73501048054663348230e-01 8.62390252053044150671e+01 8.98059543017131756137e-02
7.03670174168260054159e-01 4.78924100995682255899e+00 -1.73337810872149361563e-01 8.62297739975985564342e+01 9.01467342324236836637e-02
7.05484814074367139192e-01 4.79469725384274525481e+00 -1.73173453969710872125e-01 8.62204990772186476988e+01 9.04865734846313635176e-02
7.07294650901869381698e-01 4.80016541710415189925e+00 -1.73007971144334748992e-01 8.62112004678024561599e+01 9.08254530416926775249e-02
7.09099672329043584362e-01 4.80564551287516206202e+00 -1.72841356160711334677e-01 8.62018781936883442540e+01 9.11633537763471002435e-02
7.10899866066950880672e-01 4.81113755412149313173e+00 -1.72673602751366644936e-01 8.61925322800116475719e+01 9.15002564384087141436e-02
7.12695219859520112671e-01 4.81664155363694312939e+00 -1.72504704616606580059e-01 8.61831627527201504790e+01 9.18361416518454487523e-02
7.14485721483631763817e-01 4.82215752403762820677e+00 -1.72334655424165511528e-01 8.61737696384806923788e+01 9.21709899262830867350e-02
7.16271358749200004468e-01 4.82768547776184409059e+00 -1.72163448809710378784e-01 8.61643529648696357981e+01 9.25047816267762224030e-02
7.18052119499257623936e-01 4.83322542706278834856e+00 -1.71991078376259959315e-01 8.61549127602113458124e+01 9.28374969967225432965e-02
7.19827991610036854730e-01 4.83877738400623780279e+00 -1.71817537694232275181e-01 8.61454490536666526168e+01 9.31691161503124948284e-02
7.21598962991052972349e-01 4.84434136046664409747e+00 -1.71642820301632026414e-01 8.61359618752467923741e+01 9.34996190579167468782e-02
7.23365021585186451780e-01 4.84991736812282692171e+00 -1.71466919703794712371e-01 8.61264512558108634721e+01 9.38289855534789191127e-02
7.25126155368765124010e-01 4.85550541845272398689e+00 -1.71289829373218016606e-01 8.61169172270196696672e+01 9.41571953377551840170e-02
7.26882352351645444344e-01 4.86110552273215290597e+00 -1.71111542750167822113e-01 8.61073598214942137474e+01 9.44842279434374987535e-02
7.28633600577295093004e-01 4.86671769202741977267e+00 -1.70932053241929282628e-01 8.60977790726710452418e+01 9.48100627671798062979e-02
7.30379888122873355272e-01 4.87234193719306940551e+00 -1.70751354223249440789e-01 8.60881750149177662479e+01 9.51346790431028821455e-02
7.32121203099313277995e-01 4.87797826012890300973e+00 -1.70569423219088356358e-01 8.60785472444487567145e+01 9.54588453780908091639e-02
7.33857533651401716668e-01 4.88362668770816910069e+00 -1.70386283407546718083e-01 8.60688966241937123414e+01 9.57810500647655743700e-02
7.35588867957860936819e-01 4.88928722228522794069e+00 -1.70201913822640299445e-01 8.60592227976887045315e+01 9.61019825405125399653e-02
7.37315194231428105986e-01 4.89495987380735986250e+00 -1.70016307688861750824e-01 8.60495258023746174558e+01 9.64216223600586619380e-02
7.39036500718936339993e-01 4.90064465198447152261e+00 -1.69829458195914301255e-01 8.60398056765486529684e+01 9.67399490078195839482e-02
7.40752775701394416963e-01 4.90634156628426865154e+00 -1.69641358498805211452e-01 8.60300624593777172322e+01 9.70569418894972890666e-02
7.42464007494066491333e-01 4.91205062588591534478e+00 -1.69452001726522555325e-01 8.60202961910807601953e+01 9.73725803035124237717e-02
7.44170184446551918889e-01 4.91777183984590759991e+00 -1.69261380948113188127e-01 8.60105069125586254586e+01 9.76868435029814435877e-02
7.45871294942864193622e-01 4.92350521683476127777e+00 -1.69069489222613278390e-01 8.60006946658430422303e+01 9.79997106366526371524e-02
7.47567327401510439699e-01 4.92925076530282169074e+00 -1.68876319565420790481e-01 8.59908594937946162418e+01 9.83111608037708500918e-02
7.49258270275569682184e-01 4.93500849343474623510e+00 -1.68681864957358373935e-01 8.59810014403159073026e+01 9.86211730035263800520e-02
7.50944112052772227983e-01 4.94077840913857802008e+00 -1.68486118343055268909e-01 8.59711205500882016395e+01 9.89297262128386867275e-02
7.52624841255577603505e-01 4.94656052004817947676e+00 -1.68289072632885644554e-01 8.59612168689847635505e+01 9.92367992880528876354e-02
7.54300446441252492313e-01 4.95235483350928440416e+00 -1.68090720700753731842e-01 8.59512904436668918606e+01 9.95423710728347010956e-02
7.55970916201949338920e-01 4.95816135657798096048e+00 -1.67891055385247262022e-01 8.59413413218092898660e+01 9.98464203390807408800e-02
7.57636239164782954170e-01 4.96398009601484258013e+00 -1.67690069489246529333e-01 8.59313695521136224897e+01 1.00148925805070537765e-01
7.59296403991909008013e-01 4.96981105827692815069e+00 -1.67487755779478914020e-01 8.59213751842193005359e+01 1.00449866156312184184e-01
7.60951399380600634892e-01 4.97565424951496648731e+00 -1.67284106987178493586e-01 8.59113582688824806155e+01 1.00749220011842680056e-01
7.62601214063325594239e-01 4.98150968689947948320e+00 -1.67079136355019836069e-01 8.59013194322627100519e+01 1.01045932640245181289e-01
7.64245836807822653824e-01 4.98737735456920283639e+00 -1.66872797696810515333e-01 8.58912576442354094297e+01 1.01341935552763662276e-01
7.65885256417178750254e-01 4.99325726788978307980e+00 -1.66665102169844842050e-01 8.58811734742048003000e+01 1.01636275581180005045e-01
7.67519461729904151071e-01 4.99914943172712700203e+00 -1.66456042384278385393e-01 8.58710669777397015423e+01 1.01928930002504733454e-01
7.69148441620009615249e-01 5.00505385060621055260e+00 -1.66245610915327413082e-01 8.58609382114797199392e+01 1.02219875995862408136e-01
7.70772184997081555302e-01 5.01097052870393078194e+00 -1.66033800303755391115e-01 8.58507872331338575123e+01 1.02509090618563794561e-01
7.72390680806357088350e-01 5.01689946984767676241e+00 -1.65820603057184490225e-01 8.58406141017754151790e+01 1.02796550741740655432e-01
7.74003918028800530493e-01 5.02284067749917539913e+00 -1.65606011647680601007e-01 8.58304188773994667372e+01 1.03082233172078110983e-01
7.75611885681177226637e-01 5.02879415475432001159e+00 -1.65390018514132652871e-01 8.58202016212954958974e+01 1.03366114534497649524e-01
7.77214572816129045663e-01 5.03475990433460030005e+00 -1.65172616061386362540e-01 8.58099623960034421088e+01 1.03648171317741233377e-01
7.78811968522248321278e-01 5.04073792857375657661e+00 -1.64953796659625145926e-01 8.57997012650342441020e+01 1.03928379907115037151e-01
7.80404061924152570029e-01 5.04672822941944865249e+00 -1.64733552646196962366e-01 8.57894182933594322549e+01 1.04206716496552845297e-01
7.81990842182558654194e-01 5.05273080842036215188e+00 -1.64511876324879013911e-01 8.57791135471708798832e+01 1.04483157128085035747e-01
7.83572298494356056509e-01 5.05874566671389125361e+00 -1.64288759964900332733e-01 8.57687870936770622166e+01 1.04757677744313076884e-01
7.85148420092680932036e-01 5.06477280502897819758e+00 -1.64064195803720058731e-01 8.57584390016770328202e+01 1.05030254053678440140e-01
7.86719196246989271870e-01 5.07081222366856465555e+00 -1.63838176045004002557e-01 8.57480693411082768307e+01 1.05300861635897524682e-01
7.88284616263129733760e-01 5.07686392250321993913e+00 -1.63610692859216422246e-01 8.57376781831698195901e+01 1.05569475917420177447e-01
7.89844669483416361722e-01 5.08292790096549040868e+00 -1.63381738384966168631e-01 8.57272656004921458361e+01 1.05836072109142587117e-01
7.91399345286702082802e-01 5.08900415803813022109e+00 -1.63151304728148816015e-01 8.57168316670040297822e+01 1.06100625255430139338e-01
7.92948633088449872375e-01 5.09509267568902579626e+00 -1.62919354447798730989e-01 8.57063756098503972680e+01 1.06364608831043636061e-01
7.94492522340805029657e-01 5.10119348322140186980e+00 -1.62685935451307189803e-01 8.56958991057063173002e+01 1.06625161829560083371e-01
7.96031002532667897320e-01 5.10730656332748456094e+00 -1.62451013070836008945e-01 8.56854014703632174133e+01 1.06883612586380891130e-01
7.97564063189764360651e-01 5.11343191308135036621e+00 -1.62214579252399321296e-01 8.56748827821900817980e+01 1.07139937059631984440e-01
7.99091693874717567958e-01 5.11956952906135498438e+00 -1.61976625909116433988e-01 8.56643431209869703480e+01 1.07394111093559438408e-01
8.00613884187118873825e-01 5.12571940733782671629e+00 -1.61737144919792741327e-01 8.56537825678831552523e+01 1.07646110500377714669e-01
8.02130623763599115428e-01 5.13188154346289326924e+00 -1.61496128129798216522e-01 8.56432012053546429797e+01 1.07895911026189922355e-01
8.03641902277898334539e-01 5.13805593246530101226e+00 -1.61253567351942295183e-01 8.56325991175075671435e+01 1.08143488318734701248e-01
8.05147709440937053849e-01 5.14424256883011743469e+00 -1.61009454364808762827e-01 8.56219763896003627224e+01 1.08388818022600946778e-01
8.06648035000885443857e-01 5.15044144649266488756e+00 -1.60763780913324549893e-01 8.56113331083041231295e+01 1.08631875764141974661e-01
8.08142868743233711015e-01 5.15665255883030226869e+00 -1.60516538710514022892e-01 8.56006693618654992406e+01 1.08872637076093417563e-01
8.09632200490861042574e-01 5.16287589864840068543e+00 -1.60267719436422373391e-01 8.55899852399842302475e+01 1.09111077466549397097e-01
8.11116020104105994726e-01 5.16911145816575601231e+00 -1.60017314737765287136e-01 8.55792808336731951613e+01 1.09347172451669374937e-01
8.12594317480834105183e-01 5.17535922900892586540e+00 -1.59765316229647819091e-01 8.55685562355895683595e+01 1.09580897485271971936e-01
8.14067082556508059277e-01 5.18161920219445448765e+00 -1.59511715493941441668e-01 8.55578115397563010447e+01 1.09812228057959787586e-01
8.15534305304254858449e-01 5.18789136812138629296e+00 -1.59256504081517785698e-01 8.55470468418263578769e+01 1.10041139601802576142e-01
8.16995975734935098167e-01 5.19417571655302090505e+00 -1.58999673510417882660e-01 8.55362622388061168976e+01 1.10267607602170567005e-01
8.18452083897210691532e-01 5.20047223661304602871e+00 -1.58741215268208779587e-01 8.55254578295327405613e+01 1.10491607498855351488e-01
8.19902619877612370836e-01 5.20678093861683599641e+00 -1.58481158812866673724e-01 8.55146348476343973743e+01 1.10711163556946670661e-01
8.21347573800607411165e-01 5.21310176907120759182e+00 -1.58219423553248667025e-01 8.55037912546979725903e+01 1.10929947467748674095e-01
8.22786935828667020942e-01 5.21943473477032693353e+00 -1.57956035300701874702e-01 8.54929281745741320719e+01 1.11146168753699786658e-01
8.24220696162332733259e-01 5.22577982214289349372e+00 -1.57690985457030696804e-01 8.54820457134966318336e+01 1.11359800982026746485e-01
8.25648845040284129482e-01 5.23213701691104215996e+00 -1.57424265397922674703e-01 8.54711439796922718415e+01 1.11570817560719598438e-01
8.27071372739403898322e-01 5.23850630406458339650e+00 -1.57155866471386768124e-01 8.54602230828206899105e+01 1.11779191842855646355e-01
8.28488269574845448417e-01 5.24488766785964521944e+00 -1.56885780001537855632e-01 8.54492831346907308898e+01 1.11984896962020324951e-01
8.29899525900098078424e-01 5.25128109179544466656e+00 -1.56613997287030765060e-01 8.54383242488635517020e+01 1.12187905940041257602e-01
8.31305132107052369150e-01 5.25768655855389521747e+00 -1.56340509626100243601e-01 8.54273465406393199828e+01 1.12388191713006013739e-01
8.32705078626066685921e-01 5.26410405015964144582e+00 -1.56065308219635268117e-01 8.54163501270782745678e+01 1.12585727030127841219e-01
8.34099355926031127417e-01 5.27053354770842918953e+00 -1.55788384319463402150e-01 8.54053351273621643713e+01 1.12780484511077028209e-01
8.35487954514433028841e-01 5.27697503152255986691e+00 -1.55509729131537460800e-01 8.53943016627338664648e+01 1.12972436576680212994e-01
8.36870864937421798935e-01 5.28342848107872598007e+00 -1.55229333837944710739e-01 8.53832498558870298666e+01 1.13161555617335748969e-01
8.38248077779872757809e-01 5.28989387501248842227e+00 -1.54947189603356877408e-01 8.53721798321167284485e+01 1.13347813701264427122e-01
8.39619583665451307830e-01 5.29637119107861131795e+00 -1.54663287569885177231e-01 8.53610917181964765632e+01 1.13531182875378805486e-01
8.40985373256677326559e-01 5.30286040615678633259e+00 -1.54377618864164761758e-01 8.53499856436364012779e+01 1.13711634844049794268e-01
8.42345437254987894349e-01 5.30936149620587727327e+00 -1.54090174591579337493e-01 8.53388617392831321240e+01 1.13889141305171262553e-01
8.43699766400801687283e-01 5.31587443627039046845e+00 -1.53800945842826719545e-01 8.53277201386607941913e+01 1.14063673659534889349e-01
8.45048351473580483528e-01 5.32239917150084185238e+00 -1.53509875241651827515e-01 8.53165594535367262097e+01 1.14237724682080626915e-01
8.46391183291893445251e-01 5.32893572975387996848e+00 -1.53217045775496635285e-01 8.53053827007362741597e+01 1.14406483426702287876e-01
8.47728252713479291103e-01 5.33548405706336126286e+00 -1.52922404519436783144e-01 8.52941886465720244814e+01 1.14572207334771442033e-01
8.49059550635307469513e-01 5.34204412455099841850e+00 -1.52625942463574498786e-01 8.52829774318783933040e+01 1.14734869347614981683e-01
8.50385067993641552420e-01 5.34861590229549310749e+00 -1.52327650577676193544e-01 8.52717491988183979856e+01 1.14894442659766532477e-01
8.51704795764099964472e-01 5.35519935933569435349e+00 -1.52027519820419926289e-01 8.52605040922006907067e+01 1.15050900299913591573e-01
8.53018724961718044497e-01 5.36179446363981782042e+00 -1.51725541137554709170e-01 8.52492422590456868647e+01 1.15204215285005684422e-01
8.54326846641008552652e-01 5.36840118208041605641e+00 -1.51421705461262545711e-01 8.52379638484782162777e+01 1.15354360715905740475e-01
8.55629151896023509849e-01 5.37501948041285970703e+00 -1.51116003713728797031e-01 8.52266690118322713943e+01 1.15501309656091219469e-01
8.56925631860413927754e-01 5.38164932325799139079e+00 -1.50808426807545942205e-01 8.52153579030038201836e+01 1.15645035180104396866e-01
8.58216277707490537985e-01 5.38829067406620065839e+00 -1.50498965645625065735e-01 8.52040306778548455213e+01 1.15785510445870834517e-01
8.59501080650284077223e-01 5.39494349510498238942e+00 -1.50187611124649872396e-01 8.51926874948832022483e+01 1.15922708590286444030e-01
8.60780031941604684143e-01 5.40160774742370186630e+00 -1.49874354134252457671e-01 8.51813285147225656146e+01 1.16056602846416889729e-01
8.62053122874101962481e-01 5.40828339083685616373e+00 -1.49559185560323548714e-01 8.51699539006483945514e+01 1.16187166451512183252e-01
8.63320344780323600808e-01 5.41497038388554052801e+00 -1.49242096283342062790e-01 8.51585638179661401637e+01 1.16314372814818253743e-01
8.64581689032775213555e-01 5.42166868383004718623e+00 -1.48923077184364427428e-01 8.51471584350775145822e+01 1.16438195293361509974e-01
8.65837147043978516692e-01 5.42837824659880840983e+00 -1.48602119141659966273e-01 8.51357379222723409384e+01 1.16558607452755647049e-01
8.67086710266529503421e-01 5.43509902678126266551e+00 -1.48279213036802720582e-01 8.51243024528802010309e+01 1.16675582844582945152e-01
8.68330370193157397019e-01 5.44183097758033706981e+00 -1.47954349750569952304e-01 8.51128522023169011845e+01 1.16789095315346924675e-01
8.69568118356782493450e-01 5.44857409313113549842e+00 -1.47627587067346466299e-01 8.51013896197384696052e+01 1.16895576264415282375e-01
8.70799946330572671727e-01 5.45532824364940971407e+00 -1.47298788755113985172e-01 8.50899105895040577252e+01 1.17001727571036981401e-01
8.72025845728002679813e-01 5.46209341631026124020e+00 -1.46968006582491317324e-01 8.50784173465235227241e+01 1.17104303299673903616e-01
8.73245808202909201690e-01 5.46886955854625345097e+00 -1.46635231516921010764e-01 8.50669100792186156923e+01 1.17203274650821490099e-01
8.74459825449549366105e-01 5.47565661626572275367e+00 -1.46300454542233643318e-01 8.50553889792230819467e+01 1.17298612742699523426e-01
8.75667889202656035685e-01 5.48245453381609060273e+00 -1.45963666661760943510e-01 8.50438542412431814910e+01 1.17390288564995823317e-01
8.76869991237495205461e-01 5.48926325395317959988e+00 -1.45624858899899789488e-01 8.50323060632827889549e+01 1.17478273021824425326e-01
8.78066123369920736863e-01 5.49608271774733658788e+00 -1.45284022339972979099e-01 8.50207446457795299466e+01 1.17562537077203738134e-01
8.79256277456431312167e-01 5.50291286472764085147e+00 -1.44941147979283424529e-01 8.50091701923752651737e+01 1.17643051509077209427e-01
8.80440445394225390530e-01 5.50975363261173001206e+00 -1.44596226957857620921e-01 8.49975829106907809773e+01 1.17719786962939845787e-01
8.81618619121255608917e-01 5.51660495740718292978e+00 -1.44249250408628654219e-01 8.49859830110735714470e+01 1.17792714049233179785e-01
8.82790790616284959391e-01 5.52346677334361046974e+00 -1.43900209498823983267e-01 8.49743707072315288542e+01 1.17861803287204830459e-01
8.83956951898940523904e-01 5.53033901283202045107e+00 -1.43549095432242729276e-01 8.49627462162160043135e+01 1.17927025139533264708e-01
8.85117095029768430337e-01 5.53722160643025862470e+00 -1.43195899455296649094e-01 8.49511097587862593628e+01 1.17988349852574281318e-01
8.86271212110287143204e-01 5.54411448279427432340e+00 -1.42840612856395460240e-01 8.49394615590647248382e+01 1.18045747656353783306e-01
8.87419295283041753564e-01 5.55101756863289441668e+00 -1.42483226970493204178e-01 8.49278018444371554097e+01 1.18099188694736637051e-01
8.88561336731657602783e-01 5.55793078868032353057e+00 -1.42123733184985251432e-01 8.49161308464705513188e+01 1.18148642895309255452e-01
8.89697328680893129160e-01 5.56485406563826590087e+00 -1.41762122940988055664e-01 8.49044488002501793744e+01 1.18194080084903230254e-01
8.90827263396692936581e-01 5.57178726487973907666e+00 -1.41398305880344604679e-01 8.48927529161025944404e+01 1.18239891992865941983e-01
8.91951133186240308071e-01 5.57873040965689082071e+00 -1.41032429365499506480e-01 8.48810491736503109905e+01 1.18277637442223623743e-01
8.93068930398010163429e-01 5.58568336623120309525e+00 -1.40664410342276224863e-01 8.48693350781814928041e+01 1.18311315547024092920e-01
8.94180647421820240517e-01 5.59264604868348591538e+00 -1.40294240447852908149e-01 8.48576108780502238460e+01 1.18340898976660585662e-01
8.95286276688883719821e-01 5.59961836878807162066e+00 -1.39921911379292496225e-01 8.48458768235723965745e+01 1.18366361039750053741e-01
8.96385810671860183696e-01 5.60660023603944779325e+00 -1.39547414919463930172e-01 8.48341331713705812945e+01 1.18387674541491655367e-01
8.97479241884907241733e-01 5.61359155750811833485e+00 -1.39170742915342204871e-01 8.48223801794674727716e+01 1.18404813181394411026e-01
8.98566562883731378975e-01 5.62059223786053330230e+00 -1.38791887305052263901e-01 8.48106181114219168649e+01 1.18417750364632576310e-01
8.99647766265638582084e-01 5.62760217928096384554e+00 -1.38410840114819910784e-01 8.47988472351873809885e+01 1.18426459627052282908e-01
9.00722844669584632449e-01 5.63462128138981910297e+00 -1.38027593457671821087e-01 8.47870678218477991095e+01 1.18430914976271103867e-01
9.01791790776225510307e-01 5.64164944119413469537e+00 -1.37642139541651831181e-01 8.47752801461988099163e+01 1.18431090735547028814e-01
9.02854597307967132735e-01 5.64868655307862699289e+00 -1.37254470688259411215e-01 8.47634844896599588537e+01 1.18426960851420057241e-01
9.03911257029014647557e-01 5.65573250866001053794e+00 -1.36864579314854822867e-01 8.47516811357431123497e+01 1.18418500139505986080e-01
9.04961762745422060306e-01 5.66278719679472253290e+00 -1.36472457961054366438e-01 8.47398703740657310846e+01 1.18405683185275903413e-01
9.06006107305140861996e-01 5.66985050344628938035e+00 -1.36078099274161506971e-01 8.47280524967125217017e+01 1.18388485456797198925e-01
9.07044283598068878938e-01 5.67692231165567040563e+00 -1.35681496086161812453e-01 8.47162278024807449128e+01 1.18366882170593712420e-01
9.08076284556099455614e-01 5.68400250155812614139e+00 -1.35282641209094778301e-01 8.47043965934541631668e+01 1.18340849061987440916e-01
9.09102103153167639960e-01 5.69109095012164267757e+00 -1.34881527737650969145e-01 8.46925591767423213696e+01 1.18310362248638722971e-01
9.10121732405300032376e-01 5.69818753122089205476e+00 -1.34478148862380630923e-01 8.46807158646480786501e+01 1.18275398222939170934e-01
9.11135165370661193052e-01 5.70529219342175863972e+00 -1.34072603957292146859e-01 8.46688713631707088325e+01 1.18230057612943265100e-01
9.12142395149601159510e-01 5.71240465614238424052e+00 -1.33664684300349417834e-01 8.46570176665109102032e+01 1.18185515242182528906e-01
9.13143414884702742107e-01 5.71952485419466061245e+00 -1.33254480619647314166e-01 8.46451590847387365102e+01 1.18136377295715772062e-01
9.14138217760827709313e-01 5.72665264821449060406e+00 -1.32841986831557096194e-01 8.46332959546387399996e+01 1.18082617408458254160e-01
9.15126797005163528098e-01 5.73378789529434129690e+00 -1.32427197030664134392e-01 8.46214286175575836069e+01 1.18024209847238770177e-01
9.16109145887269216146e-01 5.74093044891253434514e+00 -1.32010105508696129473e-01 8.46095574203298355087e+01 1.17961128949471374949e-01
9.17085257719121638154e-01 5.74808015888660150949e+00 -1.31590706771579024625e-01 8.45976827177010051173e+01 1.17893348692436270020e-01
9.18055125855160469861e-01 5.75523687122181648590e+00 -1.31168995531707160973e-01 8.45858048689924117980e+01 1.17820843627651911101e-01
9.19018743692333606177e-01 5.76240042800392338052e+00 -1.30744966715724081352e-01 8.45739242373786623830e+01 1.17743588988942049500e-01
9.19976104670142347253e-01 5.76957066742370194845e+00 -1.30318615503427270852e-01 8.45620411967779546103e+01 1.17661559125798190206e-01
9.20927202270686140473e-01 5.77674742355280201878e+00 -1.29889937308496794532e-01 8.45501561248439514884e+01 1.17574729122299367901e-01
9.21872030018706323240e-01 5.78393052628414583438e+00 -1.29458927796185591097e-01 8.45382694054025449759e+01 1.17483074435714582306e-01
9.22810581481630642919e-01 5.79111980123824920952e+00 -1.29025582899659874148e-01 8.45263814291382260535e+01 1.17386570616657706645e-01
9.23742850269617443715e-01 5.79831506965311760382e+00 -1.28589898829523291424e-01 8.45144925935164224029e+01 1.17285193432251702572e-01
9.24668830035598299233e-01 5.80551614830740980722e+00 -1.28151872095073809943e-01 8.45026033047853104563e+01 1.17178918364210737924e-01
9.25588514475321866293e-01 5.81272284933383431849e+00 -1.27711499495407471150e-01 8.44907139738868409040e+01 1.17067721797920687443e-01
9.26501897327396517490e-01 5.81993498014787302708e+00 -1.27268778147726219219e-01 8.44788250191342342532e+01 1.16951580179755862399e-01
9.27408972373333306827e-01 5.82715234329953712944e+00 -1.26823705559421906486e-01 8.44669368666394859702e+01 1.16830470156603596910e-01
9.28309733437587714100e-01 5.83437473650960480853e+00 -1.26376279407816621836e-01 8.44550499519132102932e+01 1.16704368181770448687e-01
9.29204174387602388485e-01 5.84160184660797376921e+00 -1.25926367497931762651e-01 8.44431585605090759827e+01 1.16580706734334210717e-01
9.30092289133848337812e-01 5.84883366198964615990e+00 -1.25474217639136964575e-01 8.44312748418698646447e+01 1.16445225104626431945e-01
9.30974071629866561928e-01 5.85606986829095443881e+00 -1.25019708892755848639e-01 8.44193936518796164137e+01 1.16304741005777104168e-01
9.31849515872309464015e-01 5.86331024190385807771e+00 -1.24562840494851639894e-01 8.44075154503558167107e+01 1.16159236971844131991e-01
9.32718615900981373734e-01 5.87055455360050082447e+00 -1.24103612094225490559e-01 8.43956407059387458958e+01 1.16008696333775918053e-01
9.33581365798879514450e-01 5.87780256834517178532e+00 -1.23642023772620249233e-01 8.43837698937937119581e+01 1.15853103051236042131e-01
9.34437759692233416153e-01 5.88505404527784126145e+00 -1.23178076084965684722e-01 8.43719035035485944718e+01 1.15692440510732311165e-01
9.35287791750546215752e-01 5.89230873732061510850e+00 -1.22711770023317789935e-01 8.43600420255186236318e+01 1.15526694598271625902e-01
9.36131456186633403860e-01 5.89956639124446358124e+00 -1.22243107089019018008e-01 8.43481859640295823510e+01 1.15355850778024474068e-01
9.36968747256662348732e-01 5.90682674735826385159e+00 -1.21772089279582856891e-01 8.43363358289832660830e+01 1.15179895970128967631e-01
9.37799659260191820209e-01 5.91408953947487603386e+00 -1.21298719141409147571e-01 8.43244921439213754866e+01 1.14998816789392888094e-01
9.38624186540210181384e-01 5.92135449454679463344e+00 -1.20822999741192177448e-01 8.43126554349799874899e+01 1.14812602409314262752e-01
9.39442323483174468457e-01 5.92862133274112412806e+00 -1.20344934754954779876e-01 8.43008262460062667287e+01 1.14621240829399478889e-01
9.40254064519048693427e-01 5.93588976703797044365e+00 -1.19864528434832667836e-01 8.42890051259225998592e+01 1.14424722100151116111e-01
9.41059404121340592475e-01 5.94315950307203166858e+00 -1.19381785716075619619e-01 8.42771926322745343896e+01 1.14223037554178438735e-01
9.41858336807141038882e-01 5.95043023908985624360e+00 -1.18896711985529104916e-01 8.42653893343685211903e+01 1.14016179013317939250e-01
9.42650857137159903232e-01 5.95770166564805236931e+00 -1.18409313518283473843e-01 8.42535958164279179528e+01 1.13804138362727458311e-01
9.43436959715763689971e-01 5.96497346527616478795e+00 -1.17919597185252536531e-01 8.42418126642102293999e+01 1.13586910660870468726e-01
9.44216639191012285792e-01 5.97224531252723522812e+00 -1.17427570613134996114e-01 8.42300404823514412556e+01 1.13364490422448227491e-01
9.44989890254695485972e-01 5.97951700898458682332e+00 -1.16933391760494498346e-01 8.42182880996500955462e+01 1.13127991036561653670e-01
9.45756707642368521505e-01 5.98678795384641393440e+00 -1.16436782967892671348e-01 8.42065404816990792369e+01 1.12894420918789664676e-01
9.46517086133388918512e-01 5.99405792001612525155e+00 -1.15937892389307711793e-01 8.41948057754417220622e+01 1.12655590647637429691e-01
9.47271020550951026173e-01 6.00132654735101933596e+00 -1.15436730911632048913e-01 8.41830846323611012849e+01 1.12411496076336991923e-01
9.48018505762121987956e-01 6.00859346655169002105e+00 -1.14933310329760604573e-01 8.41713777232083515401e+01 1.12162132972431660694e-01
9.48759536677876158528e-01 6.01585829869824095795e+00 -1.14427643338202669754e-01 8.41596857255935191233e+01 1.11907499555247050282e-01
9.49494108253130075781e-01 6.02312065509133987007e+00 -1.13919743594525571528e-01 8.41480093304518703690e+01 1.11647594990667287096e-01
9.50222215486776988769e-01 6.03038013704415210015e+00 -1.13409625764877397547e-01 8.41363492460771027481e+01 1.11382419017710176945e-01
9.50943853421720053376e-01 6.03763633549013079005e+00 -1.12897305540529568901e-01 8.41247061914312439512e+01 1.11111973309903008800e-01
9.51659017144907415364e-01 6.04488883083551886699e+00 -1.12382799790960025144e-01 8.41130809060951634137e+01 1.10836259461674274673e-01
9.52367701787364628885e-01 6.05213719243711256723e+00 -1.11866126233865090245e-01 8.41014741319965963839e+01 1.10555283118510816465e-01
9.53069902524227741125e-01 6.05938097853302970464e+00 -1.11347304008820230381e-01 8.40898866347077529326e+01 1.10269049279785452677e-01
9.53765614574776932066e-01 6.06661973591895353763e+00 -1.10826353399444882397e-01 8.40783191988309113185e+01 1.09977564039003425367e-01
9.54454833202468377884e-01 6.07385299938812206477e+00 -1.10303295916688595679e-01 8.40667726146064069326e+01 1.09680836773343948209e-01
9.55137553714966891505e-01 6.08108029170226238591e+00 -1.09778154406812836208e-01 8.40552476969005368801e+01 1.09378876803748678603e-01
9.55813771464177897030e-01 6.08830112301925030494e+00 -1.09250953050467558558e-01 8.40437452711884276368e+01 1.09071696508927243330e-01
9.56483481846278404959e-01 6.09551499072957803094e+00 -1.08721717463598821496e-01 8.40322661855418999721e+01 1.08759308563175255413e-01
9.57146680301749208652e-01 6.10272137897136435214e+00 -1.08190474718778295582e-01 8.40208113032607712967e+01 1.08441728004964557663e-01
9.57803362315405748539e-01 6.10991975830673350600e+00 -1.07657253414717796192e-01 8.40093815062113833392e+01 1.08118971573750111137e-01
9.58453523416427977111e-01 6.11710958524852443929e+00 -1.07122083717087576704e-01 8.39979776894460314907e+01 1.07791058870365066835e-01
9.59097159178392222323e-01 6.12429030208640767796e+00 -1.06584997465075798084e-01 8.39866007753842183092e+01 1.07458009769380594123e-01
9.59734265219300386462e-01 6.13146114785708018502e+00 -1.06045847488632813405e-01 8.39752396183740472679e+01 1.07131142165334924954e-01
9.60364837201609811146e-01 6.13862189581649531078e+00 -1.05505017116760760332e-01 8.39639182864922588578e+01 1.06788765585531561508e-01
9.60988870832263142319e-01 6.14577176893837595628e+00 -1.04962375205354521701e-01 8.39526266473926625622e+01 1.06441388593957783626e-01
9.61606361862717418099e-01 6.15291014767872912472e+00 -1.04417960830686232243e-01 8.39413656872677904630e+01 1.06089045657523334265e-01
9.62217306088972823552e-01 6.16003639622159049338e+00 -1.03871815012565898995e-01 8.39301364266323162155e+01 1.05731771345104363924e-01
9.62821699351601556494e-01 6.16714986158013900308e+00 -1.03323980792803263307e-01 8.39189398936275949836e+01 1.05369605247813358240e-01
9.63419537535776138171e-01 6.17424987357546495303e+00 -1.02774503395644992154e-01 8.39077771536225043292e+01 1.05002587238035655082e-01
9.64010816571297390887e-01 6.18133574392394091745e+00 -1.02223430232698669906e-01 8.38966492823602578710e+01 1.04630762132576202172e-01
9.64595532432621638463e-01 6.18840676601454031669e+00 -1.01670811037602115690e-01 8.38855573843142110491e+01 1.04254176812805271490e-01
9.65173681138889238973e-01 6.19546221435384314447e+00 -1.01116697951227574315e-01 8.38745025905326855309e+01 1.03872880427843858331e-01
9.65745258753950674979e-01 6.20250134384884077576e+00 -1.00561145557684805674e-01 8.38634860466382434652e+01 1.03486927873762332708e-01
9.66310261386393642979e-01 6.20952338962895034058e+00 -1.00004211164678016854e-01 8.38525089372247691699e+01 1.03096374065928503283e-01
9.66868685189569476712e-01 6.21652756612378976087e+00 -9.94459544463020261862e-02 8.38415724610475621148e+01 1.02701279650339052929e-01
9.67420526361620347622e-01 6.22351306675085247377e+00 -9.88864381314610851881e-02 8.38306778494187625483e+01 1.02301707893646440239e-01
9.67965781145503245675e-01 6.23047906327722778030e+00 -9.83257277444236077457e-02 8.38198263620211321268e+01 1.01897725449012738208e-01
9.68504445829016735736e-01 6.23742470511594060412e+00 -9.77638917758371361888e-02 8.38090192800298012799e+01 1.01489403815986048429e-01
9.69036516744826603720e-01 6.24434911886801735648e+00 -9.72010018168989048393e-02 8.37982579161737817230e+01 1.01076817981755801013e-01
9.69561990270489948429e-01 6.25125140773585652454e+00 -9.66371326836895083723e-02 8.37875436171881773362e+01 1.00660045807667464235e-01
9.70080862828479939530e-01 6.25813065073192742460e+00 -9.60723624842794721168e-02 8.37768777533055413187e+01 1.00239171275111560444e-01
9.70593130886211241659e-01 6.26498590216095330163e+00 -9.55067727856986625756e-02 8.37662617267842222191e+01 9.98142815815193096274e-02
9.71098790956062218882e-01 6.27181619096307674255e+00 -9.49404488028870036098e-02 8.37556969715513588426e+01 9.93854692053057348078e-02
9.71597839595400469825e-01 6.27862052013637139680e+00 -9.43734791960286756307e-02 8.37451849607326863634e+01 9.89528291515017477398e-02
9.72090273406605143158e-01 6.28539810822379063637e+00 -9.38061541008360366689e-02 8.37347438853393981617e+01 9.85032867813917523137e-02
9.72576089037090585343e-01 6.29214743700290490835e+00 -9.32381877525046698363e-02 8.37243431692143644796e+01 9.80624232190829003830e-02
9.73055283179328878163e-01 6.29886765314368712865e+00 -9.26698664267296134955e-02 8.37139998840672205915e+01 9.76180017779695874403e-02
9.73527852570872820337e-01 6.30555764872696222767e+00 -9.21012950338777613979e-02 8.37037156344843253919e+01 9.71701385037883058615e-02
9.73993793994377243806e-01 6.31221628641764631595e+00 -9.15325828745128106112e-02 8.36934920618505344692e+01 9.67189534586413157680e-02
9.74453104277621995344e-01 6.31884239892009169637e+00 -9.09638437781118136538e-02 8.36833308555983279575e+01 9.62645714409916253285e-02
9.74905780293532697733e-01 6.32543478797257741064e+00 -9.03951962183161678022e-02 8.36732337327475050870e+01 9.58071240243972693795e-02
9.75351818960202621156e-01 6.33199222379228565671e+00 -8.98267635613176351761e-02 8.36632024475719191514e+01 9.53467501664117117466e-02
9.75791217240913111297e-01 6.33851344447915376890e+00 -8.92586738810033641922e-02 8.36532388030564533210e+01 9.48835919075117772969e-02
9.76223972144155016650e-01 6.34499715518079021592e+00 -8.86910606259002226581e-02 8.36433446358688286182e+01 9.44177998972009768774e-02
9.76650080723648006398e-01 6.35144202740305985344e+00 -8.81240624186617887981e-02 8.36335218206546358033e+01 9.39495313135939036364e-02
9.77069540078361775670e-01 6.35784669847562700085e+00 -8.75578233146255130448e-02 8.36237722796067401987e+01 9.34789496968395083876e-02
9.77482347352534808316e-01 6.36420977080520611224e+00 -8.69924929674404240343e-02 8.36140979772328876152e+01 9.30062243861059234629e-02
9.77888499735694360915e-01 6.37052981113300909044e+00 -8.64282267326129810536e-02 8.36045009140041628370e+01 9.25315343603932694005e-02
9.78287994462675891683e-01 6.37680535012756166680e+00 -8.58651858956883951013e-02 8.35949831425494949144e+01 9.20550635777318826403e-02
9.78680828813640935060e-01 6.38303488164467758281e+00 -8.53035378829021390112e-02 8.35855467567652397065e+01 9.15770046619353711437e-02
9.79067000114096308572e-01 6.38921686212743011879e+00 -8.47434560214330723227e-02 8.35761938966129633855e+01 9.10975570975246229377e-02
9.79446505734912542529e-01 6.39534971014134256961e+00 -8.41851202801141007548e-02 8.35669267441038243760e+01 9.06169295225723592235e-02
9.79819343092340866441e-01 6.40143180597949523758e+00 -8.36287170604647078775e-02 8.35577475378898526515e+01 9.01353365467664618960e-02
9.80185509648031860763e-01 6.40746149077397308957e+00 -8.30744393512712758776e-02 8.35486585401479260327e+01 8.96530046898980637060e-02
9.80545002909051777173e-01 6.41343706680312752866e+00 -8.25224869872406840976e-02 8.35396620885877894125e+01 8.91701646107454226620e-02
9.80897820427900302143e-01 6.41935679651674728774e+00 -8.19730666725253659388e-02 8.35307605504740280367e+01 8.86870582134296620014e-02
9.81243959802526766190e-01 6.42521890244467730469e+00 -8.14263922359393793604e-02 8.35219563338207819925e+01 8.82039371249513787232e-02
9.81583418676346575182e-01 6.43102156735110952468e+00 -8.08826844139101663878e-02 8.35132519234116443840e+01 8.77210568480195768126e-02
9.81916194738257197550e-01 6.43676293349656081233e+00 -8.03421714084808780143e-02 8.35046498206676659493e+01 8.72386876487468709840e-02
9.82242285722654373536e-01 6.44244110311604689656e+00 -7.98050887054025381850e-02 8.34961525907806816349e+01 8.67571057882126212002e-02
9.82561689409446659127e-01 6.44805383370833151702e+00 -7.92714773322253096755e-02 8.34877396342295980958e+01 8.62913531361630403715e-02
9.82874403624071413255e-01 6.45359973977031486925e+00 -7.87419822338815411644e-02 8.34794586523627231145e+01 8.58129365169832403204e-02
9.83180426237509119680e-01 6.45907651532398396910e+00 -7.82166683379370564211e-02 8.34712904572518539226e+01 8.53362141832572085320e-02
9.83479755166297819891e-01 6.46448210356493380147e+00 -7.76958011481827942601e-02 8.34632377920488863765e+01 8.48615006526662885022e-02
9.83772388372547657021e-01 6.46981440883003333653e+00 -7.71796533742501039699e-02 8.34553034377461102622e+01 8.43891203238693321520e-02
9.84058323863954753641e-01 6.47507129800766545458e+00 -7.66685055889909511384e-02 8.34474902452449924795e+01 8.39194033405100958678e-02
9.84337559693814090345e-01 6.48025060048253020994e+00 -7.61626456453569911087e-02 8.34398010736444888380e+01 8.34526937558709019926e-02
9.84610093961033494558e-01 6.48535011022902185829e+00 -7.56623688535213029249e-02 8.34322388637852583315e+01 8.29893385475840433818e-02
9.84875924810146630151e-01 6.49036758612091713161e+00 -7.51679776891574918940e-02 8.34248065625254042743e+01 8.25296995612228995176e-02
9.85135050431324765796e-01 6.49530075401517947853e+00 -7.46797817726366913726e-02 8.34175071679815403058e+01 8.20741442594035558455e-02
9.85387469060390319697e-01 6.50014730834185705532e+00 -7.41980977513394535094e-02 8.34103437157889118225e+01 8.16230482234523435636e-02
9.85633178978827628747e-01 6.50490491383031255168e+00 -7.37232486291464761408e-02 8.34033192772079843280e+01 8.11767960248925418698e-02
9.85872178513795716093e-01 6.50957120768830233004e+00 -7.32555641086661962769e-02 8.33964369341460241003e+01 8.07357816044634996056e-02
9.86104466038138838258e-01 6.51414380217254684879e+00 -7.27953798931325890553e-02 8.33896998041155654846e+01 8.03004061611689995415e-02
9.86330039970398142479e-01 6.51862028759988909599e+00 -7.23430374873891973708e-02 8.33831110597739950663e+01 7.98710729700547600318e-02
9.86548898774822102808e-01 6.52299823428616765142e+00 -7.18988836116762619621e-02 8.33766738447295381320e+01 7.94481987209685186491e-02
9.86761040961377400293e-01 6.52727519673668510336e+00 -7.14632698886199652089e-02 8.33703913456452312403e+01 7.90322022188811174059e-02
9.86966465085758248854e-01 6.53144871690066342040e+00 -7.10365523698077289128e-02 8.33642667619759407671e+01 7.86235078083054872433e-02
9.87165169749397164445e-01 6.53551632748409527807e+00 -7.06190904966368243612e-02 8.33583032794458347325e+01 7.82225471526948046286e-02
9.87357153599473957861e-01 6.53947555706237526607e+00 -7.02112471924348086061e-02 8.33525041169161937660e+01 7.78297509437688578293e-02
9.87542415328925060614e-01 6.54332393345744645075e+00 -6.98133876197596509039e-02 8.33468724557297946376e+01 7.74455579047373804391e-02
9.87720953676452295689e-01 6.54705898919626161359e+00 -6.94258786432796898280e-02 8.33414114892951971569e+01 7.70704054912566827173e-02
9.87892767426531648312e-01 6.55067826618349524637e+00 -6.90490879477238805872e-02 8.33361243893558167883e+01 7.67047337642548926473e-02
9.88057855409421592618e-01 6.55417932092329991178e+00 -6.86833831745892881004e-02 8.33310142928713304400e+01 7.63489833904512915641e-02
9.88216216501170752196e-01 6.55755973043271911394e+00 -6.83291310221174758022e-02 8.33260843225568947901e+01 7.60035926133844907948e-02
9.88367849623625893685e-01 6.56081709786775668647e+00 -6.79866963350674730071e-02 8.33213375562608291602e+01 7.56689982112120906876e-02
9.88512753744439143233e-01 6.56394905855436672226e+00 -6.76564406677524765588e-02 8.33167770369264957253e+01 7.53456324065263916001e-02
9.88650927877074869876e-01 6.56695328631698060917e+00 -6.73387217755867795166e-02 8.33124057322235387346e+01 7.50339249007684477855e-02
9.88782371080816346876e-01 6.56982750030482698378e+00 -6.70338921411942900708e-02 8.33082265747942898315e+01 7.47342968167821475323e-02
9.88907082460772635102e-01 6.57256947127171020639e+00 -6.67422978534269462081e-02 8.33042424148296021258e+01 7.44471626603477876216e-02
9.89025061167884578239e-01 6.57517702852361907162e+00 -6.64642774097667365929e-02 8.33004560222295395988e+01 7.41729285875392385652e-02
9.89136306398929687766e-01 6.57764806686838898742e+00 -6.62001604932633269662e-02 8.32968700808176265582e+01 7.39119904101182001455e-02
9.89240817396528693273e-01 6.57998055385139135609e+00 -6.59502667684797316827e-02 8.32934872020384347024e+01 7.36647288854683224280e-02
9.89338593449150427439e-01 6.58217253606730245963e+00 -6.57149045226136235831e-02 8.32903098597704598660e+01 7.34315154116898655134e-02
9.89429633891116377953e-01 6.58422214680684358967e+00 -6.54943695047792012742e-02 8.32873404411097624234e+01 7.32127036948994752708e-02
9.89513938102605350444e-01 6.58612761252337808315e+00 -6.52889437229700886345e-02 8.32845811988083823962e+01 7.30086323731879566212e-02
9.89591505509657798356e-01 6.58788725962509591483e+00 -6.50988938607354600263e-02 8.32820342758520979487e+01 7.28196192334243097566e-02
9.89662335584179708725e-01 6.58949952075374145721e+00 -6.49244705748452943794e-02 8.32797016388816189192e+01 7.26459687413442689596e-02
9.89726427843945932850e-01 6.59096294187108000528e+00 -6.47659071326628088539e-02 8.32775851671933224907e+01 7.24879560283938212395e-02
9.89783781852604072071e-01 6.59227618706985918351e+00 -6.46234182022252384714e-02 8.32756865422131937748e+01 7.23458409348595732347e-02
9.89834397219676587198e-01 6.59343804484427753465e+00 -6.44971989430452169456e-02 8.32740072997114992859e+01 7.22198572683039746734e-02
9.89878273600564240198e-01 6.59444743312783643319e+00 -6.43874240000336522938e-02 8.32725488131317490570e+01 7.21102151757001125221e-02
9.89915410696548092595e-01 6.59530340407822990301e+00 -6.42942466665760020694e-02 8.32713122962447016562e+01 7.20170969166382124449e-02
9.89945808254791503877e-01 6.59600514795768155807e+00 -6.42177980486534766280e-02 8.32702987731869370691e+01 7.19406600162990073066e-02
9.89969466068341796827e-01 6.59655199683595228066e+00 -6.41581864018793690541e-02 8.32695090821737124998e+01 7.18810354217429975376e-02
