00000000000000000000 3.60358956217198311833e+00 -1.91565498649831411626e-01 00000000000000000088 1.46132912427335656200e-25
2.58315720529896097890e-03 3.60510185896906154568e+00 -1.91564596972671419284e-01 8.79983359414703869561e+01 8.88771526690281861048e-05
5.16629682395841009074e-03 3.60661854442603013737e+00 -1.91563505913822790250e-01 8.79966534842096734792e+01 1.79564621259109996913e-04
7.74940126945856955221e-03 3.60813962418732048221e+00 -1.91562224643435169424e-01 8.79949525931142204627e+01 2.72063374562188842101e-04
1.03324529555191297475e-02 3.60966510388895223116e+00 -1.91560752327681466101e-01 8.79932332332777491501e+01 3.66374332517302577980e-04
1.29154342962189676997e-02 3.61119498915810765993e+00 -1.91559088128406329599e-01 8.79914953700005497694e+01 4.62498362721861378932e-04
1.54983277061159028382e-02 3.61272928561312367535e+00 -1.91557231203183020440e-01 8.79897389687903057620e+01 5.60436280101461107954e-04
1.80811156003663868475e-02 3.61426799886231808756e+00 -1.91555180704793520663e-01 8.79879639953109062844e+01 6.60188870689329583563e-04
2.06637803948452533631e-02 3.61581113450665991849e+00 -1.91552935782476646542e-01 8.79861704155186430398e+01 7.61756829585591888239e-04
2.32463045062654173611e-02 3.61735869813652222149e+00 -1.91550495580459195777e-01 8.79843581955101683434e+01 8.65140830854761321185e-04
2.58286703522975918945e-02 3.61891069533323150864e+00 -1.91547859238690887373e-01 8.79825273016044064889e+01 9.70341490412302779683e-04
2.84108603516900135033e-02 3.62046713166857658805e+00 -1.91545025892638859366e-01 8.79806777003247901803e+01 1.07735937451736152326e-03
3.09928569243880722150e-02 3.62202801270464291861e+00 -1.91541994673235738134e-01 8.79788093583978252354e+01 1.18619500090597811484e-03
3.35746424916540803229e-02 3.62359334399743548971e+00 -1.91538764708826497740e-01 8.79769222429356716475e+01 1.29684874265956315460e-03
3.61561994761869162640e-02 3.62516313108517396202e+00 -1.91535335119014687999e-01 8.79750163208733653164e+01 1.40932112589441083626e-03
3.87375103022416650278e-02 3.62673737950261321217e+00 -1.91531705022270404282e-01 8.79730915596722127248e+01 1.52361245850194640568e-03
4.13185573957493418318e-02 3.62831609477266914254e+00 -1.91527873531538050944e-01 8.79711479269192153652e+01 1.63972304220231894500e-03
4.38993231844364839578e-02 3.62989928240812442795e+00 -1.91523839755175645516e-01 8.79691853904166833900e+01 1.75765312539003957723e-03
4.64797900979448119774e-02 3.63148694791152326644e+00 -1.91519602796939247824e-01 8.79672039181842535527e+01 1.87740290246368019510e-03
4.90599405679508632216e-02 3.63307909677507279156e+00 -1.91515161755970136914e-01 8.79652034784609782037e+01 1.99897251297074824566e-03
5.16397570282855211676e-02 3.63467573448055158991e+00 -1.91510515726788344004e-01 8.79631840397081390392e+01 2.12236204046022287895e-03
5.42192219150537807471e-02 3.63627686648996473195e+00 -1.91505663793690938945e-01 8.79611455701615057023e+01 2.24757178324432819322e-03
5.67983176667541181382e-02 3.63788249827674370351e+00 -1.91500605049664318624e-01 8.79590880393569563012e+01 2.37460133378637880050e-03
5.93770267243982005634e-02 3.63949263528436706139e+00 -1.91495338571421175322e-01 8.79570114161242315731e+01 2.50345079045538598805e-03
6.19553315316303740423e-02 3.64110728295080487982e+00 -1.91489863434235518813e-01 8.79549156697840288643e+01 2.63412003504038443394e-03
6.45332145348472135948e-02 3.64272644670282508272e+00 -1.91484178708543784087e-01 8.79528007698783653723e+01 2.76660889646678474774e-03
6.71106581833170040552e-02 3.64435013195584023293e+00 -1.91478283459910747499e-01 8.79506666861707628868e+01 2.90091715096922522082e-03
6.96876449292992278250e-02 3.64597834411375165686e+00 -1.91472176748994193929e-01 8.79485133886464893749e+01 3.03704452231888348546e-03
7.22641572281641081377e-02 3.64761108856881222096e+00 -1.91465857631507835324e-01 8.79463408475136532161e+01 3.17499068214224973439e-03
7.48401775385119094608e-02 3.64924837070144914009e+00 -1.91459325158179399784e-01 8.79441490332026205579e+01 3.31475525044918565426e-03
7.74156883222925085164e-02 3.65089019588010321726e+00 -1.91452578374706527953e-01 8.79419379163660437371e+01 3.45633779631335843335e-03
7.99906720449247571336e-02 3.65253656946105431658e+00 -1.91445616321706812979e-01 8.79397074678787049606e+01 3.59973783876698684436e-03
8.25651111754157757128e-02 3.65418749681774901461e+00 -1.91438438054936960198e-01 8.79374576602723152519e+01 3.74495386275998203007e-03
8.51389881864804548561e-02 3.65584298323522283169e+00 -1.91431042572882459396e-01 8.79351884626077549001e+01 3.89198683650762364272e-03
8.77122855546606100541e-02 3.65750303405376619992e+00 -1.91423428915438731401e-01 8.79328998474725409551e+01 4.04083541445438097078e-03
9.02849857604444694381e-02 3.65916765458064041638e+00 -1.91415596103406193684e-01 8.79305917866945776495e+01 4.19149887605351888914e-03
9.28570712883857868336e-02 3.66083685011034409840e+00 -1.91407543152477488402e-01 8.79282642523366035903e+01 4.34397644458009261903e-03
9.54285246272232184905e-02 3.66251062592446974264e+00 -1.91399269073214833847e-01 8.79259172166980107477e+01 4.49826728668693484603e-03
9.79993282699994638918e-02 3.66418898729154918215e+00 -1.91390772871028735924e-01 8.79235506523161518544e+01 4.65437051189824396724e-03
1.00569464714180475950e-01 3.66587193946690970137e+00 -1.91382053546160002533e-01 8.79211645319683157140e+01 4.81228517203258297080e-03
1.03138916461774601818e-01 3.66755948769252126951e+00 -1.91373110093660536712e-01 8.79187588286732335519e+01 4.97201026052654804915e-03
1.05707666019451862471e-01 3.66925163719684510610e+00 -1.91363941503380596831e-01 8.79163335156930401126e+01 5.13354471160758045467e-03
1.08275695898662718819e-01 3.67094839319470134242e+00 -1.91354546759956528623e-01 8.79138885665358884580e+01 5.29688739929843211557e-03
1.10842988615757503945e-01 3.67264976088711359026e+00 -1.91344924842803354448e-01 8.79114239549580531730e+01 5.46203713627807074110e-03
1.13409526692105272483e-01 3.67435574540197018578e+00 -1.91335074680249184187e-01 8.79089396520873265217e+01 5.62899490058259982517e-03
1.15975292654212733257e-01 3.67606635201088094433e+00 -1.91324995317569412911e-01 8.79064356369790971257e+01 5.79775567054688356627e-03
1.18540269033843417845e-01 3.67778158582728886827e+00 -1.91314685683376395353e-01 8.79039118819443388020e+01 5.96831977272158694520e-03
1.21104438368136405058e-01 3.67950145199406764007e+00 -1.91304144734936371064e-01 8.79013683616828416234e+01 6.14068582037621997494e-03
1.23667783199725281329e-01 3.68122595563926591211e+00 -1.91293371424024888361e-01 8.78988050511409824139e+01 6.31485237078702969088e-03
1.26230286076857156630e-01 3.68295510187590968698e+00 -1.91282364696893025791e-01 8.78962219255119379113e+01 6.49081792536487702655e-03
1.28791929553511097506e-01 3.68468889580181757637e+00 -1.91271123494231531925e-01 8.78936189602370774310e+01 6.66858092981617578410e-03
1.31352696189517337277e-01 3.68642734249940096092e+00 -1.91259646751134770870e-01 8.78909961310064744566e+01 6.84813977435509788766e-03
1.33912568550675792345e-01 3.68817044703546681461e+00 -1.91247933397061170568e-01 8.78883534137596456048e+01 7.02949279403724310716e-03
1.36471529208874592376e-01 3.68991821446099876880e+00 -1.91235982355792311083e-01 8.78856907846856074684e+01 7.21263826921893572153e-03
1.39029560742209123969e-01 3.69167064981098436149e+00 -1.91223792545393733722e-01 8.78830082202249656120e+01 7.39757442586904279819e-03
1.41586645735100435939e-01 3.69342775810414059023e+00 -1.91211362878161761358e-01 8.78803056970674418835e+01 7.58429943657107016874e-03
1.44142766778413616846e-01 3.69518954434275181953e+00 -1.91198692260582697733e-01 8.78775831921548302716e+01 7.77281142098652354927e-03
1.46697906469576699884e-01 3.69695601351240554777e+00 -1.91185779593274762789e-01 8.78748406826793200253e+01 7.96310844703052890525e-03
1.49252047412698846118e-01 3.69872717070602385903e+00 -1.91172623879020481263e-01 8.78720781521231373290e+01 8.15518328353490550009e-03
1.51805172218688999575e-01 3.70050302066052472227e+00 -1.91159223819971829661e-01 8.78692955677485514343e+01 8.34904295771815400939e-03
1.54357263505374042722e-01 3.70228356840883865431e+00 -1.91145578384711328779e-01 8.78664929123020783663e+01 8.54468121772617578147e-03
1.56908303897617312783e-01 3.70406881886930516856e+00 -1.91131686451481180855e-01 8.78636701640673152269e+01 8.74209585559368625163e-03
1.59458276027436895994e-01 3.70585877694273202465e+00 -1.91117546892672601766e-01 8.78608273015948242346e+01 8.94128460293300286743e-03
1.62007162534123755337e-01 3.70765344751215364383e+00 -1.91103158574799425473e-01 8.78579643037018342966e+01 9.14224513054030275827e-03
1.64554946064359886027e-01 3.70945283544264725606e+00 -1.91088520358477870209e-01 8.78550811494755379272e+01 9.34497504784887432494e-03
1.67101609272336831813e-01 3.71125694558108909504e+00 -1.91073631098401586215e-01 8.78521778182731054585e+01 9.54947190250578399617e-03
1.69647134819873285361e-01 3.71306578275597232164e+00 -1.91058489643325057905e-01 8.78492542897251524892e+01 9.75573317957994026739e-03
1.72191505376533410265e-01 3.71487935177714501123e+00 -1.91043094836039206719e-01 8.78463105437354272453e+01 9.96375630114726927589e-03
1.74734703619744774494e-01 3.71669765743565294613e+00 -1.91027445513362148510e-01 8.78433465604855001629e+01 1.01735386251388445350e-02
1.77276712234916367095e-01 3.71852070450346827712e+00 -1.91011540506119209537e-01 8.78403623204343801945e+01 1.03850774446690597569e-02
1.79817513915556254078e-01 3.72034849773329945322e+00 -1.90995378639133656096e-01 8.78373578043218969924e+01 1.05983699869156254569e-02
1.82357091363389622884e-01 3.72218104185839404607e+00 -1.90978958731220588296e-01 8.78343329931721541470e+01 1.08134134117510074397e-02
1.84895427288476549288e-01 3.72401834159227407284e+00 -1.90962279595178779923e-01 8.78312878682937565600e+01 1.10302048105530171168e-02
1.87432504409329458994e-01 3.72586040162856191316e+00 -1.90945340037791622123e-01 8.78282224112844431829e+01 1.12487412045402315752e-02
1.89968305453031172103e-01 3.72770722636364881808e+00 -1.90928138590021667653e-01 8.78251365905745728924e+01 1.14690326341909797775e-02
1.92502813155352114904e-01 3.72955882094115231951e+00 -1.90910674523975837369e-01 8.78220304121708181810e+01 1.16910528131403696622e-02
1.95036010260868170052e-01 3.73141518976674335661e+00 -1.90892946407567931644e-01 8.78189038475326384514e+01 1.19148092572372021891e-02
1.97567879523077832848e-01 3.73327633744960163398e+00 -1.90874953020974152951e-01 8.78157568793145912878e+01 1.21402988141286940355e-02
2.00098403704520089175e-01 3.73514226857754128019e+00 -1.90856693137969379848e-01 8.78125894904576682620e+01 1.23675182717848993613e-02
2.02627565576891321975e-01 3.73701298771661827303e+00 -1.90838165525867353711e-01 8.78094016641841363935e+01 1.25964643598313347922e-02
2.05155347921162689584e-01 3.73888849941095946505e+00 -1.90819368945496864454e-01 8.78061933840039188226e+01 1.28271337490263800940e-02
2.07681733527697698349e-01 3.74076880818243040494e+00 -1.90800302151151041086e-01 8.78029646337124347610e+01 1.30595230520587062689e-02
2.10206705196368998090e-01 3.74265391853039153247e+00 -1.90780963890551491513e-01 8.77997153973937400906e+01 1.32936288236719934996e-02
2.12730245736675399604e-01 3.74454383493134512761e+00 -1.90761352904787767626e-01 8.77964456594180262528e+01 1.35294475618916911625e-02
2.15252337967859502799e-01 3.74643856183873635857e+00 -1.90741467928290026057e-01 8.77931554044468498432e+01 1.37669757077590257377e-02
2.17772964719024048064e-01 3.74833810368254782830e+00 -1.90721307688756280818e-01 8.77898446174286135602e+01 1.40062096471236918055e-02
2.20292108829248989288e-01 3.75024246486907264497e+00 -1.90700870907115627162e-01 8.77865132836029289365e+01 1.42471457108215415061e-02
2.22809753147708622389e-01 3.75215164978055648604e+00 -1.90680156297456687708e-01 8.77831613884983710250e+01 1.44897801764346852854e-02
2.25325880533787908933e-01 3.75406566277491116068e+00 -1.90659162566976986275e-01 8.77797889179345673938e+01 1.47341092691057797687e-02
2.27840473857199465879e-01 3.75598450818536244711e+00 -1.90637888415908451911e-01 8.77763958580206207216e+01 1.49801291634342973597e-02
2.30353515998100027984e-01 3.75790819032013745371e+00 -1.90616332537453442297e-01 8.77729821951560040816e+01 1.52278359849375832108e-02
2.32864989847207326523e-01 3.75983671401418417801e+00 -1.90594494217424970106e-01 8.77695479428180505010e+01 1.54771967431405095550e-02
2.35374878305916024335e-01 3.76177008253142419747e+00 -1.90572371056090511532e-01 8.77660930397861278607e+01 1.57282597570113230612e-02
2.37883164286414594546e-01 3.76370830056492877702e+00 -1.90549962226742419791e-01 8.77626174957427025447e+01 1.59809967005588061950e-02
2.40389830711801560925e-01 3.76565137232301649917e+00 -1.90527266397608530113e-01 8.77591212984156499033e+01 1.62354033339536379943e-02
2.42894860516201405165e-01 3.76759930198769943388e+00 -1.90504282230072069515e-01 8.77556044358424856000e+01 1.64914753509167004430e-02
2.45398236644881417856e-01 3.76955209371453348055e+00 -1.90481008378660054969e-01 8.77520668963795884565e+01 1.67492083775992624262e-02
2.47899942054367217192e-01 3.77150975163212898167e+00 -1.90457443491014399850e-01 8.77485086686961182068e+01 1.70085979722896657451e-02
2.50399959712559072589e-01 3.77347227984196775807e+00 -1.90433586207869931517e-01 8.77449297417823430578e+01 1.72696396247837870297e-02
2.52898272598847562165e-01 3.77543968241796257246e+00 -1.90409435163042151107e-01 8.77413301049459448677e+01 1.75323287552853375459e-02
2.55394863704230257184e-01 3.77741196340627727324e+00 -1.90384988983424624509e-01 8.77377097478209719839e+01 1.77966607128212661593e-02
2.57889716031426352583e-01 3.77938912682494843054e+00 -1.90360246288964168881e-01 8.77340686603677539779e+01 1.80626307747800834980e-02
2.60382812594993184874e-01 3.78137117666347988276e+00 -1.90335205692657521981e-01 8.77304068328711821323e+01 1.83302341453052339282e-02
2.62874136421441917388e-01 3.78335811688265311048e+00 -1.90309865800535854552e-01 8.77267242559500743937e+01 1.85994659544516972860e-02
2.65363670549352448358e-01 3.78534995141406849228e+00 -1.90284225211680563250e-01 8.77230209205533810746e+01 1.88703212555875708689e-02
2.67851398029489484731e-01 3.78734668415999609081e+00 -1.90258282518229016045e-01 8.77192968179718519650e+01 1.91427950235171541460e-02
2.70337301924917894347e-01 3.78934831899285962109e+00 -1.90232036305357121719e-01 8.77155519398319967195e+01 1.94168821535352330299e-02
2.72821365311117669528e-01 3.79135485975501573819e+00 -1.90205485151325487392e-01 8.77117862781045261045e+01 1.96925774575431172808e-02
2.75303571276099334764e-01 3.79336631025845427700e+00 -1.90178627627475005379e-01 8.77079998251094679063e+01 1.99698756625239851048e-02
2.77783902920519187862e-01 3.79538267428437992024e+00 -1.90151462298274676055e-01 8.77041925735150726950e+01 2.02487714065527277252e-02
2.80262343357794374565e-01 3.79740395434857713752e+00 -1.90123986228748598215e-01 8.77003644565256905707e+01 2.05293314843219137922e-02
2.82738875714217352542e-01 3.79943015641888548473e+00 -1.90096200688580629912e-01 8.76965155765235095942e+01 2.08114187340521956948e-02
2.85213483129071798672e-01 3.80146128313095577056e+00 -1.90068102950790546180e-01 8.76926458762991813956e+01 2.10950890352284529949e-02
2.87686148754746129352e-01 3.80349733813414303540e+00 -1.90039691545697719821e-01 8.76887553496940483910e+01 2.13803369749030434954e-02
2.90156855756849185735e-01 3.80553832504472877574e+00 -1.90010964995990572213e-01 8.76848439908885950445e+01 2.16671570792525518268e-02
2.92625587314324475674e-01 3.80758424744536716489e+00 -1.89981921816631149635e-01 8.76809117943964366759e+01 2.19555438164310313953e-02
2.95092326619564693235e-01 3.80963510888475243021e+00 -1.89952560514865947949e-01 8.76769587550694637912e+01 2.22454915943830593139e-02
2.97557056878526016153e-01 3.81169091287721473194e+00 -1.89922879590110671444e-01 8.76729848680997605470e+01 2.25369947645993780327e-02
3.00019761310842958402e-01 3.81375166290225431354e+00 -1.89892877533947207480e-01 8.76689901290184963045e+01 2.28300476205976141109e-02
3.02480423149941946015e-01 3.81581736240411162342e+00 -1.89862552829983849412e-01 8.76649745336970482867e+01 2.31246444029134731735e-02
3.04939025643155781076e-01 3.81788801479140671447e+00 -1.89831903953917663364e-01 8.76609380783518332692e+01 2.34207792943537974895e-02
3.07395552051837939178e-01 3.81996362343644690895e+00 -1.89800929373294735569e-01 8.76568807595328820526e+01 2.37184464298441956276e-02
3.09849985651476145243e-01 3.82204419167509445998e+00 -1.89769627547598157546e-01 8.76528025741401393134e+01 2.40176398903958233932e-02
3.12302309731806226889e-01 3.82412972280598983943e+00 -1.89737996928061897206e-01 8.76487035194087553691e+01 2.43183537104402595908e-02
3.14752507596926411892e-01 3.82622022009028794898e+00 -1.89706035957626056865e-01 8.76445835929194032587e+01 2.46205818781726863687e-02
3.17200562565410182359e-01 3.82831568675102662525e+00 -1.89673743070815553624e-01 8.76404427925908322550e+01 2.49243183397081791153e-02
3.19646457970420572181e-01 3.83041612597275671348e+00 -1.89641116693695516160e-01 8.76362811166859074774e+01 2.52295569994470392228e-02
3.22090177159823132236e-01 3.83252154090092167493e+00 -1.89608155243695231107e-01 8.76320985638052434297e+01 2.55362917268782026181e-02
3.24531703496299839262e-01 3.83463193464138507593e+00 -1.89574857129536478162e-01 8.76278951328884119221e+01 2.58445163582512356382e-02
3.26971020357461672479e-01 3.83674731253387912844e+00 -1.89541223803269764936e-01 8.76236709332534076111e+01 2.61540771985287537338e-02
3.29408111135962355931e-01 3.83886767342422396965e+00 -1.89507248046730247815e-01 8.76194257622621393011e+01 2.64652391180470215881e-02
3.31842959239611323685e-01 3.84099302225816074952e+00 -1.89472930874620776320e-01 8.76151597148058272069e+01 2.67778686300369946072e-02
3.34275548091486185420e-01 3.84312336198573500923e+00 -1.89438270670366587511e-01 8.76108727915468250558e+01 2.70919589607332284009e-02
3.36705861130046413265e-01 3.84525869551587629047e+00 -1.89403265809459847580e-01 8.76065649935364945122e+01 2.74075032570987309199e-02
3.39133881809245474326e-01 3.84739902571580172363e+00 -1.89367914659365504937e-01 8.76022363222121782655e+01 2.77244945897200945062e-02
3.41559593598643573831e-01 3.84954435541005191013e+00 -1.89332215579489177015e-01 8.75978867793765090255e+01 2.80429259525270223319e-02
3.43982979983520398282e-01 3.85169468738100206906e+00 -1.89296166921351372014e-01 8.75935163672483838582e+01 2.83627902527343982164e-02
3.46404024464987525533e-01 3.85385002436728862918e+00 -1.89259767028315706305e-01 8.75891250884134962007e+01 2.86840803221597717698e-02
3.48822710560100557320e-01 3.85601036906410543637e+00 -1.89223014235833375540e-01 8.75847129458653341771e+01 2.90067889037494801296e-02
3.51239021801971362802e-01 3.85817572412247455915e+00 -1.89185906871365133730e-01 8.75802799429971372547e+01 2.93309086535822709230e-02
3.53652941739880488647e-01 3.86034609214833501767e+00 -1.89148443254328779695e-01 8.75758260835852979653e+01 2.96564321416602806603e-02
3.56064453939388791959e-01 3.86252147570295223389e+00 -1.89110621696259417757e-01 8.75713513718368545824e+01 2.99833518425185394096e-02
3.58473541982449628307e-01 3.86470187730151693017e+00 -1.89072440500729826995e-01 8.75668558123495444079e+01 3.03116601372722394014e-02
3.60880189467520207103e-01 3.86688729941324327299e+00 -1.89033897963440417067e-01 8.75623394101452134919e+01 3.06413493076152683436e-02
3.63284380009673946166e-01 3.86907774446045804595e+00 -1.88994992372214731802e-01 8.75578021706541278490e+01 3.09724115343122004262e-02
3.65686097240711160961e-01 3.87127321481849184792e+00 -1.88955722007152604469e-01 8.75532440997387197967e+01 3.13048388880481365248e-02
3.68085324809271363655e-01 3.87347371281489794015e+00 -1.88916085140542255871e-01 8.75486652036851467074e+01 3.16386233320495521837e-02
3.70482046380943785824e-01 3.87567924072911162980e+00 -1.88876080037123861288e-01 8.75440654892162370970e+01 3.19737567075984788212e-02
3.72876245638379399949e-01 3.87788979711829151498e+00 -1.88835699492292646839e-01 8.75394447860087296931e+01 3.23104942104774570111e-02
3.75267906281401164570e-01 3.88010539095844331214e+00 -1.88794951858299614456e-01 8.75348034299544224268e+01 3.26483400503724610631e-02
3.77657012027115768227e-01 3.88232602118155734061e+00 -1.88753830619354440179e-01 8.75301412744999964843e+01 3.29875152356436524004e-02
3.80043546610023985632e-01 3.88455168985881282850e+00 -1.88712333994706826790e-01 8.75254583276555990778e+01 3.33280118389990623329e-02
3.82427493782131422417e-01 3.88678239900927602335e+00 -1.88670460194574285406e-01 8.75207545978281018506e+01 3.36698218740650728753e-02
3.84808837313059592944e-01 3.88901815059956579290e+00 -1.88628207419974019965e-01 8.75160300938359938527e+01 3.40129373017754865760e-02
3.87187560990155776874e-01 3.89125894654294013364e+00 -1.88585573862778632659e-01 8.75112848248976007426e+01 3.43573500259576614102e-02
3.89563648618604152496e-01 3.89350478869886540423e+00 -1.88542557705521029998e-01 8.75065188006421976752e+01 3.47030519010912280597e-02
3.91937084021535264711e-01 3.89575567887220275409e+00 -1.88499157121369470547e-01 8.75017320311032875679e+01 3.50500347317179300477e-02
3.94307851040136658760e-01 3.89801161881293189992e+00 -1.88455370274157429922e-01 8.74969245267383541886e+01 3.53982902693990436616e-02
3.96675933533762792305e-01 3.90027261021438942379e+00 -1.88411195317966184692e-01 8.74920962983769641141e+01 3.57478102310594750279e-02
3.99041315380044780969e-01 3.90253865471409522314e+00 -1.88366630397401285668e-01 8.74872473572942652709e+01 3.60985862840051061062e-02
4.01403980475000310424e-01 3.90480975389190998470e+00 -1.88321673647273812868e-01 8.74823777151561188248e+01 3.64506100595957255317e-02
4.03763912733143492950e-01 3.90708590926981935709e+00 -1.88276323192526601202e-01 8.74774873840429734173e+01 3.68038731550903858158e-02
4.06121096087593724810e-01 3.90936712231107286186e+00 -1.88230577148145394872e-01 8.74725763764430865876e+01 3.71583671362624642920e-02
4.08475514490185875882e-01 3.91165339441924198027e+00 -1.88184433618959201517e-01 8.74676447052421224271e+01 3.75140835453219578799e-02
4.10827151911578702936e-01 3.91394472693792128126e+00 -1.88137890699553778084e-01 8.74626923837442831200e+01 3.78710139034173706718e-02
4.13175992341364761717e-01 3.91624112114972389165e+00 -1.88090946474112591380e-01 8.74577194256597607591e+01 3.82291497166054802803e-02
4.15522019788178931243e-01 3.91854257827510465972e+00 -1.88043599016175622118e-01 8.74527258450840321302e+01 3.85884824858194752650e-02
4.17865218279807715263e-01 3.92084909947233173355e+00 -1.87995846388572335206e-01 8.74477116565333290055e+01 3.89490037083781090455e-02
4.20205571863297211443e-01 3.92316068583582344687e+00 -1.87947686643065076106e-01 8.74426768749014087234e+01 3.93107048935275732449e-02
4.22543064605062523853e-01 3.92547734543020343523e+00 -1.87899129373301221335e-01 8.74376218546909456109e+01 3.96730214698539918050e-02
4.24877680590995954191e-01 3.92779906613621676570e+00 -1.87850151112579272228e-01 8.74325459805971121341e+01 4.00369797429063201122e-02
4.27209403926575026489e-01 3.93012585503435962764e+00 -1.87800760035205821508e-01 8.74274495667961133449e+01 4.04020823589998495651e-02
4.29538218736971288969e-01 3.93245771297387136656e+00 -1.87750954173809547765e-01 8.74223326305610441977e+01 4.07683196526104282831e-02
4.31864109167158116698e-01 3.93479464073804496849e+00 -1.87700731551895566573e-01 8.74171951896324941345e+01 4.11356818689671208111e-02
4.34187059382018403220e-01 3.93713663904244715042e+00 -1.87650090183746426353e-01 8.74120372621723475959e+01 4.15041591671819268261e-02
4.36507053566452751792e-01 3.93948370853690477134e+00 -1.87599028074904139451e-01 8.74068588668991708346e+01 4.18737415956139738538e-02
4.38824075925487055994e-01 3.94183584980183576718e+00 -1.87547543221708606920e-01 8.74016600229519298182e+01 4.22444191124458634512e-02
4.41138110684379691762e-01 3.94419306334911601297e+00 -1.87495633611652834372e-01 8.73964407499725552952e+01 4.26161815671162527708e-02
4.43449142088729597599e-01 3.94655534962175025271e+00 -1.87443297223432836507e-01 8.73912010681310960081e+01 4.29890186964085180277e-02
4.45757154404582744966e-01 3.94892270899090647163e+00 -1.87390532026558254142e-01 8.73859409980247789917e+01 4.33629201416305606887e-02
4.48062131918540051956e-01 3.95129514175801155318e+00 -1.87337335982216884878e-01 8.73806605608209423508e+01 4.37378754056316557119e-02
4.50364058937863631638e-01 3.95367264815182251070e+00 -1.87283707042639940843e-01 8.73753597781584119275e+01 4.41138738817561798511e-02
4.52662919790584206137e-01 3.95605522832834433089e+00 -1.87229643151515662280e-01 8.73700386721868795803e+01 4.44909048325567713089e-02
4.54958698825607410487e-01 3.95844288237023134158e+00 -1.87175142244020320526e-01 8.73646972655812845687e+01 4.48689573868719035477e-02
4.57251380412820318533e-01 3.96083561028627606504e+00 -1.87120202247145706043e-01 8.73593355815613534787e+01 4.52480205226361772985e-02
4.59540948943198301890e-01 3.96323341200978473964e+00 -1.87064821079437088036e-01 8.73539536438576362798e+01 4.56280830780728813290e-02
4.61827388828911278296e-01 3.96563628739782636501e+00 -1.87008996651287007218e-01 8.73485514767204733744e+01 4.60091337361677385487e-02
4.64110684503429071768e-01 3.96804423623215773986e+00 -1.86952726865511120735e-01 8.73431291050098081996e+01 4.63911609957081416677e-02
4.66390820421628160553e-01 3.97045725821650208331e+00 -1.86896009617184416518e-01 8.73376865541100926293e+01 4.67741531777268945702e-02
4.68667781059897148310e-01 3.97287535297612981466e+00 -1.86838842793552811772e-01 8.73322238499565912662e+01 4.71580984284415485885e-02
4.70941550916242568370e-01 3.97529850784532667873e+00 -1.86781202182990518912e-01 8.73267404313433530660e+01 4.75440455253284752213e-02
4.73212114510394632472e-01 3.97772674511032908740e+00 -1.86723126955116031089e-01 8.73212374236478154899e+01 4.79299989947159083004e-02
4.75479456383912424400e-01 3.98016005334981226582e+00 -1.86664595411368455791e-01 8.73157143343893835663e+01 4.83168859349824494909e-02
4.77743561100288705035e-01 3.98259843184382367198e+00 -1.86605605368634935859e-01 8.73101711906721931200e+01 4.87046956480255352484e-02
4.80004413245055938653e-01 3.98504187979001445186e+00 -1.86546154633587174532e-01 8.73046080202013285998e+01 4.90934173682056398946e-02
4.82261997425890265312e-01 3.98749039630008939028e+00 -1.86486241001923180871e-01 8.72990248511616755422e+01 4.94830402974060293286e-02
4.84516298272717305107e-01 3.98994398039716013926e+00 -1.86425862257727947835e-01 8.72934217121409972151e+01 4.98735536343076560351e-02
4.86767300437815575442e-01 3.99240263101876990959e+00 -1.86365016174646458413e-01 8.72877986323255754542e+01 5.02649465169918222007e-02
4.89014988595922406311e-01 3.99486634701278919835e+00 -1.86303700514454606552e-01 8.72821556413544072939e+01 5.06572080901317584045e-02
4.91259347444337080013e-01 3.99733512713809435724e+00 -1.86241913028125566365e-01 8.72764927694033048056e+01 5.10503274526353731377e-02
4.93500361703025469673e-01 3.99980897006054236797e+00 -1.86179651454155048462e-01 8.72708100470440228946e+01 5.14442937366770269847e-02
4.95738016114724178163e-01 4.00228787435637478609e+00 -1.86116913520326054954e-01 8.72651075054603637682e+01 5.18390960219572774492e-02
4.97972295445044454976e-01 4.00477183850729012704e+00 -1.86053696941617385807e-01 8.72593851762651411264e+01 5.22347234347242742047e-02
5.00203184482575280434e-01 4.00726086090054511857e+00 -1.85989999421231871901e-01 8.72536430915589136248e+01 5.26311650973152952981e-02
5.02430668038987948698e-01 4.00975493982880681898e+00 -1.85925818650086116524e-01 8.72478812839775059729e+01 5.30284101514762670759e-02
5.04654730949138929930e-01 4.01225407348659413032e+00 -1.85861152306295934755e-01 8.72420997865764604740e+01 5.34264477818406913201e-02
5.06875358071172565921e-01 4.01475825997200619355e+00 -1.85795998055307554075e-01 8.72362986329696781240e+01 5.38252672086165090404e-02
5.09092534286625153506e-01 4.01726749728307819254e+00 -1.85730353549435955873e-01 8.72304778572109285051e+01 5.42248577085045896373e-02
5.11306244500527418140e-01 4.01978178331713031923e+00 -1.85664216427228384587e-01 8.72246374938197845950e+01 5.46252086441585821275e-02
5.13516473641507098513e-01 4.02230111587043559496e+00 -1.85597584314142083350e-01 8.72187775778230758306e+01 5.50263094306581712623e-02
5.15723206661891864222e-01 4.02482549263519207017e+00 -1.85530454820487633594e-01 8.72128981446682018941e+01 5.54281496329532621936e-02
5.17926428537812011399e-01 4.02735493087425133751e+00 -1.85462864599231253004e-01 8.72070001752556720476e+01 5.58288481125054497634e-02
5.20126124269301826075e-01 4.02988939117595190709e+00 -1.85394737945701298942e-01 8.72010819338440512638e+01 5.62319052988883225086e-02
5.22322278880402501855e-01 4.03242888842968660867e+00 -1.85326107227330644234e-01 8.71951442985572953148e+01 5.66356439753597160069e-02
5.24514877419263836344e-01 4.03497341993333424881e+00 -1.85256970058293723991e-01 8.71891873081718813410e+01 5.70400512205690157774e-02
5.26703904958246260648e-01 4.03752298288139854776e+00 -1.85187324044083112540e-01 8.71832110022187976028e+01 5.74451139502522648006e-02
5.28889346594021980685e-01 4.04007757435506764665e+00 -1.85117166780928849024e-01 8.71772154207258154202e+01 5.78508189808141851107e-02
5.31071187447676895665e-01 4.04263719133825905061e+00 -1.85046495853864984005e-01 8.71712006044260618864e+01 5.82571529740623927918e-02
5.33249412664811961449e-01 4.04520183069204897208e+00 -1.84975308840271857047e-01 8.71651665945275340164e+01 5.86641024884087258773e-02
5.35424007415643554708e-01 4.04777148917303453146e+00 -1.84903603308805813965e-01 8.71591134330385415296e+01 5.90716538815720532130e-02
5.37594956895105391403e-01 4.05034616342095787900e+00 -1.84831376817723630479e-01 8.71530411623938192633e+01 5.94797934269654521300e-02
5.39762246322948779920e-01 4.05292584996555493859e+00 -1.84758626917656904043e-01 8.71469498258484378539e+01 5.98885071808120048042e-02
5.41925860943843207274e-01 4.05551054522031773075e+00 -1.84685351150436938283e-01 8.71408394672450441476e+01 6.02977810376121511893e-02
5.44085786027477369409e-01 4.05810024548011316625e+00 -1.84611547049187058045e-01 8.71347101309674059166e+01 6.07076007252442123585e-02
5.46242006868658758201e-01 4.06069494692614441078e+00 -1.84537212138925599270e-01 8.71285618622454904880e+01 6.11179517760267396187e-02
5.48394508787414136641e-01 4.06329464561820685731e+00 -1.84462343937069839228e-01 8.71223947068533846050e+01 6.15288195019068617775e-02
5.50543277129089347888e-01 4.06589933749647958194e+00 -1.84386939953163409012e-01 8.71162087112646190690e+01 6.19401890074214381277e-02
5.52688297264449235335e-01 4.06850901838167544611e+00 -1.84310997689591082871e-01 8.71100039227290778854e+01 6.23520451552738649847e-02
5.54829554589777229623e-01 4.07112368396899260148e+00 -1.84234514641310576089e-01 8.71037803890548048003e+01 6.27643725787497136492e-02
5.56967034526974602571e-01 4.07374332983291154164e+00 -1.84157488297705479452e-01 8.70975381589090176249e+01 6.31771555932923306598e-02
5.59100722523659832142e-01 4.07636795142151342475e+00 -1.84079916140780924794e-01 8.70912772816188009983e+01 6.35903782824853158750e-02
5.61230604053267856379e-01 4.07899754405699077608e+00 -1.84001795647738691786e-01 8.70849978072687207487e+01 6.40040243750013698731e-02
5.63356664615148439168e-01 4.08163207307490250031e+00 -1.83923059540348682317e-01 8.70786983553261677571e+01 6.44211707768492375381e-02
5.65478889734665535194e-01 4.08427158970111303660e+00 -1.83843827176217639030e-01 8.70723816697318255819e+01 6.48359766391029546106e-02
5.67597264963295100593e-01 4.08691606216220204573e+00 -1.83764038018983472123e-01 8.70660465223734263418e+01 6.52511959355957793516e-02
5.69711775878724790978e-01 4.08956548522132301571e+00 -1.83683689436298203113e-01 8.70596929644627550715e+01 6.56668152752964279228e-02
5.71822408084950328799e-01 4.09221985350191008735e+00 -1.83602778782219366871e-01 8.70533210476869498962e+01 6.60828213306052930642e-02
5.73929147212374757281e-01 4.09487916148885400247e+00 -1.83521303399155732983e-01 8.70469308243428940841e+01 6.64992007446283256433e-02
5.76031978917906362092e-01 4.09754340352563772854e+00 -1.83439260615845506353e-01 8.70405223472794915551e+01 6.69159402278611398218e-02
5.78130888885055260751e-01 4.10021257381917081375e+00 -1.83356647750649776052e-01 8.70340956702091403940e+01 6.73330264014605356371e-02
5.80225862824032101450e-01 4.10288666642726340683e+00 -1.83273462106604917432e-01 8.70276508471895198227e+01 6.77504460332053332072e-02
5.82316886471844319395e-01 4.10556567526429549986e+00 -1.83189700974697472491e-01 8.70211879329769146807e+01 6.81681858818132674349e-02
5.84403945592394169495e-01 4.10824959409779388864e+00 -1.83105361632151131257e-01 8.70147069829451851319e+01 6.85862327790277975792e-02
5.86487025976574760655e-01 4.11093841654768787919e+00 -1.83020441343184958605e-01 8.70082080531340551488e+01 6.90045735939362747668e-02
5.88566113442367422337e-01 4.11363213608047662007e+00 -1.82934937357098675870e-01 8.70016912000550348694e+01 6.94231953246119554146e-02
5.90641193834937960894e-01 4.11633074601176573992e+00 -1.82848846909767437374e-01 8.69951564808982880095e+01 6.98420850275199706081e-02
5.92712253026733248973e-01 4.11903423950327240988e+00 -1.82762167222604521299e-01 8.69886039534762574021e+01 7.02612298676461299873e-02
5.94779276917577259809e-01 4.12174260955857540978e+00 -1.82674895501346912230e-01 8.69820336761080170618e+01 7.06806171769577273878e-02
5.96842251434767101514e-01 4.12445584902664297289e+00 -1.82587028937506362647e-01 8.69754457078764176003e+01 7.11002343861999452912e-02
5.98901162533168496260e-01 4.12717395059001557200e+00 -1.82498564705659088725e-01 8.69688401081534721015e+01 7.15200691543743660716e-02
6.00955996195312258656e-01 4.12989690677528731300e+00 -1.82409499965161009394e-01 8.69622169371910729296e+01 7.19401092886069459809e-02
6.03006738431488664709e-01 4.13262470993729102986e+00 -1.82319831857447239853e-01 8.69555762554577995616e+01 7.23603428728837871908e-02
6.05053375279843597134e-01 4.13535735227500556022e+00 -1.82229557508930384291e-01 8.69489181244906887969e+01 7.27807581321508328953e-02
6.07095892806472914316e-01 4.13809482580716814226e+00 -1.82138674025305785653e-01 8.69422426058248589698e+01 7.32013437032700414742e-02
6.09134277105518040507e-01 4.14083717044896548742e+00 -1.82047291447044540247e-01 8.69355520614879395680e+01 7.36167067233135380411e-02
6.11168514299259779676e-01 4.14358428723914329339e+00 -1.81955193560645406281e-01 8.69288422170268404443e+01 7.40369993150991612119e-02
6.13198590538213572643e-01 4.14633621086071979533e+00 -1.81862479099675122818e-01 8.69221152020349592249e+01 7.44573656165572195231e-02
6.15224492001223088877e-01 4.14909293270213108684e+00 -1.81769145231190865086e-01 8.69153710833237624911e+01 7.48777890818004693285e-02
6.17246204895555039549e-01 4.15185444398322278658e+00 -1.81675189115796220651e-01 8.69086099287427487070e+01 7.52982529081959867101e-02
6.19263715456992658304e-01 4.15462073573961987449e+00 -1.81580607903281204818e-01 8.69018318065341048850e+01 7.57187402449906177271e-02
6.21277009949929293064e-01 4.15739179883081266809e+00 -1.81485398736486974736e-01 8.68950367858197978421e+01 7.61392340118283578176e-02
6.23286074667462219878e-01 4.16016762394338801556e+00 -1.81389558752753060622e-01 8.68882249368574974824e+01 7.65597168322937476903e-02
6.25290895931486012671e-01 4.16294820156949629819e+00 -1.81293085079128002413e-01 8.68813963301180507415e+01 7.69801712627634637798e-02
6.27291460092785357894e-01 4.16573352202795632593e+00 -1.81195974838522955164e-01 8.68745510373960030392e+01 7.74005795033106264169e-02
6.29287753531128202233e-01 4.16852357545061558142e+00 -1.81098225146933605734e-01 8.68676891312652657007e+01 7.78209235316137393212e-02
6.31279762655358012147e-01 4.17131835177728227393e+00 -1.80999833113650171468e-01 8.68608106849449512765e+01 7.82411850951635484686e-02
6.33267473903487365661e-01 4.17411784075680092343e+00 -1.80900795841697353827e-01 8.68539157724586914355e+01 7.86613456932551829981e-02
6.35250873742789323728e-01 4.17692203195056066534e+00 -1.80801110429733485896e-01 8.68470044689116065229e+01 7.90813864897009360933e-02
6.37229948669889467716e-01 4.17973091472607816144e+00 -1.80700773973131195715e-01 8.68400768502950910488e+01 7.95012882640173390580e-02
6.39204685210858825073e-01 4.18254447825151132179e+00 -1.80599783561548293820e-01 8.68331329933376849795e+01 7.99210315298178042287e-02
6.41175069921305018639e-01 4.18536271150381011807e+00 -1.80498136283064547492e-01 8.68261729760064469019e+01 8.03405963418814816901e-02
6.43141089386463082889e-01 4.18818560325014210832e+00 -1.80395829220737879961e-01 8.68191968767371804461e+01 8.07599624620773531847e-02
6.45102730221288278578e-01 4.19101314206101438486e+00 -1.80292859456467918777e-01 8.68122047751751608757e+01 8.11791091801245118242e-02
6.47059979070545909785e-01 4.19384531630623502707e+00 -1.80189224072295178791e-01 8.68051967520997322936e+01 8.15980152553297394258e-02
6.49012822608903250376e-01 4.19668211414337299914e+00 -1.80084920147179722294e-01 8.67981728889938750626e+01 8.20166590727792188531e-02
6.50961247541019139007e-01 4.19952352352806368430e+00 -1.79979944764495525256e-01 8.67911332686546757031e+01 8.24350182918234669627e-02
6.52905240601636016606e-01 4.20236953219853859309e+00 -1.79874295005151701998e-01 8.67840779745779684617e+01 8.28530701762319465864e-02
6.54844788555668411156e-01 4.20522004607957988753e+00 -1.79767762505736561351e-01 8.67770031932846848122e+01 8.32805530395163556845e-02
6.56779878198294642111e-01 4.20807520680165048077e+00 -1.79660733452393556187e-01 8.67699163825272989925e+01 8.36989537347709589010e-02
6.58710496355045971306e-01 4.21093492782356015880e+00 -1.79553019069192992818e-01 8.67628141112091952891e+01 8.41170799220896797666e-02
6.60636629881896420002e-01 4.21379919592572882436e+00 -1.79444616238227494520e-01 8.67556964626611488711e+01 8.45349162656676422767e-02
6.62558265665352030815e-01 4.21666799767941480326e+00 -1.79335521834179584255e-01 8.67485635219322404055e+01 8.49524472889708337497e-02
6.64475390622540684760e-01 4.21954131940272514356e+00 -1.79225732712654323153e-01 8.67414153738273085992e+01 8.53696579303087482726e-02
6.66387991701300586023e-01 4.22241914718832056508e+00 -1.79115245718942800446e-01 8.67342521043560878979e+01 8.57865331337225728303e-02
6.68296055880269523897e-01 4.22530146689358865331e+00 -1.79004057687322498671e-01 8.67270738003986565445e+01 8.62030578865674579347e-02
6.70199570168973357553e-01 4.22818826412975834472e+00 -1.78892165435270228402e-01 8.67198805493223687790e+01 8.66192174989095786675e-02
6.72098521607914500819e-01 4.23107952426682309977e+00 -1.78779565767015619082e-01 8.67126724393515075917e+01 8.70349974405226073371e-02
6.73992897268660184906e-01 4.23397523242755990935e+00 -1.78666255473005464172e-01 8.67054495594208987086e+01 8.74503833715698508655e-02
6.75882684253930277052e-01 4.23687537349480614068e+00 -1.78552231333046124151e-01 8.66982119996605860024e+01 8.78653609999128087926e-02
6.77767869697685210184e-01 4.23977993208050474294e+00 -1.78437490104133678059e-01 8.66909598500652691655e+01 8.82799166622284386952e-02
6.79648440765214134629e-01 4.24268889255891057388e+00 -1.78322028536011006894e-01 8.66836932022147976795e+01 8.86940365945504821665e-02
6.81524384653221182440e-01 4.24560223902796618489e+00 -1.78205843355821513807e-01 8.66764121478530569220e+01 8.91077076551866492649e-02
6.83395688589913286037e-01 4.24851995534868276394e+00 -1.78088931279100221028e-01 8.66691167798297499303e+01 8.95209168437652857975e-02
6.85262339835087441742e-01 4.25144202509207413954e+00 -1.77971289001080029690e-01 8.66618071913289469421e+01 8.99336516756483878021e-02
6.87124325680216641032e-01 4.25436843157670807614e+00 -1.77852913201807627530e-01 8.66544834767402676334e+01 9.03458999727551614889e-02
6.88981633448537245101e-01 4.25729915782664658508e+00 -1.77733800537848513068e-01 8.66471457300756782161e+01 9.07576502554424680014e-02
6.90834250495134805092e-01 4.26023418662446928806e+00 -1.77613947655022919037e-01 8.66397940476398531473e+01 9.11688911508674870721e-02
6.92682164207029549274e-01 4.26317350044573117884e+00 -1.77493351170783214554e-01 8.66324285250719583473e+01 9.15796122303877829784e-02
6.94525362003264090660e-01 4.26611708148714363631e+00 -1.77372007682296523035e-01 8.66250492588397662530e+01 9.19898036366145060994e-02
6.96363831334987137822e-01 4.26906503063981102031e+00 -1.77250231623277049176e-01 8.66176620231976102104e+01 9.23843907341527492694e-02
6.98197559685539759222e-01 4.27201710407748258547e+00 -1.77127416040984170253e-01 8.66102561582258942963e+01 9.27919710239549777597e-02
7.00026534570540759361e-01 4.27497339085682259707e+00 -1.77003846240485235297e-01 8.66028369029448157335e+01 9.31988482380483318490e-02
7.01850743537971277775e-01 4.27793387215002596236e+00 -1.76879519021833020442e-01 8.65954043630625420747e+01 9.36050014742050157102e-02
7.03670174168260054159e-01 4.28089852881117050032e+00 -1.76754431175799031628e-01 8.65879586440602651010e+01 9.40104099241063639880e-02
7.05484814074367139192e-01 4.28386734140307989804e+00 -1.76628579490704429311e-01 8.65804998526342615150e+01 9.44150525619652097875e-02
7.07294650901869381698e-01 4.28684029019889756285e+00 -1.76501960757960846271e-01 8.65730280969397654189e+01 9.48189078921345129825e-02
7.09099672329043584362e-01 4.28981735515376350065e+00 -1.76374571765211818342e-01 8.65655434854184733240e+01 9.52219542816685055042e-02
7.10899866066950880672e-01 4.29279851595734829317e+00 -1.76246409310878315857e-01 8.65580461294633636271e+01 9.56241692873220083815e-02
7.12695219859520112671e-01 4.29578375193681072375e+00 -1.76117470178819179871e-01 8.65505361389906369141e+01 9.60255308570332893892e-02
7.14485721483631763817e-01 4.29877304215519995267e+00 -1.75987751169730893830e-01 8.65430136272846795009e+01 9.64260158638163555889e-02
7.16271358749200004468e-01 4.30176636532841172311e+00 -1.75857249077735228182e-01 8.65354787072381839153e+01 9.68256012179301295273e-02
7.18052119499257623936e-01 4.30476369988196694294e+00 -1.75725960709400497173e-01 8.65279314942264221600e+01 9.72242629838006439114e-02
7.19827991610036854730e-01 4.30776502388082249695e+00 -1.75593882863851580289e-01 8.65203721029621704020e+01 9.76219773269149104777e-02
7.21598962991052972349e-01 4.31077031511497477112e+00 -1.75461012360288937106e-01 8.65128006517401217934e+01 9.80187192324937367482e-02
7.23365021585186451780e-01 4.31377955102215970840e+00 -1.75327346022124908043e-01 8.65052172589601298114e+01 9.84144632613577347025e-02
7.25126155368765124010e-01 4.31679270867556486024e+00 -1.75192880666093897535e-01 8.64976220427339228536e+01 9.88091840775841695477e-02
7.26882352351645444344e-01 4.31980976488471846153e+00 -1.75057613142324569599e-01 8.64900151258604523719e+01 9.92028545761537983161e-02
7.28633600577295093004e-01 4.32283069605397329838e+00 -1.74921540290595811662e-01 8.64823966293118076010e+01 9.95954479523773195115e-02
7.30379888122873355272e-01 4.32585547828555494476e+00 -1.74784658977348378306e-01 8.64747666773147471986e+01 9.99869359758514680836e-02
7.32121203099313277995e-01 4.32888408731645135674e+00 -1.74646966073586290547e-01 8.64671253945579252331e+01 1.00377290044413647330e-01
7.33857533651401716668e-01 4.33191649854414162490e+00 -1.74508458470879118662e-01 8.64594729076130619205e+01 1.00766480444978878683e-01
7.35588867957860936819e-01 4.33495268698525215711e+00 -1.74369133067302811702e-01 8.64518093431794198978e+01 1.01154477029850031755e-01
7.37315194231428105986e-01 4.33799262737416668756e+00 -1.74228986804637969721e-01 8.64441348329620495861e+01 1.01541247484409263846e-01
7.39036500718936339993e-01 4.34103609232517939631e+00 -1.74087457348102464527e-01 8.64364398900422230554e+01 1.01953203719950286077e-01
7.40752775701394416963e-01 4.34408343889544124039e+00 -1.73945606523592949388e-01 8.64287429139370289022e+01 1.02339959456278925543e-01
7.42464007494066491333e-01 4.34713445732267178556e+00 -1.73802920805543353877e-01 8.64210352955917784357e+01 1.02725620895776234565e-01
7.44170184446551918889e-01 4.35018912063665030843e+00 -1.73659396783342190318e-01 8.64133171615298891766e+01 1.03110172047045881016e-01
7.45871294942864193622e-01 4.35324740148866951017e+00 -1.73515031034660788256e-01 8.64055886397832324519e+01 1.03493597444674942376e-01
7.47567327401510439699e-01 4.35630927216146623948e+00 -1.73369820145676672984e-01 8.63978498605850688818e+01 1.03875881212345658189e-01
7.49258270275569682184e-01 4.35937470448660135958e+00 -1.73223760673378884833e-01 8.63901009526791057169e+01 1.04257008854470978321e-01
7.50944112052772227983e-01 4.36244366992797694138e+00 -1.73076849183922271136e-01 8.63823420475018508569e+01 1.04636965472015577849e-01
7.52624841255577603505e-01 4.36551613956437289943e+00 -1.72929082241696036037e-01 8.63745732785828721489e+01 1.05015736297770168051e-01
7.54300446441252492313e-01 4.36859208399018861257e+00 -1.72780456385285552390e-01 8.63667947770778141603e+01 1.05393307840441999290e-01
7.55970916201949338920e-01 4.37167147344482387439e+00 -1.72630968161557402096e-01 8.63590066781263772100e+01 1.05769666310949986276e-01
7.57636239164782954170e-01 4.37475427771133684729e+00 -1.72480614099309897957e-01 8.63512091162920256693e+01 1.06144798876683280064e-01
7.59296403991909008013e-01 4.37784046616406197217e+00 -1.72329390730109527352e-01 8.63434022280559645424e+01 1.06518692704731215981e-01
7.60951399380600634892e-01 4.38093000769436446973e+00 -1.72177294555717064206e-01 8.63355861489598055414e+01 1.06891336373487910727e-01
7.62601214063325594239e-01 4.38402287083335373552e+00 -1.72024322098242282708e-01 8.63277610180078767144e+01 1.07262718093131273478e-01
7.64245836807822653824e-01 4.38711902360779326671e+00 -1.71870469850677581869e-01 8.63199269735557948025e+01 1.07632827240082412645e-01
7.65885256417178750254e-01 4.39021843357871333069e+00 -1.71715734287181398532e-01 8.63120841537591445558e+01 1.08001654427024529337e-01
7.67519461729904151071e-01 4.39332106791648424604e+00 -1.71560111899478756614e-01 8.63042327007854623844e+01 1.08369189689585337932e-01
7.69148441620009615249e-01 4.39642689326199853639e+00 -1.71403599138283985193e-01 8.62963727545002683428e+01 1.08735425261134110997e-01
7.70772184997081555302e-01 4.39953587580275939928e+00 -1.71246192448903711281e-01 8.62885044563282406216e+01 1.09100353927081880623e-01
7.72390680806357088350e-01 4.40264798131665813230e+00 -1.71087888285838679581e-01 8.62806279515869505303e+01 1.09463968368764791306e-01
7.74003918028800530493e-01 4.40576317500853598119e+00 -1.70928683057842839554e-01 8.62727433820194420377e+01 1.09826263763534826001e-01
7.75611885681177226637e-01 4.40888142160155371840e+00 -1.70768573156541314528e-01 8.62648508903858441954e+01 1.10187236473932276271e-01
7.77214572816129045663e-01 4.41200298020356829198e+00 -1.70608391131111897243e-01 8.62569646816491228947e+01 1.10507420025813055120e-01
7.78811968522248321278e-01 4.41512725335834499418e+00 -1.70446537252475910362e-01 8.62490581389957355896e+01 1.10862145242590970362e-01
7.80404061924152570029e-01 4.41825447334112197950e+00 -1.70283774445434243905e-01 8.62411442375799737192e+01 1.11215229872303186798e-01
7.81990842182558654194e-01 4.42138460312168213306e+00 -1.70120099587972833932e-01 8.62332231352665274926e+01 1.11566649183053673289e-01
7.83572298494356056509e-01 4.42451760517233072534e+00 -1.69955509573513130483e-01 8.62252949915875035458e+01 1.11916378245999717511e-01
7.85148420092680932036e-01 4.42765344142510830494e+00 -1.69790001308572691130e-01 8.62173599660091269925e+01 1.12264392072404670109e-01
7.86719196246989271870e-01 4.43079207336843072795e+00 -1.69623571739894118959e-01 8.62094182227922942729e+01 1.12610664381719224880e-01
7.88284616263129733760e-01 4.43393346186420345134e+00 -1.69456217813460596755e-01 8.62014699226419764955e+01 1.12955169543421787837e-01
7.89844669483416361722e-01 4.43707756735955261007e+00 -1.69287936521929277545e-01 8.61935152330142670962e+01 1.13297880406403456144e-01
7.91399345286702082802e-01 4.44022434970975687918e+00 -1.69118724873351666815e-01 8.61855543200491069911e+01 1.13638769784824622544e-01
7.92948633088449872375e-01 4.44337376825027341454e+00 -1.68948579905298962300e-01 8.61775873522798576687e+01 1.13977809840256544271e-01
7.94492522340805029657e-01 4.44652578176424295719e+00 -1.68777498680814069809e-01 8.61696144994067338985e+01 1.14314972306238243904e-01
7.96031002532667897320e-01 4.44968034852050653427e+00 -1.68605478309000550441e-01 8.61616359344073998727e+01 1.14650227561999468184e-01
7.97564063189764360651e-01 4.45283742615829147837e+00 -1.68432515900963836186e-01 8.61536518284002994505e+01 1.14983546734177058402e-01
7.99091693874717567958e-01 4.45599697182369247628e+00 -1.68258608630715178478e-01 8.61456623574193258719e+01 1.15314898885474290124e-01
8.00613884187118873825e-01 4.45915894207378649128e+00 -1.68083753697820303952e-01 8.61376676982026054930e+01 1.15644252804904215659e-01
8.02130623763599115428e-01 4.46232329288856544025e+00 -1.67907948343415630577e-01 8.61296680290858631679e+01 1.15971576297129078115e-01
8.03641902277898334539e-01 4.46548997970396843726e+00 -1.67731189855159501523e-01 8.61216635318933612098e+01 1.16296835999306916176e-01
8.05147709440937053849e-01 4.46865895730421325283e+00 -1.67553475549745062301e-01 8.61136543871860169475e+01 1.16619998233627356066e-01
8.06648035000885443857e-01 4.47183017994299270015e+00 -1.67374802797418231748e-01 8.61056407803258849754e+01 1.16941027917964263105e-01
8.08142868743233711015e-01 4.47500360124081719704e+00 -1.67195169015244921029e-01 8.60976228969706767202e+01 1.17259888913785526032e-01
8.09632200490861042574e-01 4.47817917418298794274e+00 -1.67014571658708421698e-01 8.60896009233226919832e+01 1.17576544471359734079e-01
8.11116020104105994726e-01 4.48135685127336280686e+00 -1.66833008273529453946e-01 8.60815750537469028814e+01 1.17890954862206243092e-01
8.12594317480834105183e-01 4.48453658424652434888e+00 -1.66650476419514748105e-01 8.60735454780880075987e+01 1.18203080559651549364e-01
8.14067082556508059277e-01 4.48771832428029870954e+00 -1.66466973732806472475e-01 8.60655123898287826023e+01 1.18512881013367016303e-01
8.15534305304254858449e-01 4.49090153365867550406e+00 -1.66281124500054028337e-01 8.60574526802133874526e+01 1.18885045770290923017e-01
8.16995975734935098167e-01 4.49408709418119833856e+00 -1.66095555848955717115e-01 8.60494110295417158341e+01 1.19195597941912576068e-01
8.18452083897210691532e-01 4.49727450761545188840e+00 -1.65909000124560251921e-01 8.60413662790304414330e+01 1.19504139934615838392e-01
8.19902619877612370836e-01 4.50046372222612056646e+00 -1.65721454492132158620e-01 8.60333186156205158568e+01 1.19810658519344637174e-01
8.21347573800607411165e-01 4.50365468565363613607e+00 -1.65532916159729065475e-01 8.60252682302226361344e+01 1.20115140090430311259e-01
8.22786935828667020942e-01 4.50684734482592119775e+00 -1.65343382352842904748e-01 8.60172153139295971869e+01 1.20417571906651879599e-01
8.24220696162332733259e-01 4.51004164596565715328e+00 -1.65152850312329624316e-01 8.60091600587451097226e+01 1.20717942253001919717e-01
8.25648845040284129482e-01 4.51323753457217424767e+00 -1.64961317314293587355e-01 8.60011026571241501415e+01 1.21016239562566366161e-01
8.27071372739403898322e-01 4.51643495548594042788e+00 -1.64768780660505487212e-01 8.59930433054098841694e+01 1.21312452947590548868e-01
8.28488269574845448417e-01 4.51963385282056240300e+00 -1.64575237688689368643e-01 8.59849822010256445992e+01 1.21606571767902307823e-01
8.29899525900098078424e-01 4.52283416986409214644e+00 -1.64380685737392534529e-01 8.59769195382145170470e+01 1.21898587337477631865e-01
8.31305132107052369150e-01 4.52603584928147650857e+00 -1.64185122206488370855e-01 8.59688555180138820333e+01 1.22188490181070225082e-01
8.32705078626066685921e-01 4.52923883289237405592e+00 -1.63988544479228975925e-01 8.59607903381668307929e+01 1.22476273739616420277e-01
8.34099355926031127417e-01 4.53244306191826229480e+00 -1.63790950044111011108e-01 8.59527242052262892003e+01 1.22761928744661019675e-01
8.35487954514433028841e-01 4.53564847656187541958e+00 -1.63592336321661674381e-01 8.59446573150930532847e+01 1.23045451380508097383e-01
8.36870864937421798935e-01 4.53885501645080680078e+00 -1.63392700841554272539e-01 8.59365898744139400378e+01 1.23326835096576561956e-01
8.38248077779872757809e-01 4.54206262033855345805e+00 -1.63192041108839835939e-01 8.59285220868759012092e+01 1.23606076937058551035e-01
8.39619583665451307830e-01 4.54527122620936196995e+00 -1.62990354687099908704e-01 8.59204541586070149606e+01 1.23883173720412090302e-01
8.40985373256677326559e-01 4.54848077129136463270e+00 -1.62787639186292548699e-01 8.59123862992337166133e+01 1.24158122699729006611e-01
8.42345437254987894349e-01 4.55169119186810888777e+00 -1.62583892207986635547e-01 8.59043187134192294252e+01 1.24430924191471975471e-01
8.43699766400801687283e-01 4.55490242349660068299e+00 -1.62379111407990911475e-01 8.58962516116162788649e+01 1.24701578755253936204e-01
8.45048351473580483528e-01 4.55811440088233155166e+00 -1.62173294459649314225e-01 8.58881852046152403091e+01 1.24970088988567429311e-01
8.46391183291893445251e-01 4.56132705782234015857e+00 -1.61966439076709906031e-01 8.58801197013206234487e+01 1.25236458526397115287e-01
8.47728252713479291103e-01 4.56454032732008396778e+00 -1.61758542993405890487e-01 8.58720553146308560599e+01 1.25500693101354060532e-01
8.49059550635307469513e-01 4.56775414149211478332e+00 -1.61549603979183969971e-01 8.58639922581519101641e+01 1.25762799041067852013e-01
8.50385067993641552420e-01 4.57096918203665936176e+00 -1.61341664089231534573e-01 8.58559666438907385100e+01 1.25926476921492086491e-01
8.51704795764099964472e-01 4.57418394320614218884e+00 -1.61130795702451867779e-01 8.58479099916284411620e+01 1.26176675327279719241e-01
8.53018724961718044497e-01 4.57739904545955678117e+00 -1.60918890168269046459e-01 8.58398555707924231228e+01 1.26424199574885931519e-01
8.54326846641008552652e-01 4.58061441764098375984e+00 -1.60705946237523794595e-01 8.58318036126785983697e+01 1.26669024128721691147e-01
8.55629151896023509849e-01 4.58382998771374694513e+00 -1.60491962700657408991e-01 8.58237543513608045487e+01 1.26911125234935640016e-01
8.56925631860413927754e-01 4.58704568310864768677e+00 -1.60276938602650076415e-01 8.58157080406795245153e+01 1.27150470971363394046e-01
8.58216277707490537985e-01 4.59026142975822537551e+00 -1.60060872848828084081e-01 8.58076649090627654459e+01 1.27387039733602658309e-01
8.59501080650284077223e-01 4.59347715304372972156e+00 -1.59843764612535355063e-01 8.57996252048335321660e+01 1.27620801336472189380e-01
8.60780031941604684143e-01 4.59669277734946479796e+00 -1.59625613090576989883e-01 8.57915891756266972834e+01 1.27851728568709577250e-01
8.62053122874101962481e-01 4.59990822614481942310e+00 -1.59406417636719560660e-01 8.57835570728119733985e+01 1.28079791032104373105e-01
8.63320344780323600808e-01 4.60312342176184063902e+00 -1.59186177610304846475e-01 8.57755291414775058456e+01 1.28304962356305424231e-01
8.64581689032775213555e-01 4.60633828576635107055e+00 -1.58964892577551530906e-01 8.57675056385289167338e+01 1.28527210915402534397e-01
8.65837147043978516692e-01 4.60955273859105485457e+00 -1.58742562151503563417e-01 8.57594868158594749730e+01 1.28746507421354655643e-01
8.67086710266529503421e-01 4.61276669977984621340e+00 -1.58519186071220369305e-01 8.57514729324424109791e+01 1.28962821380449066400e-01
8.68330370193157397019e-01 4.61598008797177516982e+00 -1.58294764263480630673e-01 8.57434642541335705346e+01 1.29176118312237214747e-01
8.69568118356782493450e-01 4.61919282056781455026e+00 -1.58069296684624410743e-01 8.57354610384411586210e+01 1.29386367269355151421e-01
8.70799946330572671727e-01 4.62240481401698311004e+00 -1.57842783429811006624e-01 8.57274635486169813703e+01 1.29593535895391603896e-01
8.72025845728002679813e-01 4.62561598382392791251e+00 -1.57615224760892264078e-01 8.57194720545796684519e+01 1.29797589256830103732e-01
8.73245808202909201690e-01 4.62882624448174873066e+00 -1.57386621089971145970e-01 8.57114868303008421435e+01 1.29998490750926287696e-01
8.74459825449549366105e-01 4.63203550927730400844e+00 -1.57156972907096847969e-01 8.57035081451559079824e+01 1.30196205620245503143e-01
8.75667889202656035685e-01 4.63524369046071260669e+00 -1.56926280816637925275e-01 8.56955362730582521635e+01 1.30390697876477418271e-01
8.76869991237495205461e-01 4.63845069928752273825e+00 -1.56694545719371997050e-01 8.56875714928603287035e+01 1.30581928001811647944e-01
8.78066123369920736863e-01 4.64165644596994653170e+00 -1.56461768549264246264e-01 8.56796140899179050621e+01 1.30769856494069192099e-01
8.79256277456431312167e-01 4.64486083952352046822e+00 -1.56227950434108059374e-01 8.56716643472186518693e+01 1.30954442326940451169e-01
8.80440445394225390530e-01 4.64806378786392393465e+00 -1.55993092642926683977e-01 8.56637225510990276689e+01 1.31135644175704446646e-01
8.81618619121255608917e-01 4.65126519772804947195e+00 -1.55757196595251501403e-01 8.56557889881114817854e+01 1.31313420131217856168e-01
8.82790790616284959391e-01 4.65446497484382781806e+00 -1.55520263914841111452e-01 8.56478639536643129304e+01 1.31487725389181547841e-01
8.83956951898940523904e-01 4.65766179219419473867e+00 -1.55279158897395574979e-01 8.56398886046063978483e+01 1.31806444725103860671e-01
8.85117095029768430337e-01 4.66085791793310111331e+00 -1.55039929987082381047e-01 8.56319767893625112265e+01 1.31984451716115280817e-01
8.86271212110287143204e-01 4.66405211384931739360e+00 -1.54799654954296594944e-01 8.56240740532916078109e+01 1.32159574165698345816e-01
8.87419295283041753564e-01 4.66724428014903391926e+00 -1.54558335090154069791e-01 8.56161806624508017194e+01 1.32331811680364896944e-01
8.88561336731657602783e-01 4.67043431631680761029e+00 -1.54315972014562652337e-01 8.56082969084082066047e+01 1.32501156148998044948e-01
8.89697328680893129160e-01 4.67362212039670321673e+00 -1.54072567401766225004e-01 8.56004230748008581031e+01 1.32667604707474406922e-01
8.90827263396692936581e-01 4.67680758925198603038e+00 -1.53828123137393163455e-01 8.55925594502850657364e+01 1.32831152603129443168e-01
8.91951133186240308071e-01 4.67999061855161624379e+00 -1.53582641238919431759e-01 8.55847063285046800729e+01 1.32991797167620523501e-01
8.93068930398010163429e-01 4.68317110234778599676e+00 -1.53336123831012055563e-01 8.55768639887342885686e+01 1.33149539071151040703e-01
8.94180647421820240517e-01 4.68634893375437400209e+00 -1.53088573258885418671e-01 8.55690327286382057537e+01 1.33304377399695944684e-01
8.95286276688883719821e-01 4.68952400451055684272e+00 -1.52839992055626233691e-01 8.55612128442625703428e+01 1.33456311294098767251e-01
8.96385810671860183696e-01 4.69269620493625172486e+00 -1.52590382853334122215e-01 8.55534046286340554843e+01 1.33605341868572508046e-01
8.97479241884907241733e-01 4.69586542415794294669e+00 -1.52339748601858976373e-01 8.55456083826853728169e+01 1.33751472032637652720e-01
8.98566562883731378975e-01 4.69903154992937821532e+00 -1.52088092342286013148e-01 8.55378244081899481444e+01 1.33894702852299929408e-01
8.99647766265638582084e-01 4.70219446836115917421e+00 -1.51835417195737093499e-01 8.55300529949670362839e+01 1.34035043784132751332e-01
9.00722844669584632449e-01 4.70535406472180728343e+00 -1.51581726714158648850e-01 8.55222944597437759739e+01 1.34172494248995188837e-01
9.01791790776225510307e-01 4.70851022236190175363e+00 -1.51327024420223194001e-01 8.55145490957349068140e+01 1.34307065312489787301e-01
9.02854597307967132735e-01 4.71166282367896727123e+00 -1.51071314199170692039e-01 8.55068172191044766350e+01 1.34438761730727218691e-01
9.03911257029014647557e-01 4.71481174946755210442e+00 -1.50814600075048627081e-01 8.54990991387841177129e+01 1.34567592597788832087e-01
9.04961762745422060306e-01 4.71795687900002835846e+00 -1.50556886277738111168e-01 8.54913951609764808381e+01 1.34693568479426734052e-01
9.06006107305140861996e-01 4.72109809015343362404e+00 -1.50298177256786180678e-01 8.54837055958267200140e+01 1.34816701088217139048e-01
9.07044283598068878938e-01 4.72423525942759159335e+00 -1.50038477675727532912e-01 8.54760307589426560071e+01 1.34937003852671932869e-01
9.08076284556099455614e-01 4.72736826180982294687e+00 -1.49777792441351476072e-01 8.54683709656594032822e+01 1.35054490782359343237e-01
9.09102103153167639960e-01 4.73049697078496045322e+00 -1.49516126709172914033e-01 8.54607265321781000011e+01 1.35169176516842487468e-01
9.10121732405300032376e-01 4.73362125849317738613e+00 -1.49253485887011649869e-01 8.54530977837096372696e+01 1.35281076524962406982e-01
9.11135165370661193052e-01 4.73674099510068913332e+00 -1.48989875486192385745e-01 8.54454850252564312996e+01 1.35390214246360246486e-01
9.12142395149601159510e-01 4.73985604992122055990e+00 -1.48725301395120246273e-01 8.54378885946728559020e+01 1.35496605334477243643e-01
9.13143414884702742107e-01 4.74296629008055781185e+00 -1.48459769796711493761e-01 8.54303088031936539437e+01 1.35600275304653294928e-01
9.14138217760827709313e-01 4.74607158171873688701e+00 -1.48193287123506295400e-01 8.54227459885749880186e+01 1.35701241914640974295e-01
9.15126797005163528098e-01 4.74917382035856405764e+00 -1.47930539000685173923e-01 8.54152986230988915395e+01 1.35578367334349664253e-01
9.16109145887269216146e-01 4.75226895160603923784e+00 -1.47662476252958196898e-01 8.54077777895661967023e+01 1.35659710678801059824e-01
9.17085257719121638154e-01 4.75535873159559585588e+00 -1.47393500701905821870e-01 8.54002753643366645520e+01 1.35737600204990455088e-01
9.18055125855160469861e-01 4.75844302065871627150e+00 -1.47123620838283120094e-01 8.53927917195541112960e+01 1.35812018739622147878e-01
9.19018743692333606177e-01 4.76152167728386110923e+00 -1.46852845376815616119e-01 8.53853272186708096569e+01 1.35882954174521147772e-01
9.19976104670142347253e-01 4.76459455797427189339e+00 -1.46581183289368421896e-01 8.53778822103417951439e+01 1.35950398214082779358e-01
9.20927202270686140473e-01 4.76766151830711226722e+00 -1.46308644088318645649e-01 8.53704570794510573251e+01 1.36014333732813796907e-01
9.21872030018706323240e-01 4.77072241152132736630e+00 -1.46035237442440235522e-01 8.53630521805559823179e+01 1.36074752838636126029e-01
9.22810581481630642919e-01 4.77377708987636673044e+00 -1.45760973569078883250e-01 8.53556679031817253644e+01 1.36131639202481780071e-01
9.23742850269617443715e-01 4.77682540307241421118e+00 -1.45485862798059362166e-01 8.53483045972389220424e+01 1.36184988532184414467e-01
9.24668830035598299233e-01 4.77986720007659648957e+00 -1.45209916041303593870e-01 8.53409626580896798487e+01 1.36234782926067637954e-01
9.25588514475321866293e-01 4.78290232773382140152e+00 -1.44933144709570943531e-01 8.53336424706332934420e+01 1.36281012483656149836e-01
9.26501897327396517490e-01 4.78593063083342240560e+00 -1.44655560287387519036e-01 8.53263443992119476889e+01 1.36323669589811069525e-01
9.27408972373333306827e-01 4.78895195327512990247e+00 -1.44377174990928447418e-01 8.53190688526423031135e+01 1.36362735936590206975e-01
9.28309733437587714100e-01 4.79196613635844137491e+00 -1.44098001104912942782e-01 8.53118162010962777231e+01 1.36398209478845983122e-01
9.29204174387602388485e-01 4.79497302055770724394e+00 -1.43818051765282367560e-01 8.53045868613945827974e+01 1.36430068440644647332e-01
9.30092289133848337812e-01 4.79797244364619501766e+00 -1.43537340099899990431e-01 8.52973812079846709366e+01 1.36458311823691641473e-01
9.30974071629866561928e-01 4.80096424215325345841e+00 -1.43255879945009656495e-01 8.52901996430864954846e+01 1.36482926439863511137e-01
9.31849515872309464015e-01 4.80394825076732523428e+00 -1.42973685519240473196e-01 8.52830425686902202642e+01 1.36503902631726486971e-01
9.32718615900981373734e-01 4.80692430254515556953e+00 -1.42690771588800863201e-01 8.52759103970995937516e+01 1.36521226991308530785e-01
9.33581365798879514450e-01 4.80989222833400642543e+00 -1.42407153210725140324e-01 8.52688035238091828205e+01 1.36534894810757395645e-01
9.34437759692233416153e-01 4.81285185784381308594e+00 -1.42122846186751611297e-01 8.52617223792345413358e+01 1.36544889464664143119e-01
9.35287791750546215752e-01 4.81580301834063195798e+00 -1.41837866442182880533e-01 8.52546673613755388033e+01 1.36551206583969436670e-01
9.36131456186633403860e-01 4.81874553530292182302e+00 -1.41552230872897755187e-01 8.52476388883916627037e+01 1.36553835607589241219e-01
9.36968747256662348732e-01 4.82167923270428566696e+00 -1.41265956476331083769e-01 8.52406373823790630695e+01 1.36552770483086005626e-01
9.37799659260191820209e-01 4.82460393254588737477e+00 -1.40979061043901593431e-01 8.52336632669989597844e+01 1.36547997700257967013e-01
9.38624186540210181384e-01 4.82751945513398084131e+00 -1.40691562832982286491e-01 8.52267169762900778096e+01 1.36539507457203168617e-01
9.39442323483174468457e-01 4.83042561838890716075e+00 -1.40403480437116895407e-01 8.52197989220150162737e+01 1.36527300060313133701e-01
9.40254064519048693427e-01 4.83332223890069467842e+00 -1.40114833267256599925e-01 8.52129095445541508980e+01 1.36511364039527988146e-01
9.41059404121340592475e-01 4.83620913132111862609e+00 -1.39825641273154194222e-01 8.52060492841028462863e+01 1.36491689690305562088e-01
9.41858336807141038882e-01 4.83908610819634521505e+00 -1.39535924908338382355e-01 8.51992185729413336048e+01 1.36468271222334097681e-01
9.42650857137159903232e-01 4.84195298049657374406e+00 -1.39245705327408736407e-01 8.51924178610570805859e+01 1.36441098176718039747e-01
9.43436959715763689971e-01 4.84480955708408167482e+00 -1.38955003908315000150e-01 8.51856475820486878092e+01 1.36410173241536258892e-01
9.44216639191012285792e-01 4.84765216939022192122e+00 -1.38656887460718636351e-01 8.51787385830362779870e+01 1.36705916667487409333e-01
9.44989890254695485972e-01 4.85048736383529632832e+00 -1.38364917963076039520e-01 8.51720202428528097016e+01 1.36685213974299918371e-01
9.45756707642368521505e-01 4.85331166648017120480e+00 -1.38072518502366847759e-01 8.51653331304178777827e+01 1.36661557839170971773e-01
9.46517086133388918512e-01 4.85612487845383622442e+00 -1.37779712761020550760e-01 8.51586776919659484975e+01 1.36634969440006692754e-01
9.47271020550951026173e-01 4.85892679869919064117e+00 -1.37486525060568409717e-01 8.51520543630448401018e+01 1.36605471461673233513e-01
9.48018505762121987956e-01 4.86171722427038766057e+00 -1.37192980275749693009e-01 8.51454635826740968696e+01 1.36573092957340130882e-01
9.48759536677876158528e-01 4.86449595057576900103e+00 -1.36899104183598741002e-01 8.51389058051170763974e+01 1.36537853390279906307e-01
9.49494108253130075781e-01 4.86726277050693667547e+00 -1.36604922932108352462e-01 8.51323814578485098536e+01 1.36499788171605629383e-01
9.50222215486776988769e-01 4.87001747566972387204e+00 -1.36310463474676984985e-01 8.51258909876100631209e+01 1.36458924911296547444e-01
9.50943853421720053376e-01 4.87275985490160934432e+00 -1.36015753653064619400e-01 8.51194348395469404522e+01 1.36415296614841752287e-01
9.51659017144907415364e-01 4.87548969593714254245e+00 -1.35720821810841607569e-01 8.51130134632867481059e+01 1.36368935177279604343e-01
9.52367701787364628885e-01 4.87820678457110368242e+00 -1.35425697233615915938e-01 8.51066273203111194334e+01 1.36319868377477532162e-01
9.53069902524227741125e-01 4.88091090421098616758e+00 -1.35130409749019020360e-01 8.51002768504015705275e+01 1.36268134847557953471e-01
9.53765614574776932066e-01 4.88360183678615911163e+00 -1.34834990054369940893e-01 8.50939625149766811774e+01 1.36213769499010400876e-01
9.54454833202468377884e-01 4.88627936245929195280e+00 -1.34539469696100949525e-01 8.50876847828218387804e+01 1.36156804938175723940e-01
9.55137553714966891505e-01 4.88894325942008034502e+00 -1.34243881003615811442e-01 8.50814441196512234455e+01 1.36097275104460457840e-01
9.55813771464177897030e-01 4.89159330313258600142e+00 -1.33948256607593324530e-01 8.50752409335326831297e+01 1.36035236637392559222e-01
9.56483481846278404959e-01 4.89422926877961828040e+00 -1.33652630950069239990e-01 8.50690757608363412601e+01 1.35970706929203988267e-01
9.57146680301749208652e-01 4.89685092841097180383e+00 -1.33357038405849281926e-01 8.50629490276705553242e+01 1.35903739222669017739e-01
9.57803362315405748539e-01 4.89945805292453151480e+00 -1.33061514595749275092e-01 8.50568612098225145246e+01 1.35834371306728152184e-01
9.58453523416427977111e-01 4.90205041164409838217e+00 -1.32766095972083858490e-01 8.50508127956060775432e+01 1.35762643071121819061e-01
9.59097159178392222323e-01 4.90462777090547508152e+00 -1.32470819478555462689e-01 8.50448042167937643399e+01 1.35688612506228406529e-01
9.59734265219300386462e-01 4.90718989712280695414e+00 -1.32175723653468080165e-01 8.50388359955788928346e+01 1.35612305146403794298e-01
9.60364837201609811146e-01 4.90973655345415860296e+00 -1.31880847104607512588e-01 8.50329085604142136390e+01 1.35533787481548262388e-01
9.60988870832263142319e-01 4.91226750177753057613e+00 -1.31586229991121628213e-01 8.50270224262003040394e+01 1.35453092309764822065e-01
9.61606361862717418099e-01 4.91478250263007065968e+00 -1.31291913078927680036e-01 8.50211780644577146404e+01 1.35370270153709559846e-01
9.62217306088972823552e-01 4.91728131464806050843e+00 -1.30997938009144915261e-01 8.50153759565559852263e+01 1.35285374028764698862e-01
9.62821699351601556494e-01 4.91976369460087070706e+00 -1.30704347360863920580e-01 8.50096165740738314298e+01 1.35198457204192212799e-01
9.63419537535776138171e-01 4.92222939776509793575e+00 -1.30411184670286950382e-01 8.50039003952640683792e+01 1.35109572937921251778e-01
9.64010816571297390887e-01 4.92467817889665049336e+00 -1.30118494652772143105e-01 8.49982279503928879194e+01 1.35018764827534581974e-01
9.64595532432621638463e-01 4.92710979008451577243e+00 -1.29826322821942174990e-01 8.49925996888745487468e+01 1.34926092279047726841e-01
9.65173681138889238973e-01 4.92952398120847856688e+00 -1.29534715250477550086e-01 8.49870161068914882208e+01 1.34831612712674187016e-01
9.65745258753950674979e-01 4.93192050219210642581e+00 -1.29243719506620530213e-01 8.49814776967980662903e+01 1.34735379398421395436e-01
9.66310261386393642979e-01 4.93429910111514757887e+00 -1.28953383859575415604e-01 8.49759849564799338850e+01 1.34637453582521410267e-01
9.66868685189569476712e-01 4.93665952476428060436e+00 -1.28663757830360825363e-01 8.49705383889432681599e+01 1.34537884314438693778e-01
9.67420526361620347622e-01 4.93900151749238247589e+00 -1.28374891308469435414e-01 8.49651384443586721318e+01 1.34436750435480978361e-01
9.67965781145503245675e-01 4.94132482474808298889e+00 -1.28086836179895136034e-01 8.49597856891123228706e+01 1.34334084683137344740e-01
9.68504445829016735736e-01 4.94362918842964305099e+00 -1.27799644496404823935e-01 8.49544805438032994971e+01 1.34229978617087464254e-01
9.69036516744826603720e-01 4.94591435032454640464e+00 -1.27513369392842274008e-01 8.49492235807127116232e+01 1.34124466519313034762e-01
9.69561990270489948429e-01 4.94818005050839992975e+00 -1.27228065125971401272e-01 8.49440152473108156528e+01 1.34017627454147025823e-01
9.70080862828479939530e-01 4.95042602816219456940e+00 -1.26943786780982253992e-01 8.49388560310805047493e+01 1.33909533816204212586e-01
9.70593130886211241659e-01 4.95265798658643863206e+00 -1.26670509020048255300e-01 8.49340423083342983546e+01 1.33325117777515100848e-01
9.71098790956062218882e-01 4.95486399179637260204e+00 -1.26388822008307727396e-01 8.49289957227066878431e+01 1.33196929123935658978e-01
9.71597839595400469825e-01 4.95704949406479666862e+00 -1.26108341102667553812e-01 8.49240001498187240259e+01 1.33067249965950734625e-01
9.72090273406605143158e-01 4.95921423115760884315e+00 -1.25829126336685276355e-01 8.49190561529497784932e+01 1.32936131595981665843e-01
9.72576089037090585343e-01 4.96135793761412902114e+00 -1.25551237728963177576e-01 8.49141642072278415299e+01 1.32803650212648033380e-01
9.73055283179328878163e-01 4.96348034805165649885e+00 -1.25274736442678280568e-01 8.49093248234408690678e+01 1.32669874951054228562e-01
9.73527852570872820337e-01 4.96558119652756602136e+00 -1.24999684444333417077e-01 8.49045385130756073977e+01 1.32534883427622124374e-01
9.73993793994377243806e-01 4.96766021699165971626e+00 -1.24726145685170541899e-01 8.48998057689658338631e+01 1.32398748918151759613e-01
9.74453104277621995344e-01 4.96971714097356809248e+00 -1.24454182336802471331e-01 8.48951270977342176138e+01 1.32261550151597989666e-01
9.74905780293532697733e-01 4.97175170205057259665e+00 -1.24183860127035111676e-01 8.48905030111329068632e+01 1.32123359271095003331e-01
9.75351818960202621156e-01 4.97376363233635299110e+00 -1.23915244667724078198e-01 8.48859339969074824239e+01 1.31984260702636579943e-01
9.75791217240913111297e-01 4.97575266445550390415e+00 -1.23648402722910832896e-01 8.48814205743463787712e+01 1.31844327619554974040e-01
9.76223972144155016650e-01 4.97771853072387049366e+00 -1.23383402707743186633e-01 8.48769632131548377174e+01 1.31703656119138645675e-01
9.76650080723648006398e-01 4.97966096301519911549e+00 -1.23120311118879333101e-01 8.48725624676063716834e+01 1.31562307363053354603e-01
9.77069540078361775670e-01 4.98157969282076784623e+00 -1.22859197601272576716e-01 8.48682187565934214035e+01 1.31420391076963599675e-01
9.77482347352534808316e-01 4.98347445378777198499e+00 -1.22600132335807326944e-01 8.48639326268341278592e+01 1.31277981540548704942e-01
9.77888499735694360915e-01 4.98534497851324243101e+00 -1.22343186089053770904e-01 8.48597045553974851373e+01 1.31135161978701342278e-01
9.78287994462675891683e-01 4.98719100152138050674e+00 -1.22088431922678958275e-01 8.48555350576302060972e+01 1.30992022742383668055e-01
9.78680828813640935060e-01 4.98901225434628159405e+00 -1.21835938734048229715e-01 8.48514245702365172974e+01 1.30848661157967227631e-01
9.79067000114096308572e-01 4.99080847366709878798e+00 -1.21585781081487515065e-01 8.48473736476481548152e+01 1.30705154011353491539e-01
9.79446505734912542529e-01 4.99257939364640002111e+00 -1.21338032186358538156e-01 8.48433827129998405780e+01 1.30561603626678290890e-01
9.79819343092340866441e-01 4.99432475111069962281e+00 -1.21092766103172058689e-01 8.48394522720624593148e+01 1.30418103777922289588e-01
9.80185509648031860763e-01 4.99604428274683609601e+00 -1.20850059357260994353e-01 8.48355827491602667578e+01 1.30274761248245496414e-01
9.80545002909051777173e-01 4.99773772738242527680e+00 -1.20609983464574396783e-01 8.48317746828203951281e+01 1.30131651720404750705e-01
9.80897820427900302143e-01 4.99940482581854173105e+00 -1.20372616302998267090e-01 8.48280285689409936367e+01 1.29988854503040957011e-01
9.81243959802526766190e-01 5.00104531702377208546e+00 -1.20138032988361356801e-01 8.48243447656647049371e+01 1.29846510362592343357e-01
9.81583418676346575182e-01 5.00265894635776486865e+00 -1.19906313248589149745e-01 8.48207238545530088913e+01 1.29704679723007698655e-01
9.81916194738257197550e-01 5.00424545582421309575e+00 -1.19677528725907297846e-01 8.48171662061481299588e+01 1.29563484049564303646e-01
9.82242285722654373536e-01 5.00580459224274143537e+00 -1.19451758745199879130e-01 8.48136722880937838909e+01 1.29423017867232814648e-01
9.82561689409446659127e-01 5.00733610480691115896e+00 -1.19229080813837845509e-01 8.48102426010739236517e+01 1.29283370473949638102e-01
9.82874403624071413255e-01 5.00883974259324737943e+00 -1.19009572178418635002e-01 8.48068775329727486678e+01 1.29144650379707404131e-01
9.83180426237509119680e-01 5.01031525811383549041e+00 -1.18793313431608052455e-01 8.48035775399359579296e+01 1.29006963330485141528e-01
9.83479755166297819891e-01 5.01176240615880974616e+00 -1.18580376526048719699e-01 8.48003430389865400230e+01 1.28870395708440804716e-01
9.83772388372547657021e-01 5.01318094518922574565e+00 -1.18370841771420695632e-01 8.47971745168665904657e+01 1.28735052458998272540e-01
9.84058323863954753641e-01 5.01457063411125059105e+00 -1.18164786481082334513e-01 8.47940723428567508790e+01 1.28601041618963796154e-01
9.84337559693814090345e-01 5.01593123514704863908e+00 -1.17962291476433042692e-01 8.47910369406328641162e+01 1.28468463956580042362e-01
9.84610093961033494558e-01 5.01726251528187994211e+00 -1.17763427251489374847e-01 8.47880687270967712266e+01 1.28337419738069502539e-01
9.84875924810146630151e-01 5.01856424335656026159e+00 -1.17568273869745137938e-01 8.47851681273360213709e+01 1.28208003362005856784e-01
9.85135050431324765796e-01 5.01983619043974105267e+00 -1.17376907607162614400e-01 8.47823354883432642737e+01 1.28080320724884899608e-01
9.85387469060390319697e-01 5.02107813321586959887e+00 -1.17189404503793753731e-01 8.47795712589723677866e+01 1.27954468812253585597e-01
9.85633178978827628747e-01 5.02228984879139961350e+00 -1.17005843923292565667e-01 8.47768758083091711342e+01 1.27830558732140331379e-01
9.85872178513795716093e-01 5.02347112208882595752e+00 -1.16826293199680644741e-01 8.47742494826427730459e+01 1.27708663140273237513e-01
9.86104466038138838258e-01 5.02462173827149438665e+00 -1.16650829569732078506e-01 8.47716926411382303286e+01 1.27588913972184941903e-01
9.86330039970398142479e-01 5.02574148926801722581e+00 -1.16479526879104469672e-01 8.47692057120697910477e+01 1.27471384760992012541e-01
9.86548898774822102808e-01 5.02683016667684334777e+00 -1.16312461798495678234e-01 8.47667890073157934694e+01 1.27356182930524086672e-01
9.86761040961377400293e-01 5.02788757319498902376e+00 -1.16149697321466655042e-01 8.47644428575852657559e+01 1.27243402783256243094e-01
9.86966465085758248854e-01 5.02891351207523218392e+00 -1.15991308442936091883e-01 8.47621676799405605607e+01 1.27133120216871869923e-01
9.87165169749397164445e-01 5.02990778953755501846e+00 -1.15837363995238418202e-01 8.47599637152512173088e+01 1.27025452470727495680e-01
9.87357153599473957861e-01 5.03087021800016565010e+00 -1.15687932075854982283e-01 8.47578312687667079217e+01 1.26920493813018314677e-01
9.87542415328925060614e-01 5.03180061309396897684e+00 -1.15543084287251129894e-01 8.47557707255170242888e+01 1.26818344612784961178e-01
9.87720953676452295689e-01 5.03269880305768246842e+00 -1.15402878196038921610e-01 8.47537823593287811264e+01 1.26719013304945171683e-01
9.87892767426531648312e-01 5.03356461276267541649e+00 -1.15267380729833252007e-01 8.47518664639960519480e+01 1.26622670021921485128e-01
9.88057855409421592618e-01 5.03439787559079920953e+00 -1.15136653180271664176e-01 8.47500233421645532417e+01 1.26529457416611451626e-01
9.88216216501170752196e-01 5.03519842525530503252e+00 -1.15010766475275763576e-01 8.47482532402123069915e+01 1.26439203358466506488e-01
9.88367849623625893685e-01 5.03596611379848635437e+00 -1.14889765236137919580e-01 8.47465564571882907785e+01 1.26352228115581499690e-01
9.88512753744439143233e-01 5.03670078604778659326e+00 -1.14773712536798327966e-01 8.47449331848831235448e+01 1.26268554157823037487e-01
9.88650927877074869876e-01 5.03740229786693483049e+00 -1.14662664139588227341e-01 8.47433836953582044771e+01 1.26188240254682504382e-01
9.88782371080816346876e-01 5.03807051154887197697e+00 -1.14556673816619006279e-01 8.47419082771013307820e+01 1.26111344235067701636e-01
9.88907082460772635102e-01 5.03870529312589976456e+00 -1.14455792575914372389e-01 8.47405070964490221286e+01 1.26037953967596261240e-01
9.89025061167884578239e-01 5.03930650986373329658e+00 -1.14360074485169077585e-01 8.47391803336224853638e+01 1.25968154478212274183e-01
9.89136306398929687766e-01 5.03987405383565700845e+00 -1.14269557508253918887e-01 8.47379283097367164146e+01 1.25901959360531806587e-01
9.89240817396528693273e-01 5.04040780436273294640e+00 -1.14184290805943236546e-01 8.47367511321000392854e+01 1.25839459581983670322e-01
9.89338593449150427439e-01 5.04090765325582790268e+00 -1.14104316625464080603e-01 8.47356489597771087574e+01 1.25780723210011796676e-01
9.89429633891116377953e-01 5.04137350041766030273e+00 -1.14029675436067373662e-01 8.47346220195478423420e+01 1.25725785890354990748e-01
9.89513938102605350444e-01 5.04180525023070558177e+00 -1.13960404629086034523e-01 8.47336704226842840626e+01 1.25674707481742614634e-01
9.89591505509657798356e-01 5.04220281671998815654e+00 -1.13896539696186460677e-01 8.47327944159507779887e+01 1.25627516694416352383e-01
9.89662335584179708725e-01 5.04256610973557783950e+00 -1.13838117470131644504e-01 8.47319940104196689390e+01 1.25584294203585716820e-01
9.89726427843945932850e-01 5.04289506777372942281e+00 -1.13785157902089928417e-01 8.47312693575343445218e+01 1.25545063461266231952e-01
9.89783781852604072071e-01 5.04318961867951287559e+00 -1.13737693624687233318e-01 8.47306206374763775102e+01 1.25509842713924513191e-01
9.89834397219676587198e-01 5.04344970051402174960e+00 -1.13695748510555347255e-01 8.47300478849357006084e+01 1.25478690426758021648e-01
9.89878273600564240198e-01 5.04367526030892499023e+00 -1.13659344519554755815e-01 8.47295512210257442121e+01 1.25451621200969754000e-01
9.89915410696548092595e-01 5.04386625191318493933e+00 -1.13628500512727284577e-01 8.47291307437544531922e+01 1.25428659877933612599e-01
9.89945808254791503877e-01 5.04402263525769800623e+00 -1.13603232310561533258e-01 8.47287864898788711798e+01 1.25409836200471636047e-01
9.89969466068341796827e-01 5.04414437681780825073e+00 -1.13583552729096953771e-01 8.47285184559443251828e+01 1.25395182169614649581e-01
