00000000000000000000 3.59220227533050717739e+00 -5.75481217345024997911e-01 00000000000000000088 4.74882467711460751569e-24
2.58315720529896097890e-03 3.59220390664204547448e+00 -5.75480933975436759198e-01 8.79999903611744969112e+01 3.16968226430179312583e-06
5.16629682395841009074e-03 3.59220880056130553726e+00 -5.75480083862280222817e-01 8.79999614448502001096e+01 1.26786415507142048319e-05
7.74940126945856955221e-03 3.59221695704228771717e+00 -5.75478666992523923973e-01 8.79999132514870723298e+01 2.85266086939969711750e-05
1.03324529555191297475e-02 3.59222837600823741155e+00 -5.75476683344277151200e-01 8.79998457818475685599e+01 5.07131433024650350836e-05
1.29154342962189676997e-02 3.59224305735176852039e+00 -5.75474132887070277675e-01 8.79997590370027609197e+01 7.92376203628602983776e-05
1.54983277061159028382e-02 3.59226100093483102782e+00 -5.75471015581862865851e-01 8.79996530183312870577e+01 1.14099229826910398373e-04
1.80811156003663868475e-02 3.59228220658816210786e+00 -5.75467331379124202861e-01 8.79995277274928042743e+01 1.55297069842346872415e-04
2.06637803948452533631e-02 3.59230667411270809808e+00 -5.75463080223812761815e-01 8.79993831664979211382e+01 2.02829905393314458050e-04
2.32463045062654173611e-02 3.59233440327799158354e+00 -5.75458262049743263233e-01 8.79992193376291282902e+01 2.56696441576229571462e-04
2.58286703522975918945e-02 3.59236539382296671263e+00 -5.75452876782566069558e-01 8.79990362434832320560e+01 3.16895179252727767459e-04
2.84108603516900135033e-02 3.59239964545581180744e+00 -5.75446924339080290167e-01 8.79988338869619042271e+01 3.83424448586508698558e-04
3.09928569243880722150e-02 3.59243715785428641141e+00 -5.75440404630661928032e-01 8.79986122712901561727e+01 4.56282243000338241703e-04
3.35746424916540803229e-02 3.59247793066457665745e+00 -5.75433317552882406254e-01 8.79983713999605754452e+01 5.35466722712927547731e-04
3.61561994761869162640e-02 3.59252196350267283265e+00 -5.75425662998287013039e-01 8.79981112768021347392e+01 6.20975595484468657036e-04
3.87375103022416650278e-02 3.59256925595355047776e+00 -5.75417440849161687666e-01 8.79978319059408846670e+01 7.12806467456688123106e-04
4.13185573957493418318e-02 3.59261980757132359798e+00 -5.75408650979138625026e-01 8.79975332918088497536e+01 8.10956765753189636955e-04
4.38993231844364839578e-02 3.59267361787920869176e+00 -5.75399293253221921773e-01 8.79972154391436873766e+01 9.15423737399110584376e-04
4.64797900979448119774e-02 3.59273068636950476673e+00 -5.75389367527827100268e-01 8.79968783529888298744e+01 1.02620444773321092824e-03
4.90599405679508632216e-02 3.59279101250354804264e+00 -5.75378873650836286657e-01 8.79965220386931292751e+01 1.14329577821852186072e-03
5.16397570282855211676e-02 3.59285459571247667299e+00 -5.75367811450481880797e-01 8.79961465019486865913e+01 1.26669496564379546050e-03
5.42192219150537807471e-02 3.59292143539458574963e+00 -5.75356180772849001848e-01 8.79957517486661657813e+01 1.39639778410066673318e-03
5.67983176667541181382e-02 3.59299153091867795595e+00 -5.75343981432766327089e-01 8.79953377851368117035e+01 1.53240092677349535460e-03
5.93770267243982005634e-02 3.59306488162203541137e+00 -5.75331213242977534961e-01 8.79949046179370668597e+01 1.67470059174051259625e-03
6.19553315316303740423e-02 3.59314148681083223025e+00 -5.75317876007551132211e-01 8.79944522539504276892e+01 1.82329280195551589501e-03
6.45332145348472135948e-02 3.59322134576009055706e+00 -5.75303969521876790161e-01 8.79939807003673450936e+01 1.97817340601717924983e-03
6.71106581833170040552e-02 3.59330445771365347696e+00 -5.75289493572659016429e-01 8.79934899646857786593e+01 2.13933807889957455090e-03
6.96876449292992278250e-02 3.59339082188414504770e+00 -5.75274447937903499195e-01 8.79929800547117508813e+01 2.30678232307996106468e-03
7.22641572281641081377e-02 3.59348043745292722306e+00 -5.75258832386900342826e-01 8.79924509785593613742e+01 2.48050147002397154000e-03
7.48401775385119094608e-02 3.59357330357006432564e+00 -5.75242646680197311504e-01 8.79919027446516963664e+01 2.66049068188805399801e-03
7.74156883222925085164e-02 3.59366941935429773380e+00 -5.75225890569566855604e-01 8.79913353617217381952e+01 2.84674495380847578790e-03
7.99906720449247571336e-02 3.59376878388251963514e+00 -5.75208563838195963136e-01 8.79907488383070131022e+01 3.03925716573112897692e-03
8.25651111754157757128e-02 3.59387139622691398344e+00 -5.75190666157334828945e-01 8.79901431845453174674e+01 3.23802503390214612561e-03
8.51389881864804548561e-02 3.59397725540439250125e+00 -5.75172197281518471357e-01 8.79895184097361209297e+01 3.44304164555259530414e-03
8.77122855546606100541e-02 3.59408636040738960205e+00 -5.75153156929127273855e-01 8.79888745238303471297e+01 3.65430125094051184986e-03
9.02849857604444694381e-02 3.59419871019665393419e+00 -5.75133544810046970497e-01 8.79882115370852631031e+01 3.87179792293201223766e-03
9.28570712883857868336e-02 3.59431430370120974516e+00 -5.75113360625697955797e-01 8.79875294600653887755e+01 4.09552555627505556618e-03
9.54285246272232184905e-02 3.59443313981827605730e+00 -5.75092604069058821459e-01 8.79868283036421132692e+01 4.32547786714333228064e-03
9.79993282699994638918e-02 3.59455521741318451134e+00 -5.75071274824693556837e-01 8.79861080789924727696e+01 4.56164839267540409007e-03
1.00569464714180475950e-01 3.59468053531933318112e+00 -5.75049372568792516169e-01 8.79853687976006852978e+01 4.80403048969650550010e-03
1.03138916461774601818e-01 3.59480909233807288672e+00 -5.75026896969201062326e-01 8.79846104712556353888e+01 5.05261733413011129845e-03
1.05707666019451862471e-01 3.59494088723865568014e+00 -5.75003847685476410234e-01 8.79838331120520820150e+01 5.30740191916534258254e-03
1.08275695898662718819e-01 3.59507591875812471116e+00 -5.74980224368930370460e-01 8.79830367323888111741e+01 5.56837705398469714341e-03
1.10842988615757503945e-01 3.59521418563933714552e+00 -5.74956026581580736945e-01 8.79822213468106184564e+01 5.83553929348661244714e-03
1.13409526692105272483e-01 3.59535568649150860665e+00 -5.74931254093432819730e-01 8.79813869652699196422e+01 6.10887452815711464588e-03
1.15975292654212733257e-01 3.59550041998356295636e+00 -5.74905906469347027787e-01 8.79805336024783173343e+01 6.38837801225537564587e-03
1.18540269033843417845e-01 3.59564838472385694956e+00 -5.74879983326133658927e-01 8.79796612720956261455e+01 6.67404190165929705331e-03
1.21104438368136405058e-01 3.59579957928826665636e+00 -5.74853484272226489260e-01 8.79787699880918268036e+01 6.96585817909140328497e-03
1.23667783199725281329e-01 3.59595400222012617775e+00 -5.74826408907702646189e-01 8.79778597647482740740e+01 7.26381865448049064693e-03
1.26230286076857156630e-01 3.59611165203015836767e+00 -5.74798756824291712242e-01 8.79769306166584357243e+01 7.56791496520138780302e-03
1.28791929553511097506e-01 3.59627252719636869571e+00 -5.74770527605374392799e-01 8.79759825587271819813e+01 7.87813857743115304733e-03
1.31352696189517337277e-01 3.59643662616400483500e+00 -5.74741720826004831579e-01 8.79750156061731303225e+01 8.19448078604275050030e-03
1.33912568550675792345e-01 3.59660394734543986672e+00 -5.74712336052901617833e-01 8.79740297745276791375e+01 8.51693271620178500581e-03
1.36471529208874592376e-01 3.59677448912014341431e+00 -5.74682372844459887773e-01 8.79730250796379777967e+01 8.84548532375588336674e-03
1.39029560742209123969e-01 3.59694824983455641032e+00 -5.74651830750744219145e-01 8.79720015376656903072e+01 9.18012939702460284419e-03
1.41586645735100435939e-01 3.59712522780205912198e+00 -5.74620709313487965098e-01 8.79709591650900648574e+01 9.52085555765571842080e-03
1.44142766778413616846e-01 3.59730542130286190527e+00 -5.74589008066079376391e-01 8.79698979787078201298e+01 9.86765426278529006465e-03
1.46697906469576699884e-01 3.59748882858397633910e+00 -5.74556726533559047887e-01 8.79688179956364280088e+01 1.02205158062223921273e-02
1.49252047412698846118e-01 3.59767544771455760610e+00 -5.74523864431425446142e-01 8.79677192263263663108e+01 1.05794206874489857273e-02
1.51805172218688999575e-01 3.59786527712502124388e+00 -5.74490420922849187590e-01 8.79666017006281180102e+01 1.09443756023168692337e-02
1.54357263505374042722e-01 3.59805831484716875934e+00 -5.74456395666624430874e-01 8.79654654310633645764e+01 1.13153626682914992124e-02
1.56908303897617312783e-01 3.59825455899229984524e+00 -5.74421788156885493315e-01 8.79643104359433891659e+01 1.16923714187608177029e-02
1.59458276027436895994e-01 3.59845400763780354225e+00 -5.74386597879804727818e-01 8.79631367338923553234e+01 1.20753912116520895070e-02
1.62007162534123755337e-01 3.59865665882698371192e+00 -5.74350824313601959759e-01 8.79619443438439958527e+01 1.24644112305502766797e-02
1.64554946064359886027e-01 3.59886251056895734024e+00 -5.74314466928586564443e-01 8.79607332850425649440e+01 1.28594204839199213741e-02
1.67101609272336831813e-01 3.59907156083855150897e+00 -5.74277525187201098866e-01 8.79595035770434350297e+01 1.32604078045842708328e-02
1.69647134819873285361e-01 3.59928380757613375351e+00 -5.74239998544047391960e-01 8.79582552397108656805e+01 1.36673618498518931186e-02
1.72191505376533410265e-01 3.59949924868751969242e+00 -5.74201886445938392001e-01 8.79569882932192683711e+01 1.40802711005573663594e-02
1.74734703619744774494e-01 3.59971788204382470155e+00 -5.74163188331941576337e-01 8.79557027580520980337e+01 1.44991238604585907096e-02
1.77276712234916367095e-01 3.59993970548129693654e+00 -5.74123903633410259673e-01 8.79543986549999772251e+01 1.49239082564207505704e-02
1.79817513915556254078e-01 3.60016471680120497822e+00 -5.74084031774062086839e-01 8.79530760051612503503e+01 1.53546122360558399272e-02
1.82357091363389622884e-01 3.60039291376969305958e+00 -5.74043572170012672551e-01 8.79517348299415289148e+01 1.57912235678022531971e-02
1.84895427288476549288e-01 3.60062429411756035336e+00 -5.74002524229832666869e-01 8.79503751510492008947e+01 1.62337298398567281277e-02
1.87432504409329458994e-01 3.60085885554018192423e+00 -5.73960887354633908508e-01 8.79489969904981876425e+01 1.66821184576228694063e-02
1.89968305453031172103e-01 3.60109659607873533460e+00 -5.73918660580235995283e-01 8.79476003890305690902e+01 1.71363939706521313522e-02
1.92502813155352114904e-01 3.60133751268002244572e+00 -5.73875843929922524467e-01 8.79461853365501440294e+01 1.75965125767764268838e-02
1.95036010260868170052e-01 3.60158160324540110864e+00 -5.73832436487750396914e-01 8.79447518711123876756e+01 1.80624754118812250181e-02
1.97567879523077832848e-01 3.60182886532996882067e+00 -5.73788437622695157714e-01 8.79433000160882727414e+01 1.85342692791487170800e-02
2.00098403704520089175e-01 3.60207929645296864862e+00 -5.73743846696154524700e-01 8.79418297951672656154e+01 1.90118808137511204059e-02
2.02627565576891321975e-01 3.60233289409772350353e+00 -5.73698663061997127244e-01 8.79403412323612343471e+01 1.94952964822724221505e-02
2.05155347921162689584e-01 3.60258965571141764883e+00 -5.73652886066564171585e-01 8.79388343520009811982e+01 1.99845025845904779305e-02
2.07681733527697698349e-01 3.60284957870505984090e+00 -5.73606515048728060613e-01 8.79373091787417280329e+01 2.04794852529700567578e-02
2.10206705196368998090e-01 3.60311266045329325891e+00 -5.73559549339896057596e-01 8.79357657375613825934e+01 2.09802304539073933287e-02
2.12730245736675399604e-01 3.60337889829428137389e+00 -5.73511988264050809327e-01 8.79342040537622722240e+01 2.14867239881272840962e-02
2.15252337967859502799e-01 3.60364828952958315966e+00 -5.73463831137773993873e-01 8.79326241529728491741e+01 2.19989514915243863924e-02
2.17772964719024048064e-01 3.60392083142400210249e+00 -5.73415077270247208752e-01 8.79310260611478753390e+01 2.25168984372119164450e-02
2.20292108829248989288e-01 3.60419652120550582097e+00 -5.73365725963332684145e-01 8.79294098045723018231e+01 2.30405501336798969325e-02
2.22809753147708622389e-01 3.60447535606508440154e+00 -5.73315776511553965022e-01 8.79277754098623489654e+01 2.35698917280495433280e-02
2.25325880533787908933e-01 3.60475733315655721967e+00 -5.73265228202091137177e-01 8.79261229039640426208e+01 2.41049082082293412987e-02
2.27840473857199465879e-01 3.60504244959657960123e+00 -5.73214080314869867117e-01 8.79244523141614706674e+01 2.46455844010402234934e-02
2.30353515998100027984e-01 3.60533070246439768525e+00 -5.73162332122516104960e-01 8.79227636680732018704e+01 2.51919049766758246234e-02
2.32864989847207326523e-01 3.60562208880184575932e+00 -5.73109982890400271316e-01 8.79210569936602723828e+01 2.57438544487156618923e-02
2.35374878305916024335e-01 3.60591660463213381504e+00 -5.73057032497112706082e-01 8.79193322718943335303e+01 2.63013871623037735759e-02
2.37883164286414594546e-01 3.60621424869543849567e+00 -5.73003479068863508239e-01 8.79175896170012123321e+01 2.68645417307616790614e-02
2.40389830711801560925e-01 3.60651501709429611608e+00 -5.72949322373723202162e-01 8.79158290181134844943e+01 2.74332768403834116600e-02
2.42894860516201405165e-01 3.60681890671405191995e+00 -5.72894561651314138118e-01 8.79140505043167053145e+01 2.80075762443395721857e-02
2.45398236644881417856e-01 3.60712591440133056864e+00 -5.72839196134540706851e-01 8.79122541050185475342e+01 2.85874235254257730299e-02
2.47899942054367217192e-01 3.60743603696372083789e+00 -5.72783225049534605589e-01 8.79104398499422785562e+01 2.91728021011949528729e-02
2.50399959712559072589e-01 3.60774927116962773610e+00 -5.72726647615780515288e-01 8.79086077691285794344e+01 2.97636952204727578408e-02
2.52898272598847562165e-01 3.60806561374819478871e+00 -5.72669463046188376154e-01 8.79067578929407744681e+01 3.03600859624871995124e-02
2.55394863704230257184e-01 3.60838506138890169339e+00 -5.72611670547071516246e-01 8.79048902520545851758e+01 3.09619572406534537823e-02
2.57889716031426352583e-01 3.60870761074147594627e+00 -5.72553269318246016439e-01 8.79030048774630614616e+01 3.15692918003106018365e-02
2.60382812594993184874e-01 3.60903325841571698263e+00 -5.72494258553147616908e-01 8.79011018004775337431e+01 3.21820722159692068631e-02
2.62874136421441917388e-01 3.60936200098118087354e+00 -5.72434637438803295417e-01 8.78991810527217012350e+01 3.28002808953959598681e-02
2.65363670549352448358e-01 3.60969383496704443459e+00 -5.72374405155930854328e-01 8.78972426661345451748e+01 3.34239000776603151222e-02
2.67851398029489484731e-01 3.61002875686176150083e+00 -5.72313560879006755222e-01 8.78952866729636781429e+01 3.40529118326735810718e-02
2.70337301924917894347e-01 3.61036676311307047627e+00 -5.72252103776405007807e-01 8.78933131057750927084e+01 3.46872980574721434532e-02
2.72821365311117669528e-01 3.61070785012737704989e+00 -5.72190033010268828129e-01 8.78913219974334651852e+01 3.53270404853558775415e-02
2.75303571276099334764e-01 3.61105201426986610613e+00 -5.72127347736827163160e-01 8.78893133811174180892e+01 3.59721206735749490790e-02
2.77783902920519187862e-01 3.61139925186407007018e+00 -5.72064047106346063032e-01 8.78872872903086772567e+01 3.66225200087178237585e-02
2.80262343357794374565e-01 3.61174955919155049600e+00 -5.72000130263168093947e-01 8.78852437587870412017e+01 3.72782197079496863124e-02
2.82738875714217352542e-01 3.61210293249182967656e+00 -5.71935596345943264573e-01 8.78831828206371454826e+01 3.79392008110231576667e-02
2.85213483129071798672e-01 3.61245937046387455283e+00 -5.71870443503398662166e-01 8.78811046307207845985e+01 3.86054917557026866515e-02
2.87686148754746129352e-01 3.61281886467562474152e+00 -5.71804672672219016505e-01 8.78790090028307275816e+01 3.92769857740125558077e-02
2.90156855756849185735e-01 3.61318141338784126759e+00 -5.71738282125050067961e-01 8.78768960754481440745e+01 3.99537044286081000077e-02
2.92625587314324475674e-01 3.61354701267786371233e+00 -5.71671270974937084652e-01 8.78747658842682284330e+01 4.06356282184491129916e-02
2.95092326619564693235e-01 3.61391565858043062320e+00 -5.71603638329174046362e-01 8.78726184653165915961e+01 4.13227374844111067231e-02
2.97557056878526016153e-01 3.61428734708782872787e+00 -5.71535383289423104536e-01 8.78704538549672662384e+01 4.20150124067792327121e-02
3.00019761310842958402e-01 3.61466207414945550624e+00 -5.71466504951792519940e-01 8.78682720899326170638e+01 4.27124330050069889175e-02
3.02480423149941946015e-01 3.61503983567153008849e+00 -5.71397002406710097233e-01 8.78660732072603565257e+01 4.34149791474818039227e-02
3.04939025643155781076e-01 3.61542062751718962232e+00 -5.71326874739222945188e-01 8.78638572443494183517e+01 4.41226305404149796163e-02
3.07395552051837939178e-01 3.61580444550603141707e+00 -5.71256121028928753880e-01 8.78616242389391146617e+01 4.48353667349691009658e-02
3.09849985651476145243e-01 3.61619128541410139732e+00 -5.71184740350064501513e-01 8.78593742291199788497e+01 4.55531671266741558513e-02
3.12302309731806226889e-01 3.61658114297362676126e+00 -5.71112731771617920806e-01 8.78571072533322876552e+01 4.62760109536265104579e-02
3.14752507596926411892e-01 3.61697401387288808294e+00 -5.71040094357352590038e-01 8.78548233503715181314e+01 4.70038772993081888085e-02
3.17200562565410182359e-01 3.61736989375571615923e+00 -5.70966827165741652728e-01 8.78525225593756999842e+01 4.77367450994891223681e-02
3.19646457970420572181e-01 3.61776877822195519485e+00 -5.70892929250370939620e-01 8.78502049198596210999e+01 4.84745931266381546720e-02
3.22090177159823132236e-01 3.61817066282648980291e+00 -5.70818399659585029582e-01 8.78478704716796698904e+01 4.92174000111438164629e-02
3.24531703496299839262e-01 3.61857554308000839427e+00 -5.70743237437036143866e-01 8.78455192550826922115e+01 4.99651442187278166385e-02
3.26971020357461672479e-01 3.61898341444762028374e+00 -5.70667441621127813356e-01 8.78431513106514358924e+01 5.07178040813626163086e-02
3.29408111135962355931e-01 3.61939427234989263837e+00 -5.70591011245631718474e-01 8.78407666793665811156e+01 5.14753577717039847994e-02
3.31842959239611323685e-01 3.61980811216197917446e+00 -5.70513945339566119763e-01 8.78383654025772386831e+01 5.22377833131685356816e-02
3.34275548091486185420e-01 3.62022492921389282827e+00 -5.70436242927305769967e-01 8.78359475220262737594e+01 5.30050585787913419722e-02
3.36705861130046413265e-01 3.62064471324541603536e+00 -5.70357904087624212330e-01 8.78335128134785918519e+01 5.37771100447541755551e-02
3.39133881809245474326e-01 3.62106746976246984815e+00 -5.70278925864823316161e-01 8.78310618127278956990e+01 5.45540106731664392603e-02
3.41559593598643573831e-01 3.62149318912074447141e+00 -5.70199308200319276985e-01 8.78285943302855685033e+01 5.53356928568817449388e-02
3.43982979983520398282e-01 3.62192186645213443086e+00 -5.70119050102350310993e-01 8.78261104087544879349e+01 5.61221337936183770068e-02
3.46404024464987525533e-01 3.62235349684125429448e+00 -5.70038150575462254643e-01 8.78236100910925898688e+01 5.69133105071696829280e-02
3.48822710560100557320e-01 3.62278807532407265413e+00 -5.69956608619726634579e-01 8.78210934205599187408e+01 5.77091998896224478433e-02
3.51239021801971362802e-01 3.62322559688860001970e+00 -5.69874423231500504272e-01 8.78185604407649265113e+01 5.85097786694540045183e-02
3.53652941739880488647e-01 3.62366605647407036273e+00 -5.69791593403262131012e-01 8.78160111956384952236e+01 5.93150234241931056944e-02
3.56064453939388791959e-01 3.62410944897075637527e+00 -5.69708118123710693936e-01 8.78134457294383281578e+01 6.01249105804190844826e-02
3.58473541982449628307e-01 3.62455576921954225611e+00 -5.69623996377776276034e-01 8.78108640867418870357e+01 6.09394164181862735274e-02
3.60880189467520207103e-01 3.62500501201197788959e+00 -5.69539227146947601987e-01 8.78082663124626776607e+01 6.17585170602528571449e-02
3.63284380009673946166e-01 3.62545717208948126142e+00 -5.69453809409113498319e-01 8.78056524518254946088e+01 6.25821884845825515686e-02
3.65686097240711160961e-01 3.62591224414328117120e+00 -5.69367742138805366103e-01 8.78030225503775199059e+01 6.34104065178824338744e-02
3.68085324809271363655e-01 3.62637022281428889059e+00 -5.69281024307360827841e-01 8.78003766539961958415e+01 6.42431468328862192996e-02
3.70482046380943785824e-01 3.62683110269207631404e+00 -5.69193654882711341791e-01 8.77977148088538257298e+01 6.50803849637137249440e-02
3.72876245638379399949e-01 3.62729487831532981801e+00 -5.69105632829916108228e-01 8.77950370614539536973e+01 6.59220962855270042891e-02
3.75267906281401164570e-01 3.62776154417076712733e+00 -5.69016957110810239762e-01 8.77923434585931374841e+01 6.67682560368088179326e-02
3.77657012027115768227e-01 3.62823109469335713939e+00 -5.68927626684422094172e-01 8.77896340473862011322e+01 6.76188393048045149891e-02
3.80043546610023985632e-01 3.62870352426563291814e+00 -5.68837640507092845432e-01 8.77869088752475050796e+01 6.84738210251827073005e-02
3.82427493782131422417e-01 3.62917882721726803297e+00 -5.68746997532502240880e-01 8.77841679898852618180e+01 6.93331759864222185730e-02
3.84808837313059592944e-01 3.62965699782470085921e+00 -5.68655696711427016687e-01 8.77814114392981821311e+01 7.01968788470675869595e-02
3.87187560990155776874e-01 3.63013803031099913099e+00 -5.68563736992557355876e-01 8.77786392717837316013e+01 7.10649041022874822238e-02
3.89563648618604152496e-01 3.63062192996384469623e+00 -5.68471117253811497605e-01 8.77758520681744727199e+01 7.19372306641229558588e-02
3.91937084021535264711e-01 3.63110867014156202259e+00 -5.68377836579588957555e-01 8.77730488836649413997e+01 7.28138235695110630497e-02
3.94307851040136658760e-01 3.63159825472710151573e+00 -5.68283893841664222712e-01 8.77702302376572447429e+01 7.36946614216784645635e-02
3.96675933533762792305e-01 3.63209067774634508652e+00 -5.68189287980155666169e-01 8.77673961805694062832e+01 7.45797181335482450848e-02
3.99041315380044780969e-01 3.63258593317199229844e+00 -5.68094017933807426957e-01 8.77645467632018352333e+01 7.54689674507721675045e-02
4.01403980475000310424e-01 3.63308401492231558549e+00 -5.67998082638916934606e-01 8.77616820366932302022e+01 7.63623830088655530801e-02
4.03763912733143492950e-01 3.63358491686213413985e+00 -5.67901481030805843631e-01 8.77588020525824674678e+01 7.72599382693835018410e-02
4.06121096087593724810e-01 3.63408863280147009789e+00 -5.67804212042813394312e-01 8.77559068627600566970e+01 7.81616065743216820172e-02
4.08475514490185875882e-01 3.63459515649603259746e+00 -5.67706274607464811410e-01 8.77529965195067518380e+01 7.90673610967824458395e-02
4.10827151911578702936e-01 3.63510448164649302427e+00 -5.67607667655811609642e-01 8.77500710754746222619e+01 7.99771748789324943285e-02
4.13175992341364761717e-01 3.63561660189823765421e+00 -5.67508390117742012038e-01 8.77471305836912023324e+01 8.08910208239456002266e-02
4.15522019788178931243e-01 3.63613151084149555103e+00 -5.67408440922589907274e-01 8.77441750975815182301e+01 8.18088716734910875727e-02
4.17865218279807715263e-01 3.63664920201048458281e+00 -5.67307818998428525781e-01 8.77412046709432758007e+01 8.27307000484406862562e-02
4.20205571863297211443e-01 3.63716966888377957190e+00 -5.67206523273180218681e-01 8.77382193579805687023e+01 8.36564784025142366142e-02
4.22543064605062523853e-01 3.63769290488363994385e+00 -5.67104552673981965327e-01 8.77352192132881327780e+01 8.45861790598959190079e-02
4.24877680590995954191e-01 3.63821890337574282981e+00 -5.67001906127823640524e-01 8.77322042918548135049e+01 8.55197741915061787621e-02
4.27209403926575026489e-01 3.63874765766925722943e+00 -5.66898582561144337433e-01 8.77291746490837169858e+01 8.64572358416841046935e-02
4.29538218736971288969e-01 3.63927916101617698885e+00 -5.66794580900874200857e-01 8.77261303407767201179e+01 8.73985358855841332204e-02
4.31864109167158116698e-01 3.63981340661156460570e+00 -5.66689900073730767893e-01 8.77230714231629207234e+01 8.83436460702667070155e-02
4.34187059382018403220e-01 3.64035038759313334111e+00 -5.66584539006891652058e-01 8.77199979528953974750e+01 8.92925379898656113031e-02
4.36507053566452751792e-01 3.64089009704059973771e+00 -5.66478496627819350095e-01 8.77169099870371127281e+01 9.02451831017018063497e-02
4.38824075925487055994e-01 3.64143252797645988750e+00 -5.66371771864908502003e-01 8.77138075831149706119e+01 9.12015527029567257822e-02
4.41138110684379691762e-01 3.64197767336461586396e+00 -5.66264363647118962319e-01 8.77106907990712869605e+01 9.21616179558799736293e-02
4.43449142088729597599e-01 3.64252550551578213600e+00 -5.66156267386119904650e-01 8.77075587103710319070e+01 9.31255161614952392535e-02
4.45757154404582744966e-01 3.64307605597145167664e+00 -5.66047488602594905949e-01 8.77044132228015484998e+01 9.40929067109000233371e-02
4.48062131918540051956e-01 3.64362929913621957922e+00 -5.65938023104800791430e-01 8.77012535181264496487e+01 9.50639080063813979304e-02
4.50364058937863631638e-01 3.64418522770988051462e+00 -5.65827869820752171748e-01 8.76980796547112646522e+01 9.60384908993254238219e-02
4.52662919790584206137e-01 3.64474383432990611809e+00 -5.65717027679721318201e-01 8.76948916912469655927e+01 9.70166261132028445724e-02
4.54958698825607410487e-01 3.64530511157180248105e+00 -5.65605495612525266402e-01 8.76916896867846702435e+01 9.79982842380635044144e-02
4.57251380412820318533e-01 3.64586905194842758604e+00 -5.65493272551210957033e-01 8.76884737007209054127e+01 9.89834357541443388140e-02
4.59540948943198301890e-01 3.64643564790909335827e+00 -5.65380357429495883359e-01 8.76852437927728090017e+01 9.99720510192385197756e-02
4.61827388828911278296e-01 3.64700489184011056309e+00 -5.65266749182681049746e-01 8.76820000230221410220e+01 1.00964100281853874641e-01
4.64110684503429071768e-01 3.64757677606359420608e+00 -5.65152446748263259657e-01 8.76787424518764737513e+01 1.01959553660352475468e-01
4.66390820421628160553e-01 3.64815129283772687785e+00 -5.65037449065849295415e-01 8.76754711401001145532e+01 1.02958381156405834322e-01
4.68667781059897148310e-01 3.64872843435450811000e+00 -5.64921755076439824350e-01 8.76721861487250322398e+01 1.03960552697529212685e-01
4.70941550916242568370e-01 3.64930819274267026486e+00 -5.64805363724788400681e-01 8.76688875392086117699e+01 1.04966038034558339920e-01
4.73212114510394632472e-01 3.64989056006354495310e+00 -5.64688273956772346374e-01 8.76655753732549243296e+01 1.05974806875346702628e-01
4.75479456383912424400e-01 3.65047552831300059495e+00 -5.64570484721801713057e-01 8.76622497129259556914e+01 1.06986828779886786189e-01
4.77743561100288705035e-01 3.65106308942013768615e+00 -5.64451994971600923279e-01 8.76589106205981352105e+01 1.08002073227576697589e-01
4.80004413245055938653e-01 3.65165323524706408875e+00 -5.64332803661241722004e-01 8.76555581589704644330e+01 1.09020509577645363652e-01
4.82261997425890265312e-01 3.65224595758785053334e+00 -5.64212909748547541966e-01 8.76521923910340348129e+01 1.10042107107128098176e-01
4.84516298272717305107e-01 3.65284124816874022912e+00 -5.64092312194885536769e-01 8.76488133801008615364e+01 1.11066834983186465968e-01
4.86767300437815575442e-01 3.65343909864728910719e+00 -5.63971009964869818276e-01 8.76454211897821124921e+01 1.12094662286824478525e-01
4.89014988595922406311e-01 3.65403950061133375726e+00 -5.63849002026720613756e-01 8.76420158839585496935e+01 1.13125558006150275792e-01
4.91259347444337080013e-01 3.65464244558021622566e+00 -5.63726287352452559709e-01 8.76385975268579073827e+01 1.14159491037445909312e-01
4.93500361703025469673e-01 3.65524792500131123774e+00 -5.63602864917479906559e-01 8.76351661829094439327e+01 1.15196430214165188022e-01
4.95738016114724178163e-01 3.65585593025196109451e+00 -5.63478733701628931030e-01 8.76317219168553407371e+01 1.16236344269298227938e-01
4.97972295445044454976e-01 3.65646645263814473736e+00 -5.63353892688879920314e-01 8.76282647937072738387e+01 1.17279201858195444852e-01
5.00203184482575280434e-01 3.65707952303718375475e+00 -5.63228354860051294573e-01 8.76247967626098045457e+01 1.18324310390466105880e-01
5.02430668038987948698e-01 3.65769505769885894253e+00 -5.63102092794360409300e-01 8.76213143288372151574e+01 1.19372886614874579303e-01
5.04654730949138929930e-01 3.65831308343658179183e+00 -5.62975118077381320170e-01 8.76178192561502413582e+01 1.20424304041319638059e-01
5.06875358071172565921e-01 3.65893359130751116837e+00 -5.62847429725437775616e-01 8.76143116125634549007e+01 1.21478530384843547152e-01
5.09092534286625153506e-01 3.65955657230016973003e+00 -5.62719026764529339779e-01 8.76107914665888642958e+01 1.22535533076435165789e-01
5.11306244500527418140e-01 3.66018201733123582642e+00 -5.62589908224536361381e-01 8.76072588871030291102e+01 1.23595279549512909734e-01
5.13516473641507098513e-01 3.66080991724694282397e+00 -5.62460073144969374681e-01 8.76037139434340872413e+01 1.24657736978355596080e-01
5.15723206661891864222e-01 3.66144026282082046819e+00 -5.62329520569091023674e-01 8.76001567052744292141e+01 1.25722872568950566619e-01
5.17926428537812011399e-01 3.66207304475523587328e+00 -5.62198249550731277147e-01 8.75965872427746603535e+01 1.26790653247521117875e-01
5.20126124269301826075e-01 3.66270825368021091251e+00 -5.62066259149695768293e-01 8.75930056265073915256e+01 1.27861045890184904517e-01
5.22322278880402501855e-01 3.66334588015229423164e+00 -5.61933548433736107519e-01 8.75894119274345115400e+01 1.28934017241683629429e-01
5.24514877419263836344e-01 3.66398591465437428738e+00 -5.61800116477723432418e-01 8.75858062169188684720e+01 1.30009533966848889186e-01
5.26703904958246260648e-01 3.66462834759788114170e+00 -5.61665962367025151103e-01 8.75821885668493820276e+01 1.31087562503039212203e-01
5.28889346594021980685e-01 3.66527316932012281470e+00 -5.61531085195808410404e-01 8.75785590495353005736e+01 1.32168069153139222660e-01
5.31071187447676895665e-01 3.66592037008249960195e+00 -5.61395484064788119483e-01 8.75749177376425365082e+01 1.33251020204810166625e-01
5.33249412664811961449e-01 3.66656994007394843038e+00 -5.61259158086822473877e-01 8.75712647043776541977e+01 1.34336381678558963726e-01
5.35424007415643554708e-01 3.66722186940765793040e+00 -5.61122106381971907929e-01 8.75676000233532079164e+01 1.35424119574677398470e-01
5.37594956895105391403e-01 3.66787614811918816216e+00 -5.60984328105151641708e-01 8.75639237686619509304e+01 1.36514199667694707818e-01
5.39762246322948779920e-01 3.66853276617826651318e+00 -5.60845822353438383523e-01 8.75602360149150626967e+01 1.37606587572169286604e-01
5.41925860943843207274e-01 3.66919171346754868779e+00 -5.60706588299340502601e-01 8.75565368370300802781e+01 1.38701248912266816848e-01
5.44085786027477369409e-01 3.66985297980143787555e+00 -5.60566625108861349425e-01 8.75528263106539839100e+01 1.39798148930205090590e-01
5.46242006868658758201e-01 3.67051655491394335229e+00 -5.60425931954799949608e-01 8.75491045117251474039e+01 1.40897252934528510737e-01
5.48394508787414136641e-01 3.67118242846473608054e+00 -5.60284508024177729801e-01 8.75453715167819837006e+01 1.41998525963121763338e-01
5.50543277129089347888e-01 3.67185059003608671446e+00 -5.60142352515737740326e-01 8.75416274028391683260e+01 1.43101932915679519454e-01
5.52688297264449235335e-01 3.67252102913429867570e+00 -5.59999464640578037411e-01 8.75378722474767698714e+01 1.44207438538167975750e-01
5.54829554589777229623e-01 3.67319367127153650898e+00 -5.59855808677853006294e-01 8.75341031057184295605e+01 1.45316652527649997628e-01
5.56967034526974602571e-01 3.67386862714006845465e+00 -5.59711450183383862900e-01 8.75303257959711515923e+01 1.46426416773426520956e-01
5.59100722523659832142e-01 3.67454582796275408541e+00 -5.59566356687830723793e-01 8.75265376512250270480e+01 1.47538189155246662887e-01
5.61230604053267856379e-01 3.67522526288134665506e+00 -5.59420527428712621720e-01 8.75227387486888090962e+01 1.48651935020192749182e-01
5.63356664615148439168e-01 3.67590692095173787735e+00 -5.59273961650344486607e-01 8.75189291657791841317e+01 1.49767619896591874795e-01
5.65478889734665535194e-01 3.67659079114706122127e+00 -5.59126658610587079501e-01 8.75151089802897672598e+01 1.50885209190486063724e-01
5.67597264963295100593e-01 3.67727686235879724919e+00 -5.58978617582237324868e-01 8.75112782704654961208e+01 1.52004668135968495912e-01
5.69711775878724790978e-01 3.67796512339306902462e+00 -5.58829837848881849638e-01 8.75074371148491962913e+01 1.53125962006025961859e-01
5.71822408084950328799e-01 3.67865556296827023175e+00 -5.58680318704173561883e-01 8.75035855921920528999e+01 1.54249056162246989121e-01
5.73929147212374757281e-01 3.67934816972365830168e+00 -5.58530059462703620810e-01 8.74997237818820394750e+01 1.55373915558731368058e-01
5.76031978917906362092e-01 3.68004293220783829099e+00 -5.58379059445181957777e-01 8.74958517634213421843e+01 1.56500505456551142203e-01
5.78130888885055260751e-01 3.68073983888521683028e+00 -5.58227317990687366134e-01 8.74919696167545168919e+01 1.57628790862601314560e-01
5.80225862824032101450e-01 3.68143887813170200829e+00 -5.58074834450043355538e-01 8.74880774220871728630e+01 1.58758736858272436754e-01
5.82316886471844319395e-01 3.68214003823872992882e+00 -5.57921608190148909934e-01 8.74841752600985671506e+01 1.59890308412636017454e-01
5.84403945592394169495e-01 3.68284330740821275185e+00 -5.57767638592691405997e-01 8.74802632117258269773e+01 1.61023470459219497641e-01
5.86487025976574760655e-01 3.68354867375126282525e+00 -5.57612925051030217105e-01 8.74763413581260778074e+01 1.62158188060015751031e-01
5.88566113442367422337e-01 3.68425612529334722822e+00 -5.57457466977911653139e-01 8.74724097809423142280e+01 1.63294426059922032080e-01
5.90641193834937960894e-01 3.68496564996805764380e+00 -5.57301263799116597397e-01 8.74684685620319157806e+01 1.64432149402661542670e-01
5.92712253026733248973e-01 3.68567723561983084934e+00 -5.57144314957025765800e-01 8.74645177836179215092e+01 1.65571322981066970659e-01
5.94779276917577259809e-01 3.68639087000092757762e+00 -5.56986619909096591918e-01 8.74605575281688061295e+01 1.66711911726103306775e-01
5.96842251434767101514e-01 3.68710654077385413530e+00 -5.56828178130884587915e-01 8.74565878785357995184e+01 1.67853880483324613415e-01
5.98901162533168496260e-01 3.68782423550489468767e+00 -5.56668989109321832309e-01 8.74526089176703038675e+01 1.68997194346441892421e-01
6.00955996195312258656e-01 3.68854394167333943244e+00 -5.56509052356276789908e-01 8.74486207290821937477e+01 1.70141818038960002113e-01
6.03006738431488664709e-01 3.68926564666113865343e+00 -5.56348367394398413133e-01 8.74446233963743537743e+01 1.71287716597795597329e-01
6.05053375279843597134e-01 3.68998933775555748582e+00 -5.56186933763437751921e-01 8.74406170033911251949e+01 1.72434855094789674101e-01
6.07095892806472914316e-01 3.69071500215178227577e+00 -5.56024751023911245618e-01 8.74366016343638108310e+01 1.73583198483952122482e-01
6.09134277105518040507e-01 3.69144262694581648532e+00 -5.55861818752439562630e-01 8.74325773735991447211e+01 1.74732711839198723291e-01
6.11168514299259779676e-01 3.69217230475281787960e+00 -5.55698217078233636101e-01 8.74285492737287341924e+01 1.75879588955018234531e-01
6.13198590538213572643e-01 3.69290382110080184219e+00 -5.55533792031288609081e-01 8.74245079457350442453e+01 1.77030988104185410537e-01
6.15224492001223088877e-01 3.69363725942907095146e+00 -5.55368616947195636868e-01 8.74204580212184083621e+01 1.78183422248183370717e-01
6.17246204895555039549e-01 3.69437260651704368897e+00 -5.55202691526081815176e-01 8.74163995887551976693e+01 1.79336854394521100220e-01
6.19263715456992658304e-01 3.69510984905051209637e+00 -5.55036015493719725455e-01 8.74123327373699794407e+01 1.80491247325139797519e-01
6.21277009949929293064e-01 3.69584897362395237153e+00 -5.54868588599588985488e-01 8.74082575566665838096e+01 1.81646563708233732548e-01
6.23286074667462219878e-01 3.69658996673225725971e+00 -5.54700410616685291032e-01 8.74041741364621884713e+01 1.82802766127489579873e-01
6.25290895931486012671e-01 3.69733281477979680574e+00 -5.54531481340580834072e-01 8.74000825672355858842e+01 1.83959817148043186519e-01
6.27291460092785357894e-01 3.69807750407079272037e+00 -5.54361800591610998090e-01 8.73959829396976317639e+01 1.85117679234558102364e-01
6.29287753531128202233e-01 3.69882402081775119029e+00 -5.54191368218202917717e-01 8.73918753452102521351e+01 1.86276314617491389747e-01
6.31279762655358012147e-01 3.69957235110779558696e+00 -5.54020184123171999246e-01 8.73877598756018727499e+01 1.87435685570319948701e-01
6.33267473903487365661e-01 3.70032248101131511220e+00 -5.53848248141467269789e-01 8.73836366228808003598e+01 1.88595754220864691986e-01
6.35250873742789323728e-01 3.70107439642629332255e+00 -5.53675560230166619036e-01 8.73795056799385321256e+01 1.89756482559324951565e-01
6.37229948669889467716e-01 3.70182808317133504872e+00 -5.53502120338262959542e-01 8.73753671396955269302e+01 1.90917832650531443806e-01
6.39204685210858825073e-01 3.70258352697481685212e+00 -5.53327928447509220788e-01 8.73712210959048292125e+01 1.92079766218486130969e-01
6.41175069921305018639e-01 3.70334071346702220495e+00 -5.53152984568225480899e-01 8.73670676428055656970e+01 1.93242244865113238506e-01
6.43141089386463082889e-01 3.70409962817190807627e+00 -5.52977288735085226179e-01 8.73629068747591475130e+01 1.94405230289293823320e-01
6.45102730221288278578e-01 3.70486025652272665809e+00 -5.52800841015274047052e-01 8.73587388870038097366e+01 1.95568683930808256966e-01
6.47059979070545909785e-01 3.70562258385062870403e+00 -5.52623641505531892903e-01 8.73545637751426085060e+01 1.96732567130811580869e-01
6.49012822608903250376e-01 3.70638659538478965061e+00 -5.52445690330375160926e-01 8.73503816351715585142e+01 1.97896841239276088942e-01
6.50961247541019139007e-01 3.70715227625924015342e+00 -5.52266987653415752924e-01 8.73461925638221146073e+01 1.99061467110496187471e-01
6.52905240601636016606e-01 3.70791961150375382061e+00 -5.52087533660576057493e-01 8.73419966581552245088e+01 2.00226405911649585345e-01
6.54844788555668411156e-01 3.70868858605073636880e+00 -5.51907328578002842612e-01 8.73377940159068941739e+01 2.01391618310550746251e-01
6.56779878198294642111e-01 3.70945918472994007331e+00 -5.51726372657945329792e-01 8.73335847352615672889e+01 2.02557065160272137261e-01
6.58710496355045971306e-01 3.71023139226997544782e+00 -5.51544666197529287466e-01 8.73293689149464711363e+01 2.03722706647431694993e-01
6.60636629881896420002e-01 3.71100519330080924618e+00 -5.51362209514430379187e-01 8.73251466543668897202e+01 2.04888503454181053476e-01
6.62558265665352030815e-01 3.71178057234978009404e+00 -5.51179002975785037322e-01 8.73209180534448421440e+01 2.06054415433637616584e-01
6.64475390622540684760e-01 3.71255751383916265951e+00 -5.50995046970790491869e-01 8.73166832125237419859e+01 2.07220402914518153636e-01
6.66387991701300586023e-01 3.71333600209581193852e+00 -5.50810341940412229178e-01 8.73124422328427982620e+01 2.08386425342348829970e-01
6.68296055880269523897e-01 3.71411584727096455438e+00 -5.50624712617131750747e-01 8.73081870783601914354e+01 2.09560618731036013562e-01
6.70199570168973357553e-01 3.71489736675374038199e+00 -5.50438496154608492006e-01 8.73039334337752848114e+01 2.10727277481244340551e-01
6.72098521607914500819e-01 3.71568038415835522059e+00 -5.50251531013978611995e-01 8.72996739014925111633e+01 2.11893903946933553906e-01
6.73992897268660184906e-01 3.71646488331044766440e+00 -5.50063817698938861689e-01 8.72954085809963942211e+01 2.13060460982749638736e-01
6.75882684253930277052e-01 3.71725084792021087665e+00 -5.49875356744656818009e-01 8.72911375718396556067e+01 2.14226911635786249066e-01
6.77767869697685210184e-01 3.71803826159276162855e+00 -5.49686148717009603892e-01 8.72868609741473733266e+01 2.15393219209358360855e-01
6.79648440765214134629e-01 3.71882710782531189508e+00 -5.49496194229571299772e-01 8.72825788885074445034e+01 2.16559346499180599421e-01
6.81524384653221182440e-01 3.71961736999886527499e+00 -5.49305493923863519257e-01 8.72782914156020694918e+01 2.17725256740823824853e-01
6.83395688589913286037e-01 3.72040903138601519728e+00 -5.49114048477117422387e-01 8.72739986565924539264e+01 2.18890913276667681275e-01
6.85262339835087441742e-01 3.72120207514832301854e+00 -5.48921858607572032973e-01 8.72697007130172153211e+01 2.20056279337894844517e-01
6.87124325680216641032e-01 3.72199648433265561920e+00 -5.48728925068348583061e-01 8.72653976866415348468e+01 2.21221318357918722564e-01
6.88981633448537245101e-01 3.72279224188230406511e+00 -5.48535248662142316256e-01 8.72610896799958055681e+01 2.22385993319079988684e-01
6.90834250495134805092e-01 3.72358933061012153942e+00 -5.48340830206627161125e-01 8.72567767951420876216e+01 2.23550268388282791232e-01
6.92682164207029549274e-01 3.72438773323304062046e+00 -5.48145670584319288920e-01 8.72524591353045764208e+01 2.24714106631263288438e-01
6.94525362003264090660e-01 3.72518743234037508216e+00 -5.47949770700244087607e-01 8.72481368034103041964e+01 2.25877472007215057692e-01
6.96363831334987137822e-01 3.72598841034352057378e+00 -5.47753131526344638758e-01 8.72438099031548262019e+01 2.27040328289283804830e-01
6.98197559685539759222e-01 3.72679064975021656636e+00 -5.47555754016754381297e-01 8.72394785384085338364e+01 2.28202639153601893884e-01
7.00026534570540759361e-01 3.72759413273317852244e+00 -5.47357639215332647531e-01 8.72351428129802997091e+01 2.29364369123202155309e-01
7.01850743537971277775e-01 3.72839884143052779919e+00 -5.47158788207716684227e-01 8.72308028315647447926e+01 2.30525481830054390642e-01
7.03670174168260054159e-01 3.72920475785966010207e+00 -5.46959202105511632652e-01 8.72264586989744401535e+01 2.31685941791808763801e-01
7.05484814074367139192e-01 3.73001186391541139642e+00 -5.46758882069904528223e-01 8.72221105200758017872e+01 2.32845713345960381169e-01
7.07294650901869381698e-01 3.73082014137969508738e+00 -5.46557829300775788184e-01 8.72177584002529613372e+01 2.34004761188253862514e-01
7.09099672329043584362e-01 3.73162957191384325739e+00 -5.46356045044281923850e-01 8.72134024450712814769e+01 2.35163050051528738082e-01
7.10899866066950880672e-01 3.73244013706206256842e+00 -5.46153530594921998720e-01 8.72090427604550058049e+01 2.36320544642515117939e-01
7.12695219859520112671e-01 3.73325181824678198339e+00 -5.45950287285302482410e-01 8.72046794524878947641e+01 2.37477210148311440596e-01
7.14485721483631763817e-01 3.73406459677118007789e+00 -5.45746316497724426320e-01 8.72003126275486266650e+01 2.38633011731903099673e-01
7.16271358749200004468e-01 3.73487845381237093534e+00 -5.45541619641373154437e-01 8.71959423920088880777e+01 2.39787915621284181134e-01
7.18052119499257623936e-01 3.73569337043893767714e+00 -5.45336198208564493228e-01 8.71915688530695831560e+01 2.40941886538048849475e-01
7.19827991610036854730e-01 3.73650932758784426468e+00 -5.45130053707660322537e-01 8.71871921176984443491e+01 2.42094890836788839694e-01
7.21598962991052972349e-01 3.73732630606933557971e+00 -5.44923187700280031720e-01 8.71828122928782960344e+01 2.43246894814479058811e-01
7.23365021585186451780e-01 3.73814454444025301427e+00 -5.44715936570644654324e-01 8.71784414623929677646e+01 2.44382401477941157975e-01
7.25126155368765124010e-01 3.73896352771814299842e+00 -5.44507657955188406618e-01 8.71740567150112894979e+01 2.45531129913992757219e-01
7.26882352351645444344e-01 3.73978347552203471693e+00 -5.44298664626643668996e-01 8.71696692695870041234e+01 2.46678674969767558478e-01
7.28633600577295093004e-01 3.74060436827258024906e+00 -5.44088958459972404924e-01 8.71652792387018280351e+01 2.47824998497034931777e-01
7.30379888122873355272e-01 3.74142618628013190474e+00 -5.43878541396485615245e-01 8.71608867357839045553e+01 2.48970061864956154762e-01
7.32121203099313277995e-01 3.74224890972466806005e+00 -5.43667415417021460122e-01 8.71564918741897685095e+01 2.50113827232941621226e-01
7.33857533651401716668e-01 3.74307251866764767456e+00 -5.43455582570513628937e-01 8.71520947677693698097e+01 2.51256256266630229046e-01
7.35588867957860936819e-01 3.74389699305794243500e+00 -5.43243044965452726025e-01 8.71476955311526495507e+01 2.52397310569903332578e-01
7.37315194231428105986e-01 3.74472231271625322080e+00 -5.43029804755229994484e-01 8.71432942790393951782e+01 2.53536952395671755234e-01
7.39036500718936339993e-01 3.74554845734749886077e+00 -5.42815864176451334799e-01 8.71388911267893888635e+01 2.54675142914069507771e-01
7.40752775701394416963e-01 3.74637540652905309813e+00 -5.42601225502197137551e-01 8.71344861898848108694e+01 2.55811844406614474767e-01
7.42464007494066491333e-01 3.74720313973374619110e+00 -5.42385891095375605175e-01 8.71300795850105487261e+01 2.56947017842145630784e-01
7.44170184446551918889e-01 3.74803163617907397764e+00 -5.42169863325161371925e-01 8.71256714287125078044e+01 2.58080625533199103927e-01
7.45871294942864193622e-01 3.74886087531638789727e+00 -5.41953144719525492512e-01 8.71212618377484915300e+01 2.59212628813666523531e-01
7.47567327401510439699e-01 3.74969083613379572384e+00 -5.41735737790490889942e-01 8.71168509299681090852e+01 2.60342989492298282350e-01
7.49258270275569682184e-01 3.75052149761220610102e+00 -5.41517645149408810568e-01 8.71124388235532620683e+01 2.61471668770167531282e-01
7.50944112052772227983e-01 3.75135283860188728511e+00 -5.41298869459248988001e-01 8.71080256367301899445e+01 2.62598628484161433772e-01
7.52624841255577603505e-01 3.75218483783894862782e+00 -5.41079413450166191168e-01 8.71036114885401957508e+01 2.63723830429189010083e-01
7.54300446441252492313e-01 3.75301747393750062542e+00 -5.40859279939705284157e-01 8.70991964984893627388e+01 2.64847235464599095600e-01
7.55970916201949338920e-01 3.75385072538966912958e+00 -5.40638471797613928693e-01 8.70947807865519934012e+01 2.65968805174917333201e-01
7.57636239164782954170e-01 3.75468457056676596650e+00 -5.40416991963495907392e-01 8.70903644732346720048e+01 2.67088501095133434848e-01
7.59296403991909008013e-01 3.75551898771685266354e+00 -5.40194843462568519143e-01 8.70859476794728095683e+01 2.68206284024219976381e-01
7.60951399380600634892e-01 3.75635395495686141842e+00 -5.39972029358238625463e-01 8.70815305262680112719e+01 2.69322116246867360179e-01
7.62601214063325594239e-01 3.75718945029741258068e+00 -5.39748552834413475310e-01 8.70771131358476111473e+01 2.70435957787159120258e-01
7.64245836807822653824e-01 3.75802545161436807319e+00 -5.39524417102938635971e-01 8.70726956303478090149e+01 2.71547770705398372471e-01
7.65885256417178750254e-01 3.75886193667947843267e+00 -5.39299625490838208108e-01 8.70682781332404545083e+01 2.72657515127418814682e-01
7.67519461729904151071e-01 3.75969888311625854982e+00 -5.39074181363198512429e-01 8.70638607672971147622e+01 2.73765152826776714257e-01
7.69148441620009615249e-01 3.76053626844698474230e+00 -5.38848088188847773594e-01 8.70594436567632641299e+01 2.74870644250505724582e-01
7.70772184997081555302e-01 3.76137407006861446135e+00 -5.38621349506386848383e-01 8.70550269262486580146e+01 2.75973950118995670078e-01
7.72390680806357088350e-01 3.76221226524602903041e+00 -5.38393968924767873929e-01 8.70506107004200799793e+01 2.77075031438686447682e-01
7.74003918028800530493e-01 3.76305083113034744002e+00 -5.38165950141055282607e-01 8.70461951048467739156e+01 2.78173848729545369896e-01
7.75611885681177226637e-01 3.76388974475007964671e+00 -5.37937296929527297706e-01 8.70417802655940278100e+01 2.79270362565478769135e-01
7.77214572816129045663e-01 3.76472898302230118972e+00 -5.37708013160802633656e-01 8.70373663097387151311e+01 2.80364532739791172400e-01
7.78811968522248321278e-01 3.76556813321295047459e+00 -5.37477467720735568868e-01 8.70329354043415150954e+01 2.81485409433281763558e-01
7.80404061924152570029e-01 3.76640792341634478291e+00 -5.37246891735759457553e-01 8.70285223293674619072e+01 2.82576734508567128934e-01
7.81990842182558654194e-01 3.76724796628073921312e+00 -5.37015694445916347277e-01 8.70241104374183578329e+01 2.83665718558194501764e-01
7.83572298494356056509e-01 3.76808823841694540135e+00 -5.36783880131488366771e-01 8.70196998517623114822e+01 2.84752328634810147889e-01
7.85148420092680932036e-01 3.76892871586921884841e+00 -5.36551452797276784423e-01 8.70152906971337216646e+01 2.85836531720240427656e-01
7.86719196246989271870e-01 3.76976937469974959782e+00 -5.36318416677731391040e-01 8.70108830981522345382e+01 2.86918293484367703527e-01
7.88284616263129733760e-01 3.77061019082403792169e+00 -5.36084776016159558765e-01 8.70064771788113944240e+01 2.87997583107192700602e-01
7.89844669483416361722e-01 3.77145114005252679590e+00 -5.35850535196555677331e-01 8.70020730644005908516e+01 2.89074367283830180320e-01
7.91399345286702082802e-01 3.77229219807808213716e+00 -5.35615698674399176582e-01 8.69976708809151801916e+01 2.90148613437248126257e-01
7.92948633088449872375e-01 3.77313334044872883410e+00 -5.35380270981608452630e-01 8.69932707538028466843e+01 2.91220289528931197687e-01
7.94492522340805029657e-01 3.77397454258351272571e+00 -5.35144256734088497041e-01 8.69888728086843769916e+01 2.92289363757969544722e-01
7.96031002532667897320e-01 3.77481577978106352944e+00 -5.34907660621690483893e-01 8.69844771717371401110e+01 2.93355805063055974369e-01
7.97564063189764360651e-01 3.77565702723196405799e+00 -5.34670487464732779870e-01 8.69800839702591446212e+01 2.94419580581186057788e-01
7.99091693874717567958e-01 3.77649825995992838301e+00 -5.34432742098222668403e-01 8.69756933299535432980e+01 2.95480660978805653727e-01
8.00613884187118873825e-01 3.77733945290470973788e+00 -5.34194429508562884656e-01 8.69713053787296956898e+01 2.96539014251523791454e-01
8.02130623763599115428e-01 3.77818058085216623709e+00 -5.33955554749695582295e-01 8.69669202434821357883e+01 2.97594609592994663316e-01
8.03641902277898334539e-01 3.77902161847740991618e+00 -5.33716122951099603000e-01 8.69625380520530342210e+01 2.98647417077338273028e-01
8.05147709440937053849e-01 3.77986254032237356526e+00 -5.33476139355207212844e-01 8.69581589321993249087e+01 2.99697405987911835723e-01
8.06648035000885443857e-01 3.78070332080316573453e+00 -5.33235609274957722548e-01 8.69537830119095360715e+01 3.00744546800802370345e-01
8.08142868743233711015e-01 3.78154393421248036233e+00 -5.32994538116915106407e-01 8.69494104195029393622e+01 3.01788810171034205254e-01
8.09632200490861042574e-01 3.78238435471951106592e+00 -5.32752931396669571207e-01 8.69450412836120563043e+01 3.02830166271827017077e-01
8.11116020104105994726e-01 3.78322455622038233969e+00 -5.32510794417829669278e-01 8.69406757328233510407e+01 3.03868586895390091485e-01
8.12594317480834105183e-01 3.78406451292574841361e+00 -5.32268133425095046896e-01 8.69363138963574044737e+01 3.04904042237986727670e-01
8.14067082556508059277e-01 3.78490419848294656902e+00 -5.32024953942523248784e-01 8.69319559033803130887e+01 3.05936504179157908734e-01
8.15534305304254858449e-01 3.78574358656724951899e+00 -5.31781261849224584637e-01 8.69276018835956705288e+01 3.06965944701845849796e-01
8.16995975734935098167e-01 3.78658265070826205445e+00 -5.31537063110648633213e-01 8.69232519659156963598e+01 3.07992336550598488909e-01
8.18452083897210691532e-01 3.78742136433774989612e+00 -5.31292363812499224274e-01 8.69189062806270271722e+01 3.09015651734283636198e-01
8.19902619877612370836e-01 3.78825970075088758193e+00 -5.31047170125101275495e-01 8.69145649575958856303e+01 3.10035863187539895147e-01
8.21347573800607411165e-01 3.78909763312932712509e+00 -5.30801488329673998301e-01 8.69102281273005132789e+01 3.11052943617793287157e-01
8.22786935828667020942e-01 3.78993513451815156046e+00 -5.30555324781219361796e-01 8.69058959197523819284e+01 3.12066867234808642539e-01
8.24220696162332733259e-01 3.79077217784044995241e+00 -5.30308685949757330214e-01 8.69015684651408975014e+01 3.13077607914987732229e-01
8.25648845040284129482e-01 3.79160873591760916312e+00 -5.30061578390383481008e-01 8.68972458947270922636e+01 3.14085140609507040832e-01
8.27071372739403898322e-01 3.79244478143424279537e+00 -5.29814008813520254115e-01 8.68929283392294991017e+01 3.15089438182828085466e-01
8.28488269574845448417e-01 3.79328028695080510246e+00 -5.29565983957321351205e-01 8.68886159293519568791e+01 3.16090477262777613809e-01
8.29899525900098078424e-01 3.79411522491138120117e+00 -5.29317510716129091541e-01 8.68843087961281241860e+01 3.17088232436057160246e-01
8.31305132107052369150e-01 3.79494956764372659563e+00 -5.29068596043879013635e-01 8.68800070708781646545e+01 3.18082680683222207563e-01
8.32705078626066685921e-01 3.79578385448316169004e+00 -5.28820377394441099028e-01 8.68757368317470337615e+01 3.19022496050033410597e-01
8.34099355926031127417e-01 3.79661695907488061508e+00 -5.28570667588599829578e-01 8.68714479477774119687e+01 3.20007261871082193672e-01
8.35487954514433028841e-01 3.79744938672364718002e+00 -5.28320540955764750279e-01 8.68671649593998012051e+01 3.20988492947583470283e-01
8.36870864937421798935e-01 3.79828110949194419632e+00 -5.28070006003289016405e-01 8.68628880036950619115e+01 3.21966158378132250029e-01
8.38248077779872757809e-01 3.79911209918062775515e+00 -5.27819069986314670651e-01 8.68586172177946593820e+01 3.22940227478522356996e-01
8.39619583665451307830e-01 3.79994232750607308091e+00 -5.27567740633519077775e-01 8.68543527379414399547e+01 3.23910673610808497180e-01
8.40985373256677326559e-01 3.80077176609710987165e+00 -5.27316025904915330891e-01 8.68500947017466700117e+01 3.24877465016016164778e-01
8.42345437254987894349e-01 3.80160038647326103955e+00 -5.27063933805474449379e-01 8.68458432471341126302e+01 3.25840573313066761418e-01
8.43699766400801687283e-01 3.80242816001670069781e+00 -5.26811472464757901690e-01 8.68415985110375174827e+01 3.26799969915736732151e-01
8.45048351473580483528e-01 3.80325505802784347154e+00 -5.26558650144635875812e-01 8.68373606318832997886e+01 3.27755625728403054975e-01
8.46391183291893445251e-01 3.80408105169174559634e+00 -5.26305475209132400671e-01 8.68331297480159491897e+01 3.28707512546489166727e-01
8.47728252713479291103e-01 3.80490611210776741302e+00 -5.26051956151221911107e-01 8.68289059990034388647e+01 3.29655601881805315756e-01
8.49059550635307469513e-01 3.80573021020419943738e+00 -5.25798101621224867053e-01 8.68246895217237124598e+01 3.30599863698380569410e-01
8.50385067993641552420e-01 3.80655331688815667945e+00 -5.25543920300988176564e-01 8.68204804570944901343e+01 3.31540272175041283997e-01
8.51704795764099964472e-01 3.80737540290999376680e+00 -5.25289421067026252032e-01 8.68162789439014233039e+01 3.32476798323399214130e-01
8.53018724961718044497e-01 3.80819643893557469028e+00 -5.25034612877732564939e-01 8.68120851220070335330e+01 3.33409415145983600848e-01
8.54326846641008552652e-01 3.80901639552773385589e+00 -5.24779504848925770766e-01 8.68078991314710748384e+01 3.34338094243935513017e-01
8.55629151896023509849e-01 3.80983524332191247908e+00 -5.24524105519781902451e-01 8.68037211107798043486e+01 3.35262808043937710067e-01
8.56925631860413927754e-01 3.81065295235479961633e+00 -5.24268425559612061271e-01 8.67995512028437161689e+01 3.36183529824852278534e-01
8.58216277707490537985e-01 3.81146949303186710623e+00 -5.24012473790742672186e-01 8.67953895471405445505e+01 3.37100232428572899046e-01
8.59501080650284077223e-01 3.81228483551346730707e+00 -5.23756259805181811906e-01 8.67912362843672298141e+01 3.38012889141729833131e-01
8.60780031941604684143e-01 3.81309894986001340911e+00 -5.23499793318111916740e-01 8.67870915552736619247e+01 3.38921473563069008961e-01
8.62053122874101962481e-01 3.81391180607204915987e+00 -5.23243084184051965302e-01 8.67829555024155183673e+01 3.39825958906916913982e-01
8.63320344780323600808e-01 3.81472337401653405209e+00 -5.22986142391399622120e-01 8.67788282667590067376e+01 3.40726318270062056293e-01
8.64581689032775213555e-01 3.81553362346869162636e+00 -5.22728978021569701262e-01 8.67747099895055526986e+01 3.41622526511062785115e-01
8.65837147043978516692e-01 3.81634252414987651392e+00 -5.22471601360951942716e-01 8.67706008137547115666e+01 3.42514555226105799068e-01
8.67086710266529503421e-01 3.81715004565398574599e+00 -5.22214022678944789213e-01 8.67665008810788549454e+01 3.43402382791105187376e-01
8.68330370193157397019e-01 3.81795615750531558419e+00 -5.21956252566196821085e-01 8.67624103341231602826e+01 3.44285979118148122158e-01
8.69568118356782493450e-01 3.81876082914174519445e+00 -5.21698301573482292604e-01 8.67583293157207862123e+01 3.45165321987564721606e-01
8.70799946330572671727e-01 3.81956402989216625699e+00 -5.21440180472197534201e-01 8.67542579678439125246e+01 3.46040385304289266344e-01
8.72025845728002679813e-01 3.82036572963828557903e+00 -5.21181899313020169373e-01 8.67501964335682060891e+01 3.46911144067449828121e-01
8.73245808202909201690e-01 3.82116589645387172425e+00 -5.20923470778898112243e-01 8.67461448577318776643e+01 3.47777571985054656523e-01
8.74459825449549366105e-01 3.82196449996185627640e+00 -5.20664905176348224991e-01 8.67421033830761274430e+01 3.48639646174409068013e-01
8.75667889202656035685e-01 3.82276150917287171893e+00 -5.20406213786427485068e-01 8.67380721526306786018e+01 3.49497342138668010136e-01
8.76869991237495205461e-01 3.82355689303295909198e+00 -5.20147408045174342028e-01 8.67340513101852934597e+01 3.50350634585057107984e-01
8.78066123369920736863e-01 3.82435062044610596388e+00 -5.19888499509858492686e-01 8.67300410012178843999e+01 3.51199498970408141574e-01
8.79256277456431312167e-01 3.82514266014408166328e+00 -5.19629499761214419529e-01 8.67260413669349503607e+01 3.52043915898310966206e-01
8.80440445394225390530e-01 3.82593298091219802259e+00 -5.19370420783849318092e-01 8.67220525544214382307e+01 3.52883854032976174153e-01
8.81618619121255608917e-01 3.82672155140518066574e+00 -5.19111274437962344486e-01 8.67180747081761751360e+01 3.53719293884517393955e-01
8.82790790616284959391e-01 3.82750834015724450410e+00 -5.18852072763203886474e-01 8.67141079705317707749e+01 3.54550214132752616880e-01
8.83956951898940523904e-01 3.82829331571567221815e+00 -5.18592827987222837471e-01 8.67101524875820501848e+01 3.55376591275262387892e-01
8.85117095029768430337e-01 3.82907561927532258395e+00 -5.18331625594100842136e-01 8.67061708786295213258e+01 3.56284960606712997055e-01
8.86271212110287143204e-01 3.82985683021275846727e+00 -5.18072237990153783294e-01 8.67022363199154142421e+01 3.57106336288106063215e-01
8.87419295283041753564e-01 3.83063612994033375614e+00 -5.17812841763967579567e-01 8.66983133573577333664e+01 3.57923271190364489236e-01
8.88561336731657602783e-01 3.83141348765024547518e+00 -5.17553448633856327810e-01 8.66944021279781225076e+01 3.58735751674528591249e-01
8.89697328680893129160e-01 3.83218887153025411507e+00 -5.17294071405778432826e-01 8.66905027761733038005e+01 3.59543759606466117873e-01
8.90827263396692936581e-01 3.83296224963701392952e+00 -5.17034722999023976797e-01 8.66866154430510249540e+01 3.60347278049336028349e-01
8.91951133186240308071e-01 3.83373358997206725718e+00 -5.16775416419656186129e-01 8.66827402697451105951e+01 3.61146292473379038057e-01
8.93068930398010163429e-01 3.83450286047520272348e+00 -5.16516164771334329586e-01 8.66788773970188231033e+01 3.61940790263056866305e-01
8.94180647421820240517e-01 3.83527002906162550744e+00 -5.16256981448894092246e-01 8.66750269668661843525e+01 3.62730752028373404361e-01
8.95286276688883719821e-01 3.83603506362235391336e+00 -5.15997879820007332441e-01 8.66711891223728514433e+01 3.63516165902466992232e-01
8.96385810671860183696e-01 3.83679793187619866401e+00 -5.15738873409208320453e-01 8.66673640009974803888e+01 3.64297019241607067386e-01
8.97479241884907241733e-01 3.83755860353031907906e+00 -5.15479975342950980099e-01 8.66635517462510165387e+01 3.65073293925993136444e-01
8.98566562883731378975e-01 3.83831704274292606627e+00 -5.15221200746555307859e-01 8.66597525013293505936e+01 3.65844979800634018119e-01
8.99647766265638582084e-01 3.83907321886216656992e+00 -5.14962562878412466461e-01 8.66559664053979190612e+01 3.66612063582402059048e-01
9.00722844669584632449e-01 3.83982709955069356766e+00 -5.14704075878589017989e-01 8.66521936007107882460e+01 3.67374530187129122449e-01
9.01791790776225510307e-01 3.84057865237187723295e+00 -5.14445753873691846714e-01 8.66484342266003295663e+01 3.68132371364935484515e-01
9.02854597307967132735e-01 3.84132784494466061886e+00 -5.14187611283053680467e-01 8.66446884263570495932e+01 3.68885571981580673295e-01
9.03911257029014647557e-01 3.84207464474532134346e+00 -5.13929662564877931530e-01 8.66409563381842957597e+01 3.69634121349103728082e-01
9.04961762745422060306e-01 3.84281901934144487498e+00 -5.13671922405532388467e-01 8.66372381056013125544e+01 3.70378004761265200440e-01
9.06006107305140861996e-01 3.84356093618335625806e+00 -5.13414405430012155129e-01 8.66335338679272553009e+01 3.71117216408650030246e-01
9.07044283598068878938e-01 3.84430036271802233472e+00 -5.13157126574382393969e-01 8.66298437653275072989e+01 3.71851742690430087102e-01
9.08076284556099455614e-01 3.84503726920522792554e+00 -5.12900100664455460553e-01 8.66261679369843022869e+01 3.72581576498197730718e-01
9.09102103153167639960e-01 3.84577161770720543643e+00 -5.12643343307577326051e-01 8.66225065275902039730e+01 3.73306702746273366689e-01
9.10121732405300032376e-01 3.84650337816753884468e+00 -5.12386869452934101687e-01 8.66188596742986334220e+01 3.74027114997780352201e-01
9.11135165370661193052e-01 3.84723251798220688968e+00 -5.12130694479583148393e-01 8.66152275176134054391e+01 3.74742804244293070681e-01
9.12142395149601159510e-01 3.84795900452440875483e+00 -5.11874833932212003340e-01 8.66116101973731957742e+01 3.75453760061212560295e-01
9.13143414884702742107e-01 3.84868280514261407177e+00 -5.11619303409865389121e-01 8.66080078525110508281e+01 3.76159975546822344938e-01
9.14138217760827709313e-01 3.84940388724602300385e+00 -5.11364118699188741068e-01 8.66044206247700145695e+01 3.76861441338319114180e-01
9.15126797005163528098e-01 3.85012221812303279123e+00 -5.11109295660877482881e-01 8.66008486504315158072e+01 3.77558150618254928510e-01
9.16109145887269216146e-01 3.85083776519310516662e+00 -5.10854850405508598143e-01 8.65972920714709033518e+01 3.78250091251941478188e-01
9.17085257719121638154e-01 3.85155049956179684756e+00 -5.10600799841938179924e-01 8.65937510227320643708e+01 3.78937262857687251483e-01
9.18055125855160469861e-01 3.85226038128478709410e+00 -5.10347158699604896981e-01 8.65902256460767034696e+01 3.79619657684705513745e-01
9.19018743692333606177e-01 3.85296738133964122852e+00 -5.10093944166366553006e-01 8.65867160824252408702e+01 3.80297262025951487985e-01
9.19976104670142347253e-01 3.85367146702683927018e+00 -5.09841172604037051741e-01 8.65832224663398051234e+01 3.80970075561009868803e-01
9.20927202270686140473e-01 3.85437260572822637528e+00 -5.09588860560104217612e-01 8.65797449351586436705e+01 3.81638095272503974353e-01
9.21872030018706323240e-01 3.85507076490087730036e+00 -5.09337024893264045389e-01 8.65762836285893513377e+01 3.82301309789548848794e-01
9.22810581481630642919e-01 3.85576591197628149033e+00 -5.09085682392371285943e-01 8.65728386840029884297e+01 3.82959716318642173771e-01
9.23742850269617443715e-01 3.85645801439273983036e+00 -5.08834850040446484698e-01 8.65694102377750738242e+01 3.83613308798855967563e-01
9.24668830035598299233e-01 3.85714704426508436796e+00 -5.08584547297602163063e-01 8.65659984254769483414e+01 3.84262084488470989641e-01
9.25588514475321866293e-01 3.85783296015528121004e+00 -5.08334787002720500659e-01 8.65626033871677122988e+01 3.84906039630409591012e-01
9.26501897327396517490e-01 3.85851573393518032518e+00 -5.08085588470451265941e-01 8.65592252575017369054e+01 3.85545167826598589311e-01
9.27408972373333306827e-01 3.85919533319837482210e+00 -5.07836969073556132592e-01 8.65558641731872171476e+01 3.86179466865535503395e-01
9.28309733437587714100e-01 3.85987172554108504130e+00 -5.07588946305025268124e-01 8.65525202689918984333e+01 3.86808934226757439312e-01
9.29204174387602388485e-01 3.86054487864238815575e+00 -5.07341537868026493108e-01 8.65491936811863524781e+01 3.87433563011604198412e-01
9.30092289133848337812e-01 3.86121476019793830048e+00 -5.07094761353192313713e-01 8.65458845443668849384e+01 3.88053356222064216308e-01
9.30974071629866561928e-01 3.86188134299361207624e+00 -5.06848638721729582990e-01 8.65425929878621644775e+01 3.88668314941953252362e-01
9.31849515872309464015e-01 3.86254458505069298013e+00 -5.06603180532885000176e-01 8.65393191583539902467e+01 3.89278423076497903654e-01
9.32718615900981373734e-01 3.86320445892935193655e+00 -5.06358408138787741137e-01 8.65360631813175018578e+01 3.89883688350642354514e-01
9.33581365798879514450e-01 3.86386093254769535932e+00 -5.06114339647116717735e-01 8.65328251904763590119e+01 3.90484109825436465080e-01
9.34437759692233416153e-01 3.86451397398487861423e+00 -5.05870993336125507334e-01 8.65296053235768454215e+01 3.91079683448465442730e-01
9.35287791750546215752e-01 3.86516355115231835526e+00 -5.05628387425366421226e-01 8.65264037075449863323e+01 3.91670412097712583588e-01
9.36131456186633403860e-01 3.86581090487634781994e+00 -5.05389739060892129174e-01 8.65232776328645911690e+01 3.92114244054181770860e-01
9.36968747256662348732e-01 3.86645351569700368444e+00 -5.05148787972577895111e-01 8.65201152538235191969e+01 3.92690347035128228814e-01
9.37799659260191820209e-01 3.86709256337534323933e+00 -5.04908629992585122892e-01 8.65169716035911307017e+01 3.93261467907649986397e-01
9.38624186540210181384e-01 3.86772802143986815793e+00 -5.04669289593754788470e-01 8.65138468112780145702e+01 3.93827613406609933211e-01
9.39442323483174468457e-01 3.86835985838845397566e+00 -5.04430785808266612946e-01 8.65107410111934598262e+01 3.94388771053037656689e-01
9.40254064519048693427e-01 3.86898804271956375800e+00 -5.04193137175026451224e-01 8.65076543332200458281e+01 3.94944954012720561565e-01
9.41059404121340592475e-01 3.86961254306617297161e+00 -5.03956362800135337920e-01 8.65045869087784353724e+01 3.95496153858549748250e-01
9.41858336807141038882e-01 3.87023333313035688974e+00 -5.03720491080072996226e-01 8.65015388669856974957e+01 3.96042380764270118831e-01
9.42650857137159903232e-01 3.87085037171012125157e+00 -5.03485523550125657621e-01 8.64985103433343027746e+01 3.96583620184615015525e-01
9.43436959715763689971e-01 3.87146363269370841209e+00 -5.03251487534785324485e-01 8.64955014646293705027e+01 3.97119881097985627516e-01
9.44216639191012285792e-01 3.87207308510745473740e+00 -5.03018402307728984546e-01 8.64925123605772654400e+01 3.97651161363672178695e-01
9.44989890254695485972e-01 3.87267869809817311122e+00 -5.02786287106036011707e-01 8.64895431608088500752e+01 3.98177463468267434088e-01
9.45756707642368521505e-01 3.87328044084902778366e+00 -5.02555161204274125630e-01 8.64865939909294922927e+01 3.98698791101577743046e-01
9.46517086133388918512e-01 3.87387828666740752226e+00 -5.02325057204113356590e-01 8.64836649806043595845e+01 3.99215150212380243122e-01
9.47271020550951026173e-01 3.87447219677810572591e+00 -5.02095970004732272685e-01 8.64807562587128018095e+01 3.99726528837881400769e-01
9.48018505762121987956e-01 3.87506214495840373147e+00 -5.01867930589160238242e-01 8.64778679492963817665e+01 4.00232938492975698352e-01
9.48759536677876158528e-01 3.87564810098563539142e+00 -5.01640958606314635304e-01 8.64750001811203787838e+01 4.00734376920327928229e-01
9.49494108253130075781e-01 3.87623003464267634754e+00 -5.01415073504628661105e-01 8.64721530765778680916e+01 4.01230852940693161202e-01
9.50222215486776988769e-01 3.87680791595373941405e+00 -5.01190294991500584487e-01 8.64693267620265118012e+01 4.01722365966322325637e-01
9.50943853421720053376e-01 3.87738171648650364887e+00 -5.00966660695570054074e-01 8.64665213632021192325e+01 4.02208933266863133404e-01
9.51659017144907415364e-01 3.87795140253095116378e+00 -5.00744156533561968203e-01 8.64637370012747794590e+01 4.02690534733004090739e-01
9.52367701787364628885e-01 3.87851694678620084744e+00 -5.00522818180709427871e-01 8.64609737995197349392e+01 4.03167186744953998101e-01
9.53069902524227741125e-01 3.87907831978201400602e+00 -5.00302665405685131894e-01 8.64582318791927946222e+01 4.03638893236396345543e-01
9.53765614574776932066e-01 3.87963549232507709519e+00 -5.00083718127688814370e-01 8.64555113660322973601e+01 4.04105652852059960001e-01
9.54454833202468377884e-01 3.88018843345289221602e+00 -4.99866017783280880415e-01 8.64528123784944426689e+01 4.04567496558211225910e-01
9.55137553714966891505e-01 3.88073711595699366583e+00 -4.99649543108950988657e-01 8.64501350364602387799e+01 4.05024394323021841302e-01
9.55813771464177897030e-01 3.88128151074365712603e+00 -4.99434333645209727059e-01 8.64474794610716514853e+01 4.05476358433318861962e-01
9.56483481846278404959e-01 3.88182158911477870333e+00 -4.99220409030735168265e-01 8.64448457687940816641e+01 4.05923404127403575359e-01
9.57146680301749208652e-01 3.88235732258278742890e+00 -4.99007789063246109951e-01 8.64422340765600552004e+01 4.06365540251573287289e-01
9.57803362315405748539e-01 3.88288867630568113043e+00 -4.98796520329523151993e-01 8.64396445122391980931e+01 4.06802784185076815593e-01
9.58453523416427977111e-01 3.88341563269170109152e+00 -4.98586572461814536705e-01 8.64370771789292007270e+01 4.07235105249198869881e-01
9.59097159178392222323e-01 3.88393815938595654558e+00 -4.98377989019752942745e-01 8.64345321947229905390e+01 4.07662536528692276416e-01
9.59734265219300386462e-01 3.88445622879880758660e+00 -4.98170790222344339604e-01 8.64320096814133336238e+01 4.08085069327715210807e-01
9.60364837201609811146e-01 3.88496981322222234567e+00 -4.97964995536107457585e-01 8.64295097453802867449e+01 4.08502728188823160949e-01
9.60988870832263142319e-01 3.88547887116068224600e+00 -4.97760656977466187101e-01 8.64270325201646585356e+01 4.08915533351391247141e-01
9.61606361862717418099e-01 3.88598339988238361542e+00 -4.97557733574075899963e-01 8.64245780904209937034e+01 4.09323447354825065148e-01
9.62217306088972823552e-01 3.88648336163093066631e+00 -4.97356274018958210981e-01 8.64221465781101869652e+01 4.09726505897071102691e-01
9.62821699351601556494e-01 3.88697872969111424268e+00 -4.97156298231708426716e-01 8.64197380946681619207e+01 4.10124711475938930061e-01
9.63419537535776138171e-01 3.88746945686647293883e+00 -4.96957860761580882958e-01 8.64173527749079113391e+01 4.10518095743533373287e-01
9.64010816571297390887e-01 3.88795555306084761327e+00 -4.96760914742043369063e-01 8.64149906855207490253e+01 4.10906625615180209898e-01
9.64595532432621638463e-01 3.88843697592943149388e+00 -4.96565511831136896514e-01 8.64126519534332118155e+01 4.11290326483050083795e-01
9.65173681138889238973e-01 3.88891369962339483735e+00 -4.96371671621571586286e-01 8.64103366862152029171e+01 4.11669210913206851110e-01
9.65745258753950674979e-01 3.88938566911477456856e+00 -4.96179451344809896440e-01 8.64080450193624614030e+01 4.12043313552949819201e-01
9.66310261386393642979e-01 3.88985291114268560975e+00 -4.95988798298719946178e-01 8.64057770047374305022e+01 4.12412593100967173054e-01
9.66868685189569476712e-01 3.89031537692369067116e+00 -4.95799766824884691196e-01 8.64035327730535271940e+01 4.12777080484775849012e-01
9.67420526361620347622e-01 3.89077304150350267165e+00 -4.95612376371750040782e-01 8.64013124260140017441e+01 4.13136788052652914605e-01
9.67965781145503245675e-01 3.89122583937151089728e+00 -4.95426686515937964028e-01 8.63991161077744322938e+01 4.13491750923725365219e-01
9.68504445829016735736e-01 3.89167381940052647948e+00 -4.95242639006611029551e-01 8.63969438471135049440e+01 4.13841924741221112161e-01
9.69036516744826603720e-01 3.89211692388526042663e+00 -4.95060290553246240552e-01 8.63947957777088504372e+01 4.14187351349983190474e-01
9.69561990270489948429e-01 3.89255512889029597901e+00 -4.94879660593235570776e-01 8.63926719974656549539e+01 4.14528035264564775897e-01
9.70080862828479939530e-01 3.89298835473093296500e+00 -4.94700809950125719450e-01 8.63905726614016060694e+01 4.14864016523642575862e-01
9.70593130886211241659e-01 3.89341667946188785265e+00 -4.94523676285822111343e-01 8.63884977679921490790e+01 4.15195248972488328842e-01
9.71098790956062218882e-01 3.89384003330079320193e+00 -4.94348318261559283027e-01 8.63864474595866056461e+01 4.15521774387597520040e-01
9.71597839595400469825e-01 3.89425839348892344205e+00 -4.94174755120508457651e-01 8.63844218338832092741e+01 4.15843596382665159350e-01
9.72090273406605143158e-01 3.89467166118051633106e+00 -4.94003046932553091519e-01 8.63824210512675563223e+01 4.16160761444608839899e-01
9.72576089037090585343e-01 3.89507995294441711209e+00 -4.93833130539561238059e-01 8.63804450788147590856e+01 4.16473221313015451450e-01
9.73055283179328878163e-01 3.89548318264181903103e+00 -4.93665065186849771894e-01 8.63784940690027411847e+01 4.16781014145349071320e-01
9.73527852570872820337e-01 3.89588124143676584055e+00 -4.93498908232831878795e-01 8.63765681912394143183e+01 4.17084174989245659582e-01
9.73993793994377243806e-01 3.89627426700423074024e+00 -4.93334600346784390990e-01 8.63746673912922346972e+01 4.17382670052571402852e-01
9.74453104277621995344e-01 3.89666216451127400688e+00 -4.93172198852068310870e-01 8.63727918263790144238e+01 4.17676531569407594180e-01
9.74905780293532697733e-01 3.89704481310818939832e+00 -4.93011757085569324310e-01 8.63709416733933323940e+01 4.17965787239792552210e-01
9.75351818960202621156e-01 3.89742237539650648870e+00 -4.92853221627654602965e-01 8.63691168551312102863e+01 4.18250417221056713935e-01
9.75791217240913111297e-01 3.89779474605846498747e+00 -4.92696646941383098461e-01 8.63673175334394898073e+01 4.18530447667180727223e-01
9.76223972144155016650e-01 3.89816190521770700173e+00 -4.92542051477734832421e-01 8.63655437942687740360e+01 4.18805887337897531086e-01
9.76650080723648006398e-01 3.89852369910071150372e+00 -4.92389478118700374409e-01 8.63637958344349243589e+01 4.19076769134222260060e-01
9.77069540078361775670e-01 3.89888035556010770222e+00 -4.92238889744259444647e-01 8.63620735250637920899e+01 4.19343071471068196132e-01
9.77482347352534808316e-01 3.89923174028796726276e+00 -4.92090333504963672873e-01 8.63603770425972498970e+01 4.19604825594237285102e-01
9.77888499735694360915e-01 3.89957768094265277981e+00 -4.91943842312726198340e-01 8.63587066058085923714e+01 4.19862040569716266081e-01
9.78287994462675891683e-01 3.89991844319404901142e+00 -4.91799395950434314884e-01 8.63570620425995372216e+01 4.20114722548849406358e-01
9.78680828813640935060e-01 3.90025387629572106718e+00 -4.91657033732868731235e-01 8.63554435507077187140e+01 4.20362889566367248229e-01
9.79067000114096308572e-01 3.90058378598824484484e+00 -4.91516774739333917044e-01 8.63538513506312597201e+01 4.20606540166158504590e-01
9.79446505734912542529e-01 3.90090848180084570629e+00 -4.91378622224495853477e-01 8.63522852442968940068e+01 4.20845703241707058684e-01
9.79819343092340866441e-01 3.90122779338607283961e+00 -4.91242604421788575664e-01 8.63507454316442988329e+01 4.21080395848171029627e-01
9.80185509648031860763e-01 3.90154150222659046321e+00 -4.91108722673075481779e-01 8.63492321644569642558e+01 4.21310580292553082948e-01
9.80545002909051777173e-01 3.90184996689304952611e+00 -4.90977011293800724712e-01 8.63477451866372121003e+01 4.21536335487990743154e-01
9.80897820427900302143e-01 3.90215299498326118055e+00 -4.90847484175620074609e-01 8.63462847200338075027e+01 4.21757653908138185894e-01
9.81243959802526766190e-01 3.90245034043377447830e+00 -4.90720118960920659301e-01 8.63448510342109756266e+01 4.21974480241249616519e-01
9.81583418676346575182e-01 3.90274241702500335194e+00 -4.90594991433175919848e-01 8.63434438267295547575e+01 4.22186933775319017670e-01
9.81916194738257197550e-01 3.90302900735679791921e+00 -4.90472096453858419363e-01 8.63420633416735796573e+01 4.22394979326083053195e-01
9.82242285722654373536e-01 3.90330983484287985519e+00 -4.90351381275132780502e-01 8.63407098572489957178e+01 4.22598547177649330742e-01
9.82561689409446659127e-01 3.90358537424767160218e+00 -4.90232975414483573839e-01 8.63393830341867385414e+01 4.22797796699070083104e-01
9.82874403624071413255e-01 3.90385511800195539323e+00 -4.90116770322555739270e-01 8.63380833437755228488e+01 4.22992581720065263795e-01
9.83180426237509119680e-01 3.90411954319098164490e+00 -4.90002910595870477817e-01 8.63368104375485643232e+01 4.23183084797235264940e-01
9.83479755166297819891e-01 3.90437840368509458955e+00 -4.89891358414999478210e-01 8.63355645693039690514e+01 4.23369236149495675736e-01
9.83772388372547657021e-01 3.90463139069688036642e+00 -4.89782013127234905348e-01 8.63343460460086333796e+01 4.23550924627649649779e-01
9.84058323863954753641e-01 3.90487904623911008528e+00 -4.89675089817834030548e-01 8.63331544642477410889e+01 4.23728386750943042394e-01
9.84337559693814090345e-01 3.90512109383264371942e+00 -4.89570517069563448942e-01 8.63319900978034695527e+01 4.23901545742698393493e-01
9.84610093961033494558e-01 3.90535719141238457652e+00 -4.89468147644098627858e-01 8.63308532750882875462e+01 4.24070221378544498503e-01
9.84875924810146630151e-01 3.90558794831096767197e+00 -4.89368281580139286024e-01 8.63297435374033312883e+01 4.24234752474827558899e-01
9.85135050431324765796e-01 3.90581305631074249263e+00 -4.89270807320061229539e-01 8.63286611823000384902e+01 4.24395006892624326866e-01
9.85387469060390319697e-01 3.90603000935542743477e+00 -4.89170387620893709624e-01 8.63275120335044334752e+01 4.24775847085815894122e-01
9.85633178978827628747e-01 3.90624371926921964970e+00 -4.89077640216013520558e-01 8.63264834487883376823e+01 4.24929809013368020576e-01
9.85872178513795716093e-01 3.90645138153308035811e+00 -4.88987094741359595851e-01 8.63254827080412781015e+01 4.25079245749386491759e-01
9.86104466038138838258e-01 3.90665367054556611492e+00 -4.88899173340865855764e-01 8.63245093094947861800e+01 4.25224596412252353606e-01
9.86330039970398142479e-01 3.90685024724710849853e+00 -4.88813704641498092407e-01 8.63235635662482678754e+01 4.25365677161997191025e-01
9.86548898774822102808e-01 3.90704071017809084765e+00 -4.88730412730103924712e-01 8.63226458311571320792e+01 4.25502201128855672696e-01
9.86761040961377400293e-01 3.90722579428915128830e+00 -4.88649832947202489297e-01 8.63217555647631797910e+01 4.25634706943615659380e-01
9.86966465085758248854e-01 3.90740513103825071184e+00 -4.88571738429964874673e-01 8.63208930862352445956e+01 4.25762972667508066138e-01
9.87165169749397164445e-01 3.90757829432147429927e+00 -4.88495788686444387672e-01 8.63200587736313309506e+01 4.25886639103388808802e-01
9.87357153599473957861e-01 3.90774607211293556475e+00 -4.88422639098157584936e-01 8.63192520370024283238e+01 4.26006368458268502852e-01
9.87542415328925060614e-01 3.90790806996188555544e+00 -4.88352003369051046455e-01 8.63184732166896537819e+01 4.26121877824330363982e-01
9.87720953676452295689e-01 3.90806384236381187947e+00 -4.88283476729073573352e-01 8.63177226962296657575e+01 4.26232743545208014879e-01
9.87892767426531648312e-01 3.90821422046476163459e+00 -4.88217834817008811132e-01 8.63169998564049905099e+01 4.26339752306303554352e-01
9.88057855409421592618e-01 3.90835878863297647712e+00 -4.88154731174726796983e-01 8.63163050531729538761e+01 4.26442542440190142106e-01
9.88216216501170752196e-01 3.90849708861049283115e+00 -4.88093701505457722156e-01 8.63156386616458490835e+01 4.26540664760711230041e-01
9.88367849623625893685e-01 3.90862998217226786934e+00 -4.88035633522078904356e-01 8.63150000512302142397e+01 4.26634985962753954247e-01
9.88512753744439143233e-01 3.90875703838276278290e+00 -4.87980122886471634480e-01 8.63143895769037783339e+01 4.26725111721789507335e-01
9.88650927877074869876e-01 3.90887779429170079126e+00 -4.87926658328656837060e-01 8.63138076159370370988e+01 4.26810532205165182873e-01
9.88782371080816346876e-01 3.90899312739990056897e+00 -4.87876218717116283408e-01 8.63132535219115055725e+01 4.26892215791573326200e-01
9.88907082460772635102e-01 3.90910259897406087148e+00 -4.87828351418501116044e-01 8.63127276585774296791e+01 4.26969704276290107359e-01
9.89025061167884578239e-01 3.90920620127039297742e+00 -4.87783061262835937466e-01 8.63122300499397141493e+01 4.27043001857858317560e-01
9.89136306398929687766e-01 3.90930345582139393557e+00 -4.87739748754037139022e-01 8.63117610664068308779e+01 4.27111535263529074058e-01
9.89240817396528693273e-01 3.90939527994172175696e+00 -4.87699565429716763720e-01 8.63113200498252410853e+01 4.27176419337842172563e-01
9.89338593449150427439e-01 3.90948121504810242044e+00 -4.87661968652178534622e-01 8.63109073651532128224e+01 4.27237106393837384744e-01
9.89429633891116377953e-01 3.90956125477634675036e+00 -4.87626960374373363827e-01 8.63105230255597604128e+01 4.27293624010017636383e-01
9.89513938102605350444e-01 3.90963539345927779678e+00 -4.87594542937379582526e-01 8.63101670569670318400e+01 4.27345955507357377900e-01
9.89591505509657798356e-01 3.90970314146398267852e+00 -4.87564022165796306929e-01 8.63098398201677952102e+01 4.27393451398652923778e-01
9.89662335584179708725e-01 3.90976545050884638499e+00 -4.87536743840277397855e-01 8.63095406477607269835e+01 4.27437379944525575048e-01
9.89726427843945932850e-01 3.90982184465294668740e+00 -4.87512060496981147750e-01 8.63092698901337058714e+01 4.27477139433572239646e-01
9.89783781852604072071e-01 3.90987231999174111863e+00 -4.87489973154961564461e-01 8.63090275703384861572e+01 4.27512711628963870680e-01
9.89834397219676587198e-01 3.90991687263892773174e+00 -4.87470481738951744166e-01 8.63088136920337660740e+01 4.27544112361011252599e-01
9.89878273600564240198e-01 3.90995549949349641139e+00 -4.87453586542037353713e-01 8.63086282726299742762e+01 4.27571330440791874672e-01
9.89915410696548092595e-01 3.90998819763603000510e+00 -4.87439287353967909411e-01 8.63084713172378314994e+01 4.27594368281003500698e-01
9.89945808254791503877e-01 3.91001496475776644246e+00 -4.87427583914538886667e-01 8.63083428369701834981e+01 4.27613224577290285122e-01
9.89969466068341796827e-01 3.91003531350114519327e+00 -4.87417717723588161949e-01 8.63082431794330915409e+01 4.27627186804046766078e-01
