00000000000000000000 3.59220227533510305662e+00 -5.75481217343013162768e-01 00000000000000000088 5.47239159227505810730e-26
2.58315720529896097890e-03 3.59562637576886912072e+00 -5.75473633403553286314e-01 8.79962822023517361458e+01 5.95460053536612772887e-04
5.16629682395841009074e-03 3.59905967361080048050e+00 -5.75465463516336650507e-01 8.79925521717994314486e+01 1.19259257010350620126e-03
7.74940126945856955221e-03 3.60250219015861983252e+00 -5.75456703454100382267e-01 8.79888098713779385207e+01 1.79139822900803869637e-03
1.03324529555191297475e-02 3.60595394678094338659e+00 -5.75447348968371241718e-01 8.79850552640013319206e+01 2.39187767933197407283e-03
1.29154342962189676997e-02 3.60941496491752022990e+00 -5.75437395789356043174e-01 8.79812883124626523568e+01 2.99403153964734880521e-03
1.54983277061159028382e-02 3.61288526607945481572e+00 -5.75426839625833408398e-01 8.79775089794334661519e+01 3.59786039773059328553e-03
1.80811156003663868475e-02 3.61636487184943122841e+00 -5.75415676165041301005e-01 8.79737172274636805014e+01 4.20336481027423596035e-03
2.06637803948452533631e-02 3.61985380388194011303e+00 -5.75403901072571666298e-01 8.79699130189811029368e+01 4.81054530259705879353e-03
2.32463045062654173611e-02 3.62335208390351004581e+00 -5.75391509992255634209e-01 8.79660963162912850066e+01 5.41940236835177901326e-03
2.58286703522975918945e-02 3.62685973371292824652e+00 -5.75378498546054384377e-01 8.79622670815769822639e+01 6.02993646923065222676e-03
2.84108603516900135033e-02 3.63037677518147505751e+00 -5.75364862333944571127e-01 8.79584252768980547899e+01 6.64214803466958280537e-03
3.09928569243880722150e-02 3.63390323025314954108e+00 -5.75350596933809743661e-01 8.79545708641909982362e+01 7.25603746154932904150e-03
3.35746424916540803229e-02 3.63743912094490484677e+00 -5.75335697901322995484e-01 8.79507038052686880292e+01 7.87160511389517307534e-03
3.61561994761869162640e-02 3.64098446934687069998e+00 -5.75320160769835386994e-01 8.79468240618200383096e+01 8.48885132257447966309e-03
3.87375103022416650278e-02 3.64453929762259631886e+00 -5.75303981050262369656e-01 8.79429315954097319263e+01 9.10777638499129030270e-03
4.13185573957493418318e-02 3.64810362800926935023e+00 -5.75287154230966435442e-01 8.79390263674778083214e+01 9.72838056478011678485e-03
4.38993231844364839578e-02 3.65167748281795967458e+00 -5.75269675777643652026e-01 8.79351083393394077348e+01 1.03506640914963372879e-02
4.64797900979448119774e-02 3.65526088443384900017e+00 -5.75251541133205313017e-01 8.79311774721844585656e+01 1.09746271603052662769e-02
4.90599405679508632216e-02 3.65885385531646800672e+00 -5.75232745717664140095e-01 8.79272337270773363116e+01 1.16002699316681417985e-02
5.16397570282855211676e-02 3.66245641799992549537e+00 -5.75213284928012269503e-01 8.79232770649564798759e+01 1.22275925310265255047e-02
5.42192219150537807471e-02 3.66606859509315086143e+00 -5.75193154138108009299e-01 8.79193074466342068263e+01 1.28565950484853998986e-02
5.67983176667541181382e-02 3.66969040928012812941e+00 -5.75172348698554936064e-01 8.79153248327962728581e+01 1.34872775384906364027e-02
5.93770267243982005634e-02 3.67332188332013354071e+00 -5.75150863936581657754e-01 8.79113291840016302103e+01 1.41196400195090308177e-02
6.19553315316303740423e-02 3.67696304004797269727e+00 -5.75128695155923574944e-01 8.79073204606820155504e+01 1.47536824737023071485e-02
6.45332145348472135948e-02 3.68061390237422214611e+00 -5.75105837636700312210e-01 8.79032986231417083900e+01 1.53894048465993103780e-02
6.71106581833170040552e-02 3.68427449328546563478e+00 -5.75082286635296702215e-01 8.78992636315572042349e+01 1.60268070467687422098e-02
6.96876449292992278250e-02 3.68794483584453969272e+00 -5.75058037384239439938e-01 8.78952154459768308925e+01 1.66658889454841044331e-02
7.22641572281641081377e-02 3.69162495319076633393e+00 -5.75033085092075069156e-01 8.78911540263204642542e+01 1.73066503763935619631e-02
7.48401775385119094608e-02 3.69531486854020485566e+00 -5.75007424943246081561e-01 8.78870793323792582896e+01 1.79490911351808113405e-02
7.74156883222925085164e-02 3.69901460518588454107e+00 -5.74981052097968126091e-01 8.78829913238152045096e+01 1.85932109792264592396e-02
7.99906720449247571336e-02 3.70272418649805734603e+00 -5.74953961692104664749e-01 8.78788899601609045931e+01 1.92390096272679542166e-02
8.25651111754157757128e-02 3.70644363592443282229e+00 -5.74926148837041961492e-01 8.78747752008192435369e+01 1.98864867590540714271e-02
8.51389881864804548561e-02 3.71017297699042902792e+00 -5.74897608619563404986e-01 8.78706470050629775415e+01 2.05356420150000044955e-02
8.77122855546606100541e-02 3.71391223329941855269e+00 -5.74868336101723276244e-01 8.78665053320345492693e+01 2.11864749958404277597e-02
9.02849857604444694381e-02 3.71766142853296743809e+00 -5.74838326320718961959e-01 8.78623501407456330980e+01 2.18389852622747522581e-02
9.28570712883857868336e-02 3.72142058645108964043e+00 -5.74807574288763833970e-01 8.78581813900768935355e+01 2.24931723346155944265e-02
9.54285246272232184905e-02 3.72518973089249039177e+00 -5.74776074992957242138e-01 8.78539990387776015268e+01 2.31490356924321342980e-02
9.79993282699994638918e-02 3.72896888577481666616e+00 -5.74743823395156949729e-01 8.78498030454654212917e+01 2.38065747741934251314e-02
1.00569464714180475950e-01 3.73275807509490409331e+00 -5.74710814431849348338e-01 8.78455933686259697879e+01 2.44657889769049133322e-02
1.03138916461774601818e-01 3.73655732292902786895e+00 -5.74677043014017119305e-01 8.78413699666125040721e+01 2.51266776557448334728e-02
1.05707666019451862471e-01 3.74036665343315233301e+00 -5.74642504027009448642e-01 8.78371327976457081377e+01 2.57892401236979908197e-02
1.08275695898662718819e-01 3.74418609084318365632e+00 -5.74607192330409466408e-01 8.78328818198132239559e+01 2.64534756511893634490e-02
1.10842988615757503945e-01 3.74801565947521808653e+00 -5.74571102757901353009e-01 8.78286169910694525242e+01 2.71193834657093395257e-02
1.13409526692105272483e-01 3.75185538372580129618e+00 -5.74534230117138222660e-01 8.78243382692351417518e+01 2.77869627514403388924e-02
1.15975292654212733257e-01 3.75570528807217041134e+00 -5.74496569189606676176e-01 8.78200456119971306634e+01 2.84562126488810823721e-02
1.18540269033843417845e-01 3.75956539707251913285e+00 -5.74458114730492241939e-01 8.78157389769079799180e+01 2.91271322544640540175e-02
1.21104438368136405058e-01 3.76343573536624642628e+00 -5.74418861468544705851e-01 8.78114183213856591692e+01 2.97997206201791112190e-02
1.23667783199725281329e-01 3.76731632767421098507e+00 -5.74378804105940776736e-01 8.78070836027132628487e+01 3.04739767531814198520e-02
1.26230286076857156630e-01 3.77120719879899057858e+00 -5.74337937318147528920e-01 8.78027347780386122622e+01 3.11498996154095549038e-02
1.28791929553511097506e-01 3.77510837362513607118e+00 -5.74296255753785955811e-01 8.77983718043740140047e+01 3.18274881231892653455e-02
1.31352696189517337277e-01 3.77901987711942988213e+00 -5.74253754034490415670e-01 8.77939946385959331110e+01 3.25067411468462977298e-02
1.33912568550675792345e-01 3.78294173433114222505e+00 -5.74210426754771408042e-01 8.77896032374445809410e+01 3.31876575103086102203e-02
1.36471529208874592376e-01 3.78687397039229223239e+00 -5.74166268481874353391e-01 8.77851975575237020166e+01 3.38702359907016165019e-02
1.39029560742209123969e-01 3.79081661051790330674e+00 -5.74121273755640371128e-01 8.77807775553001761182e+01 3.45544753179545874322e-02
1.41586645735100435939e-01 3.79476968000626913025e+00 -5.74075437088363615956e-01 8.77763431871037624887e+01 3.52403741743937057307e-02
1.44142766778413616846e-01 3.79873320423920679545e+00 -5.74028752964649391366e-01 8.77718944091267587737e+01 3.59279311943282581021e-02
1.46697906469576699884e-01 3.80270720868232370293e+00 -5.73981215841272929268e-01 8.77674311774236173278e+01 3.66171449636508022918e-02
1.49252047412698846118e-01 3.80669171888527557712e+00 -5.73932820147033617708e-01 8.77629534479107320522e+01 3.73080140194163578649e-02
1.51805172218688999575e-01 3.81068676048203291984e+00 -5.73883560282612226189e-01 8.77584611763660404904e+01 3.80005368494268011559e-02
1.54357263505374042722e-01 3.81469235919113991429e+00 -5.73833430620424356228e-01 8.77539543184287538224e+01 3.86947118918143442845e-02
1.56908303897617312783e-01 3.81870854081598087859e+00 -5.73782425504476556455e-01 8.77494328295990158040e+01 3.93905375346166181094e-02
1.59458276027436895994e-01 3.82273533124504361069e+00 -5.73730539250218996017e-01 8.77448966652375901276e+01 4.00880121153567650638e-02
1.62007162534123755337e-01 3.82677275645218495370e+00 -5.73677766144395362424e-01 8.77403457805654767299e+01 4.07871339206048663661e-02
1.64554946064359886027e-01 3.83082084249689458488e+00 -5.73624100444899975848e-01 8.77357801306637838934e+01 4.14879011855576115830e-02
1.67101609272336831813e-01 3.83487961552456591008e+00 -5.73569536380623690164e-01 8.77311996704731882346e+01 4.21903120935940498248e-02
1.69647134819873285361e-01 3.83894910176675496771e+00 -5.73514068151307565557e-01 8.77266043547937641733e+01 4.28943647758492224709e-02
1.72191505376533410265e-01 3.84302932754145620819e+00 -5.73457689927390990015e-01 8.77219941382846002398e+01 4.36000573107613031976e-02
1.74734703619744774494e-01 3.84712031925336539473e+00 -5.73400395849860800013e-01 8.77173689754635717009e+01 4.43073877236362032028e-02
1.77276712234916367095e-01 3.85122210339414916547e+00 -5.73342180030098402810e-01 8.77127288207068573911e+01 4.50163539861990966151e-02
1.79817513915556254078e-01 3.85533470654271459566e+00 -5.73283036549727564868e-01 8.77080736282488118150e+01 4.57269540161410192880e-02
1.82357091363389622884e-01 3.85945815536548142433e+00 -5.73222959460461201076e-01 8.77034033521815814538e+01 4.64391856766662794453e-02
1.84895427288476549288e-01 3.86359247661664628737e+00 -5.73161942783946054547e-01 8.76987179464547921270e+01 4.71530467760420679557e-02
1.87432504409329458994e-01 3.86773769713846027329e+00 -5.73099980511607154376e-01 8.76940173648751368773e+01 4.78685350671289727709e-02
1.89968305453031172103e-01 3.87189384386149537676e+00 -5.73037066604492717481e-01 8.76893015611062622838e+01 4.85856482469235045896e-02
1.92502813155352114904e-01 3.87606094380491983387e+00 -5.72973194993116385909e-01 8.76845704886683563473e+01 4.93043839560907207198e-02
1.95036010260868170052e-01 3.88023902407676857251e+00 -5.72908359577301018462e-01 8.76798241009378074295e+01 5.00247397784921304931e-02
1.97567879523077832848e-01 3.88442811187421721542e+00 -5.72842554226017042218e-01 8.76750623511469342475e+01 5.07467132407189852605e-02
2.00098403704520089175e-01 3.88862823448385519498e+00 -5.72775772777226355181e-01 8.76702851923836874448e+01 5.14703018116053068187e-02
2.02627565576891321975e-01 3.89283941928196153270e+00 -5.72708009037720122691e-01 8.76654925775913369534e+01 5.21955029017568128413e-02
2.05155347921162689584e-01 3.89706169373477573359e+00 -5.72639256782958239178e-01 8.76606844595681735655e+01 5.29223138630637232604e-02
2.07681733527697698349e-01 3.90129508539877756235e+00 -5.72569509756907568665e-01 8.76558607909671394509e+01 5.36507319882141356371e-02
2.10206705196368998090e-01 3.90553962192095882600e+00 -5.72498761671879408119e-01 8.76510215242956860493e+01 5.43807545102040074125e-02
2.12730245736675399604e-01 3.90979533103910181779e+00 -5.72427006208365840578e-01 8.76461666119152909005e+01 5.51123786018438976964e-02
2.15252337967859502799e-01 3.91406224058205554073e+00 -5.72354237014874089873e-01 8.76412960060411876384e+01 5.58456013752581525988e-02
2.17772964719024048064e-01 3.91834037847001148691e+00 -5.72280447707763095799e-01 8.76364096587422665152e+01 5.65804198813889408504e-02
2.20292108829248989288e-01 3.92262977271478119334e+00 -5.72205631871076536576e-01 8.76315075219404491236e+01 5.73168311094877924727e-02
2.22809753147708622389e-01 3.92693045142007690629e+00 -5.72129783056375407213e-01 8.76265895474106741858e+01 5.80548319866113216037e-02
2.25325880533787908933e-01 3.93124244278178736067e+00 -5.72052894782570930943e-01 8.76216556867804570174e+01 5.87944193771021070272e-02
2.27840473857199465879e-01 3.93556577508825533585e+00 -5.71974960535755472257e-01 8.76167058915296053101e+01 5.95355900820839986642e-02
2.30353515998100027984e-01 3.93990047672056187267e+00 -5.71895973769032672784e-01 8.76117401129899775469e+01 6.02783408389342273415e-02
2.32864989847207326523e-01 3.94424657615280027656e+00 -5.71815927902347032052e-01 8.76067583023451419422e+01 6.10226683207602260683e-02
2.35374878305916024335e-01 3.94860410195236077868e+00 -5.71734816322314265413e-01 8.76017604106301348565e+01 6.17685691358814889518e-02
2.37883164286414594546e-01 3.95297308278020631533e+00 -5.71652632382045666759e-01 8.75967463887310913151e+01 6.25160398272888578886e-02
2.40389830711801560925e-01 3.95735354739115718914e+00 -5.71569369400978244400e-01 8.75917161873850034226e+01 6.32650768721206568923e-02
2.42894860516201405165e-01 3.96174552463417084525e+00 -5.71485020664698639692e-01 8.75866697571795072008e+01 6.40156766811151300978e-02
2.45398236644881417856e-01 3.96614904345262386798e+00 -5.71399579424769932245e-01 8.75816070485524136302e+01 6.47678355980727538110e-02
2.47899942054367217192e-01 3.97056413288459086885e+00 -5.71313038898552671974e-01 8.75765280117916091740e+01 6.55215498993140521566e-02
2.50399959712559072589e-01 3.97499082206313136822e+00 -5.71225392269033460657e-01 8.75714325970347147177e+01 6.62768157931203361066e-02
2.52898272598847562165e-01 3.97942914021656601875e+00 -5.71136632684641987190e-01 8.75663207542686876650e+01 6.70336294191950371468e-02
2.55394863704230257184e-01 3.98387911666876792793e+00 -5.71046753259075945408e-01 8.75611924333297793055e+01 6.77919868480878207162e-02
2.57889716031426352583e-01 3.98834078083943843751e+00 -5.70955747071119401603e-01 8.75560475839030232237e+01 6.85518840806447760094e-02
2.60382812594993184874e-01 3.99281416224439134055e+00 -5.70863607164464714749e-01 8.75508861555220647688e+01 6.93133170474504872738e-02
2.62874136421441917388e-01 3.99729929049583754264e+00 -5.70770326547529127659e-01 8.75457080975688910485e+01 7.00762816082350081803e-02
2.65363670549352448358e-01 4.00179619530267149941e+00 -5.70675898193274244719e-01 8.75405133592735893444e+01 7.08407735513214703582e-02
2.67851398029489484731e-01 4.00630490647075010457e+00 -5.70580315039021512824e-01 8.75353018897139776300e+01 7.16067885930401493155e-02
2.70337301924917894347e-01 4.01082545390317868339e+00 -5.70483569986269589691e-01 8.75300736378153914075e+01 7.23743223771472765637e-02
2.72821365311117669528e-01 4.01535786760060098288e+00 -5.70385655900508381499e-01 8.75248285523504847561e+01 7.31433704742367046814e-02
2.75303571276099334764e-01 4.01990217766146962219e+00 -5.70286565611032747469e-01 8.75195665819387897955e+01 7.39139283811504482768e-02
2.77783902920519187862e-01 4.02445841428234718506e+00 -5.70186291910757647727e-01 8.75142876750466598423e+01 7.46859915203964275232e-02
2.80262343357794374565e-01 4.02902660775818066696e+00 -5.70084827556028184148e-01 8.75089917799868857173e+01 7.54595552395219137942e-02
2.82738875714217352542e-01 4.03360678848258746854e+00 -5.69982165266431861639e-01 8.75036788449184257388e+01 7.62346148105389198602e-02
2.85213483129071798672e-01 4.03819898694814405360e+00 -5.69878297724608406938e-01 8.74983488178462067708e+01 7.70111654293109404446e-02
2.87686148754746129352e-01 4.04280323374666838987e+00 -5.69773217576060253542e-01 8.74930016466208826387e+01 7.77892022149209994009e-02
2.90156855756849185735e-01 4.04741955956950505424e+00 -5.69666917428959362901e-01 8.74876372789385072792e+01 7.85687202090843833657e-02
2.92625587314324475674e-01 4.05204799520781122624e+00 -5.69559389853955710947e-01 8.74822556623403499998e+01 7.93497143755078765404e-02
2.95092326619564693235e-01 4.05668857155284001692e+00 -5.69450627383984109287e-01 8.74768567442125970501e+01 8.01321795992713387102e-02
2.97557056878526016153e-01 4.06134131959623001507e+00 -5.69340622514068472881e-01 8.74714404717861953031e+01 8.09161106862029133602e-02
3.00019761310842958402e-01 4.06600627043028239882e+00 -5.69229367701126753865e-01 8.74660067921365111943e+01 8.17015023622357089428e-02
3.02480423149941946015e-01 4.07068345524825758730e+00 -5.69116855363775320242e-01 8.74605556521831033479e+01 8.24883492727803285804e-02
3.04939025643155781076e-01 4.07537290534464702318e+00 -5.69003077882131003129e-01 8.74550869986895804686e+01 8.32766459820768467637e-02
3.07395552051837939178e-01 4.08007465211546893613e+00 -5.68888027597611700692e-01 8.74496007782632602812e+01 8.40663869725413875900e-02
3.09849985651476145243e-01 4.08478872705854811898e+00 -5.68771696812739757654e-01 8.74440969373549847887e+01 8.48575666441292314479e-02
3.12302309731806226889e-01 4.08951516177380014483e+00 -5.68654077790937906300e-01 8.74385754222588644780e+01 8.56501793136578842836e-02
3.14752507596926411892e-01 4.09425398796351736053e+00 -5.68535162756330536560e-01 8.74330361791121219994e+01 8.64442192141687271167e-02
3.17200562565410182359e-01 4.09900523743265399190e+00 -5.68414943893541635411e-01 8.74274791538948079506e+01 8.72396804942376924430e-02
3.19646457970420572181e-01 4.10376894208910680817e+00 -5.68293413347488618470e-01 8.74219042924295735020e+01 8.80365572173234522957e-02
3.22090177159823132236e-01 4.10854513394400377990e+00 -5.68170563223181379620e-01 8.74163115403814572346e+01 8.88348433610834931073e-02
3.24531703496299839262e-01 4.11333384511198385525e+00 -5.68046385585514013172e-01 8.74107008432577572421e+01 8.96345328166859023344e-02
3.26971020357461672479e-01 4.11813510781148206519e+00 -5.67920872459060976922e-01 8.74050721464076616485e+01 9.04356193881500208809e-02
3.29408111135962355931e-01 4.12294895436500841157e+00 -5.67794015827868148172e-01 8.73994253950222343974e+01 9.12380967916150836805e-02
3.31842959239611323685e-01 4.12777541719944007781e+00 -5.67665807635244434870e-01 8.73937605341340315590e+01 9.20419586546902951385e-02
3.34275548091486185420e-01 4.13261452884629232329e+00 -5.67536239783553608795e-01 8.73880775086169876431e+01 9.28471985157278134615e-02
3.36705861130046413265e-01 4.13746632194200802957e+00 -5.67405304134002697047e-01 8.73823762631862592798e+01 9.36538098231131516114e-02
3.39133881809245474326e-01 4.14233082922823570016e+00 -5.67272992506431927850e-01 8.73766567423979410023e+01 9.44617859345744659283e-02
3.41559593598643573831e-01 4.14720808355210923679e+00 -5.67139296679099125242e-01 8.73709188906489231385e+01 9.52711201164582882628e-02
3.43982979983520398282e-01 4.15209811786653393284e+00 -5.67004208388471431235e-01 8.73651626521766928590e+01 9.60818055430116696458e-02
3.46404024464987525533e-01 4.15700096523046092045e+00 -5.66867719329005814721e-01 8.73593879710591920684e+01 9.68938352956496690149e-02
3.48822710560100557320e-01 4.16191665880916605857e+00 -5.66729821152936907858e-01 8.73535947912145616101e+01 9.77072023622330559922e-02
3.51239021801971362802e-01 4.16684523187453415005e+00 -5.66590505470058514170e-01 8.73477830564010702119e+01 9.85218996363391580351e-02
3.53652941739880488647e-01 4.17178671780532894786e+00 -5.66449763847506893022e-01 8.73419527102168018473e+01 9.93379199164888398998e-02
3.56064453939388791959e-01 4.17674115008748003675e+00 -5.66307587809542489765e-01 8.73361036960996699463e+01 1.00155255905439735664e-01
3.58473541982449628307e-01 4.18170856231435017492e+00 -5.66163968837329112382e-01 8.73302359573270479132e+01 1.00973900209429243158e-01
3.60880189467520207103e-01 4.18668898818701773479e+00 -5.66018898368714662439e-01 8.73243494370158401807e+01 1.01793845337386654193e-01
3.63284380009673946166e-01 4.19168246151454848558e+00 -5.65872367798008868434e-01 8.73184440781221411498e+01 1.02615083700206999318e-01
3.65686097240711160961e-01 4.19668901621427181681e+00 -5.65724368475759020747e-01 8.73125198234411357134e+01 1.03437607609954476673e-01
3.68085324809271363655e-01 4.20170868631205074450e+00 -5.65574891708528926237e-01 8.73065766156070282022e+01 1.04261409279128289262e-01
3.70482046380943785824e-01 4.20674150594255991109e+00 -5.65423928758672644790e-01 8.73006143970928434328e+01 1.05086480819829727884e-01
3.72876245638379399949e-01 4.21178750934955026253e+00 -5.65271470844107559728e-01 8.72946331102102703881e+01 1.05912814243025260597e-01
3.75267906281401164570e-01 4.21684673088612527181e+00 -5.65117509138089113563e-01 8.72886326971095485305e+01 1.06740401457757219661e-01
3.77657012027115768227e-01 4.22191920501501005702e+00 -5.64962034768982879207e-01 8.72826130997793967481e+01 1.07569234270292579669e-01
3.80043546610023985632e-01 4.22700496630881428217e+00 -5.64805038820033411540e-01 8.72765742600468144019e+01 1.08399304383401978713e-01
3.82427493782131422417e-01 4.23210404945030749246e+00 -5.64646512329136540664e-01 8.72705161195770386939e+01 1.09230603395494313412e-01
3.84808837313059592944e-01 4.23721648923267402154e+00 -5.64486446288606780186e-01 8.72644386198733315041e+01 1.10063122799827259324e-01
3.87187560990155776874e-01 4.24234232055979187948e+00 -5.64324831644946289799e-01 8.72583417022769793903e+01 1.10896853983679849476e-01
3.89563648618604152496e-01 4.24748157844648677184e+00 -5.64161659298610063118e-01 8.72522253079672083231e+01 1.11731788227559969418e-01
3.91937084021535264711e-01 4.25263429801879500047e+00 -5.63996920103772336752e-01 8.72460893779608994691e+01 1.12567916704333914613e-01
3.94307851040136658760e-01 4.25780051451422991704e+00 -5.63830604868092444271e-01 8.72399338531128023533e+01 1.13405230478399482452e-01
3.96675933533762792305e-01 4.26298026328203238933e+00 -5.63662704352475896208e-01 8.72337586741151653769e+01 1.14243720504891468903e-01
3.99041315380044780969e-01 4.26817357978343814295e+00 -5.63493209270839567893e-01 8.72275637814978352935e+01 1.15083377628760738509e-01
4.01403980475000310424e-01 4.27338049959192822769e+00 -5.63322110289870559008e-01 8.72213491156281151007e+01 1.15924192583980470439e-01
4.03763912733143492950e-01 4.27860105839348747736e+00 -5.63149398028788716886e-01 8.72151146167107640395e+01 1.16766155992662185037e-01
4.06121096087593724810e-01 4.28383529198685142347e+00 -5.62975063059105162999e-01 8.72088602247878270646e+01 1.17609258364196514468e-01
4.08475514490185875882e-01 4.28908323628376830783e+00 -5.62799095904379598210e-01 8.72025858797386632659e+01 1.18453490094384397691e-01
4.10827151911578702936e-01 4.29434492730923800252e+00 -5.62621487039979828459e-01 8.71962915212799458686e+01 1.19298841464550373082e-01
4.13175992341364761717e-01 4.29962040120176514080e+00 -5.62442226892835406282e-01 8.71899770889654917028e+01 1.20145302640683834805e-01
4.15522019788178931243e-01 4.30490969421360869518e+00 -5.62261305841194602984e-01 8.71836425221863891011e+01 1.20992863672500908234e-01
4.17865218279807715263e-01 4.31021284271101645658e+00 -5.62078714214376828906e-01 8.71772877601707421036e+01 1.21841514492633654076e-01
4.20205571863297211443e-01 4.31552988317447550060e+00 -5.61894442292527607208e-01 8.71709127419839973072e+01 1.22691244915618294375e-01
4.22543064605062523853e-01 4.32086085219894666665e+00 -5.61708480306369106749e-01 8.71645174065285317511e+01 1.23542044637086304015e-01
4.24877680590995954191e-01 4.32620578649411147154e+00 -5.61520818436951230090e-01 8.71581016925440223986e+01 1.24393903232794880709e-01
4.27209403926575026489e-01 4.33156472288459148956e+00 -5.61331446815401036154e-01 8.71516655386071619205e+01 1.25246810157722293644e-01
4.29538218736971288969e-01 4.33693769831019704242e+00 -5.61140355522673384137e-01 8.71452088831318008033e+01 1.26100754745155307912e-01
4.31864109167158116698e-01 4.34232474982615190839e+00 -5.60947534589297136520e-01 8.71387316643690468254e+01 1.26955726205696423081e-01
4.34187059382018403220e-01 4.34772591460331980784e+00 -5.60752973995120584938e-01 8.71322338204070234724e+01 1.27811713626430817348e-01
4.36507053566452751792e-01 4.35314122992843266502e+00 -5.60556663669060317723e-01 8.71257152891712394194e+01 1.28668705969879115791e-01
4.38824075925487055994e-01 4.35857073320431531727e+00 -5.60358593488843648167e-01 8.71191760084243753681e+01 1.29526692073084898071e-01
4.41138110684379691762e-01 4.36401446195010400686e+00 -5.60158753280752153003e-01 8.71126159157664545774e+01 1.30385660646658768647e-01
4.43449142088729597599e-01 4.36947245380146487292e+00 -5.59957132819365765997e-01 8.71060349486348997061e+01 1.31245600273824092330e-01
4.45757154404582744966e-01 4.37494474651080889060e+00 -5.59753721827302652692e-01 8.70994330443045896573e+01 1.32106499409387817545e-01
4.48062131918540051956e-01 4.38043137794750236935e+00 -5.59548509974959862312e-01 8.70928101398878453665e+01 1.32968346378841972832e-01
4.50364058937863631638e-01 4.38593238609808100392e+00 -5.59341486880254201708e-01 8.70861661723346713870e+01 1.33831129377309149264e-01
4.52662919790584206137e-01 4.39144780906645060270e+00 -5.59132642108358779431e-01 8.70795010784327274678e+01 1.34694836468587486600e-01
4.54958698825607410487e-01 4.39697768507409136873e+00 -5.58921965171442103326e-01 8.70728147948075275053e+01 1.35559455584146032470e-01
4.57251380412820318533e-01 4.40252205246026040442e+00 -5.58709445528403181314e-01 8.70661072579224679657e+01 1.36424974522095510121e-01
4.59540948943198301890e-01 4.40808094968218089349e+00 -5.58495072584607621380e-01 8.70593784040789842038e+01 1.37291380946210572755e-01
4.61827388828911278296e-01 4.41365441531524638208e+00 -5.58278835691622399295e-01 8.70526281694168062586e+01 1.38158662384843394788e-01
4.64110684503429071768e-01 4.41924248805319574984e+00 -5.58060724146947073621e-01 8.70458564899137456905e+01 1.39026806230045235635e-01
4.66390820421628160553e-01 4.42484520670831038558e+00 -5.57840727193749885693e-01 8.70390633013863634915e+01 1.39895799736294013105e-01
4.68667781059897148310e-01 4.43046261021158827020e+00 -5.57618834020595532941e-01 8.70322485394896574462e+01 1.40765630019690918262e-01
4.70941550916242568370e-01 4.43609473761292427696e+00 -5.57395033761177383091e-01 8.70254121397175168795e+01 1.41636284056791544872e-01
4.73212114510394632472e-01 4.44174162808128691893e+00 -5.57169315494048134063e-01 8.70185540374028505539e+01 1.42507748683512430743e-01
4.75479456383912424400e-01 4.44740332090488443839e+00 -5.56941668242344700701e-01 8.70116741677177145675e+01 1.43380010594188866957e-01
4.77743561100288705035e-01 4.45307985549133000802e+00 -5.56712080973519429783e-01 8.70047724656736534143e+01 1.44253056340384044898e-01
4.80004413245055938653e-01 4.45877127136780515571e+00 -5.56480542599064542664e-01 8.69978488661217284061e+01 1.45126872329926159821e-01
4.82261997425890265312e-01 4.46447760818121253124e+00 -5.56247041974238576323e-01 8.69909033037529155763e+01 1.46001444825699183694e-01
4.84516298272717305107e-01 4.47019890569833222571e+00 -5.56011567897790159876e-01 8.69839357130982193667e+01 1.46876759944690488124e-01
4.86767300437815575442e-01 4.47593520380596920916e+00 -5.55774109111683234374e-01 8.69769460285290989532e+01 1.47752803656755415940e-01
4.89014988595922406311e-01 4.48168654251109188635e+00 -5.55534654300819719097e-01 8.69699341842576387762e+01 1.48629561783549440923e-01
4.91259347444337080013e-01 4.48745296194097242903e+00 -5.55293192092758736145e-01 8.69629001143366053839e+01 1.49507019997552476065e-01
4.93500361703025469673e-01 4.49323450234332089082e+00 -5.55049711057441497175e-01 8.69558437526603000833e+01 1.50385163820691836190e-01
4.95738016114724178163e-01 4.49903120408640688765e+00 -5.54804199706909195733e-01 8.69487650329642463021e+01 1.51263978623437211901e-01
4.97972295445044454976e-01 4.50484310765918838371e+00 -5.54556646495022009802e-01 8.69416638888258290763e+01 1.52143449623571624940e-01
5.00203184482575280434e-01 4.51067025367142004910e+00 -5.54307039817178770491e-01 8.69345402536646076896e+01 1.53023561885046149866e-01
5.02430668038987948698e-01 4.51651268285377760492e+00 -5.54055368010034521298e-01 8.69273940607427988425e+01 1.53904300316769104828e-01
5.04654730949138929930e-01 4.52237043605794752921e+00 -5.53801619351214413633e-01 8.69202252431651629649e+01 1.54785649671650732406e-01
5.06875358071172565921e-01 4.52824355425673363840e+00 -5.53545782059034152667e-01 8.69130337338799563440e+01 1.55667594545150278496e-01
5.09092534286625153506e-01 4.53413207854414856968e+00 -5.53287844292210229113e-01 8.69058194656788600696e+01 1.56550119374362056712e-01
5.11306244500527418140e-01 4.54003605013550526337e+00 -5.53027794149578477700e-01 8.68985823711977474204e+01 1.57433208436649985096e-01
5.13516473641507098513e-01 4.54595551036748890539e+00 -5.52765619669803309755e-01 8.68913223829167691292e+01 1.58316845848543275022e-01
5.15723206661891864222e-01 4.55189050069823597511e+00 -5.52501308831092829976e-01 8.68840394331610212930e+01 1.59201015564573306049e-01
5.17926428537812011399e-01 4.55784106270740441147e+00 -5.52234849550912065830e-01 8.68767334541009859095e+01 1.60085701375899391863e-01
5.20126124269301826075e-01 4.56380723809622246279e+00 -5.51966229685689424578e-01 8.68694043777528150940e+01 1.60970886909335475501e-01
5.22322278880402501855e-01 4.56978906868755707649e+00 -5.51695437030531699030e-01 8.68620521359790984661e+01 1.61856555625883663518e-01
5.24514877419263836344e-01 4.57578659642594320900e+00 -5.51422459318931412753e-01 8.68546766604890336794e+01 1.62742690819714735939e-01
5.26703904958246260648e-01 4.58179986337763711646e+00 -5.51147284222475275506e-01 8.68472778828391511752e+01 1.63629275616793051773e-01
5.28889346594021980685e-01 4.58782891173063767098e+00 -5.50869899350554526052e-01 8.68398557344339252495e+01 1.64516292973684641332e-01
5.31071187447676895665e-01 4.59387378379470767698e+00 -5.50590292250069945901e-01 8.68324101465259445831e+01 1.65403725676325080718e-01
5.33249412664811961449e-01 4.59993452200140318098e+00 -5.50308450405142091100e-01 8.68249410502170917425e+01 1.66291556338610174715e-01
5.35424007415643554708e-01 4.60601116890405926085e+00 -5.50024361236813863485e-01 8.68174483764585431800e+01 1.67179767401335915844e-01
5.37594956895105391403e-01 4.61210376717780246025e+00 -5.49738012102758633048e-01 8.68099320560515792522e+01 1.68068341130830939401e-01
5.39762246322948779920e-01 4.61821235961953835414e+00 -5.49449390296984252480e-01 8.68023920196484510825e+01 1.68957259617623561931e-01
5.41925860943843207274e-01 4.62433698914792845613e+00 -5.49158483049539070109e-01 8.67948281977526931996e+01 1.69846504775162998602e-01
5.44085786027477369409e-01 4.63047769880335824411e+00 -5.48865277526212280712e-01 8.67872405207197630261e+01 1.70736058338631757625e-01
5.46242006868658758201e-01 4.63663453174791495570e+00 -5.48569760828244379347e-01 8.67796289187582203795e+01 1.71625901863383584223e-01
5.48394508787414136641e-01 4.64280753126532630404e+00 -5.48271919992021627976e-01 8.67719933219298837912e+01 1.72516016723906817631e-01
5.50543277129089347888e-01 4.64899674076089919339e+00 -5.47971741988785843169e-01 8.67643336601507826344e+01 1.73406384112265304909e-01
5.52688297264449235335e-01 4.65520220376146909302e+00 -5.47669213724329195792e-01 8.67566498631917255580e+01 1.74296985037015433884e-01
5.54829554589777229623e-01 4.66142396391531033117e+00 -5.47364322038704109730e-01 8.67489418606794941979e+01 1.75187800321572745288e-01
5.56967034526974602571e-01 4.66766206499205349445e+00 -5.47057053705919393849e-01 8.67412095820972552929e+01 1.76078810602985219580e-01
5.59100722523659832142e-01 4.67391655088258328732e+00 -5.46747395433639704621e-01 8.67334529567854559673e+01 1.76969996330716028421e-01
5.61230604053267856379e-01 4.68018746559893372705e+00 -5.46435333862892225198e-01 8.67256719139427900700e+01 1.77861337764942839534e-01
5.63356664615148439168e-01 4.68647485327415935785e+00 -5.46120855567759688753e-01 8.67178663826267523973e+01 1.78752814975555451849e-01
5.65478889734665535194e-01 4.69277875816221179406e+00 -5.45803947055085725282e-01 8.67100362917548892483e+01 1.79644407840474390481e-01
5.67597264963295100593e-01 4.69909922463778961799e+00 -5.45484594764173991166e-01 8.67021815701057079195e+01 1.80536096044336152877e-01
5.69711775878724790978e-01 4.70543629719618117235e+00 -5.45162785066483412955e-01 8.66943021463189893439e+01 1.81427859077256337095e-01
5.71822408084950328799e-01 4.71179002045310379998e+00 -5.44838504265333645193e-01 8.66863979488977491883e+01 1.82319676233079153160e-01
5.73929147212374757281e-01 4.71816043914450222729e+00 -5.44511738595596539447e-01 8.66784689062080246913e+01 1.83211526608434344121e-01
5.76031978917906362092e-01 4.72454759812638158678e+00 -5.44182474223405709957e-01 8.66705149464811626103e+01 1.84103389100733233485e-01
5.78130888885055260751e-01 4.73095154237458093149e+00 -5.43850697245848557770e-01 8.66625359978141176498e+01 1.84995242407076349034e-01
5.80225862824032101450e-01 4.73737231698455207862e+00 -5.43516393690662846794e-01 8.66545319881702909015e+01 1.85887065022914355072e-01
5.82316886471844319395e-01 4.74380996717112779493e+00 -5.43179549515943604909e-01 8.66465028453812635689e+01 1.86778835240263979545e-01
5.84403945592394169495e-01 4.75026453826826866589e+00 -5.42840150609834592998e-01 8.66384484971473654014e+01 1.87670531146540475742e-01
5.86487025976574760655e-01 4.75673607572880641214e+00 -5.42498182790235095041e-01 8.66303688710394226291e+01 1.88562130622778961753e-01
5.88566113442367422337e-01 4.76322462512415434333e+00 -5.42153631804493496560e-01 8.66222638944995111387e+01 1.89453611342380062732e-01
5.90641193834937960894e-01 4.76973023214401070646e+00 -5.41806483329106192137e-01 8.66141334948418517570e+01 1.90344950769684467806e-01
5.92712253026733248973e-01 4.77625294259605404079e+00 -5.41456722969422488134e-01 8.66059775992548708246e+01 1.91236126158205926862e-01
5.94779276917577259809e-01 4.78279280240561988080e+00 -5.41104336259341733850e-01 8.65977961348020528476e+01 1.92127114549272559607e-01
5.96842251434767101514e-01 4.78934985761534015580e+00 -5.40749308661013228239e-01 8.65895890284230063116e+01 1.93017892770514704059e-01
5.98901162533168496260e-01 4.79592415438479680034e+00 -5.40391625564537458892e-01 8.65813562069351689843e+01 1.93908437434363312146e-01
6.00955996195312258656e-01 4.80251573899013628477e+00 -5.40031272287667563070e-01 8.65730975970349447834e+01 1.94798724936428913068e-01
6.03006738431488664709e-01 4.80912465782367881673e+00 -5.39668234075511232817e-01 8.65648131252993096041e+01 1.95688731453991043852e-01
6.05053375279843597134e-01 4.81575095739349823276e+00 -5.39302496100232953147e-01 8.65565027181871755602e+01 1.96578432944504277735e-01
6.07095892806472914316e-01 4.82239468432299034362e+00 -5.38934043460754796939e-01 8.65481663020406131182e+01 1.97467805143969249437e-01
6.09134277105518040507e-01 4.82905588535042440412e+00 -5.38562861182463548104e-01 8.65398038030867837733e+01 1.98356823565358303396e-01
6.11168514299259779676e-01 4.83573460732846527321e+00 -5.38188934216911607500e-01 8.65314151474390911289e+01 1.99245463497103342254e-01
6.13198590538213572643e-01 4.84243089722369113304e+00 -5.37812247441526447567e-01 8.65230002610993977896e+01 2.00133700001346170882e-01
6.15224492001223088877e-01 4.84914480211606413462e+00 -5.37432785659308631665e-01 8.65145590699585227412e+01 2.01021507912659824768e-01
6.17246204895555039549e-01 4.85587636919841969529e+00 -5.37050533598547708003e-01 8.65060914997991829978e+01 2.01908861836048308946e-01
6.19263715456992658304e-01 4.86262564577589007087e+00 -5.36665475912523226576e-01 8.64975974762966757226e+01 2.02795736145643834547e-01
6.21277009949929293064e-01 4.86939267926534302688e+00 -5.36277597179217746515e-01 8.64890769250213793384e+01 2.03682104982880335386e-01
6.23286074667462219878e-01 4.87617751719477166006e+00 -5.35886881901022293917e-01 8.64805297714397482878e+01 2.04567942255113266459e-01
6.25290895931486012671e-01 4.88298020720268510786e+00 -5.35493314504456141556e-01 8.64719559409172262576e+01 2.05453221633478733121e-01
6.27291460092785357894e-01 4.88980079703743619746e+00 -5.35096879339862607772e-01 8.64633553587183882883e+01 2.06337916552153610716e-01
6.29287753531128202233e-01 4.89663933455658817451e+00 -5.34697560681145378503e-01 8.64547279500111187645e+01 2.07222000205521339478e-01
6.31279762655358012147e-01 4.90349586772618994956e+00 -5.34295342725467414802e-01 8.64460736398668530001e+01 2.08105445547352468916e-01
6.33267473903487365661e-01 4.91037044462006555534e+00 -5.33890209592967734942e-01 8.64373923532627941313e+01 2.08988225289075096880e-01
6.35250873742789323728e-01 4.91726311341906985319e+00 -5.33482145326491741244e-01 8.64286840150847552877e+01 2.09870311897573824655e-01
6.37229948669889467716e-01 4.92417392241030604794e+00 -5.33071133891297899154e-01 8.64199485501283533040e+01 2.10751677594141234584e-01
6.39204685210858825073e-01 4.93110291998634320265e+00 -5.32657159174790950651e-01 8.64111858831020072103e+01 2.11632294352130240211e-01
6.41175069921305018639e-01 4.93805015464436358741e+00 -5.32240204986232812168e-01 8.64023959386280893114e+01 2.12512133896004207223e-01
6.43141089386463082889e-01 4.94501567498532512701e+00 -5.31820255056482671385e-01 8.63935786412461652617e+01 2.13391167698831984989e-01
6.45102730221288278578e-01 4.95199952971306878169e+00 -5.31397293037714879560e-01 8.63847339154148556872e+01 2.14269366981126752059e-01
6.47059979070545909785e-01 4.95900176763339928243e+00 -5.30971302503152720043e-01 8.63758616855141241331e+01 2.15146702708764764322e-01
6.49012822608903250376e-01 4.96602243765314099733e+00 -5.30542266946798402039e-01 8.63669618758476929088e+01 2.16023145591591275716e-01
6.50961247541019139007e-01 4.97306158877915471805e+00 -5.30110169783169049573e-01 8.63580344106455299880e+01 2.16898666081403401762e-01
6.52905240601636016606e-01 4.98011927011734201187e+00 -5.29674994347037353393e-01 8.63490792140667053900e+01 2.17773234370103541124e-01
6.54844788555668411156e-01 4.98719553087157851934e+00 -5.29236723893163674148e-01 8.63400962102011817478e+01 2.18646820388365137333e-01
6.56779878198294642111e-01 4.99429042034265968653e+00 -5.28795341596048906752e-01 8.63310853230734807084e+01 2.19519393803269430299e-01
6.58710496355045971306e-01 5.00140398792716833754e+00 -5.28350830549667138669e-01 8.63220464766442461269e+01 2.20390924017125400258e-01
6.60636629881896420002e-01 5.00853628311632981251e+00 -5.27903173767217626100e-01 8.63129795948130862371e+01 2.21261380165673260390e-01
6.62558265665352030815e-01 5.01568735549486355296e+00 -5.27452354180896199054e-01 8.63038846014234479753e+01 2.22130731115102092454e-01
6.64475390622540684760e-01 5.02285725473969701937e+00 -5.26998354641613264704e-01 8.62947614202618922263e+01 2.22998945462225511838e-01
6.66387991701300586023e-01 5.03004603061877464398e+00 -5.26541157918789748393e-01 8.62856099750646166058e+01 2.23865991530663027698e-01
6.68296055880269523897e-01 5.03725373298971135227e+00 -5.26080746700088641710e-01 8.62764301895178959967e+01 2.24731837370626769124e-01
6.70199570168973357553e-01 5.04448041179847628257e+00 -5.25617103591198175927e-01 8.62672219872622889625e+01 2.25596450756208211086e-01
6.72098521607914500819e-01 5.05172611707801522130e+00 -5.25150211115596676770e-01 8.62579852918958778218e+01 2.26459799183645588139e-01
6.73992897268660184906e-01 5.05899089894681086577e+00 -5.24680051714320416778e-01 8.62487200269764855420e+01 2.27321849869883491069e-01
6.75882684253930277052e-01 5.06627480760745463328e+00 -5.24206607745752006799e-01 8.62394261160265926947e+01 2.28182569750114416784e-01
6.77767869697685210184e-01 5.07357789334509146073e+00 -5.23729861485385472797e-01 8.62301034825344174806e+01 2.29041925476756308422e-01
6.79648440765214134629e-01 5.08090020652592411210e+00 -5.23249795125635630555e-01 8.62207520499601827169e+01 2.29899883416389533286e-01
6.81524384653221182440e-01 5.08824179759556294300e+00 -5.22766390775605716001e-01 8.62113717417369542773e+01 2.30756409649123001016e-01
6.83395688589913286037e-01 5.09560271707740231051e+00 -5.22279630460893651289e-01 8.62019624812755438370e+01 2.31611469966142707877e-01
6.85262339835087441742e-01 5.10298301557094546865e+00 -5.21789496123394314075e-01 8.61925241919685021230e+01 2.32465029867702621669e-01
6.87124325680216641032e-01 5.11038274375002377070e+00 -5.21295969621105692582e-01 8.61830567971929610849e+01 2.33317054561305664562e-01
6.88981633448537245101e-01 5.11780195236102297685e+00 -5.20799032727925381714e-01 8.61735602203144424038e+01 2.34167508960483161662e-01
6.90834250495134805092e-01 5.12524069222104472487e+00 -5.20298667133492709347e-01 8.61640343846920018223e+01 2.35016357681609555641e-01
6.92682164207029549274e-01 5.13269901421597651847e+00 -5.19794854442985010401e-01 8.61544792136802044524e+01 2.35863565043341383287e-01
6.94525362003264090660e-01 5.14017696929858569632e+00 -5.19287576176968523889e-01 8.61448946306357470348e+01 2.36709095063598773390e-01
6.96363831334987137822e-01 5.14767460848646152272e+00 -5.18776813771216205318e-01 8.61352805589194048252e+01 2.37552911458435045411e-01
6.98197559685539759222e-01 5.15519198285997148901e+00 -5.18262548576558845781e-01 8.61256369219011759242e+01 2.38394977639667743352e-01
7.00026534570540759361e-01 5.16272914356013767900e+00 -5.17744761858728086423e-01 8.61159636429649566480e+01 2.39235256713150462593e-01
7.01850743537971277775e-01 5.17028614178642698107e+00 -5.17223434798207870600e-01 8.61062606455118242366e+01 2.40073711477043788554e-01
7.03670174168260054159e-01 5.17786302879454218839e+00 -5.16698548490106657205e-01 8.60965278529663606832e+01 2.40910304419302806478e-01
7.05484814074367139192e-01 5.18545985589407809613e+00 -5.16170083944019308930e-01 8.60867651887800633403e+01 2.41744997716175274993e-01
7.07294650901869381698e-01 5.19307667444615006502e+00 -5.15638022083899305592e-01 8.60769725764356650188e+01 2.42577753230378528881e-01
7.09099672329043584362e-01 5.20071353586100126876e+00 -5.15102343747970592425e-01 8.60671499394552625972e+01 2.43408532507877278794e-01
7.10899866066950880672e-01 5.20837049159538256760e+00 -5.14563029688561490715e-01 8.60572972013989101470e+01 2.44237296778912787998e-01
7.12695219859520112671e-01 5.21604759315009136600e+00 -5.14020060572075609961e-01 8.60474142858764565744e+01 2.45064006952446150622e-01
7.14485721483631763817e-01 5.22374489206725378665e+00 -5.13473416978854957371e-01 8.60375011165487677545e+01 2.45888623616629775626e-01
7.16271358749200004468e-01 5.23146243992759440999e+00 -5.12923079403106885188e-01 8.60275576171330556008e+01 2.46711107036510474133e-01
7.18052119499257623936e-01 5.23920028834772200099e+00 -5.12369028252869895823e-01 8.60175837114125272365e+01 2.47531417150009647177e-01
7.19827991610036854730e-01 5.24695848897712924241e+00 -5.11811243849889074831e-01 8.60075793232356460294e+01 2.48349513569278118608e-01
7.21598962991052972349e-01 5.25473709349531503676e+00 -5.11249706429603767432e-01 8.59975443765255533890e+01 2.49165355576729974363e-01
7.23365021585186451780e-01 5.26253615360874427154e+00 -5.10684396141102836530e-01 8.59874787952859094275e+01 2.49978902123103252642e-01
7.25126155368765124010e-01 5.27035572104772143120e+00 -5.10115293047095352819e-01 8.59773825036060799221e+01 2.50790111825479611340e-01
7.26882352351645444344e-01 5.27819584756317361496e+00 -5.09542377123874290490e-01 8.59672554256668206563e+01 2.51598942966187455461e-01
7.28633600577295093004e-01 5.28605658492335894749e+00 -5.08965628261310754077e-01 8.59570974857462601904e+01 2.52405353490639083880e-01
7.30379888122873355272e-01 5.29393798491053146904e+00 -5.08385026262888284343e-01 8.59469086082283553196e+01 2.53209301003752218495e-01
7.32121203099313277995e-01 5.30184009931742572519e+00 -5.07800550845677101108e-01 8.59366887176071827525e+01 2.54010742770097830423e-01
7.33857533651401716668e-01 5.30976297994367563149e+00 -5.07212181640370851632e-01 8.59264377384927513503e+01 2.54809635711520821033e-01
7.35588867957860936819e-01 5.31770667859221912721e+00 -5.06619898191347117766e-01 8.59161555956211060447e+01 2.55605936404058209366e-01
7.37315194231428105986e-01 5.32567124706548877811e+00 -5.06023679956718375195e-01 8.59058422138586621486e+01 2.56399601076173988545e-01
7.39036500718936339993e-01 5.33365673716156596385e+00 -5.05423506308374514973e-01 8.58954975182099076392e+01 2.57190585608124133721e-01
7.40752775701394416963e-01 5.34166320067020983231e+00 -5.04819356532082097466e-01 8.58851214338244233204e+01 2.57978845529112099655e-01
7.42464007494066491333e-01 5.34969068936879388332e+00 -5.04211209827586492871e-01 8.58747138860045566844e+01 2.58764336014952911480e-01
7.44170184446551918889e-01 5.35773925501813685912e+00 -5.03599045308717796487e-01 8.58642748002134368335e+01 2.59547011886538114833e-01
7.45871294942864193622e-01 5.36580894935816576918e+00 -5.02982842003501962047e-01 8.58538041020804172376e+01 2.60326827608681976578e-01
7.47567327401510439699e-01 5.37389982410360200760e+00 -5.02362578854353980518e-01 8.58433017174137376060e+01 2.61103737285569514892e-01
7.49258270275569682184e-01 5.38201193093933216716e+00 -5.01738234718172360083e-01 8.58327675722031244732e+01 2.61877694662327242803e-01
7.50944112052772227983e-01 5.39014532151579039976e+00 -5.01109788366546182736e-01 8.58222015926292982613e+01 2.62648653121434982882e-01
7.52624841255577603505e-01 5.39830004744429725605e+00 -5.00477218485982033869e-01 8.58116037050778857065e+01 2.63416565679214287332e-01
7.54300446441252492313e-01 5.40647616029198907484e+00 -4.99840503678056213843e-01 8.58009738361394482808e+01 2.64181384987094647343e-01
7.55970916201949338920e-01 5.41467371157691790273e+00 -4.99199622459695957488e-01 8.57903119126240767400e+01 2.64943063327073846658e-01
7.57636239164782954170e-01 5.42289275276286453220e+00 -4.98554553263406863284e-01 8.57796178615694628888e+01 2.65701552611162072903e-01
7.59296403991909008013e-01 5.43113333525402186552e+00 -4.97905274437563105661e-01 8.57688916102488718707e+01 2.66456804378509770626e-01
7.60951399380600634892e-01 5.43939551038955126927e+00 -4.97251764246653849000e-01 8.57581330861801944820e+01 2.67208769795869327535e-01
7.62601214063325594239e-01 5.44767932943808563806e+00 -4.96594000871684482235e-01 8.57473422171400585512e+01 2.67957399651209404734e-01
7.64245836807822653824e-01 5.45598484359185409431e+00 -4.95931962410408933017e-01 8.57365189311659605664e+01 2.68702644357239783801e-01
7.65885256417178750254e-01 5.46431210396091593395e+00 -4.95265626877761988567e-01 8.57256631565724660504e+01 2.69444453945701822839e-01
7.67519461729904151071e-01 5.47266116156708459783e+00 -4.94594972206202909693e-01 8.57147748219595655428e+01 2.70182778067547646472e-01
7.69148441620009615249e-01 5.48103206733775571990e+00 -4.93919976246165959299e-01 8.57038538562245264529e+01 2.70917565988752107042e-01
7.70772184997081555302e-01 5.48942487209948382088e+00 -4.93240616766422723671e-01 8.56929001885691263851e+01 2.71648766592121504448e-01
7.72390680806357088350e-01 5.49783962657150215847e+00 -4.92556871454601807869e-01 8.56819137485140913668e+01 2.72376328372240461562e-01
7.74003918028800530493e-01 5.50627638135903296757e+00 -4.91868717917646913751e-01 8.56708944659102229480e+01 2.73100199434907542351e-01
7.75611885681177226637e-01 5.51473518694636144488e+00 -4.91176133682318882823e-01 8.56598422709484452753e+01 2.73820327495918613980e-01
7.77214572816129045663e-01 5.52321609368976940146e+00 -4.90479096195747976683e-01 8.56487570941707758720e+01 2.74536659878522049105e-01
7.78811968522248321278e-01 5.53171915181032325393e+00 -4.89777582825983992532e-01 8.56376388664853180899e+01 2.75249143512761584862e-01
7.80404061924152570029e-01 5.54024441138643375382e+00 -4.89071570862635751631e-01 8.56264875191780703290e+01 2.75957724931353287623e-01
7.81990842182558654194e-01 5.54879192234610663093e+00 -4.88361037517428098198e-01 8.56153029839201309414e+01 2.76662350271984491812e-01
7.83572298494356056509e-01 5.55736173445929271253e+00 -4.87645959924946026387e-01 8.56040851927912740393e+01 2.77362965271122807742e-01
7.85148420092680932036e-01 5.56595389732965983853e+00 -4.86926315143284937914e-01 8.55928340782834311540e+01 2.78059515264621859298e-01
7.86719196246989271870e-01 5.57456846038638076379e+00 -4.86202080154728211170e-01 8.55815495733173605686e+01 2.78751945188895455807e-01
7.88284616263129733760e-01 5.58320547287569635131e+00 -4.85473231866622223496e-01 8.55702316112591745423e+01 2.79440199573157965762e-01
7.89844669483416361722e-01 5.59186498385213148765e+00 -4.84739747112070684665e-01 8.55588801259307842884e+01 2.80124222543491174786e-01
7.91399345286702082802e-01 5.60054704216960352881e+00 -4.84001602650841578068e-01 8.55474950516269245782e+01 2.80803957817402194408e-01
7.92948633088449872375e-01 5.60925169647218258007e+00 -4.83258775170175736147e-01 8.55360763231271334917e+01 2.81479348705898968497e-01
7.94492522340805029657e-01 5.61797899518475052361e+00 -4.82511241285766112608e-01 8.55246238757158891985e+01 2.82150338108381026903e-01
7.96031002532667897320e-01 5.62672898650323904945e+00 -4.81758977542658117788e-01 8.55131376451929696714e+01 2.82816868514119745814e-01
7.97564063189764360651e-01 5.63550171838474689423e+00 -4.81001960416294505052e-01 8.55016175678929073456e+01 2.83478881998142806520e-01
7.99091693874717567958e-01 5.64429723853729026217e+00 -4.80240166313477712112e-01 8.54900635806984752207e+01 2.84136320224053273709e-01
8.00613884187118873825e-01 5.65311559440937294596e+00 -4.79473571573546419877e-01 8.54784756210598146708e+01 2.84789124437686891333e-01
8.02130623763599115428e-01 5.66195683317924469691e+00 -4.78702152469455854966e-01 8.54668536270122274345e+01 2.85437235468379457703e-01
8.03641902277898334539e-01 5.67082100174375369761e+00 -4.77925885208906442436e-01 8.54551975371880132570e+01 2.86080593730513865758e-01
8.05147709440937053849e-01 5.67970814670714041483e+00 -4.77144745935694059025e-01 8.54435072908416373139e+01 2.86719139215382057273e-01
8.06648035000885443857e-01 5.68861831436932963157e+00 -4.76358710730861778515e-01 8.54317828278643816020e+01 2.87352811496925597545e-01
8.08142868743233711015e-01 5.69755155071401109268e+00 -4.75567755614131837394e-01 8.54200240888053343724e+01 2.87981549724920793398e-01
8.09632200490861042574e-01 5.70650790139619168428e+00 -4.74771856545130488403e-01 8.54082310148811245654e+01 2.88605292632537646647e-01
8.11116020104105994726e-01 5.71548741172996788151e+00 -4.73970989425076039137e-01 8.53964035480163516922e+01 2.89223978521526314811e-01
8.12594317480834105183e-01 5.72449012667510892527e+00 -4.73165130097998487546e-01 8.53845416308382141324e+01 2.89837545276450447851e-01
8.14067082556508059277e-01 5.73351609082415780705e+00 -4.72354254352511659931e-01 8.53726452067187437933e+01 2.90445930351634462596e-01
8.15534305304254858449e-01 5.74256534838853216485e+00 -4.71538337923296968501e-01 8.53607142197829489305e+01 2.91049070777533114285e-01
8.16995975734935098167e-01 5.75163794318456922383e+00 -4.70717356492792282641e-01 8.53487486149340526254e+01 2.91646903159296255748e-01
8.18452083897210691532e-01 5.76073391861914796408e+00 -4.69891285692979610022e-01 8.53367483378771254365e+01 2.92239363673430563306e-01
8.19902619877612370836e-01 5.76985331767492048982e+00 -4.69060101107226734563e-01 8.53247133351438122872e+01 2.92826388065202447564e-01
8.21347573800607411165e-01 5.77899618289497674084e+00 -4.68223778272007007395e-01 8.53126435541073391278e+01 2.93407911656899000885e-01
8.22786935828667020942e-01 5.78816255636745058410e+00 -4.67382292679070443508e-01 8.53005389430190632538e+01 2.93983869334624892122e-01
8.24220696162332733259e-01 5.79735247970924927330e+00 -4.66535619777225962768e-01 8.52883994510194725081e+01 2.94554195561325782293e-01
8.25648845040284129482e-01 5.80656599404976958567e+00 -4.65683734974624119474e-01 8.52762250281739966340e+01 2.95118824365798615439e-01
8.27071372739403898322e-01 5.81580314001378972932e+00 -4.64826613640806907135e-01 8.52640156254885823728e+01 2.95677689349448769018e-01
8.28488269574845448417e-01 5.82506395770430884795e+00 -4.63964231109054159319e-01 8.52517711949483611988e+01 2.96230723680783514240e-01
8.29899525900098078424e-01 5.83434848668450456444e+00 -4.63096562678665113477e-01 8.52394916895347876107e+01 2.96777860098368873043e-01
8.31305132107052369150e-01 5.84365676595943739358e+00 -4.62223583617367872467e-01 8.52271770632566472159e+01 2.97319030911535941986e-01
8.32705078626066685921e-01 5.85298883395715829892e+00 -4.61345269163849935889e-01 8.52148272711764747100e+01 2.97854167999203611750e-01
8.34099355926031127417e-01 5.86234472850953203249e+00 -4.60461594530449325191e-01 8.52024422694510832343e+01 2.98383202804945513176e-01
8.35487954514433028841e-01 5.87172448683193515251e+00 -4.59572534905654028758e-01 8.51900220153392240263e+01 2.98906066348229471075e-01
8.36870864937421798935e-01 5.88112814550317430928e+00 -4.58678065457057415610e-01 8.51775664672539107869e+01 2.99422689215544657326e-01
8.38248077779872757809e-01 5.89055574044426144553e+00 -4.57778161334173372410e-01 8.51650755847828406786e+01 2.99933001565059365046e-01
8.39619583665451307830e-01 5.90000730689671382123e+00 -4.56872797671402597341e-01 8.51525493287155654798e+01 3.00436933128847671881e-01
8.40985373256677326559e-01 5.90948287940067285007e+00 -4.55961949591258131065e-01 8.51399876610952617284e+01 3.00934413206451922829e-01
8.42345437254987894349e-01 5.91898249177167201651e+00 -4.55045592207425408926e-01 8.51273905452305115205e+01 3.01425370674202386390e-01
8.43699766400801687283e-01 5.92850617707753979602e+00 -4.54123700628252302547e-01 8.51147579457504406264e+01 3.01909733976609806483e-01
8.45048351473580483528e-01 5.93805396761395520855e+00 -4.53196249959995300927e-01 8.51020898286230647045e+01 3.02387431138616546988e-01
8.46391183291893445251e-01 5.94762589487970494417e+00 -4.52263215310449495643e-01 8.50893861611946960011e+01 3.02858389762710122906e-01
8.47728252713479291103e-01 5.95722198955146708954e+00 -4.51324571792758533206e-01 8.50766469122436603811e+01 3.03322537023263116840e-01
8.49059550635307469513e-01 5.96684228145718886793e+00 -4.50380294529075908549e-01 8.50638720519960855881e+01 3.03779799676621498072e-01
8.50385067993641552420e-01 5.97648679954944750392e+00 -4.49430358654569539478e-01 8.50510615521829294039e+01 3.04230104059581007991e-01
8.51704795764099964472e-01 5.98615557187750191304e+00 -4.48474739321466531194e-01 8.50382153860676623935e+01 3.04673376093277492593e-01
8.53018724961718044497e-01 5.99584862555911435322e+00 -4.47513411703464036862e-01 8.50253335285062661342e+01 3.05109541274514783904e-01
8.54326846641008552652e-01 6.00556598675064101656e+00 -4.46546350999678265392e-01 8.50124159559557028842e+01 3.05538524702205327443e-01
8.55629151896023509849e-01 6.01530768061767417976e+00 -4.45573532439710040531e-01 8.49994626465629323775e+01 3.05960251048328135681e-01
8.56925631860413927754e-01 6.02507373130320811327e+00 -4.44594931287789874030e-01 8.49864735801619843869e+01 3.06374644591153766360e-01
8.58216277707490537985e-01 6.03486416189665142440e+00 -4.43610522848163046916e-01 8.49734487383725820564e+01 3.06781629186352045036e-01
8.59501080650284077223e-01 6.04467899440020328683e+00 -4.42620282469628589794e-01 8.49603881045997297861e+01 3.07181128296739436312e-01
8.60780031941604684143e-01 6.05451824969542418131e+00 -4.41624185550829773117e-01 8.49472916641008595207e+01 3.07573064988889255389e-01
8.62053122874101962481e-01 6.06438194750868664329e+00 -4.40622207545815436358e-01 8.49341594040453600201e+01 3.07957361924163619538e-01
8.63320344780323600808e-01 6.07427010637530084836e+00 -4.39614323969374221068e-01 8.49209913135570246823e+01 3.08333941374130615642e-01
8.64581689032775213555e-01 6.08418274360275113111e+00 -4.38600510402844812052e-01 8.49077873837654664158e+01 3.08702725219248075295e-01
8.65837147043978516692e-01 6.09411987523283293910e+00 -4.37580742499924846278e-01 8.48945476078578593615e+01 3.09063634959478472641e-01
8.67086710266529503421e-01 6.10408151600288384486e+00 -4.36554995993016503597e-01 8.48812719811429872152e+01 3.09416591705290067171e-01
8.68330370193157397019e-01 6.11406767930572314640e+00 -4.35523246699335397913e-01 8.48679605011071487297e+01 3.09761516195443398214e-01
8.69568118356782493450e-01 6.12407837714829117459e+00 -4.34485470527594341839e-01 8.48546131674641799236e+01 3.10098328793314004237e-01
8.70799946330572671727e-01 6.13411362010920235832e+00 -4.33441643484562211253e-01 8.48412299822148696649e+01 3.10426949504659932533e-01
8.72025845728002679813e-01 6.14417341729548827090e+00 -4.32391741682473407238e-01 8.48278109497325800703e+01 3.10747297958423429609e-01
8.73245808202909201690e-01 6.15425777629717885020e+00 -4.31335741345895196108e-01 8.48143560767990862814e+01 3.11059293434323202998e-01
8.74459825449549366105e-01 6.16436670314122192593e+00 -4.30273618819321468365e-01 8.48008653726819119356e+01 3.11362854862177629300e-01
8.75667889202656035685e-01 6.17450020224373119504e+00 -4.29205350574910771133e-01 8.47873388491946116119e+01 3.11657900827980116620e-01
8.76869991237495205461e-01 6.18465827636114884314e+00 -4.28130913220564179866e-01 8.47737765207794211619e+01 3.11944349575894064319e-01
8.78066123369920736863e-01 6.19484092653964690811e+00 -4.27050283508124073339e-01 8.47601784045731676542e+01 3.12222119019384958261e-01
8.79256277456431312167e-01 6.20504815206300008867e+00 -4.25963438341931677211e-01 8.47465445204734919571e+01 3.12491126748052461259e-01
8.80440445394225390530e-01 6.21527995039899305851e+00 -4.24870354787656001605e-01 8.47328748912127309723e+01 3.12751290036042739473e-01
8.81618619121255608917e-01 6.22553631714442534673e+00 -4.23771010081425647531e-01 8.47191695424468917963e+01 3.13002525850815893627e-01
8.82790790616284959391e-01 6.23581724596818176565e+00 -4.22665381639444948103e-01 8.47054285028285960379e+01 3.13244750851357889321e-01
8.83956951898940523904e-01 6.24612272855294925478e+00 -4.21553447067708642049e-01 8.46916518041054473542e+01 3.13477881400705205017e-01
8.85117095029768430337e-01 6.25645275453404892119e+00 -4.20435184171669085185e-01 8.46778394811511105900e+01 3.13701833601559509912e-01
8.86271212110287143204e-01 6.26680731143843683384e+00 -4.19310570967421525346e-01 8.46639915721228533130e+01 3.13916523261435931325e-01
8.87419295283041753564e-01 6.27718638461970890319e+00 -4.18179585691917710122e-01 8.46501081184902801624e+01 3.14121865938403910246e-01
8.88561336731657602783e-01 6.28758995719313862338e+00 -4.17042206814742022480e-01 8.46361891651898474720e+01 3.14317776914849800196e-01
8.89697328680893129160e-01 6.29801800996649507880e+00 -4.15898413048851611773e-01 8.46222347606453837443e+01 3.14504171258166986824e-01
8.90827263396692936581e-01 6.30847052137102171088e+00 -4.14748183363388644995e-01 8.46082449569306476178e+01 3.14680963779005673508e-01
8.91951133186240308071e-01 6.31894746738828949617e+00 -4.13591496995178886653e-01 8.45942198098114630511e+01 3.14848069095894689262e-01
8.93068930398010163429e-01 6.32944882147681653350e+00 -4.12428333462406648824e-01 8.45801593789152121872e+01 3.15005401592261868871e-01
8.94180647421820240517e-01 6.33997455449438884756e+00 -4.11258672577110573343e-01 8.45660637277791380484e+01 3.15152875473516225213e-01
8.95286276688883719821e-01 6.35052463461928073940e+00 -4.10082494459166002621e-01 8.45519329239799901643e+01 3.15290404760835085707e-01
8.96385810671860183696e-01 6.36109902726861964339e+00 -4.08899779550290831676e-01 8.45377670392434197311e+01 3.15417903313136460675e-01
8.97479241884907241733e-01 6.37169769501449678728e+00 -4.07710508628819523480e-01 8.45235661495743073601e+01 3.15535284831733098265e-01
8.98566562883731378975e-01 6.38232059749699764950e+00 -4.06514662824721317858e-01 8.45093303353616533968e+01 3.15642462881730312407e-01
8.99647766265638582084e-01 6.39296769133479614311e+00 -4.05312223635339918815e-01 8.44950596815054097988e+01 3.15739350901164617103e-01
9.00722844669584632449e-01 6.40363893003277517835e+00 -4.04103172941264632279e-01 8.44807542775365476473e+01 3.15825862236574772535e-01
9.01791790776225510307e-01 6.41433426388707683685e+00 -4.02887493023403653325e-01 8.44664142177614394313e+01 3.15901910138374319992e-01
9.02854597307967132735e-01 6.42505363988656696961e+00 -4.01665166580015997599e-01 8.44520396013747358666e+01 3.15967407795763877143e-01
9.03911257029014647557e-01 6.43579700161196743835e+00 -4.00436176744922434079e-01 8.44376305326257039496e+01 3.16022268335872047462e-01
9.04961762745422060306e-01 6.44656428913071266606e+00 -3.99200507105517243822e-01 8.44231871209200761541e+01 3.16066404874877027176e-01
9.06006107305140861996e-01 6.45735543889006358143e+00 -3.97958141722619063163e-01 8.44087094810298879111e+01 3.16099730494330100061e-01
9.07044283598068878938e-01 6.46817038360468732350e+00 -3.96709065149540296424e-01 8.43941977331727883893e+01 3.16122158309541712029e-01
9.08076284556099455614e-01 6.47900905214275280031e+00 -3.95453262453260734333e-01 8.43796520032296228919e+01 3.16133601448829293368e-01
9.09102103153167639960e-01 6.48987136940650266581e+00 -3.94190719234943420801e-01 8.43650724228507584712e+01 3.16133973121078826196e-01
9.10121732405300032376e-01 6.50075725621052047387e+00 -3.92921421652439428751e-01 8.43504591296629513408e+01 3.16123186603802674988e-01
9.11135165370661193052e-01 6.51166662915575944481e+00 -3.91645356443265868496e-01 8.43358122674661245810e+01 3.16101155250673560015e-01
9.12142395149601159510e-01 6.52259940049744990631e+00 -3.90362510946810792323e-01 8.43211319863014381326e+01 3.16067792600873587183e-01
9.13143414884702742107e-01 6.53355547801208569325e+00 -3.89072873129955920657e-01 8.43064184427418297219e+01 3.16023012322012519792e-01
9.14138217760827709313e-01 6.54453476485790197614e+00 -3.87776431611844774050e-01 8.42916718000522706689e+01 3.15966728263861629245e-01
9.15126797005163528098e-01 6.55553715943090775653e+00 -3.86473175689773462693e-01 8.42768922283600261380e+01 3.15898854497496439642e-01
9.16109145887269216146e-01 6.56656255521645348949e+00 -3.85163095365970598039e-01 8.42620799048483490878e+01 3.15819305357453006255e-01
9.17085257719121638154e-01 6.57761084063677170519e+00 -3.83846181376135020535e-01 8.42472350140134409457e+01 3.15727995431765107170e-01
9.18055125855160469861e-01 6.58868189889211830490e+00 -3.82522425217885264637e-01 8.42323577478384351025e+01 3.15624839622995700950e-01
9.19018743692333606177e-01 6.59977560779718519512e+00 -3.81191819180403679290e-01 8.42174483060079808183e+01 3.15509753199291642645e-01
9.19976104670142347253e-01 6.61089183961236148690e+00 -3.79854356375861346162e-01 8.42025068961479234986e+01 3.15382651798503277352e-01
9.20927202270686140473e-01 6.62203046086971003348e+00 -3.78510030771590844090e-01 8.41875337340954814636e+01 3.15243451456320156190e-01
9.21872030018706323240e-01 6.63319133219162626602e+00 -3.77158837222653309240e-01 8.41725290440767111022e+01 3.15092068684830195480e-01
9.22810581481630642919e-01 6.64437430810484386257e+00 -3.75800771506444308834e-01 8.41574930589841869732e+01 3.14928420495349192798e-01
9.23742850269617443715e-01 6.65557923684770713635e+00 -3.74435830358300303367e-01 8.41424260206298271214e+01 3.14752424437019562298e-01
9.24668830035598299233e-01 6.66680596017143756171e+00 -3.73064011508516202298e-01 8.41273281800408057052e+01 3.14563998627131358177e-01
9.25588514475321866293e-01 6.67805431313360120527e+00 -3.71685313719911092356e-01 8.41121997976881203840e+01 3.14363061834126378269e-01
9.26501897327396517490e-01 6.68932412388710417872e+00 -3.70299736828935743826e-01 8.40970411438960212536e+01 3.14149533414968928913e-01
9.27408972373333306827e-01 6.70061521345605193289e+00 -3.68907281783294738187e-01 8.40818524988536211140e+01 3.13923333585121921985e-01
9.28309733437587714100e-01 6.71192739551293460210e+00 -3.67507950687836149051e-01 8.40666341532418499582e+01 3.13684383230343699633e-01
9.29204174387602388485e-01 6.72326047613990152030e+00 -3.66101746845963471610e-01 8.40513864083083745982e+01 3.13432604125704949993e-01
9.30092289133848337812e-01 6.73461425358820431342e+00 -3.64688674807129464828e-01 8.40361095763826568827e+01 3.13167918850388860008e-01
9.30974071629866561928e-01 6.74598851802419030577e+00 -3.63268740411723856099e-01 8.40208039810455460383e+01 3.12890250993988705552e-01
9.31849515872309464015e-01 6.75738305127073601852e+00 -3.61841950841689963259e-01 8.40054699575954231250e+01 3.12599525087995877559e-01
9.32718615900981373734e-01 6.76879762653709615705e+00 -3.60408314670083107512e-01 8.39901078533413567584e+01 3.12295666732803678389e-01
9.33581365798879514450e-01 6.78023200814014792570e+00 -3.58967841913339469340e-01 8.39747180279554754634e+01 3.11978602666063642435e-01
9.34437759692233416153e-01 6.79168595121668605685e+00 -3.57520544085699665260e-01 8.39593008538868019741e+01 3.11648260815260147449e-01
9.35287791750546215752e-01 6.80315920142649055435e+00 -3.56066434256042452233e-01 8.39438567168399885077e+01 3.11304570320784790294e-01
9.36131456186633403860e-01 6.81465149464216857211e+00 -3.54605527105378515174e-01 8.39283860160661561167e+01 3.10947461656612744729e-01
9.36968747256662348732e-01 6.82616255663015625288e+00 -3.53137838987031549287e-01 8.39128891647990684532e+01 3.10576866714633859079e-01
9.37799659260191820209e-01 6.83769210271957117442e+00 -3.51663387988642439641e-01 8.38973665906319752139e+01 3.10192718917352394659e-01
9.38624186540210181384e-01 6.84923983746396025651e+00 -3.50182193999294733011e-01 8.38818187362303859800e+01 3.09794953131744987829e-01
9.39442323483174468457e-01 6.86080545428308052891e+00 -3.48694278773756305423e-01 8.38662460594822363191e+01 3.09383505955922288866e-01
9.40254064519048693427e-01 6.87238863510065733919e+00 -3.47199666004827267596e-01 8.38506490342686987560e+01 3.08958315607738953634e-01
9.41059404121340592475e-01 6.88398904996030047698e+00 -3.45698381391726539125e-01 8.38350281506016301591e+01 3.08519322279482144378e-01
9.41858336807141038882e-01 6.89560635663941656759e+00 -3.44190452719598805054e-01 8.38193839155985500611e+01 3.08066467888259032382e-01
9.42650857137159903232e-01 6.90724020023658091816e+00 -3.42675909931608568826e-01 8.38037168535498722122e+01 3.07599696557631974159e-01
9.43436959715763689971e-01 6.91889021275746518569e+00 -3.41154785215442790669e-01 8.37880275069477562511e+01 3.07118954267095123356e-01
9.44216639191012285792e-01 6.93055601267191967452e+00 -3.39627113078987963313e-01 8.37723164364994943298e+01 3.06624189502556432352e-01
9.44989890254695485972e-01 6.94223720447366865471e+00 -3.38092930445276051987e-01 8.37565842224969827612e+01 3.06115352730736811626e-01
9.45756707642368521505e-01 6.95393337819970991376e+00 -3.36552276732380861723e-01 8.37408314643952422784e+01 3.05592397202869681117e-01
9.46517086133388918512e-01 6.96564410896140362439e+00 -3.35005193954820534863e-01 8.37250587825110130780e+01 3.05055278432777188247e-01
9.47271020550951026173e-01 6.97736895643493326702e+00 -3.33451726814159243872e-01 8.37092668179936936212e+01 3.04503954714353597399e-01
9.48018505762121987956e-01 6.98910746434430585339e+00 -3.31891922799222860441e-01 8.36934562335791696341e+01 3.03938387199218063017e-01
9.48759536677876158528e-01 7.00085915992987484202e+00 -3.30325832291676502184e-01 8.36776277146663716167e+01 3.03358539849910735509e-01
9.49494108253130075781e-01 7.01262355338766507629e+00 -3.28753508670471594755e-01 8.36617819696475493174e+01 3.02764379759196566866e-01
9.50222215486776988769e-01 7.02440013729688228494e+00 -3.27175008424035240751e-01 8.36459197308592479203e+01 3.02155877190819655009e-01
9.50943853421720053376e-01 7.03618838602395602067e+00 -3.25590391264606870969e-01 8.36300417553259478609e+01 3.01533005766626727162e-01
9.51659017144907415364e-01 7.04798775510559138979e+00 -3.23999720247307609888e-01 8.36141488255363896087e+01 3.00895742617386219298e-01
9.52367701787364628885e-01 7.05979768061117951561e+00 -3.22403061893836273555e-01 8.35982417503415575766e+01 3.00244068517913409444e-01
9.53069902524227741125e-01 7.07161757848169258978e+00 -3.20800486320292788101e-01 8.35823213658078714161e+01 2.99577968053961196659e-01
9.53765614574776932066e-01 7.08344684384324363435e+00 -3.19192067368724297083e-01 8.35663885359428206812e+01 2.98897429865662256354e-01
9.54454833202468377884e-01 7.09528485030261446553e+00 -3.17577882745956163735e-01 8.35504441539298596808e+01 2.98202446708220714200e-01
9.55137553714966891505e-01 7.10713094921148957894e+00 -3.15958014165611866808e-01 8.35344891428987637028e+01 2.97493015651109415920e-01
9.55813771464177897030e-01 7.11898446890744374116e+00 -3.14332547494218073059e-01 8.35185244569232452250e+01 2.96769138368978779852e-01
9.56483481846278404959e-01 7.13084471392896901420e+00 -3.12701572904989011370e-01 8.35025510821058105648e+01 2.96030821252904696728e-01
9.57146680301749208652e-01 7.14271096419976192493e+00 -3.11065185035204028186e-01 8.34865700374330685918e+01 2.95278075674359208325e-01
9.57803362315405748539e-01 7.15458247419283654978e+00 -3.09423483151103462241e-01 8.34705823763181911090e+01 2.94510918113472075497e-01
9.58453523416427977111e-01 7.16645847205465891250e+00 -3.07776571317294023178e-01 8.34545891873240179848e+01 2.93729370391515809402e-01
9.59097159178392222323e-01 7.17833815870568692219e+00 -3.06124558570545435288e-01 8.34385915954337065159e+01 2.92933460046761240392e-01
9.59734265219300386462e-01 7.19022070691228432082e+00 -3.04467559105516483164e-01 8.34225907635643579852e+01 2.92123220256951310336e-01
9.60364837201609811146e-01 7.20210526031586528717e+00 -3.02805692457609076929e-01 8.34065878932287887437e+01 2.91298690510427948919e-01
9.60988870832263142319e-01 7.21399093244346190090e+00 -3.01139083702190502034e-01 8.33905842263998380304e+01 2.90459916501127402011e-01
9.61606361862717418099e-01 7.22587680567354784245e+00 -2.99467863653579025041e-01 8.33745810465138532663e+01 2.89606950591360767788e-01
9.62217306088972823552e-01 7.23776193017413227437e+00 -2.97792169075330181993e-01 8.33585796800813199070e+01 2.88739851931214930314e-01
9.62821699351601556494e-01 7.24964532280275708587e+00 -2.96112142894971674956e-01 8.33425814981279700078e+01 2.87858686803143637434e-01
9.63419537535776138171e-01 7.26152596596445221167e+00 -2.94427934424693504845e-01 8.33265879172006549425e+01 2.86963529086442681315e-01
9.64010816571297390887e-01 7.27340280644569237012e+00 -2.92739699594908864277e-01 8.33106004015253631678e+01 2.86054460290283640855e-01
9.64595532432621638463e-01 7.28527475419997205819e+00 -2.91047601190820293127e-01 8.32946204643486822761e+01 2.85131569974580778570e-01
9.65173681138889238973e-01 7.29714068109573599230e+00 -2.89351809097430745510e-01 8.32786496694153726139e+01 2.84194956130324638544e-01
9.65745258753950674979e-01 7.30899941962788801675e+00 -2.87652500554439749525e-01 8.32626896327653582830e+01 2.83244725410571773772e-01
9.66310261386393642979e-01 7.32084976158838252047e+00 -2.85949860416917833739e-01 8.32467420245198184148e+01 2.82280993569258120690e-01
9.66868685189569476712e-01 7.33269045669393193521e+00 -2.84244081426390016176e-01 8.32308085705466993431e+01 2.81303885725182611921e-01
9.67420526361620347622e-01 7.34452021117279763018e+00 -2.82535364486975137943e-01 8.32148910542118755984e+01 2.80313536923379347243e-01
9.67965781145503245675e-01 7.35633768631771367552e+00 -2.80823918957465501478e-01 8.31989913188939169686e+01 2.79310092066444304315e-01
9.68504445829016735736e-01 7.36814149697598352873e+00 -2.79109962938814071265e-01 8.31831112687382301374e+01 2.78293706986597721986e-01
9.69036516744826603720e-01 7.37993021002560567467e+00 -2.77393723586423279759e-01 8.31672528719698647137e+01 2.77264548139436795005e-01
9.69561990270489948429e-01 7.39170234278273596829e+00 -2.75675437416997126672e-01 8.31514181619668590884e+01 2.76222793524528553721e-01
9.70080862828479939530e-01 7.40345636138328089260e+00 -2.73955350632313576753e-01 8.31356092398588231163e+01 2.75168632908294075179e-01
9.70593130886211241659e-01 7.41519067911316120956e+00 -2.72233719448527700102e-01 8.31198282763775182502e+01 2.74102268326850917468e-01
9.71098790956062218882e-01 7.42690365470590041497e+00 -2.70510810436893733844e-01 8.31040775146013714902e+01 2.73023914355227104167e-01
9.71597839595400469825e-01 7.43859359058776004048e+00 -2.68786900868664579978e-01 8.30883592717418082430e+01 2.71933798766936407620e-01
9.72090273406605143158e-01 7.45025873108176295290e+00 -2.67062279067387053910e-01 8.30726759409081267904e+01 2.70832163300753936408e-01
9.72576089037090585343e-01 7.46189726060089153492e+00 -2.65337244784590864377e-01 8.30570299955438713368e+01 2.69719263062259628771e-01
9.73055283179328878163e-01 7.47350730175098032504e+00 -2.63612109554773821340e-01 8.30414239890891678897e+01 2.68595368516145571736e-01
9.73527852570872820337e-01 7.48508691345099386183e+00 -2.61887197088009726631e-01 8.30258605596102086110e+01 2.67460764773704839925e-01
9.73993793994377243806e-01 7.49663408898084959731e+00 -2.60162843647405273018e-01 8.30103424309086079802e+01 2.66315752917563319802e-01
9.74453104277621995344e-01 7.50814675402673348259e+00 -2.58439398450168666965e-01 8.29948724163584472535e+01 2.65160649785991520133e-01
9.74905780293532697733e-01 7.51962276467516677059e+00 -2.56717224061529802892e-01 8.29794534206310174795e+01 2.63995788986468804538e-01
9.75351818960202621156e-01 7.53105990538059000272e+00 -2.54996696792345212135e-01 8.29640884412476964371e+01 2.62821522104372096162e-01
9.75791217240913111297e-01 7.54245588695390800638e+00 -2.53278207127391630227e-01 8.29487805741583770214e+01 2.61638217469981448904e-01
9.76223972144155016650e-01 7.55380834448095406231e+00 -2.51562160123699085634e-01 8.29335330141608011445e+01 2.60446262098431524645e-01
9.76650080723648006398e-01 7.56511483524804617673e+00 -2.49848975824254693201e-01 8.29183490569910901513e+01 2.59246062473467431264e-01
9.77069540078361775670e-01 7.57637283669251626606e+00 -2.48139089687389263750e-01 8.29032321043000592908e+01 2.58038043985261755786e-01
9.77482347352534808316e-01 7.58757974431095139067e+00 -2.46432952995741944013e-01 8.28881856642828012127e+01 2.56822652344023127924e-01
9.77888499735694360915e-01 7.59873286961495786329e+00 -2.44731033277736403919e-01 8.28732133559548884705e+01 2.55600353697408744225e-01
9.78287994462675891683e-01 7.60982943807052070184e+00 -2.43033814715943152773e-01 8.28583189099380916787e+01 2.54371635733984025052e-01
9.78680828813640935060e-01 7.62086658710330677735e+00 -2.41341798564284198969e-01 8.28435061729558981369e+01 2.53137007476481545876e-01
9.79067000114096308572e-01 7.63184136410807134610e+00 -2.39655503541191167161e-01 8.28287791087961551284e+01 2.51897000773080026459e-01
9.79446505734912542529e-01 7.64275072453482007262e+00 -2.37975466232327237392e-01 8.28141418018291233238e+01 2.50652169947102598790e-01
9.79819343092340866441e-01 7.65359153002261827226e+00 -2.36302241466678608628e-01 8.27995984588332589738e+01 2.49403092951238719577e-01
9.80185509648031860763e-01 7.66436054661278998168e+00 -2.34636402684604838953e-01 8.27851534108595075168e+01 2.48150371896490501422e-01
9.80545002909051777173e-01 7.67505444307927753300e+00 -2.32978542297400614824e-01 8.27708111174543290645e+01 2.46894632678954423222e-01
9.80897820427900302143e-01 7.68566978931881283899e+00 -2.31329272003409358582e-01 8.27565761655008031994e+01 2.45636526920732289891e-01
9.81243959802526766190e-01 7.69620305492486433963e+00 -2.29689223107496148790e-01 8.27424532736181816972e+01 2.44376731099731375751e-01
9.81583418676346575182e-01 7.70665060787358147110e+00 -2.28059046793178954449e-01 8.27284472925672247356e+01 2.43115947637147278293e-01
9.81916194738257197550e-01 7.71700871339612692879e+00 -2.26439414370315117431e-01 8.27145632071470231494e+01 2.41854905180003604270e-01
9.82242285722654373536e-01 7.72727353303649966421e+00 -2.24831017486698009344e-01 8.27008061370482749908e+01 2.40594358789852663660e-01
9.82561689409446659127e-01 7.73744112393221872281e+00 -2.23234568295790303250e-01 8.26871813379768525465e+01 2.39335090365450420258e-01
9.82874403624071413255e-01 7.74750743833069765998e+00 -2.21650799577849055844e-01 8.26736942015609486134e+01 2.38077909035220497413e-01
9.83180426237509119680e-01 7.75746832339844871740e+00 -2.20080464817375670572e-01 8.26603502571981749725e+01 2.36823650622105558172e-01
9.83479755166297819891e-01 7.76731952129335123658e+00 -2.18524338206886853397e-01 8.26471551693278456696e+01 2.35573178767242819021e-01
9.83772388372547657021e-01 7.77705666961709063401e+00 -2.16983214606716878770e-01 8.26341147395196315983e+01 2.34327383878370321124e-01
9.84058323863954753641e-01 7.78667530218565318023e+00 -2.15457909415717741020e-01 8.26212349029465968897e+01 2.33087184068198227660e-01
9.84337559693814090345e-01 7.79617085023289391188e+00 -2.13949258381390866601e-01 8.26085217281708565906e+01 2.31853524279224398885e-01
9.84610093961033494558e-01 7.80553864403574770847e+00 -2.12458117320202866107e-01 8.25959814150871238780e+01 2.30627376014671148230e-01
9.84875924810146630151e-01 7.81477391499629092664e+00 -2.10985361741481941555e-01 8.25836202908551513246e+01 2.29409737657052970050e-01
9.85135050431324765796e-01 7.82387179825292200519e+00 -2.09531886389878796439e-01 8.25714448078536094044e+01 2.28201632881409322007e-01
9.85387469060390319697e-01 7.83282733581255108390e+00 -2.08098604664919861751e-01 8.25594615384725614149e+01 2.27004111002484021409e-01
9.85633178978827628747e-01 7.84163548027292822695e+00 -2.06686447941825029995e-01 8.25476771703929017576e+01 2.25818245709306225644e-01
9.85872178513795716093e-01 7.85029109915990286339e+00 -2.05296364768608491369e-01 8.25360985009483840713e+01 2.24645134190058853862e-01
9.86104466038138838258e-01 7.85878897991523128752e+00 -2.03929319937222575110e-01 8.25247324305414906576e+01 2.23485896104177378385e-01
9.86330039970398142479e-01 7.86712383557469063788e+00 -2.02586293424750346626e-01 8.25135859557025952427e+01 2.22341672069960805125e-01
9.86548898774822102808e-01 7.87529031115131239460e+00 -2.01268279191023635732e-01 8.25026661596936605747e+01 2.21213622501466866677e-01
9.86761040961377400293e-01 7.88328299077986649479e+00 -1.99976283834089468838e-01 8.24919802037468343769e+01 2.20102925959525047572e-01
9.86966465085758248854e-01 7.89109640561139080717e+00 -1.98711325090926399506e-01 8.24815353144363996307e+01 2.19010777859248023658e-01
9.87165169749397164445e-01 7.89872504256771179598e+00 -1.97474430202821571445e-01 8.24713387777524360445e+01 2.17938386729388450247e-01
9.87357153599473957861e-01 7.90616335380860224546e+00 -1.96266634089383273931e-01 8.24613979199820761323e+01 2.16886974220604378250e-01
9.87542415328925060614e-01 7.91340576711303267388e+00 -1.95088977394254042830e-01 8.24517200983579954254e+01 2.15857771137187792743e-01
9.87720953676452295689e-01 7.92044669704877613015e+00 -1.93942504353046885068e-01 8.24423126857109167531e+01 2.14852015220459297007e-01
9.87892767426531648312e-01 7.92728055695063726915e+00 -1.92828260496590880857e-01 8.24331830518161297050e+01 2.13870949208225635818e-01
9.88057855409421592618e-01 7.93390177178596012197e+00 -1.91747290220117522219e-01 8.24243385526580425449e+01 2.12915815691904292128e-01
9.88216216501170752196e-01 7.94030479170886671625e+00 -1.90700634158780524263e-01 8.24157865054909422042e+01 2.11987856490960357991e-01
9.88367849623625893685e-01 7.94648410647731751055e+00 -1.89689326453328116484e-01 8.24075341752064360890e+01 2.11088307038437034135e-01
9.88512753744439143233e-01 7.95243426053970292600e+00 -1.88714391847419699078e-01 8.23995887531029040929e+01 2.10218393914998885608e-01
9.88650927877074869876e-01 7.95814986878054053676e+00 -1.87776842659468923280e-01 8.23919573332696018042e+01 2.09379331505458537999e-01
9.88782371080816346876e-01 7.96362563293597069958e+00 -1.86877675651846431037e-01 8.23846468962434386185e+01 2.08572316488466441564e-01
9.88907082460772635102e-01 7.96885635847369666607e+00 -1.86017868772465788663e-01 8.23776642835696719658e+01 2.07798525100325287562e-01
9.89025061167884578239e-01 7.97383697195080998199e+00 -1.85198377824550369786e-01 8.23710161763048489547e+01 2.07059108359535143373e-01
9.89136306398929687766e-01 7.97856253869337184170e+00 -1.84420133059885305027e-01 8.23647090703840376591e+01 2.06355188281560797403e-01
9.89240817396528693273e-01 7.98302828074231118904e+00 -1.83684035735615175389e-01 8.23587492562147502895e+01 2.05687852773207918711e-01
9.89338593449150427439e-01 7.98722959485089667453e+00 -1.82990954634504848775e-01 8.23531427906250428350e+01 2.05058152221856443420e-01
9.89429633891116377953e-01 7.99116207052833082969e+00 -1.82341722602663153241e-01 8.23478954777623783912e+01 2.04467094231387314096e-01
9.89513938102605350444e-01 7.99482150786216738680e+00 -1.81737133103103104537e-01 8.23430128425656420177e+01 2.03915640169972572915e-01
9.89591505509657798356e-01 7.99820393507478488715e+00 -1.81177936842502523840e-01 8.23385001104051781340e+01 2.03404699895497420581e-01
9.89662335584179708725e-01 8.00130562557892410780e+00 -1.80664838471098182504e-01 8.23343621822325673065e+01 2.02935128502802264450e-01
9.89726427843945932850e-01 8.00412311445036372959e+00 -1.80198493412037918926e-01 8.23306036151414133428e+01 2.02507721764655784780e-01
9.89783781852604072071e-01 8.00665321410389907442e+00 -1.79779504832807995873e-01 8.23272286009541858220e+01 2.02123212582072331323e-01
9.89834397219676587198e-01 8.00889302903984834359e+00 -1.79408420795936385250e-01 8.23242409459253252635e+01 2.01782267563588829651e-01
9.89878273600564240198e-01 8.01083996954117161238e+00 -1.79085731625048649729e-01 8.23216440558502000613e+01 2.01485482879489252728e-01
9.89915410696548092595e-01 8.01249176410013674854e+00 -1.78811867493729070855e-01 8.23194409164724305583e+01 2.01233382086728862514e-01
9.89945808254791503877e-01 8.01384647052694809588e+00 -1.78587196284122173839e-01 8.23176340809341269278e+01 2.01026413265044556766e-01
9.89969466068341796827e-01 8.01490248555820805620e+00 -1.78412021731432668403e-01 8.23162256564905021605e+01 2.00864946452790515963e-01
