00000000000000000000 -3.53643571529375400075e+00 -1.35186191034506597575e+00 00000000000000000088 3.08455939525173811115e-24
2.58315720529896097890e-03 -3.53565406316442443213e+00 -1.35186982443487391237e+00 8.80008039493892368910e+01 3.03344839146397864116e-04
5.16629682395841009074e-03 -3.53487621334289148223e+00 -1.35187636639266761662e+00 8.80015917796661426564e+01 5.92569118091224988215e-04
7.74940126945856955221e-03 -3.53410216326779336171e+00 -1.35188153919656572910e+00 8.80023635120611658067e+01 8.67677972110392691993e-04
1.03324529555191297475e-02 -3.53333191034539018105e+00 -1.35188534580201102919e+00 8.80031191679339030998e+01 1.12867693872555053224e-03
1.29154342962189676997e-02 -3.53256545195073012877e+00 -1.35188778914127238906e+00 8.80038587688238322926e+01 1.37557192906951003888e-03
1.54983277061159028382e-02 -3.53180278542654990659e+00 -1.35188887212401098736e+00 8.80045823363941082107e+01 1.60836924877083781507e-03
1.80811156003663868475e-02 -3.53104390808426149562e+00 -1.35188859763710889084e+00 8.80052898924740674147e+01 1.82707558459369880620e-03
2.06637803948452533631e-02 -3.53028881720355247609e+00 -1.35188696854488843435e+00 8.80059814590362208264e+01 2.03169800895014202730e-03
2.32463045062654173611e-02 -3.52953751003248328288e+00 -1.35188398768918993653e+00 8.80066570581972058562e+01 2.22224397796873295377e-03
2.58286703522975918945e-02 -3.52878998378973829375e+00 -1.35187965788963770919e+00 8.80073167123209998408e+01 2.39872133911918578378e-03
2.84108603516900135033e-02 -3.52804623565839925448e+00 -1.35187398194325325562e+00 8.80079604437183036225e+01 2.56113830560289771829e-03
3.09928569243880722150e-02 -3.52730626279351477947e+00 -1.35186696262516026223e+00 8.80085882750041861300e+01 2.70950348564096736917e-03
3.35746424916540803229e-02 -3.52657006231797165441e+00 -1.35185860268834767695e+00 8.80092002288974128987e+01 2.84382586464029980811e-03
3.61561994761869162640e-02 -3.52583763132343941393e+00 -1.35184890486384201580e+00 8.80097963282621122971e+01 2.96411480783697776561e-03
3.87375103022416650278e-02 -3.52510896687040142794e+00 -1.35183787186080639486e+00 8.80103765961061839107e+01 3.07038005911099923934e-03
4.13185573957493418318e-02 -3.52438406599151576870e+00 -1.35182550636807818911e+00 8.80109410557382858542e+01 3.16263180875113155202e-03
4.38993231844364839578e-02 -3.52366292568094596760e+00 -1.35181181104961001260e+00 8.80114897302557039893e+01 3.24088046871897099074e-03
4.64797900979448119774e-02 -3.52294554290812289565e+00 -1.35179678855056151221e+00 8.80120226431979375548e+01 3.30513695923777880287e-03
4.90599405679508632216e-02 -3.52223191460979112577e+00 -1.35178044149390674811e+00 8.80125398181644840179e+01 3.35541253985175043362e-03
5.16397570282855211676e-02 -3.52152203769183591575e+00 -1.35176277248132903352e+00 8.80130412788993226059e+01 3.39171884606161025758e-03
5.42192219150537807471e-02 -3.52081590902933383447e+00 -1.35174378409331574780e+00 8.80135270492900758654e+01 3.41406788833388064389e-03
5.67983176667541181382e-02 -3.52011352546657763085e+00 -1.35172347888927668613e+00 8.80139971533674838611e+01 3.42247205110231701025e-03
5.93770267243982005634e-02 -3.51941488382010003733e+00 -1.35170185941033249577e+00 8.80144516154465463842e+01 3.41694422068094475625e-03
6.19553315316303740423e-02 -3.51871998086848281062e+00 -1.35167892817013957085e+00 8.80148904596382379850e+01 3.39749733930971766632e-03
6.45332145348472135948e-02 -3.51802881336597739192e+00 -1.35165468766737584261e+00 8.80153137104969829352e+01 3.36414499721114906156e-03
6.71106581833170040552e-02 -3.51734137803439406156e+00 -1.35162914037841774828e+00 8.80157213926316046582e+01 3.31690107531888798281e-03
6.96876449292992278250e-02 -3.51665767156499642354e+00 -1.35160228875914101287e+00 8.80161135307933903960e+01 3.25577982577716440807e-03
7.22641572281641081377e-02 -3.51597769061852716277e+00 -1.35157413524504810276e+00 8.80164901498757501486e+01 3.18079587109654097002e-03
7.48401775385119094608e-02 -3.51530143182524801304e+00 -1.35154468225137014414e+00 8.80168512749138756135e+01 3.09196420328959045362e-03
7.74156883222925085164e-02 -3.51462889178496284970e+00 -1.35151393217318727125e+00 8.80171969310842285950e+01 2.98930018295014924418e-03
7.99906720449247571336e-02 -3.51396006706890018378e+00 -1.35148188738884056370e+00 8.80175271437924351403e+01 2.87281969615071387791e-03
8.25651111754157757128e-02 -3.51329495421314819126e+00 -1.35144855024826404666e+00 8.80178419383594956571e+01 2.74253858995553243677e-03
8.51389881864804548561e-02 -3.51263354972764041406e+00 -1.35141392308917263065e+00 8.80181413404474142226e+01 2.59847344014119867664e-03
8.77122855546606100541e-02 -3.51197584986716204725e+00 -1.35137800831925591893e+00 8.80184253757984578215e+01 2.44064108041238108510e-03
9.02849857604444694381e-02 -3.51132185152414066920e+00 -1.35134080804978107260e+00 8.80186940702959930150e+01 2.26905870789075253882e-03
9.28570712883857868336e-02 -3.51067155089535942736e+00 -1.35130232465054533897e+00 8.80189474499628659032e+01 2.08374388632654805945e-03
9.54285246272232184905e-02 -3.51002494436824141744e+00 -1.35126256037905001506e+00 8.80191855409620131923e+01 1.88471454262260440862e-03
9.79993282699994638918e-02 -3.50938202829994949639e+00 -1.35122151747361329832e+00 8.80194083695960216573e+01 1.67198896668700920654e-03
1.00569464714180475950e-01 -3.50874279901739205556e+00 -1.35117919815349663004e+00 8.80196159623068865585e+01 1.44558581053392458220e-03
1.03138916461774601818e-01 -3.50810725281787050278e+00 -1.35113560462226578451e+00 8.80198083457054138989e+01 1.20552424244980429212e-03
1.05707666019451862471e-01 -3.50747538596681707190e+00 -1.35109073905607668387e+00 8.80199855464639711045e+01 9.51823380355938013578e-04
1.08275695898662718819e-01 -3.50684719470092431948e+00 -1.35104460362019951347e+00 8.80201475914633846287e+01 6.84503074898211807432e-04
1.10842988615757503945e-01 -3.50622267522623376479e+00 -1.35099720045897764287e+00 8.80202945077020473263e+01 4.03583422204021366030e-04
1.13409526692105272483e-01 -3.50560182371858353179e+00 -1.35094853169832229689e+00 8.80204263223169647290e+01 1.09084877013831973666e-04
1.15975292654212733257e-01 -3.50498463632362033948e+00 -1.35089859944584955720e+00 8.80205430625833713520e+01 -1.98971748175419475531e-04
1.18540269033843417845e-01 -3.50437110915679417289e+00 -1.35084740579100692770e+00 8.80206447559147733273e+01 -5.20565283914301100282e-04
1.21104438368136405058e-01 -3.50376123830336583254e+00 -1.35079495280519878975e+00 8.80207314298627068183e+01 -8.55674204620205823210e-04
1.23667783199725281329e-01 -3.50315501981840604628e+00 -1.35074124254191563210e+00 8.80208031121165532795e+01 -1.20427662940713448535e-03
1.26230286076857156630e-01 -3.50255244972679191662e+00 -1.35068627703686883201e+00 8.80208598305034968234e+01 -1.56635032295684550191e-03
1.28791929553511097506e-01 -3.50195352402319937113e+00 -1.35063005830811322383e+00 8.80209016129883252688e+01 -1.94187269631856214078e-03
1.31352696189517337277e-01 -3.50135823867210227434e+00 -1.35057258835619009574e+00 8.80209284876732453995e+01 -2.33082080782357186494e-03
1.33912568550675792345e-01 -3.50076658960724174108e+00 -1.35051386916885363121e+00 8.80209404827722465825e+01 -2.73317114381437095347e-03
1.36471529208874592376e-01 -3.50017857273360322168e+00 -1.35045390270406540090e+00 8.80209376267080187972e+01 -3.14890043815853120854e-03
1.39029560742209123969e-01 -3.49959418392457299873e+00 -1.35039269091423341784e+00 8.80209199479735957539e+01 -3.57798452245048108009e-03
1.41586645735100435939e-01 -3.49901341902372609027e+00 -1.35033023573120170013e+00 8.80208874752199790237e+01 -4.02039904947916731243e-03
1.44142766778413616846e-01 -3.49843627384438615735e+00 -1.35026653906997662347e+00 8.80208402372352480825e+01 -4.47611932315069432908e-03
1.46697906469576699884e-01 -3.49786274416960418776e+00 -1.35020160282885015590e+00 8.80207782629443045153e+01 -4.94512029933400886622e-03
1.49252047412698846118e-01 -3.49729282575214783790e+00 -1.35013542888955417887e+00 8.80207015814089430705e+01 -5.42737658670112890075e-03
1.51805172218688999575e-01 -3.49672651431448500148e+00 -1.35006801911737928101e+00 8.80206102218277521843e+01 -5.92286244758906399444e-03
1.54357263505374042722e-01 -3.49616380554875183506e+00 -1.34999937536133374216e+00 8.80205042135360002931e+01 -6.43155179885219162317e-03
1.56908303897617312783e-01 -3.49560469511674787313e+00 -1.34992949945426654601e+00 8.80203835860057353102e+01 -6.95341821273754313176e-03
1.59458276027436895994e-01 -3.49504917864990360954e+00 -1.34985839321301925864e+00 8.80202483688455572519e+01 -7.48843491779400873692e-03
1.62007162534123755337e-01 -3.49449725174926006943e+00 -1.34978605843856258595e+00 8.80200985918007603459e+01 -8.03657479967225495121e-03
1.64554946064359886027e-01 -3.49394890998543994343e+00 -1.34971249691613826016e+00 8.80199342847532903988e+01 -8.59781040209500399540e-03
1.67101609272336831813e-01 -3.49340414889862582726e+00 -1.34963771041540181450e+00 8.80197554777216026878e+01 -9.17211392773234490683e-03
1.69647134819873285361e-01 -3.49286296399579088146e+00 -1.34956170069687519941e+00 8.80195622007297231448e+01 -9.75945693908776557013e-03
1.72191505376533410265e-01 -3.49232535076102879046e+00 -1.34948446948833078451e+00 8.80193544843037045666e+01 -1.03598114900148915302e-02
1.74734703619744774494e-01 -3.49179130464075404561e+00 -1.34940601851868668959e+00 8.80191323587634286696e+01 -1.09731485203628988806e-02
1.77276712234916367095e-01 -3.49126082105305668435e+00 -1.34932634949676377722e+00 8.80188958546730191301e+01 -1.15994388750081632578e-02
1.79817513915556254078e-01 -3.49073389538542189214e+00 -1.34924546411653234479e+00 8.80186450027331375168e+01 -1.22386530619621528015e-02
1.82357091363389622884e-01 -3.49021052299470069258e+00 -1.34916336405726844383e+00 8.80183798337811111878e+01 -1.28907612532282132844e-02
1.84895427288476549288e-01 -3.48969069920706598253e+00 -1.34908005098369687680e+00 8.80181003787908480263e+01 -1.35557332857475423132e-02
1.87432504409329458994e-01 -3.48917441931797522869e+00 -1.34899552654613863467e+00 8.80178066688729217049e+01 -1.42335386622885005231e-02
1.89968305453031172103e-01 -3.48866167859213316405e+00 -1.34890979238067343360e+00 8.80174987352746711622e+01 -1.49241465523674756571e-02
1.92502813155352114904e-01 -3.48815247226344782305e+00 -1.34882285010928604230e+00 8.80171766093801721809e+01 -1.56275257931355743279e-02
1.95036010260868170052e-01 -3.48764679553498702091e+00 -1.34873470134002482190e+00 8.80168403227103510744e+01 -1.63436448903339741345e-02
1.97567879523077832848e-01 -3.48714464357893527691e+00 -1.34864534766714450065e+00 8.80164899069230983741e+01 -1.70724720191992827834e-02
2.00098403704520089175e-01 -3.48664601153654762911e+00 -1.34855479067127848047e+00 8.80161253938132546182e+01 -1.78139750254211332026e-02
2.02627565576891321975e-01 -3.48615089451810744592e+00 -1.34846303191958272194e+00 8.80157468153128377253e+01 -1.85681214260542716554e-02
2.05155347921162689584e-01 -3.48565928760286736221e+00 -1.34837007296589961314e+00 8.80153542034909435188e+01 -1.93348784104871267153e-02
2.07681733527697698349e-01 -3.48517118583901286399e+00 -1.34827591535091850794e+00 8.80149475905540441545e+01 -2.01142128413823138844e-02
2.10206705196368998090e-01 -3.48468658423693700144e+00 -1.34818056061030855375e+00 8.80145270085280344574e+01 -2.09060908764247890823e-02
2.12730245736675399604e-01 -3.48420547779463563032e+00 -1.34808401024452062522e+00 8.80140924904725210354e+01 -2.17104794120588570627e-02
2.15252337967859502799e-01 -3.48372786146111135253e+00 -1.34798626576243374409e+00 8.80136440687369372426e+01 -2.25273440182625177275e-02
2.17772964719024048064e-01 -3.48325373015970418678e+00 -1.34788732865376226222e+00 8.80131817760767916070e+01 -2.33566502583906626667e-02
2.20292108829248989288e-01 -3.48278307878240545037e+00 -1.34778720039587618373e+00 8.80127056453853526818e+01 -2.41983633736297561179e-02
2.22809753147708622389e-01 -3.48231590218980935347e+00 -1.34768588245397213932e+00 8.80122157096938337872e+01 -2.50524482839909676257e-02
2.25325880533787908933e-01 -3.48185219521104727392e+00 -1.34758337628123747720e+00 8.80117120021714924860e+01 -2.59188695892582365854e-02
2.27840473857199465879e-01 -3.48139195264373624283e+00 -1.34747968331901679662e+00 8.80111945561258295356e+01 -2.67975915699907446532e-02
2.30353515998100027984e-01 -3.48093516925389900862e+00 -1.34737480499698447645e+00 8.80106634050026741534e+01 -2.76885781884592986624e-02
2.32864989847207326523e-01 -3.48048183977592762162e+00 -1.34726874273331276299e+00 8.80101185823864256008e+01 -2.85917930896630381743e-02
2.35374878305916024335e-01 -3.48003195891250083349e+00 -1.34716149793483985775e+00 8.80095601220001242382e+01 -2.95071996023082878946e-02
2.37883164286414594546e-01 -3.47958552133452636568e+00 -1.34705307199724777512e+00 8.80089880577057783739e+01 -3.04347607397934503959e-02
2.40389830711801560925e-01 -3.47914252168107163143e+00 -1.34694346630523154040e+00 8.80084024235044068973e+01 -3.13744392012114819979e-02
2.42894860516201405165e-01 -3.47870295455930067519e+00 -1.34683268223267837982e+00 8.80078032535363519173e+01 -3.23261973723667009328e-02
2.45398236644881417856e-01 -3.47826681454440622687e+00 -1.34672072114283714050e+00 8.80071905820813356058e+01 -3.32899973267603704885e-02
2.47899942054367217192e-01 -3.47783409617953243043e+00 -1.34660758438850058916e+00 8.80065644435588012584e+01 -3.42658008266682190257e-02
2.50399959712559072589e-01 -3.47740479396597290673e+00 -1.34649327331868717827e+00 8.80059248720645115327e+01 -3.52535690161809300847e-02
2.52898272598847562165e-01 -3.47697890240049867216e+00 -1.34637778925394235863e+00 8.80052719031509695924e+01 -3.62532636002035335565e-02
2.55394863704230257184e-01 -3.47655641592129471817e+00 -1.34626113352230714071e+00 8.80046055712576844599e+01 -3.72648451505547470552e-02
2.57889716031426352583e-01 -3.47613732894258520290e+00 -1.34614330743657117928e+00 8.80039259113636518350e+01 -3.82882741934510370529e-02
2.60382812594993184874e-01 -3.47572163584619442389e+00 -1.34602431229996555295e+00 8.80032329585884127710e+01 -3.93235109488575401704e-02
2.62874136421441917388e-01 -3.47530933098145178306e+00 -1.34590414940636082797e+00 8.80025267481924515778e+01 -4.03705153315474657427e-02
2.65363670549352448358e-01 -3.47490040866512694961e+00 -1.34578282004044735842e+00 8.80018073155774089855e+01 -4.14292469521047451719e-02
2.67851398029489484731e-01 -3.47449486318134947993e+00 -1.34566032547792446827e+00 8.80010746962862242526e+01 -4.24996651179931142495e-02
2.70337301924917894347e-01 -3.47409268878152177606e+00 -1.34553666698568585858e+00 8.80003289260035472807e+01 -4.35817288346182982184e-02
2.72821365311117669528e-01 -3.47369387968424847557e+00 -1.34541184582201922559e+00 8.79995700405558523016e+01 -4.46753968063871853555e-02
2.75303571276099334764e-01 -3.47329843007525251863e+00 -1.34528586323678189807e+00 8.79987980759118215701e+01 -4.57806274377397445785e-02
2.77783902920519187862e-01 -3.47290633410728633024e+00 -1.34515872047161200165e+00 8.79980130681824874728e+01 -4.68973788342595607204e-02
2.80262343357794374565e-01 -3.47251758590005454863e+00 -1.34503041876010343003e+00 8.79972150536216730643e+01 -4.80256088037387049439e-02
2.82738875714217352542e-01 -3.47213217954012831612e+00 -1.34490095932802766754e+00 8.79964040686261199653e+01 -4.91652748572243489256e-02
2.85213483129071798672e-01 -3.47175010908085956984e+00 -1.34477034339349632575e+00 8.79955801497358294228e+01 -5.03163342101639737836e-02
2.87686148754746129352e-01 -3.47137136854229755301e+00 -1.34463857216719273602e+00 8.79947433336344317922e+01 -5.14787437834871089426e-02
2.90156855756849185735e-01 -3.47099595191109644432e+00 -1.34450564685255247177e+00 8.79938936571493854899e+01 -5.26524602046394632482e-02
2.92625587314324475674e-01 -3.47062385278919993681e+00 -1.34437156861744999681e+00 8.79930311567038785370e+01 -5.38374396221756867931e-02
2.95092326619564693235e-01 -3.47025506579208498081e+00 -1.34423633870247893896e+00 8.79921558704314463739e+01 -5.50336384235089390304e-02
2.97557056878526016153e-01 -3.46988958446084216902e+00 -1.34409995826789674389e+00 8.79912678351137458321e+01 -5.62410122011538504694e-02
3.00019761310842958402e-01 -3.46952740264763859201e+00 -1.34396242849020519650e+00 8.79903670881556507766e+01 -5.74595164193962767984e-02
3.02480423149941946015e-01 -3.46916851417080795983e+00 -1.34382375053968261547e+00 8.79894536671073126399e+01 -5.86891062545586081334e-02
3.04939025643155781076e-01 -3.46881291281473513877e+00 -1.34368392558060056885e+00 8.79885276096646435917e+01 -5.99297365962013703355e-02
3.07395552051837939178e-01 -3.46846059232977932396e+00 -1.34354295477142771098e+00 8.79875889536694728577e+01 -6.11813620482275777324e-02
3.09849985651476145243e-01 -3.46811154643217545157e+00 -1.34340083926504361145e+00 8.79866377371099872562e+01 -6.24439369300412994157e-02
3.12302309731806226889e-01 -3.46776576880393072599e+00 -1.34325758020895724698e+00 8.79856739981210580481e+01 -6.37174152776728425218e-02
3.14752507596926411892e-01 -3.46742325309274335154e+00 -1.34311317874551217066e+00 8.79846977749845535755e+01 -6.50017508449372560797e-02
3.17200562565410182359e-01 -3.46708399291189595104e+00 -1.34296763601211610606e+00 8.79837091061297371652e+01 -6.62968971046083710430e-02
3.19646457970420572181e-01 -3.46674798184015608982e+00 -1.34282095314144900300e+00 8.79827080301335513468e+01 -6.76028072495836740430e-02
3.22090177159823132236e-01 -3.46641521342168790198e+00 -1.34267313126168086335e+00 8.79816945857210441773e+01 -6.89194341940324722851e-02
3.24531703496299839262e-01 -3.46608568116594373265e+00 -1.34252417149671110508e+00 8.79806688117657387238e+01 -7.02467305746304893077e-02
3.26971020357461672479e-01 -3.46575937854756599421e+00 -1.34237407496636640403e+00 8.79796307472899457025e+01 -7.15846487516212381941e-02
3.29408111135962355931e-01 -3.46543629900629213125e+00 -1.34222284278664938384e+00 8.79785804314651898039e+01 -7.29331408101778072561e-02
3.31842959239611323685e-01 -3.46511643594684892733e+00 -1.34207047606994711586e+00 8.79775179036125649645e+01 -7.42921585614527424379e-02
3.34275548091486185420e-01 -3.46479978273885080853e+00 -1.34191697592527026117e+00 8.79764432032031322706e+01 -7.56616535438782156220e-02
3.36705861130046413265e-01 -3.46448633271669770295e+00 -1.34176234345848066631e+00 8.79753563698582894403e+01 -7.70415770243202541190e-02
3.39133881809245474326e-01 -3.46417607916531444801e+00 -1.34160657977304365041e+00 8.79742574426798427112e+01 -7.84318799756540951940e-02
3.41559593598643573831e-01 -3.46386901537489277914e+00 -1.34144968596832270258e+00 8.79731464628467989542e+01 -7.98325131652159319939e-02
3.43982979983520398282e-01 -3.46356513456099435189e+00 -1.34129166314252179504e+00 8.79720234698388026118e+01 -8.12434270348527387551e-02
3.46404024464987525533e-01 -3.46326442991610949917e+00 -1.34113251239123898451e+00 8.79708885038816248425e+01 -8.26645717772504645682e-02
3.48822710560100557320e-01 -3.46296689459698958657e+00 -1.34097223480810168184e+00 8.79697416053533203240e+01 -8.40958973196627712632e-02
3.51239021801971362802e-01 -3.46267252172454620407e+00 -1.34081083148499291546e+00 8.79685828147846251568e+01 -8.55373533251580497883e-02
3.53652941739880488647e-01 -3.46238130438373215014e+00 -1.34064830351232600059e+00 8.79674121728593547687e+01 -8.69888891939234326633e-02
3.56064453939388791959e-01 -3.46209323562345350211e+00 -1.34048465197924548953e+00 8.79662297204148586616e+01 -8.84504540644113768089e-02
3.58473541982449628307e-01 -3.46180830845644482707e+00 -1.34031987797390450545e+00 8.79650354984423898941e+01 -8.99219968147315640294e-02
3.60880189467520207103e-01 -3.46152651585917547905e+00 -1.34015398258370521667e+00 8.79638295480876308829e+01 -9.14034660638802787247e-02
3.63284380009673946166e-01 -3.46124785077173235948e+00 -1.33998696689554153139e+00 8.79626119106509634094e+01 -9.28948101729723946240e-02
3.65686097240711160961e-01 -3.46097230609770845078e+00 -1.33981883199605800172e+00 8.79613826275880086314e+01 -9.43959772466361896059e-02
3.68085324809271363655e-01 -3.46069987470410156405e+00 -1.33964957897189984593e+00 8.79601417405101670965e+01 -9.59069151341563619351e-02
3.70482046380943785824e-01 -3.46043054942120065220e+00 -1.33947920890996963195e+00 8.79588892911847466394e+01 -9.74275714309308510375e-02
3.72876245638379399949e-01 -3.46016432304247745222e+00 -1.33930772289768240668e+00 8.79576253215357155568e+01 -9.89578934797202686147e-02
3.75267906281401164570e-01 -3.45990118832447102193e+00 -1.33913512202322637634e+00 8.79563498736440010362e+01 -1.00497828371916092527e-01
3.77657012027115768227e-01 -3.45964113798668648769e+00 -1.33896140737582869384e+00 8.79550629897480007457e+01 -1.02047322948964680478e-01
3.80043546610023985632e-01 -3.45938416471147203168e+00 -1.33878658004600681330e+00 8.79537647122438812630e+01 -1.03606323803610983481e-01
3.82427493782131422417e-01 -3.45913026114391630728e+00 -1.33861064112584471353e+00 8.79524550836863312497e+01 -1.05174777281255737993e-01
3.84808837313059592944e-01 -3.45887941989173786084e+00 -1.33843359170925491064e+00 8.79511341467887461931e+01 -1.06752629481352889762e-01
3.87187560990155776874e-01 -3.45863163352516700400e+00 -1.33825543289224979659e+00 8.79498019444237399966e+01 -1.08339826258709498452e-01
3.89563648618604152496e-01 -3.45838689456026404656e+00 -1.33807616576950261233e+00 8.79484585188423295676e+01 -1.09936313401104351906e-01
3.91937084021535264711e-01 -3.45814519552321364415e+00 -1.33789579144913561848e+00 8.79471039147112350065e+01 -1.11542035940356040746e-01
3.94307851040136658760e-01 -3.45790652885623028823e+00 -1.33771431103168070287e+00 8.79457381746818498414e+01 -1.13156939168071041246e-01
3.96675933533762792305e-01 -3.45767088697846469714e+00 -1.33753172562426514425e+00 8.79443613422677401559e+01 -1.14780967974241629448e-01
3.99041315380044780969e-01 -3.45743826227102069026e+00 -1.33734803633750254370e+00 8.79429734611440778735e+01 -1.16414067011100866300e-01
4.01403980475000310424e-01 -3.45720864707683261940e+00 -1.33716324428575683569e+00 8.79415745751479533965e+01 -1.18056180694572007694e-01
4.03763912733143492950e-01 -3.45698203370057211004e+00 -1.33697735058742894765e+00 8.79401647282791287807e+01 -1.19707253205574584709e-01
4.06121096087593724810e-01 -3.45675841440851172592e+00 -1.33679035636525167519e+00 8.79387439647002508991e+01 -1.21367228491544937308e-01
4.08475514490185875882e-01 -3.45653778142843748356e+00 -1.33660226274656235290e+00 8.79373123287374482970e+01 -1.23036050267783775292e-01
4.10827151911578702936e-01 -3.45632012694950896403e+00 -1.33641307086360461298e+00 8.79358698648807717291e+01 -1.24713662018941337517e-01
4.13175992341364761717e-01 -3.45610544312216827478e+00 -1.33622278185381504478e+00 8.79344166177848336474e+01 -1.26400007000390557366e-01
4.15522019788178931243e-01 -3.45589372166557362576e+00 -1.33603139658331548922e+00 8.79329526322923840098e+01 -1.28095028192961868374e-01
4.17865218279807715263e-01 -3.45568495543553932947e+00 -1.33583891673887777962e+00 8.79314779533414139223e+01 -1.29798668489283369754e-01
4.20205571863297211443e-01 -3.45547913607526835378e+00 -1.33564534321357775148e+00 8.79299926261062694266e+01 -1.31510870421064296476e-01
4.22543064605062523853e-01 -3.45527625557918316446e+00 -1.33545067716859389151e+00 8.79284966959041724976e+01 -1.33231576341290042231e-01
4.24877680590995954191e-01 -3.45507630590242964530e+00 -1.33525491977178556446e+00 8.79269902082192231774e+01 -1.34960728380997208031e-01
4.27209403926575026489e-01 -3.45487927896075497358e+00 -1.33505807219799765839e+00 8.79254732087029964305e+01 -1.36698268450795940021e-01
4.29538218736971288969e-01 -3.45468516663038371917e+00 -1.33486013562938699017e+00 8.79239457431748547833e+01 -1.38444138242380887505e-01
4.31864109167158116698e-01 -3.45449396074792458577e+00 -1.33466111125571318397e+00 8.79224078576227157100e+01 -1.40198279229928363110e-01
4.34187059382018403220e-01 -3.45430565311024961872e+00 -1.33446100027466374449e+00 8.79208595982032647953e+01 -1.41960632671766201485e-01
4.36507053566452751792e-01 -3.45412023547438362669e+00 -1.33425980389215359523e+00 8.79193010112426094338e+01 -1.43731139611772029685e-01
4.38824075925487055994e-01 -3.45393769955739315947e+00 -1.33405752332265947757e+00 8.79177321432369183185e+01 -1.45509740880974569599e-01
4.41138110684379691762e-01 -3.45375803703628081465e+00 -1.33385415978952237559e+00 8.79161530408525351277e+01 -1.47296377099034231373e-01
4.43449142088729597599e-01 -3.45358123952926376887e+00 -1.33364971451597358332e+00 8.79145637500527783459e+01 -1.49090989115041594459e-01
4.45757154404582744966e-01 -3.45340729866818474392e+00 -1.33344418876188308687e+00 8.79129643195052778992e+01 -1.50893516290060314411e-01
4.48062131918540051956e-01 -3.45323620599230451944e+00 -1.33323758377058210201e+00 8.79113547955977452375e+01 -1.52703899023259148660e-01
4.50364058937863631638e-01 -3.45306795301724811509e+00 -1.33302990080413485963e+00 8.79097352256826951589e+01 -1.54522077104667782121e-01
4.52662919790584206137e-01 -3.45290253121802193093e+00 -1.33282114113510963271e+00 8.79081056572855175091e+01 -1.56347990120862340158e-01
4.54958698825607410487e-01 -3.45273993202890894239e+00 -1.33261130604690092305e+00 8.79064661381050456157e+01 -1.58181577456410621396e-01
4.57251380412820318533e-01 -3.45258014684337144473e+00 -1.33240039683408673099e+00 8.79048167160140252463e+01 -1.60022778295643985924e-01
4.59540948943198301890e-01 -3.45242316701393203715e+00 -1.33218841480274385880e+00 8.79031574390596261992e+01 -1.61871531624163900176e-01
4.61827388828911278296e-01 -3.45226898385207947584e+00 -1.33197536127079763091e+00 8.79014883554639538943e+01 -1.63727776230447263917e-01
4.64110684503429071768e-01 -3.45211758862814743765e+00 -1.33176123756836850553e+00 8.78998095136245041203e+01 -1.65591450707538834219e-01
4.66390820421628160553e-01 -3.45196897257122436997e+00 -1.33154604503811091476e+00 8.78981209621147598909e+01 -1.67462493454663602366e-01
4.68667781059897148310e-01 -3.45182312686905001797e+00 -1.33132978503556032024e+00 8.78964227496847314569e+01 -1.69340842678839142987e-01
4.70941550916242568370e-01 -3.45168004266790751089e+00 -1.33111245892949203729e+00 8.78947149252612547343e+01 -1.71226436396570147469e-01
4.73212114510394632472e-01 -3.45153971107252433015e+00 -1.33089406810225985289e+00 8.78929975379487018472e+01 -1.73119212435526276250e-01
4.75479456383912424400e-01 -3.45140212314595684617e+00 -1.33067461395016439774e+00 8.78912706370293932423e+01 -1.75019108436115899963e-01
4.77743561100288705035e-01 -3.45126726990952281682e+00 -1.33045409788380175620e+00 8.78895342719641661233e+01 -1.76926061853330929274e-01
4.80004413245055938653e-01 -3.45113514234266816061e+00 -1.33023252132842872975e+00 8.78877884923927865657e+01 -1.78840009958328327588e-01
4.82261997425890265312e-01 -3.45100573138289368202e+00 -1.33000988572431921853e+00 8.78860333481345037399e+01 -1.80760889840102467740e-01
4.84516298272717305107e-01 -3.45087902792563960830e+00 -1.32978619252713614607e+00 8.78842688891886609781e+01 -1.82688638407321135571e-01
4.86767300437815575442e-01 -3.45075502282419988020e+00 -1.32956144320829272587e+00 8.78824951657348663048e+01 -1.84623192389935658619e-01
4.89014988595922406311e-01 -3.45063370688962711696e+00 -1.32933563925533304584e+00 8.78807122281339445635e+01 -1.86564488340962036927e-01
4.91259347444337080013e-01 -3.45051507089064291023e+00 -1.32910878217228400899e+00 8.78789201269280937368e+01 -1.88512462638223604605e-01
4.93500361703025469673e-01 -3.45039910555352413724e+00 -1.32888087348005590194e+00 8.78771189128414533798e+01 -1.90467051486106209168e-01
4.95738016114724178163e-01 -3.45028580156204256468e+00 -1.32865191471679566781e+00 8.78753086367807298984e+01 -1.92428190917231706214e-01
4.97972295445044454976e-01 -3.45017514955734583282e+00 -1.32842190743829013932e+00 8.78734893498355376096e+01 -1.94395816794407760852e-01
5.00203184482575280434e-01 -3.45006714011824744404e+00 -1.32819085320198948530e+00 8.78716611023604485808e+01 -1.96369865578635782732e-01
5.02430668038987948698e-01 -3.44996176383787256370e+00 -1.32795875363144366688e+00 8.78698239475640008322e+01 -1.98350271326555277485e-01
5.04654730949138929930e-01 -3.44985901092443114635e+00 -1.32772560971184638845e+00 8.78679779362443156288e+01 -2.00336969997586739067e-01
5.06875358071172565921e-01 -3.44975887243157197659e+00 -1.32749142427011057599e+00 8.78661231202299290999e+01 -2.02329897016541138122e-01
5.09092534286625153506e-01 -3.44966133848992129174e+00 -1.32725619836938824037e+00 8.78642595515321573885e+01 -2.04328987313982440854e-01
5.11306244500527418140e-01 -3.44956639948319132571e+00 -1.32701993367936532664e+00 8.78623872823480098759e+01 -2.06334175771127587007e-01
5.13516473641507098513e-01 -3.44947404575189509046e+00 -1.32678263189008371903e+00 8.78605063650608997250e+01 -2.08345397112033009490e-01
5.15723206661891864222e-01 -3.44938426759325800219e+00 -1.32654429471235491000e+00 8.78586168522408854642e+01 -2.10362585905351617832e-01
5.17926428537812011399e-01 -3.44929705526116014980e+00 -1.32630492387814369337e+00 8.78567187966454383741e+01 -2.12385676566222786343e-01
5.20126124269301826075e-01 -3.44921239896604170383e+00 -1.32606452114100892281e+00 8.78548122512196556499e+01 -2.14414603358135530398e-01
5.22322278880402501855e-01 -3.44913028887484474083e+00 -1.32582308827646211391e+00 8.78528972690968572579e+01 -2.16449300394820770554e-01
5.24514877419263836344e-01 -3.44905071511093419545e+00 -1.32558062708242530015e+00 8.78509739035990122602e+01 -2.18489701642150868643e-01
5.26703904958246260648e-01 -3.44897366775402414163e+00 -1.32533713937961517004e+00 8.78490422082371935630e+01 -2.20535740920017292455e-01
5.28889346594021980685e-01 -3.44889913684012539008e+00 -1.32509262701197605416e+00 8.78471022367120610852e+01 -2.22587351904245778211e-01
5.31071187447676895665e-01 -3.44882711236146910494e+00 -1.32484709184708338015e+00 8.78451540429142312405e+01 -2.24644468128600893753e-01
5.33249412664811961449e-01 -3.44875758426643264087e+00 -1.32460053577658110058e+00 8.78431976809247885285e+01 -2.26707022986588513369e-01
5.35424007415643554708e-01 -3.44869054245950978910e+00 -1.32435296071658026307e+00 8.78412332050157118601e+01 -2.28774949733511423489e-01
5.37594956895105391403e-01 -3.44862597680121663046e+00 -1.32410436860812730231e+00 8.78392606696503435160e+01 -2.30848181488350623347e-01
5.39762246322948779920e-01 -3.44856387710805378788e+00 -1.32385476141759750313e+00 8.78372801294837444175e+01 -2.32926651235805609597e-01
5.41925860943843207274e-01 -3.44850423315244869471e+00 -1.32360414113711999384e+00 8.78352916393631488745e+01 -2.35010291828211898002e-01
5.44085786027477369409e-01 -3.44844703466269919545e+00 -1.32335250978505625241e+00 8.78332952543284193325e+01 -2.37099035987544309867e-01
5.46242006868658758201e-01 -3.44839227132292247546e+00 -1.32309986940638624198e+00 8.78312910296124016440e+01 -2.39192816307458838709e-01
5.48394508787414136641e-01 -3.44833993277301820157e+00 -1.32284622207319291221e+00 8.78292790206414935028e+01 -2.41291565255237761001e-01
5.50543277129089347888e-01 -3.44829000860860501732e+00 -1.32259156988505477415e+00 8.78272592830358149740e+01 -2.43395215173859869040e-01
5.52688297264449235335e-01 -3.44824248838099212122e+00 -1.32233591496954128175e+00 8.78252318726097911394e+01 -2.45503698284016913522e-01
5.54829554589777229623e-01 -3.44819736159712819656e+00 -1.32207925948261539872e+00 8.78231968453724647361e+01 -2.47616946686128797106e-01
5.56967034526974602571e-01 -3.44815461770213582682e+00 -1.32182160558644912207e+00 8.78211542567171079554e+01 -2.49734893419879089294e-01
5.59100722523659832142e-01 -3.44811424614750627882e+00 -1.32156295553886704575e+00 8.78191041645947620964e+01 -2.51857468313624932588e-01
5.61230604053267856379e-01 -3.44807623629087078854e+00 -1.32130331156266267456e+00 8.78170466248544840937e+01 -2.53984604104799727153e-01
5.63356664615148439168e-01 -3.44804057746139047680e+00 -1.32104267593196622599e+00 8.78149816942872831760e+01 -2.56116232433745094621e-01
5.65478889734665535194e-01 -3.44800725894371939972e+00 -1.32078105095160491800e+00 8.78129094298808041685e+01 -2.58252284831014977673e-01
5.67597264963295100593e-01 -3.44797626997796191617e+00 -1.32051843895753218128e+00 8.78108298888194696019e+01 -2.60392692719413232361e-01
5.69711775878724790978e-01 -3.44794759975966025323e+00 -1.32025484231732148643e+00 8.78087431284848776158e+01 -2.62537387416100331805e-01
5.71822408084950328799e-01 -3.44792123747464884786e+00 -1.31999026251235962448e+00 8.78066492063604187024e+01 -2.64686299954143278157e-01
5.73929147212374757281e-01 -3.44789717219199953746e+00 -1.31972470378456607776e+00 8.78045481804050922392e+01 -2.66839361803412888907e-01
5.76031978917906362092e-01 -3.44787539297791312265e+00 -1.31945816770785140370e+00 8.78024401085076107165e+01 -2.68996503800353337077e-01
5.78130888885055260751e-01 -3.44785588884960025879e+00 -1.31919065678097879868e+00 8.78003250488419837438e+01 -2.71157656861117646319e-01
5.80225862824032101450e-01 -3.44783864877964063567e+00 -1.31892217353667473567e+00 8.77982030597807892036e+01 -2.73322751807015540404e-01
5.82316886471844319395e-01 -3.44782366169600473782e+00 -1.31865272054213478192e+00 8.77960741998959832699e+01 -2.75491719366702803029e-01
5.84403945592394169495e-01 -3.44781091648202675515e+00 -1.31838230039945814021e+00 8.77939385279589004085e+01 -2.77664490178357481476e-01
5.86487025976574760655e-01 -3.44780040197642545508e+00 -1.31811091574618433064e+00 8.77917961029406797024e+01 -2.79840994791938524333e-01
5.88566113442367422337e-01 -3.44779210697330240620e+00 -1.31783856925571352114e+00 8.77896469840124353823e+01 -2.82021163671334895717e-01
5.90641193834937960894e-01 -3.44778602022216551504e+00 -1.31756526363786630185e+00 8.77874912305456547301e+01 -2.84204927196706425008e-01
5.92712253026733248973e-01 -3.44778213042794323684e+00 -1.31729100163930756828e+00 8.77853289021123970315e+01 -2.86392215666559590836e-01
5.94779276917577259809e-01 -3.44778042625098590790e+00 -1.31701578604408542361e+00 8.77831600584854356839e+01 -2.88582959300207719799e-01
5.96842251434767101514e-01 -3.44778089630711148672e+00 -1.31673961967409769436e+00 8.77809847596387697877e+01 -2.90777088239897563149e-01
5.98901162533168496260e-01 -3.44778352916762020897e+00 -1.31646250538960196685e+00 8.77788030657476241458e+01 -2.92974532553109900945e-01
6.00955996195312258656e-01 -3.44778831335932078872e+00 -1.31618444608970541765e+00 8.77766150371888045356e+01 -2.95175222234888789963e-01
6.03006738431488664709e-01 -3.44779523736458370919e+00 -1.31590544471287662631e+00 8.77744207345407971843e+01 -2.97379087210094872340e-01
6.05053375279843597134e-01 -3.44780428962134877224e+00 -1.31562550423743140904e+00 8.77722202185841098299e+01 -2.99586057335765376664e-01
6.07095892806472914316e-01 -3.44781545852320459034e+00 -1.31534462768205862027e+00 8.77700135503013996185e+01 -3.01796062403398124285e-01
6.09134277105518040507e-01 -3.44782873241940057696e+00 -1.31506281810629865880e+00 8.77678007908776578461e+01 -3.04009032141286994477e-01
6.11168514299259779676e-01 -3.44784409961493443220e+00 -1.31478007861106926946e+00 8.77655820017003378553e+01 -3.06224896216901076862e-01
6.13198590538213572643e-01 -3.44786154837056990630e+00 -1.31449641233918357308e+00 8.77633572443596960966e+01 -3.08443584239210311093e-01
6.15224492001223088877e-01 -3.44788106690291451528e+00 -1.31421182247584167335e+00 8.77611265806486358088e+01 -3.10665025761038937624e-01
6.17246204895555039549e-01 -3.44790264336974239257e+00 -1.31392631221902367322e+00 8.77588900718820497104e+01 -3.12889151678705901283e-01
6.19263715456992658304e-01 -3.44792626592785289574e+00 -1.31363988489856242659e+00 8.77566477815655474615e+01 -3.15115888736951732518e-01
6.21277009949929293064e-01 -3.44795192264815497651e+00 -1.31335254380167376631e+00 8.77543997714719665737e+01 -3.17345167645682602053e-01
6.23286074667462219878e-01 -3.44797960157132354908e+00 -1.31306429228828847044e+00 8.77521461042066732716e+01 -3.19576917757373235585e-01
6.25290895931486012671e-01 -3.44800929069424322293e+00 -1.31277513376333221373e+00 8.77498868425784621650e+01 -3.21811068380466136496e-01
6.27291460092785357894e-01 -3.44804097860942304621e+00 -1.31248507057330843217e+00 8.77476220493138328038e+01 -3.24047548583407341027e-01
6.29287753531128202233e-01 -3.44807465201216256645e+00 -1.31219410840893946357e+00 8.77453517881806419609e+01 -3.26286287992901546939e-01
6.31279762655358012147e-01 -3.44811029934645363326e+00 -1.31190224972483071575e+00 8.77430761223312885022e+01 -3.28527215599632660403e-01
6.33267473903487365661e-01 -3.44814790843499974216e+00 -1.31160949811123273001e+00 8.77407951153888205909e+01 -3.30770260560103723790e-01
6.35250873742789323728e-01 -3.44818746705720258205e+00 -1.31131585720607479750e+00 8.77385088311800700467e+01 -3.33015351999017328311e-01
6.37229948669889467716e-01 -3.44822896294927083716e+00 -1.31102133069540127686e+00 8.77362173337354818159e+01 -3.35262419011686074732e-01
6.39204685210858825073e-01 -3.44827238380435519005e+00 -1.31072592231393447726e+00 8.77339206872892418687e+01 -3.37511390666641764025e-01
6.41175069921305018639e-01 -3.44831771727263269867e+00 -1.31042963584562266455e+00 8.77316189562791493017e+01 -3.39762196008095096467e-01
6.43141089386463082889e-01 -3.44836495096147155337e+00 -1.31013247512415298424e+00 8.77293122053468010790e+01 -3.42014764058441056438e-01
6.45102730221288278578e-01 -3.44841407243554964879e+00 -1.30983444403348192608e+00 8.77270004993372793933e+01 -3.44269023820773456546e-01
6.47059979070545909785e-01 -3.44846506921699225146e+00 -1.30953554650840287010e+00 8.77246839032993221963e+01 -3.46524904281528045580e-01
6.49012822608903250376e-01 -3.44851792878553586874e+00 -1.30923578653504257829e+00 8.77223624824850958248e+01 -3.48782334412923333833e-01
6.50961247541019139007e-01 -3.44857263857866014334e+00 -1.30893516815143273746e+00 8.77200363023502234228e+01 -3.51041243175604755766e-01
6.52905240601636016606e-01 -3.44862918599173040590e+00 -1.30863369544802199407e+00 8.77177054285536286216e+01 -3.53301559521120744911e-01
6.54844788555668411156e-01 -3.44868755837821083787e+00 -1.30833137256822662486e+00 8.77153699269573081665e+01 -3.55563212394614913681e-01
6.56779878198294642111e-01 -3.44874774304978526374e+00 -1.30802820370896544233e+00 8.77130298636265024470e+01 -3.57826130737394165759e-01
6.58710496355045971306e-01 -3.44880972727655299437e+00 -1.30772419312123244772e+00 8.77106853048291412733e+01 -3.60090243489468664340e-01
6.60636629881896420002e-01 -3.44887349828721401224e+00 -1.30741934511057267265e+00 8.77083363170360712502e+01 -3.62355479592254337007e-01
6.62558265665352030815e-01 -3.44893904326923461667e+00 -1.30711366403768236566e+00 8.77059829669205726077e+01 -3.64621767991100076411e-01
6.64475390622540684760e-01 -3.44900634936907435346e+00 -1.30680715431893590406e+00 8.77036253213583165689e+01 -3.66889037638044701595e-01
6.66387991701300586023e-01 -3.44907540369234544286e+00 -1.30649982042689427608e+00 8.77012634474270811324e+01 -3.69157217494382572376e-01
6.68296055880269523897e-01 -3.44914619330406324593e+00 -1.30619166689090282496e+00 8.76988974124065379101e+01 -3.71426236533266396211e-01
6.70199570168973357553e-01 -3.44921870522882478838e+00 -1.30588269829760039720e+00 8.76965272837780531745e+01 -3.73696023742509875198e-01
6.72098521607914500819e-01 -3.44929292645103879877e+00 -1.30557291929146157550e+00 8.76941531292242899553e+01 -3.75966508127182852395e-01
6.73992897268660184906e-01 -3.44936884545331867713e+00 -1.30526233363050181424e+00 8.76917750160576190410e+01 -3.78237618643532114149e-01
6.75882684253930277052e-01 -3.44944644616319173736e+00 -1.30495094799480315650e+00 8.76893930134768169182e+01 -3.80509284497655975166e-01
6.77767869697685210184e-01 -3.44952571688790854409e+00 -1.30463876623753960438e+00 8.76870071892235642963e+01 -3.82781434674998144452e-01
6.79648440765214134629e-01 -3.44960664445337750195e+00 -1.30432579324035180512e+00 8.76846176117829401164e+01 -3.85053998276708331350e-01
6.81524384653221182440e-01 -3.44968921563489727689e+00 -1.30401203390531872373e+00 8.76822243493094362066e+01 -3.87326906281889982164e-01
6.83395688589913286037e-01 -3.44977341720289842897e+00 -1.30369749331372819512e+00 8.76798274717047831928e+01 -3.89600084267894830603e-01
6.85262339835087441742e-01 -3.44985923585634379762e+00 -1.30338217649263254927e+00 8.76774270475620483012e+01 -3.91873463182655590309e-01
6.87124325680216641032e-01 -3.44994665826669777431e+00 -1.30306608856920802531e+00 8.76750231461627009821e+01 -3.94146972267074069407e-01
6.88981633448537245101e-01 -3.45003567106751773963e+00 -1.30274923473335069168e+00 8.76726158369863384223e+01 -3.96420540803719523293e-01
6.90834250495134805092e-01 -3.45012626085472229320e+00 -1.30243162023824243789e+00 8.76702051897101739542e+01 -3.98694098119805162561e-01
6.92682164207029549274e-01 -3.45021841418688079983e+00 -1.30211325040088188310e+00 8.76677912742084401998e+01 -4.00967573589711856474e-01
6.94525362003264090660e-01 -3.45031211758554201552e+00 -1.30179413060260507073e+00 8.76653741605520480107e+01 -4.03240896637921231171e-01
6.96363831334987137822e-01 -3.45040735753553473586e+00 -1.30147426628963680528e+00 8.76629539190079896116e+01 -4.05513996741765803122e-01
6.98197559685539759222e-01 -3.45050412048525689812e+00 -1.30115366297362178294e+00 8.76605306200387133231e+01 -4.07786803434238231958e-01
7.00026534570540759361e-01 -3.45060239284705083662e+00 -1.30083232623215394597e+00 8.76581043343016261815e+01 -4.10059246306764768608e-01
7.01850743537971277775e-01 -3.45070216099751325700e+00 -1.30051026170932448878e+00 8.76556751326485255049e+01 -4.12331255011963881962e-01
7.03670174168260054159e-01 -3.45080341127783318811e+00 -1.30018747511621501900e+00 8.76532430861249167720e+01 -4.14602759266659071091e-01
7.05484814074367139192e-01 -3.45090612999415746742e+00 -1.29986397223147776003e+00 8.76508082659693315009e+01 -4.16873688854453416930e-01
7.07294650901869381698e-01 -3.45101030341792203160e+00 -1.29953975890180295494e+00 8.76483707436128014479e+01 -4.19143973628736066228e-01
7.09099672329043584362e-01 -3.45111591778625559357e+00 -1.29921484104249618241e+00 8.76459305906780912210e+01 -4.21413543515439026343e-01
7.10899866066950880672e-01 -3.45122296171324149938e+00 -1.29888922434352638291e+00 8.76434878781493864608e+01 -4.23682328775686734001e-01
7.12695219859520112671e-01 -3.45133141666190068619e+00 -1.29856291554563108015e+00 8.76410426796617798573e+01 -4.25950259019881205536e-01
7.14485721483631763817e-01 -3.45144127106517828452e+00 -1.29823592039044610758e+00 8.76385950666081328109e+01 -4.28217264622041515754e-01
7.16271358749200004468e-01 -3.45155251102635585170e+00 -1.29790824507338120597e+00 8.76361451113708653793e+01 -4.30483275827036271366e-01
7.18052119499257623936e-01 -3.45166512261628710689e+00 -1.29757989586100341839e+00 8.76336928865204498607e+01 -4.32748222966653994792e-01
7.19827991610036854730e-01 -3.45177909187382958578e+00 -1.29725087909161662658e+00 8.76312384648144302446e+01 -4.35012036462269213732e-01
7.21598962991052972349e-01 -3.45189440480628340069e+00 -1.29692120117569986704e+00 8.76287819191965269283e+01 -4.37274646828027857559e-01
7.23365021585186451780e-01 -3.45201104738980202313e+00 -1.29659086859650551915e+00 8.76263233227958977523e+01 -4.39535984673413371304e-01
7.25126155368765124010e-01 -3.45212900556983415257e+00 -1.29625988791044166604e+00 8.76238627489260863968e+01 -4.41795980706383761838e-01
7.26882352351645444344e-01 -3.45224826526159178641e+00 -1.29592826574766206704e+00 8.76214002710841697308e+01 -4.44054565736140716137e-01
7.28633600577295093004e-01 -3.45236881235046677574e+00 -1.29559600881250691629e+00 8.76189359629498056847e+01 -4.46311670676043270589e-01
7.30379888122873355272e-01 -3.45249063269258460451e+00 -1.29526312388403863629e+00 8.76164698983840963820e+01 -4.48567226546551567345e-01
7.32121203099313277995e-01 -3.45261371211515877278e+00 -1.29492961781647752950e+00 8.76140021514288065418e+01 -4.50821164478049207780e-01
7.33857533651401716668e-01 -3.45273803641708409984e+00 -1.29459549753973091057e+00 8.76115327963050845028e+01 -4.53073415713902249990e-01
7.35588867957860936819e-01 -3.45286359136936438219e+00 -1.29426077005981765566e+00 8.76090619074125527277e+01 -4.55323911613133958110e-01
7.37315194231428105986e-01 -3.45299036271564041556e+00 -1.29392544245942597847e+00 8.76065895593280856701e+01 -4.57572583653614306520e-01
7.39036500718936339993e-01 -3.45311833617269847707e+00 -1.29358952189829756740e+00 8.76041158268047865931e+01 -4.59819363434782968358e-01
7.40752775701394416963e-01 -3.45324749743101033772e+00 -1.29325301561372540959e+00 8.76016407847708364898e+01 -4.62064182680668067427e-01
7.42464007494066491333e-01 -3.45337783215524574132e+00 -1.29291593092105716600e+00 8.75991645083280872086e+01 -4.64306973242800125057e-01
7.44170184446551918889e-01 -3.45350932921268771736e+00 -1.29257827637572431101e+00 8.75966870717736867391e+01 -4.66547668041733809563e-01
7.45871294942864193622e-01 -3.45364196784766708248e+00 -1.29224005729062207948e+00 8.75942085522278688359e+01 -4.68786199628483446489e-01
7.47567327401510439699e-01 -3.45377573679301130838e+00 -1.29190128227710232522e+00 8.75917290248632127714e+01 -4.71022496778959853803e-01
7.49258270275569682184e-01 -3.45391062160905137901e+00 -1.29156195892136738124e+00 8.75892485652143477637e+01 -4.73256493995300342448e-01
7.50944112052772227983e-01 -3.45404660783867356599e+00 -1.29122209493608819386e+00 8.75867672492340005874e+01 -4.75488123810591911678e-01
7.52624841255577603505e-01 -3.45418368100223371897e+00 -1.29088169811459141378e+00 8.75842851530411081740e+01 -4.77717318902979415363e-01
7.54300446441252492313e-01 -3.45432182659818698411e+00 -1.29054077633132791014e+00 8.75818023529193681043e+01 -4.79944012098627581508e-01
7.55970916201949338920e-01 -3.45446103010368643638e+00 -1.29019933754222271283e+00 8.75793189253157322582e+01 -4.82168136374494626928e-01
7.57636239164782954170e-01 -3.45460127697520436030e+00 -1.28985738978512776143e+00 8.75768349468390994161e+01 -4.84389624861558121260e-01
7.59296403991909008013e-01 -3.45474255264914420493e+00 -1.28951494118022047530e+00 8.75743504942586952211e+01 -4.86608410847439110114e-01
7.60951399380600634892e-01 -3.45488484254248229277e+00 -1.28917199993042563833e+00 8.75718656445026653046e+01 -4.88824427779499970370e-01
7.62601214063325594239e-01 -3.45502813205338021874e+00 -1.28882857432172870382e+00 8.75693804746564978814e+01 -4.91037609267772900967e-01
7.64245836807822653824e-01 -3.45517240656187762937e+00 -1.28848467272363809144e+00 8.75668950619613184472e+01 -4.93247889087766011595e-01
7.65885256417178750254e-01 -3.45531765143051750044e+00 -1.28814030358956066458e+00 8.75644094838125397473e+01 -4.95455201183582272240e-01
7.67519461729904151071e-01 -3.45546385200504824198e+00 -1.28779547545712769185e+00 8.75619238177579291005e+01 -4.97659479670639615101e-01
7.69148441620009615249e-01 -3.45561099361507428895e+00 -1.28745019694857298909e+00 8.75594381414961588916e+01 -4.99860658838724880582e-01
7.70772184997081555302e-01 -3.45575906157479817438e+00 -1.28710447677117967302e+00 8.75569525328749733717e+01 -5.02058673154848200681e-01
7.72390680806357088350e-01 -3.45590804456384859122e+00 -1.28675832714159454895e+00 8.75544670691568001075e+01 -5.04253459191189690181e-01
7.74003918028800530493e-01 -3.45605792109663401135e+00 -1.28641175043710909165e+00 8.75519818300083159102e+01 -5.06444948071386513710e-01
7.75611885681177226637e-01 -3.45620867981764057220e+00 -1.28606475871670000721e+00 8.75494968929316428330e+01 -5.08633076598406841384e-01
7.77214572816129045663e-01 -3.45636030598438193095e+00 -1.28571736103098421822e+00 8.75470123363541858907e+01 -5.10817779977043473494e-01
7.78811968522248321278e-01 -3.45651278484251855971e+00 -1.28536956651720557510e+00 8.75445282388434122822e+01 -5.12998993603997477386e-01
7.80404061924152570029e-01 -3.45666610162642351511e+00 -1.28502138439946889115e+00 8.75420446791050181901e+01 -5.15176653070298140591e-01
7.81990842182558654194e-01 -3.45682024156003286919e+00 -1.28467282398908699825e+00 8.75395617359810387370e+01 -5.17350694164715463330e-01
7.83572298494356056509e-01 -3.45697518985755580800e+00 -1.28432389468478103112e+00 8.75370794884477305686e+01 -5.19521052876234401552e-01
7.85148420092680932036e-01 -3.45713093172430374622e+00 -1.28397460597307189190e+00 8.75345980156136533878e+01 -5.21687665397071342888e-01
7.86719196246989271870e-01 -3.45728745235743994968e+00 -1.28362496742847986830e+00 8.75321173967176662245e+01 -5.23850468125654611384e-01
7.88284616263129733760e-01 -3.45744473694669940400e+00 -1.28327498871377088108e+00 8.75296377111267389637e+01 -5.26009397669179534773e-01
7.89844669483416361722e-01 -3.45760277067535826134e+00 -1.28292467958030909081e+00 8.75271590383340054586e+01 -5.28164390846762921150e-01
7.91399345286702082802e-01 -3.45776153872091240871e+00 -1.28257404986819900650e+00 8.75246814579564187397e+01 -5.30315384692123359400e-01
7.92948633088449872375e-01 -3.45792102625590391796e+00 -1.28222310950656614992e+00 8.75222050497327046514e+01 -5.32462316456468354176e-01
7.94492522340805029657e-01 -3.45808121844874971629e+00 -1.28187186851378398522e+00 8.75197298935211733806e+01 -5.34605123611201049627e-01
7.96031002532667897320e-01 -3.45824210284462063569e+00 -1.28152034313561125067e+00 8.75172560694225012412e+01 -5.36743746855507297688e-01
7.97564063189764360651e-01 -3.45840365963484908107e+00 -1.28116853175347267246e+00 8.75147836574497972606e+01 -5.38878118267821948351e-01
7.99091693874717567958e-01 -3.45856587653518987580e+00 -1.28081645034753099921e+00 8.75123127377780605229e+01 -5.41008178835509001559e-01
8.00613884187118873825e-01 -3.45872873870325125978e+00 -1.28046410929420817482e+00 8.75098433907220965011e+01 -5.43133866938315112982e-01
8.02130623763599115428e-01 -3.45889223129647982446e+00 -1.28011151905993680877e+00 8.75073756967046421096e+01 -5.45255121190100000561e-01
8.03641902277898334539e-01 -3.45905633947338042589e+00 -1.27975869020134758181e+00 8.75049097362539640699e+01 -5.47371880441466895917e-01
8.05147709440937053849e-01 -3.45922104839407795751e+00 -1.27940563336541268669e+00 8.75024455900014430654e+01 -5.49484083782853072186e-01
8.06648035000885443857e-01 -3.45938634322162430479e+00 -1.27905235928959792879e+00 8.74999833386790015766e+01 -5.51591670546936585495e-01
8.08142868743233711015e-01 -3.45955220912242067399e+00 -1.27869887880197086183e+00 8.74975230631166738249e+01 -5.53694580311443917964e-01
8.09632200490861042574e-01 -3.45971863126799306087e+00 -1.27834520276751462120e+00 8.74950648442673610816e+01 -5.55792755333908372606e-01
8.11116020104105994726e-01 -3.45988559483350810453e+00 -1.27799134230122168887e+00 8.74926087630811366580e+01 -5.57886130928792467465e-01
8.12594317480834105183e-01 -3.46005308500238228930e+00 -1.27763730845198875130e+00 8.74901549007062158125e+01 -5.59974649758491538343e-01
8.14067082556508059277e-01 -3.46022108696467212141e+00 -1.27728311241144254495e+00 8.74877033383386475407e+01 -5.62058252408178304904e-01
8.15534305304254858449e-01 -3.46038958603839175154e+00 -1.27692877409100269404e+00 8.74852541588558665353e+01 -5.64136883554753998382e-01
8.16995975734935098167e-01 -3.46055856669823791449e+00 -1.27657428810527728835e+00 8.74828074407472797702e+01 -5.66210476777741500420e-01
8.18452083897210691532e-01 -3.46072801471644853066e+00 -1.27621967405174019383e+00 8.74803632667609036844e+01 -5.68278977128125473151e-01
8.19902619877612370836e-01 -3.46089791531760893051e+00 -1.27586494348357715189e+00 8.74779217184170931887e+01 -5.70342326238381214232e-01
8.21347573800607411165e-01 -3.46106825373834237070e+00 -1.27551010804501863127e+00 8.74754828773097159456e+01 -5.72400466009843844617e-01
8.22786935828667020942e-01 -3.46123901522794197305e+00 -1.27515517947108802943e+00 8.74730468251036654692e+01 -5.74453338614775432802e-01
8.24220696162332733259e-01 -3.46141018504979669501e+00 -1.27480016958780528746e+00 8.74706136435314789424e+01 -5.76500886499552112063e-01
8.25648845040284129482e-01 -3.46158174848178701311e+00 -1.27444509031205432947e+00 8.74681834143907934731e+01 -5.78543052386512823837e-01
8.27071372739403898322e-01 -3.46175369081786676873e+00 -1.27408995365152932777e+00 8.74657562195409497008e+01 -5.80579779277127894233e-01
8.28488269574845448417e-01 -3.46192599736853967585e+00 -1.27373477170484372678e+00 8.74633321409004196312e+01 -5.82611010453927935515e-01
8.29899525900098078424e-01 -3.46209865346236522754e+00 -1.27337955666130975274e+00 8.74609112604433107663e+01 -5.84636689483298055414e-01
8.31305132107052369150e-01 -3.46227164444627710793e+00 -1.27302432080098060219e+00 8.74584936601966944636e+01 -5.86656760217741601871e-01
8.32705078626066685921e-01 -3.46244495568726495804e+00 -1.27266907649457872154e+00 8.74560794222371242768e+01 -5.88671166798488632033e-01
8.34099355926031127417e-01 -3.46261856802511269748e+00 -1.27231384731642327424e+00 8.74536686330127253086e+01 -5.90679857908571692704e-01
8.35487954514433028841e-01 -3.46279247501597708947e+00 -1.27195862399067416426e+00 8.74512613665760625281e+01 -5.92682769783948293352e-01
8.36870864937421798935e-01 -3.46296665840878592491e+00 -1.27160342984315843928e+00 8.74488577089593093206e+01 -5.94679851653701518899e-01
8.38248077779872757809e-01 -3.46314110365540317460e+00 -1.27124827759940361993e+00 8.74464577424066646927e+01 -5.96671048832862482847e-01
8.39619583665451307830e-01 -3.46331579623239171895e+00 -1.27089318007438989433e+00 8.74440615491958084249e+01 -5.98656306936732440782e-01
8.40985373256677326559e-01 -3.46349072164223015236e+00 -1.27053815017248084018e+00 8.74416692116344052010e+01 -6.00635571882870977767e-01
8.42345437254987894349e-01 -3.46366586541406684674e+00 -1.27018320088722402872e+00 8.74392808120569213770e+01 -6.02608789893460450315e-01
8.43699766400801687283e-01 -3.46384121310493853230e+00 -1.26982834530097332681e+00 8.74368964328212001647e+01 -6.04575907497497122556e-01
8.45048351473580483528e-01 -3.46401675030053413096e+00 -1.26947359658499281387e+00 8.74345161563051220810e+01 -6.06536871533007948543e-01
8.46391183291893445251e-01 -3.46419246261631652573e+00 -1.26911896799919365897e+00 8.74321400649030948671e+01 -6.08491629149246815444e-01
8.47728252713479291103e-01 -3.46436833569855284765e+00 -1.26876447289173044375e+00 8.74297682410225576177e+01 -6.10440127808864918535e-01
8.49059550635307469513e-01 -3.46454435522537940173e+00 -1.26841012469896274872e+00 8.74274007670804707004e+01 -6.12382315289970002858e-01
8.50385067993641552420e-01 -3.46472049520825819968e+00 -1.26805594883419692209e+00 8.74250377336202859624e+01 -6.14318143030090246803e-01
8.51704795764099964472e-01 -3.46489676328744122813e+00 -1.26770193515872930945e+00 8.74226792075893115452e+01 -6.16247552476044457848e-01
8.53018724961718044497e-01 -3.46507313494218438521e+00 -1.26734810914286510908e+00 8.74203252788066720314e+01 -6.18170495924391771858e-01
8.54326846641008552652e-01 -3.46524959598485704504e+00 -1.26699448456094909687e+00 8.74179760296912746753e+01 -6.20086922428853215550e-01
8.55629151896023509849e-01 -3.46542613226489848444e+00 -1.26664107527286162735e+00 8.74156315426532870561e+01 -6.21996781368382545274e-01
8.56925631860413927754e-01 -3.46560272966950089213e+00 -1.26628789522439633153e+00 8.74132919000907406826e+01 -6.23900022449093483168e-01
8.58216277707490537985e-01 -3.46577937412478886969e+00 -1.26593495844644121640e+00 8.74109571843855235329e+01 -6.25796595706195835085e-01
8.59501080650284077223e-01 -3.46595605159652686567e+00 -1.26558227905481768261e+00 8.74086274778999694490e+01 -6.27686451505845011134e-01
8.60780031941604684143e-01 -3.46613274809121296727e+00 -1.26522987125021235677e+00 8.74063028629730638386e+01 -6.29569540547125550134e-01
8.62053122874101962481e-01 -3.46630944965660825474e+00 -1.26487774931733043537e+00 8.74039834219167062201e+01 -6.31445813863656391085e-01
8.63320344780323600808e-01 -3.46648612342466844183e+00 -1.26452593764561238565e+00 8.74016692486300428300e+01 -6.33315223818489259067e-01
8.64581689032775213555e-01 -3.46666279150840317413e+00 -1.26417443008623875400e+00 8.73993604030135031735e+01 -6.35177719446036626039e-01
8.65837147043978516692e-01 -3.46683942296279123951e+00 -1.26382325159217567823e+00 8.73970569780249917358e+01 -6.37033254367620593861e-01
8.67086710266529503421e-01 -3.46701600401241671889e+00 -1.26347241676315502623e+00 8.73947590558256308668e+01 -6.38881780963144851881e-01
8.68330370193157397019e-01 -3.46719252092848595481e+00 -1.26312194028041901994e+00 8.73924667185297749938e+01 -6.40723251955414241365e-01
8.69568118356782493450e-01 -3.46736896002976147102e+00 -1.26277183690556049633e+00 8.73901800482010315818e+01 -6.42557620411349894596e-01
8.70799946330572671727e-01 -3.46754530768301005850e+00 -1.26242212148058996490e+00 8.73878991268487368416e+01 -6.44384839743766257847e-01
8.72025845728002679813e-01 -3.46772155030367823514e+00 -1.26207280892723749943e+00 8.73856240364238061602e+01 -6.46204863712750099403e-01
8.73245808202909201690e-01 -3.46789767435724938238e+00 -1.26172391424633167922e+00 8.73833548588149113812e+01 -6.48017646427227922423e-01
8.74459825449549366105e-01 -3.46807366635910829800e+00 -1.26137545251789706668e+00 8.73810916758446722952e+01 -6.49823142346477533593e-01
8.75667889202656035685e-01 -3.46824948434945223852e+00 -1.26102744306841940691e+00 8.73788345852242969158e+01 -6.51621304941167100999e-01
8.76869991237495205461e-01 -3.46842516968055258886e+00 -1.26067989117087386752e+00 8.73765836376045399447e+01 -6.53412090787472088493e-01
8.78066123369920736863e-01 -3.46860068274776445207e+00 -1.26033281765976190592e+00 8.73743389296355417173e+01 -6.55195455169640617044e-01
8.79256277456431312167e-01 -3.46877601028496984625e+00 -1.25998623789907981951e+00 8.73721005428250521163e+01 -6.56971353949142744533e-01
8.80440445394225390530e-01 -3.46895113908045038542e+00 -1.25964016732826489253e+00 8.73698685585943337628e+01 -6.58739743343895289840e-01
8.81618619121255608917e-01 -3.46912605597801038115e+00 -1.25929462145999737643e+00 8.73676430582736571751e+01 -6.60500579929077402674e-01
8.82790790616284959391e-01 -3.46930074787726994145e+00 -1.25894961588133358354e+00 8.73654241230985633138e+01 -6.62253820638692203282e-01
8.83956951898940523904e-01 -3.46947520173381951381e+00 -1.25860516625140772540e+00 8.73632118342061261274e+01 -6.63999422766005209517e-01
8.85117095029768430337e-01 -3.46964940455916215356e+00 -1.25826128830174721607e+00 8.73610062726311582537e+01 -6.65737343964861394419e-01
8.86271212110287143204e-01 -3.46982334342200937627e+00 -1.25791799783520974465e+00 8.73588075193018198661e+01 -6.67467542250714584995e-01
8.87419295283041753564e-01 -3.46999696579759842052e+00 -1.25757530173613596425e+00 8.73566156741220396498e+01 -6.69189962374822311375e-01
8.88561336731657602783e-01 -3.47017033581803824305e+00 -1.25723323049821256170e+00 8.73544307801664956514e+01 -6.70904587942739771833e-01
8.89697328680893129160e-01 -3.47034340346755509898e+00 -1.25689179414738250173e+00 8.73522529364487922976e+01 -6.72611366590900816576e-01
8.90827263396692936581e-01 -3.47051615607108221440e+00 -1.25655100873293412711e+00 8.73500822234099700836e+01 -6.74310257776312704792e-01
8.91951133186240308071e-01 -3.47068858101333077570e+00 -1.25621089037091149265e+00 8.73479187213637260356e+01 -6.76001221321477219206e-01
8.93068930398010163429e-01 -3.47086066573875440255e+00 -1.25587145524162746568e+00 8.73457625104920651893e+01 -6.77684217413884071313e-01
8.94180647421820240517e-01 -3.47103239775145810952e+00 -1.25553271959056766960e+00 8.73436136708419752495e+01 -6.79359206607554888535e-01
8.95286276688883719821e-01 -3.47120376461440471871e+00 -1.25519469972705799421e+00 8.73414722823218454550e+01 -6.81026149823170112718e-01
8.96385810671860183696e-01 -3.47137470853436314044e+00 -1.25485738775756017205e+00 8.73393384438846140938e+01 -6.82684984836626762572e-01
8.97479241884907241733e-01 -3.47154530619857171203e+00 -1.25452084350663772838e+00 8.73372121966542067639e+01 -6.84335717050161607133e-01
8.98566562883731378975e-01 -3.47171550195801881245e+00 -1.25418506379676997220e+00 8.73350936391723848828e+01 -6.85978287981693246600e-01
8.99647766265638582084e-01 -3.47188528365797433040e+00 -1.25385006514711561110e+00 8.73329828507185084163e+01 -6.87612660011409193572e-01
9.00722844669584632449e-01 -3.47205463920563062175e+00 -1.25351586413401050457e+00 8.73308799104112551959e+01 -6.89238795887484267944e-01
9.01791790776225510307e-01 -3.47222355656725234496e+00 -1.25318247738966515037e+00 8.73287848972061766517e+01 -6.90856658725519601205e-01
9.02854597307967132735e-01 -3.47239202376885414125e+00 -1.25284992160110575377e+00 8.73266978898916335083e+01 -6.92466212008827075586e-01
9.03911257029014647557e-01 -3.47256002889461479199e+00 -1.25251821350784831033e+00 8.73246189670848735886e+01 -6.94067419587568901207e-01
9.04961762745422060306e-01 -3.47272751209531627126e+00 -1.25218732231700680124e+00 8.73225482228883862490e+01 -6.95660208165321369833e-01
9.06006107305140861996e-01 -3.47289455710118977194e+00 -1.25185735264825770408e+00 8.73204857028333378821e+01 -6.97244613043626615401e-01
9.07044283598068878938e-01 -3.47306110509833754207e+00 -1.25152828054014131354e+00 8.73184315016553824762e+01 -6.98820565689183270663e-01
9.08076284556099455614e-01 -3.47322714447089131440e+00 -1.25120012289970450325e+00 8.73163856972009284618e+01 -7.00388031415504985766e-01
9.09102103153167639960e-01 -3.47339266366164389765e+00 -1.25087289668061418801e+00 8.73143483671248503697e+01 -7.01946975902652314794e-01
9.10121732405300032376e-01 -3.47355765116804837689e+00 -1.25054661887951845678e+00 8.73123195888881156179e+01 -7.03497365194778567776e-01
9.11135165370661193052e-01 -3.47372209554093025474e+00 -1.25022130653197383054e+00 8.73102994397538054727e+01 -7.05039165697942671329e-01
9.12142395149601159510e-01 -3.47388594144453133339e+00 -1.24989690441396250620e+00 8.73082880046758162962e+01 -7.06572293029113729368e-01
9.13143414884702742107e-01 -3.47404926707200489844e+00 -1.24957356482184911428e+00 8.73062853416050046462e+01 -7.08096811558982741630e-01
9.14138217760827709313e-01 -3.47421201633610232662e+00 -1.24925124130502851472e+00 8.73042915375665700140e+01 -7.09612642449227171149e-01
9.15126797005163528098e-01 -3.47437417809695059390e+00 -1.24892995102686543696e+00 8.73023066689296314280e+01 -7.11119753562121426071e-01
9.16109145887269216146e-01 -3.47453574126309483461e+00 -1.24860971117774410821e+00 8.73003308118463365872e+01 -7.12618113115542795022e-01
9.17085257719121638154e-01 -3.47469669479088505426e+00 -1.24829053897721209410e+00 8.72983640422489202138e+01 -7.14107689684214674841e-01
9.18055125855160469861e-01 -3.47485702767947035596e+00 -1.24797245166679449113e+00 8.72964064358471460991e+01 -7.15588452194676816198e-01
9.19018743692333606177e-01 -3.47501669835232807060e+00 -1.24765536167150226099e+00 8.72944580608252209686e+01 -7.17060302422212525464e-01
9.19976104670142347253e-01 -3.47517576239457426368e+00 -1.24733948436559582973e+00 8.72925190012433773745e+01 -7.18523339429850138593e-01
9.20927202270686140473e-01 -3.47533417434599423146e+00 -1.24702474310401112412e+00 8.72905893296771466794e+01 -7.19977471147562053666e-01
9.21872030018706323240e-01 -3.47549192350906377413e+00 -1.24671115519871600341e+00 8.72886691208234424266e+01 -7.21422667929606298287e-01
9.22810581481630642919e-01 -3.47564899922374115349e+00 -1.24639873797086409013e+00 8.72867584491376646838e+01 -7.22858900473619225835e-01
9.23742850269617443715e-01 -3.47580539086219086897e+00 -1.24608750874506335471e+00 8.72848573888318668423e+01 -7.24286139815786711438e-01
9.24668830035598299233e-01 -3.47596108782365176282e+00 -1.24577748484022921005e+00 8.72829660138717571272e+01 -7.25704357324088222825e-01
9.25588514475321866293e-01 -3.47611607883295858912e+00 -1.24546853810913238370e+00 8.72810843634110113953e+01 -7.27113439636134173405e-01
9.26501897327396517490e-01 -3.47627036590397109350e+00 -1.24516096337829385021e+00 8.72792125702228815953e+01 -7.28513523569936594093e-01
9.27408972373333306827e-01 -3.47642392865044858041e+00 -1.24485464539556689445e+00 8.72773506814376531793e+01 -7.29904501928155369228e-01
9.28309733437587714100e-01 -3.47657675675435129392e+00 -1.24454960148069537773e+00 8.72754987698952362507e+01 -7.31286347459587315889e-01
9.29204174387602388485e-01 -3.47672883991251691072e+00 -1.24424584892560763372e+00 8.72736569081723843055e+01 -7.32659033227587186410e-01
9.30092289133848337812e-01 -3.47688016783436504298e+00 -1.24394340498627076208e+00 8.72718251685784593974e+01 -7.34022532604071020756e-01
9.30974071629866561928e-01 -3.47703076985697467904e+00 -1.24364210902701111117e+00 8.72700035565370200175e+01 -7.35376723756684391731e-01
9.31849515872309464015e-01 -3.47718057415265446863e+00 -1.24334232014665335697e+00 8.72681922630996922408e+01 -7.36721767621343226473e-01
9.32718615900981373734e-01 -3.47732959508578742813e+00 -1.24304389130071801794e+00 8.72663913054086322063e+01 -7.38057547608894637392e-01
9.33581365798879514450e-01 -3.47747782261882765198e+00 -1.24274683966221810572e+00 8.72646007545528732408e+01 -7.39384038407883914523e-01
9.34437759692233416153e-01 -3.47762524670538608618e+00 -1.24245118233068208013e+00 8.72628206813390789875e+01 -7.40701214985238332034e-01
9.35287791750546215752e-01 -3.47777185729340487796e+00 -1.24215693631780088602e+00 8.72610511562828179422e+01 -7.42009052577412342444e-01
9.36131456186633403860e-01 -3.47791774761369287816e+00 -1.24186390835800364307e+00 8.72592921362557518705e+01 -7.43307426251905267733e-01
9.36968747256662348732e-01 -3.47806272778505709553e+00 -1.24157252322142963585e+00 8.72575438985769551437e+01 -7.44596511559523999146e-01
9.37799659260191820209e-01 -3.47820686778893639612e+00 -1.24128260053393479900e+00 8.72558064167872799999e+01 -7.45876186430810883543e-01
9.38624186540210181384e-01 -3.47835015778065104186e+00 -1.24099415710129590273e+00 8.72540797600890272179e+01 -7.47146427320329320487e-01
9.39442323483174468457e-01 -3.47849258789425519467e+00 -1.24070720959362579272e+00 8.72523639973726687913e+01 -7.48407210915105314264e-01
9.40254064519048693427e-01 -3.47863431405734813140e+00 -1.24042154894183598302e+00 8.72506590418113034957e+01 -7.49658421589266543705e-01
9.41059404121340592475e-01 -3.47877502951631001338e+00 -1.24013763323698955610e+00 8.72489652487839464357e+01 -7.50900224291049744885e-01
9.41858336807141038882e-01 -3.47891485957434909437e+00 -1.23985526407692825401e+00 8.72472825522251724806e+01 -7.52132503050583101079e-01
9.42650857137159903232e-01 -3.47905379452929386375e+00 -1.23957445779650465845e+00 8.72456110196325482775e+01 -7.53355235667699130175e-01
9.43436959715763689971e-01 -3.47919182464868059768e+00 -1.23929523050876899681e+00 8.72439507181581035411e+01 -7.54568400114157045167e-01
9.44216639191012285792e-01 -3.47932919021567954587e+00 -1.23901736558263952936e+00 8.72423015042460718860e+01 -7.55771894986921433102e-01
9.44989890254695485972e-01 -3.47946542608684339370e+00 -1.23874133985387735457e+00 8.72406638364081317150e+01 -7.56965866302504952756e-01
9.45756707642368521505e-01 -3.47960073265773317530e+00 -1.23846694290999947974e+00 8.72390375966259341567e+01 -7.58150207329681635748e-01
9.46517086133388918512e-01 -3.47973510032974076012e+00 -1.23819419034159383664e+00 8.72374228505572801851e+01 -7.59324897010036137246e-01
9.47271020550951026173e-01 -3.47986851945769037897e+00 -1.23792309742699879749e+00 8.72358196634839231365e+01 -7.60489914389751220369e-01
9.48018505762121987956e-01 -3.48000134242616665503e+00 -1.23765345633953183224e+00 8.72342278217065683066e+01 -7.61645192316304120439e-01
9.48759536677876158528e-01 -3.48013289218610610831e+00 -1.23738573299349829959e+00 8.72326479128831095977e+01 -7.62790820291582072343e-01
9.49494108253130075781e-01 -3.48026346991721835522e+00 -1.23711971780808860366e+00 8.72310797541022111545e+01 -7.63926718005171534465e-01
9.50222215486776988769e-01 -3.48039306609848209106e+00 -1.23685542527126046686e+00 8.72295234090181850206e+01 -7.65052865278681215599e-01
9.50943853421720053376e-01 -3.48052167117718536105e+00 -1.23659286941181556507e+00 8.72279789408450056953e+01 -7.66169241941324297152e-01
9.51659017144907415364e-01 -3.48064978380494993715e+00 -1.23633188103841606953e+00 8.72264460509132959487e+01 -7.67275842686552356220e-01
9.52367701787364628885e-01 -3.48077644863939772435e+00 -1.23607286028819896018e+00 8.72249254853175415292e+01 -7.68372648847880035383e-01
9.53069902524227741125e-01 -3.48090209980734233142e+00 -1.23581562282036339084e+00 8.72234169814009590027e+01 -7.69459630107294789703e-01
9.53765614574776932066e-01 -3.48102672792670553292e+00 -1.23556018148959712022e+00 8.72219206005519822611e+01 -7.70536766809368223186e-01
9.54454833202468377884e-01 -3.48115093828384214447e+00 -1.23530642059766182506e+00 8.72204359873678356507e+01 -7.71604115207687235589e-01
9.55137553714966891505e-01 -3.48127357167230444546e+00 -1.23505464403544418239e+00 8.72189639936099183615e+01 -7.72661546466309911985e-01
9.55813771464177897030e-01 -3.48139516021675099466e+00 -1.23480470827114108268e+00 8.72175043023436131762e+01 -7.73709081488210603794e-01
9.56483481846278404959e-01 -3.48151569478170808125e+00 -1.23455662465398408045e+00 8.72160569729416010887e+01 -7.74746700915357244810e-01
9.57146680301749208652e-01 -3.48163516631129210666e+00 -1.23431040371106215403e+00 8.72146220641403715490e+01 -7.75774385175359237898e-01
9.57803362315405748539e-01 -3.48175439376484918697e+00 -1.23406606837894772255e+00 8.72131991164114594994e+01 -7.76792334054267508137e-01
9.58453523416427977111e-01 -3.48187180669975626657e+00 -1.23382367055169428482e+00 8.72117891799799309638e+01 -7.77800156522423957739e-01
9.59097159178392222323e-01 -3.48198813599911582983e+00 -1.23358317638111358860e+00 8.72103918361894159261e+01 -7.78797994564721984823e-01
9.59734265219300386462e-01 -3.48210337313577600327e+00 -1.23334459422090225722e+00 8.72090071413360590213e+01 -7.79785828510792256019e-01
9.60364837201609811146e-01 -3.48221848948853018868e+00 -1.23310809849332270183e+00 8.72076345736190319258e+01 -7.80763995253365705729e-01
9.60988870832263142319e-01 -3.48233161907358690357e+00 -1.23287346140849796150e+00 8.72062753028482404716e+01 -7.81731850615726364673e-01
9.61606361862717418099e-01 -3.48244363717911120659e+00 -1.23264077366608559849e+00 8.72049288465645986435e+01 -7.82689654106330290340e-01
9.62217306088972823552e-01 -3.48255453616447985254e+00 -1.23241004086677286011e+00 8.72035952581838955666e+01 -7.83637385640410522036e-01
9.62821699351601556494e-01 -3.48266545478387268275e+00 -1.23218165618373087788e+00 8.72022739607428434283e+01 -7.84575567242665639078e-01
9.63419537535776138171e-01 -3.48277419993396186726e+00 -1.23195498542253356611e+00 8.72009662323352188196e+01 -7.85503210228879922283e-01
9.64010816571297390887e-01 -3.48288180851865414311e+00 -1.23173030220624579734e+00 8.71996715300621332290e+01 -7.86420734334415838518e-01
9.64595532432621638463e-01 -3.48298948952268228041e+00 -1.23150814581736334219e+00 8.71983892659024206750e+01 -7.87328775852296547377e-01
9.65173681138889238973e-01 -3.48309491078914534867e+00 -1.23128760838034523317e+00 8.71971207400203809357e+01 -7.88226132782886335093e-01
9.65745258753950674979e-01 -3.48319917970443393429e+00 -1.23106908752403643170e+00 8.71958653927350439972e+01 -7.89113324555717587927e-01
9.66310261386393642979e-01 -3.48330229140111313768e+00 -1.23085258294085120312e+00 8.71946232711953825856e+01 -7.89990329885670305998e-01
9.66868685189569476712e-01 -3.48340562741284021087e+00 -1.23063900641319423634e+00 8.71933937679003889798e+01 -7.90858073205238043535e-01
9.67420526361620347622e-01 -3.48350651144268397275e+00 -1.23042675286403424550e+00 8.71921782283609161368e+01 -7.91714811288326991701e-01
9.67965781145503245675e-01 -3.48360622627540328367e+00 -1.23021653772877259669e+00 8.71909760575866528143e+01 -7.92561316432999873882e-01
9.68504445829016735736e-01 -3.48370621688037962471e+00 -1.23000952615406911050e+00 8.71897866690786855770e+01 -7.93398696941859493670e-01
9.69036516744826603720e-01 -3.48380367586868366914e+00 -1.22980363599164665978e+00 8.71886113727260578798e+01 -7.94224862972784939608e-01
9.69561990270489948429e-01 -3.48389995706344857140e+00 -1.22959980120166223472e+00 8.71874495806161746714e+01 -7.95040749488388875932e-01
9.70080862828479939530e-01 -3.48399655747789305238e+00 -1.22939949469142439931e+00 8.71863007489398285088e+01 -7.95847682031376568723e-01
9.70593130886211241659e-01 -3.48409055772804476803e+00 -1.22920005385144759380e+00 8.71851661123799317465e+01 -7.96643160033064900993e-01
9.71098790956062218882e-01 -3.48418337597720606524e+00 -1.22900267951892794294e+00 8.71840451070693376323e+01 -7.97428311650151822043e-01
9.71597839595400469825e-01 -3.48427501672270212296e+00 -1.22880735955593167752e+00 8.71829377664227251898e+01 -7.98203112867726827240e-01
9.72090273406605143158e-01 -3.48436705727734885585e+00 -1.22861630012817668600e+00 8.71818436813302355404e+01 -7.98969393642945724388e-01
9.72576089037090585343e-01 -3.48445639302764931244e+00 -1.22842545434269423410e+00 8.71807638490870004944e+01 -7.99723695910462328840e-01
9.73055283179328878163e-01 -3.48454455734935564237e+00 -1.22823666363779682165e+00 8.71796977934220223005e+01 -8.00467599816654495903e-01
9.73527852570872820337e-01 -3.48463309434178558632e+00 -1.22805264295002358743e+00 8.71786452570094496650e+01 -8.01203264884425614412e-01
9.73993793994377243806e-01 -3.48471894054111830386e+00 -1.22786838074542603572e+00 8.71776069598708716057e+01 -8.01926605069213316312e-01
9.74453104277621995344e-01 -3.48480363009097748872e+00 -1.22768616709491418248e+00 8.71765825392784563519e+01 -8.02639498714119437039e-01
9.74905780293532697733e-01 -3.48488861349096268327e+00 -1.22750932286117819814e+00 8.71755719555622192729e+01 -8.03344484381631196435e-01
9.75351818960202621156e-01 -3.48497097898273011651e+00 -1.22733168553482685503e+00 8.71745755286244872195e+01 -8.04036751775841662671e-01
9.75791217240913111297e-01 -3.48505221385772001597e+00 -1.22715608274608234396e+00 8.71735930643843772714e+01 -8.04718524692289771671e-01
9.76223972144155016650e-01 -3.48513359031473290983e+00 -1.22698655194260974888e+00 8.71726248266926688757e+01 -8.05392772992584493608e-01
9.76650080723648006398e-01 -3.48521250418477945843e+00 -1.22681556684286974246e+00 8.71716705748825120281e+01 -8.06053859793247839960e-01
9.77069540078361775670e-01 -3.48529144718075167830e+00 -1.22665085099746717923e+00 8.71707307434574261151e+01 -8.06707499029902797005e-01
9.77482347352534808316e-01 -3.48536803896069846687e+00 -1.22648451400665514655e+00 8.71698048479472049621e+01 -8.07347863574279345222e-01
9.77888499735694360915e-01 -3.48544355500367597500e+00 -1.22632019538836822825e+00 8.71688930429795334476e+01 -8.07977666518376880234e-01
9.78287994462675891683e-01 -3.48551880650400081052e+00 -1.22616300490170404558e+00 8.71679961773121192437e+01 -8.08600477477871226739e-01
9.78680828813640935060e-01 -3.48559202014094005051e+00 -1.22600336743666460393e+00 8.71671129193718314809e+01 -8.09209504663617740228e-01
9.79067000114096308572e-01 -3.48566422186520163962e+00 -1.22584571870905700841e+00 8.71662437967121377369e+01 -8.09807927756002077224e-01
9.79446505734912542529e-01 -3.48573571649080005130e+00 -1.22569618877016539571e+00 8.71653902629207522068e+01 -8.10399866490745357517e-01
9.79819343092340866441e-01 -3.48580564888561728054e+00 -1.22554325090604421256e+00 8.71645498591033316416e+01 -8.10977466067902219571e-01
9.80185509648031860763e-01 -3.48587464072264996418e+00 -1.22539873571703972210e+00 8.71637253407785266290e+01 -8.11548702707315494642e-01
9.80545002909051777173e-01 -3.48594231731674053520e+00 -1.22525053555482155154e+00 8.71629137729627387898e+01 -8.12105452007838901629e-01
9.80897820427900302143e-01 -3.48600910025220622757e+00 -1.22510429339722937137e+00 8.71621164014850933199e+01 -8.12651546852000361554e-01
9.81243959802526766190e-01 -3.48607422877066008837e+00 -1.22496764893996168411e+00 8.71613357899967553521e+01 -8.13191843430669858428e-01
9.81583418676346575182e-01 -3.48613880885233351492e+00 -1.22482617580260799706e+00 8.71605673980731694428e+01 -8.13717053883879937182e-01
9.81916194738257197550e-01 -3.48620261028668432246e+00 -1.22468662883168488698e+00 8.71598131996360478979e+01 -8.14231585234978738619e-01
9.82242285722654373536e-01 -3.48626378427816341343e+00 -1.22455799525815045570e+00 8.71590768438563259224e+01 -8.14740911983104276750e-01
9.82561689409446659127e-01 -3.48632544746339556596e+00 -1.22442325541970209457e+00 8.71583517530894198444e+01 -8.15234536823449706944e-01
9.82874403624071413255e-01 -3.48638403071218405671e+00 -1.22429983484393556381e+00 8.71576449701525461933e+01 -8.15723093886223216131e-01
9.83180426237509119680e-01 -3.48644357810976268652e+00 -1.22416993936995810444e+00 8.71569490844501899574e+01 -8.16195802514743107281e-01
9.83479755166297819891e-01 -3.48650253276705557326e+00 -1.22404195877507837587e+00 8.71562673915874484010e+01 -8.16657822310258518783e-01
9.83772388372547657021e-01 -3.48655700241965327280e+00 -1.22392677323771881248e+00 8.71556054178196859539e+01 -8.17115366065669923579e-01
9.84058323863954753641e-01 -3.48661390902207246612e+00 -1.22380369863422622245e+00 8.71549530464968853494e+01 -8.17556471359784708852e-01
9.84337559693814090345e-01 -3.48666571412754011661e+00 -1.22369385651251927349e+00 8.71543209751926752915e+01 -8.17993217953901008421e-01
9.84610093961033494558e-01 -3.48672058581843735681e+00 -1.22357574229973686819e+00 8.71536980231799134344e+01 -8.18413412869692047380e-01
9.84875924810146630151e-01 -3.48677506397569691998e+00 -1.22345957039498554053e+00 8.71530892511017043489e+01 -8.18822944854092682476e-01
9.85135050431324765796e-01 -3.48682253890482618530e+00 -1.22335820541895889946e+00 8.71525025475578303258e+01 -8.19228649030778410811e-01
9.85387469060390319697e-01 -3.48687502218004397037e+00 -1.22324709534080144913e+00 8.71519233246931719350e+01 -8.19617298916435643719e-01
9.85633178978827628747e-01 -3.48691972949943629345e+00 -1.22315121361965428726e+00 8.71513668496854876366e+01 -8.20002188593363934288e-01
9.85872178513795716093e-01 -3.48697019929273466232e+00 -1.22304524477703102647e+00 8.71508172914275007770e+01 -8.20369973589885503884e-01
9.86104466038138838258e-01 -3.48702044042084180475e+00 -1.22294130530757150233e+00 8.71502819257160012967e+01 -8.20727158640753517993e-01
9.86330039970398142479e-01 -3.48706051965948171656e+00 -1.22285416325128459825e+00 8.71497713988089230952e+01 -8.21080986066236029330e-01
9.86548898774822102808e-01 -3.48710871149423384807e+00 -1.22275551707820251401e+00 8.71492658765997276760e+01 -8.21417355461559250962e-01
9.86761040961377400293e-01 -3.48714588439697514843e+00 -1.22267400457418839999e+00 8.71487859041849759478e+01 -8.21750357208632542516e-01
9.86966465085758248854e-01 -3.48719195003957871393e+00 -1.22258075866513360452e+00 8.71483103772745835158e+01 -8.22065935782525736286e-01
9.87165169749397164445e-01 -3.48723784558172766879e+00 -1.22248970029488890354e+00 8.71478491330594522424e+01 -8.22371002957822172519e-01
9.87357153599473957861e-01 -3.48727000732163761043e+00 -1.22241719837039397589e+00 8.71474157102264825880e+01 -8.22672922303692599755e-01
9.87542415328925060614e-01 -3.48731361449030341504e+00 -1.22233174013242096301e+00 8.71469847229728031834e+01 -8.22957253261576204828e-01
9.87720953676452295689e-01 -3.48734271287546393481e+00 -1.22226500726955200626e+00 8.71465821650522940445e+01 -8.23238337306644529789e-01
9.87892767426531648312e-01 -3.48738387967354990238e+00 -1.22218527466744175669e+00 8.71461816321051259138e+01 -8.23501953763544625176e-01
9.88057855409421592618e-01 -3.48742475794061057570e+00 -1.22210795153366613697e+00 8.71457955959408110402e+01 -8.23755148865642938816e-01
9.88216216501170752196e-01 -3.48744843388674663487e+00 -1.22205047360467711215e+00 8.71454401621199963301e+01 -8.24005121177221244722e-01
9.88367849623625893685e-01 -3.48748656634198805904e+00 -1.22197910174412305295e+00 8.71450849305802819345e+01 -8.24237642041843021623e-01
9.88512753744439143233e-01 -3.48752426640674650926e+00 -1.22191029289264596613e+00 8.71447443729206128182e+01 -8.24459792527182488975e-01
9.88650927877074869876e-01 -3.48754225197611411602e+00 -1.22186219895021852544e+00 8.71444363986721981519e+01 -8.24678625640316353973e-01
9.88782371080816346876e-01 -3.48757682468259977426e+00 -1.22179956598562178272e+00 8.71441270381399135658e+01 -8.24880124884725729473e-01
9.88907082460772635102e-01 -3.48761073999549653379e+00 -1.22173965622689650878e+00 8.71438325808691161001e+01 -8.25071289382848793714e-01
9.89025061167884578239e-01 -3.48764393261215488451e+00 -1.22168253066755716496e+00 8.71435530976675920556e+01 -8.25252139193290212837e-01
9.89136306398929687766e-01 -3.48765323596875242984e+00 -1.22164750020689627519e+00 8.71433094505244980610e+01 -8.25429473592564022510e-01
9.89240817396528693273e-01 -3.48768266967316620253e+00 -1.22159684983043814732e+00 8.71430617564602130187e+01 -8.25589675491152696907e-01
9.89338593449150427439e-01 -3.48771106872095071338e+00 -1.22154913604515691361e+00 8.71428293167030432187e+01 -8.25739572169879698649e-01
9.89429633891116377953e-01 -3.48773832688998375318e+00 -1.22150441766047013203e+00 8.71426122272265217816e+01 -8.25879172024423846565e-01
9.89513938102605350444e-01 -3.48773870253748485837e+00 -1.22148252112258215440e+00 8.71424332444919969021e+01 -8.26014936507330821414e-01
9.89591505509657798356e-01 -3.48776162176812309923e+00 -1.22144450299138673799e+00 8.71422484645842274631e+01 -8.26133861840871563942e-01
9.89662335584179708725e-01 -3.48778307965807909952e+00 -1.22140960370233941923e+00 8.71420793069779620055e+01 -8.26242480318997274402e-01
9.89726427843945932850e-01 -3.48780295966705722321e+00 -1.22137787031586797504e+00 8.71419258694086664718e+01 -8.26340790392244617379e-01
9.89783781852604072071e-01 -3.48782114502030937686e+00 -1.22134934796744620833e+00 8.71417882487256321156e+01 -8.26428789337085190070e-01
9.89834397219676587198e-01 -3.48783752028987814597e+00 -1.22132407701604162042e+00 8.71416665390395337454e+01 -8.26506471751083604538e-01
9.89878273600564240198e-01 -3.48782355130400301135e+00 -1.22132236351698808541e+00 8.71415855298852477517e+01 -8.26579878114961696944e-01
9.89915410696548092595e-01 -3.48783508110919049372e+00 -1.22130396112920869278e+00 8.71414965850743072906e+01 -8.26636841132793898090e-01
9.89945808254791503877e-01 -3.48784463623436824520e+00 -1.22128886097576350167e+00 8.71414236880515034045e+01 -8.26683473892958042839e-01
9.89969466068341796827e-01 -3.48785214862212811227e+00 -1.22127708517993105453e+00 8.71413668936043990243e+01 -8.26719772174230427275e-01
