00000000000000000000 4.64550138920240396345e+00 -2.13582215164503841365e+00 00000000000000000154 -8.99136178681170299495e-23
3.87796733008385127034e-03 4.64790847651492633474e+00 -2.13578409607595043340e+00 1.53998123645295208917e+02 8.81751272558176178024e-04
7.75587515650285035801e-03 4.65032829582887341502e+00 -2.13574103209349352994e+00 1.53996189860931423254e+02 1.82804013912730230380e-03
1.16336639765051742812e-02 4.65276086444865821790e+00 -2.13569293528363601808e+00 1.53994198444380742785e+02 2.83892997321126333218e-03
1.55112742891650307042e-02 4.65520619948527070164e+00 -2.13563978102183771313e+00 1.53992149193569986210e+02 3.91448020042004310448e-03
1.93886465962956576481e-02 4.65766431785527057485e+00 -2.13558154446968373463e+00 1.53990041906907720204e+02 5.05474638535640015402e-03
2.32657214033622598837e-02 4.66013523628282921862e+00 -2.13551820057712049561e+00 1.53987876383504925570e+02 6.25977996209641819603e-03
2.71424392203948837421e-02 4.66261897129377977933e+00 -2.13544972407555366800e+00 1.53985652422899704561e+02 7.52962854624880228299e-03
3.10187405629012494246e-02 4.66511553921603994155e+00 -2.13537608947673351878e+00 1.53983369825182592194e+02 8.86433587912687295796e-03
3.48945659527794757593e-02 4.66762495618633277417e+00 -2.13529727109980438371e+00 1.53981028391505645914e+02 1.02639399965048835200e-02
3.87698559192307112831e-02 4.67014723812575827111e+00 -2.13521324299384485101e+00 1.53978627922686314378e+02 1.17284779876487936512e-02
4.26445509996716889956e-02 4.67268240076430974028e+00 -2.13512397902341621858e+00 1.53976168220813889320e+02 1.32579804768814760868e-02
4.65185917406470347824e-02 4.67523045962479599780e+00 -2.13502945282166267660e+00 1.53973649088367920967e+02 1.48524744558201759331e-02
5.03919186987416417578e-02 4.67779143003491526542e+00 -2.13492963774342792149e+00 1.53971070329111796582e+02 1.65119861026498462864e-02
5.42644724414926629685e-02 4.68036532709576302835e+00 -2.13482450702284642929e+00 1.53968431746149747141e+02 1.82365307582790271701e-02
5.81361935483015249138e-02 4.68295216571613792667e+00 -2.13471403357950118007e+00 1.53965733144292528323e+02 2.00261249777056241084e-02
6.20070226113456635098e-02 4.68555196059167400335e+00 -2.13459819012332019383e+00 1.53962974328812748581e+02 2.18807798195906934302e-02
6.58769002364900102542e-02 4.68816472620834989726e+00 -2.13447694912841923198e+00 1.53960155105801135278e+02 2.38005023622163969232e-02
6.97457670441984506349e-02 4.69079047684255279194e+00 -2.13435028282946692713e+00 1.53957275282295142915e+02 2.57852958103924403965e-02
7.36135636704448592660e-02 4.69342922641308124554e+00 -2.13421816339761871717e+00 1.53954334657019074939e+02 2.78351483718938357004e-02
7.74802307676239754297e-02 4.69608098893894876369e+00 -2.13408056237361476448e+00 1.53951333049562293809e+02 2.99500685795824062030e-02
8.13457090054621884123e-02 4.69874577795779302392e+00 -2.13393745138167201247e+00 1.53948270263611874498e+02 3.21300405342983402823e-02
8.52099390719276428285e-02 4.70142360685720550606e+00 -2.13378880171359552875e+00 1.53945146108114670369e+02 3.43750497849867053812e-02
8.90728616741405659907e-02 4.70411448879709492843e+00 -2.13363458441963560475e+00 1.53941960392490898357e+02 3.66850775275791504693e-02
9.29344175392829291438e-02 4.70681843670493194054e+00 -2.13347477030775278806e+00 1.53938712926480377519e+02 3.90601005296284942148e-02
9.67945474155079421674e-02 4.70953546369528730509e+00 -2.13330932976604836782e+00 1.53935403546746300663e+02 4.15001019884081029376e-02
1.00653192072849326233e-01 4.71226558167237019603e+00 -2.13313823335088637023e+00 1.53932032028879149266e+02 4.40050350378332344459e-02
1.04510292304129906449e-01 4.71500880313869341620e+00 -2.13296145101498169083e+00 1.53928598201635765008e+02 4.65748703729186516731e-02
1.08365788925870357162e-01 4.71776514012599523795e+00 -2.13277895256259064638e+00 1.53925101879657603376e+02 4.92095679712895237023e-02
1.12219622779197156226e-01 4.72053460443466743612e+00 -2.13259070754501811606e+00 1.53921542878731827386e+02 5.19090834361735017910e-02
1.16071734730750303344e-01 4.72331720763389206752e+00 -2.13239668525922532183e+00 1.53917921015959450415e+02 5.46733679621764293022e-02
1.19922065673590871882e-01 4.72611296106267442241e+00 -2.13219685474668851910e+00 1.53914236109988365797e+02 5.75023682841543926081e-02
1.23770556528107589234e-01 4.72892187482011916444e+00 -2.13199118469535431331e+00 1.53910487917718910467e+02 6.03960331500260905191e-02
1.27617148242923722501e-01 4.73174396121784734959e+00 -2.13177964375385853302e+00 1.53906676351459964280e+02 6.33542919629532935710e-02
1.31461781795802923334e-01 4.73457923019354876004e+00 -2.13156220012132990860e+00 1.53902801190840648360e+02 6.63770824197940922939e-02
1.35304398194555003387e-01 4.73742769205709457481e+00 -2.13133882178464073576e+00 1.53898862255587886239e+02 6.94643342910471889295e-02
1.39144938477940960375e-01 4.74028935686017849349e+00 -2.13110947646204751393e+00 1.53894859366087047192e+02 7.26159731140818553996e-02
1.42983343716577865345e-01 4.74316423439150547381e+00 -2.13087413159983096733e+00 1.53890792343266610942e+02 7.58319202844999762370e-02
1.46819555013843056068e-01 4.74605233417122196471e+00 -2.13063275436863630574e+00 1.53886661008436703924e+02 7.91120931686702250074e-02
1.50653513506777553266e-01 4.74895366544413377596e+00 -2.13038531165859712502e+00 1.53882465183056694968e+02 8.24564052897251709151e-02
1.54485160366989643377e-01 4.75186823922916623530e+00 -2.13013177144282606079e+00 1.53878204817240288094e+02 8.58646796306946069599e-02
1.58314436801557489876e-01 4.75479606109089569799e+00 -2.12987209800741217336e+00 1.53873879537387551864e+02 8.93369514255510505096e-02
1.62141284053930911924e-01 4.75773714089247334869e+00 -2.12960625835682293427e+00 1.53869489257020973128e+02 9.28730612459618132259e-02
1.65965643404833329555e-01 4.76069148686100351853e+00 -2.12933421833327285455e+00 1.53865033805416430823e+02 9.64729013463308526788e-02
1.69787456173162598638e-01 4.76365910780136303515e+00 -2.12905594398332942419e+00 1.53860513013192729659e+02 1.00136358984898893310e-01
1.73606663716891373994e-01 4.76664000969198831115e+00 -2.12877139965666684063e+00 1.53855926712550513002e+02 1.03863316057604376796e-01
1.77423207433967000668e-01 4.76963420079343158875e+00 -2.12848055086419618576e+00 1.53851274737229942957e+02 1.07653649044948993008e-01
1.81237028763210711313e-01 4.77264168823721579571e+00 -2.12818336237695149293e+00 1.53846556922808019863e+02 1.11507228506288177949e-01
1.85048069185216018662e-01 4.77566247887965378283e+00 -2.12787979870819832229e+00 1.53841773106905378654e+02 1.15423918647952775118e-01
1.88856270223246969220e-01 4.77869657619904142365e+00 -2.12756981834968827982e+00 1.53836922936610818624e+02 1.19403940734139596413e-01
1.92661573444134981425e-01 4.78174399144372941350e+00 -2.12725339434669624694e+00 1.53832006561496513086e+02 1.23446575216160009392e-01
1.96463920459175961364e-01 4.78480472834317804853e+00 -2.12693048622942448844e+00 1.53827023683698257628e+02 1.27551932072784784955e-01
2.00263252925025725393e-01 4.78787879251191217378e+00 -2.12660105721293879455e+00 1.53821974142604801727e+02 1.31719865759395371452e-01
2.04059512544595450523e-01 4.79096618925814521361e+00 -2.12626507020417321314e+00 1.53816857778909479748e+02 1.35950226965563136794e-01
2.07852641067946264375e-01 4.79406692358056751857e+00 -2.12592248779440673445e+00 1.53811674434662450039e+02 1.40242862971522802562e-01
2.11642580293182863693e-01 4.79718100016443749212e+00 -2.12557327225164760520e+00 1.53806423953283371020e+02 1.44597618010133821542e-01
2.15429272067346772035e-01 4.80030842337856977764e+00 -2.12521738550952621338e+00 1.53801106179639134552e+02 1.49014333850319813379e-01
2.19212658287308292948e-01 4.80344919727157648737e+00 -2.12485478915514125475e+00 1.53795720960074135064e+02 1.53492850443567391272e-01
2.22992680900658574172e-01 4.80660332556908276302e+00 -2.12448544441144004935e+00 1.53790268142514747751e+02 1.58033006917717072648e-01
2.26769281906599701193e-01 4.80977081180305532371e+00 -2.12410933096538956377e+00 1.53784747578066344431e+02 1.62633458406683917286e-01
2.30542403356835262640e-01 4.81295165864144536272e+00 -2.12372637866598124035e+00 1.53779159103920562757e+02 1.67295967797791961251e-01
2.34311987356459305865e-01 4.81614586897648599972e+00 -2.12333656174363571978e+00 1.53773502577814014103e+02 1.72019485051439130485e-01
2.38077976064844459847e-01 4.81935344515410779564e+00 -2.12293984052652850991e+00 1.53767777851095274855e+02 1.76803809598812394777e-01
2.41840311696529752794e-01 4.82257438916110192650e+00 -2.12253617506078429145e+00 1.53761984775819144033e+02 1.81648734332075373343e-01
2.45598936522107014202e-01 4.82580870261778471786e+00 -2.12212552511364016539e+00 1.53756123204587737519e+02 1.86554045296498077766e-01
2.49353792869107054875e-01 4.82905638676680393218e+00 -2.12170785018438845526e+00 1.53750192990146445027e+02 1.91519520896530293097e-01
2.53104823122884181608e-01 4.83231744246247796326e+00 -2.12128310951522625061e+00 1.53744193985024622862e+02 1.96544931104371906061e-01
2.56851969727500406560e-01 4.83559187015612312877e+00 -2.12085126210614172138e+00 1.53738126040924072413e+02 2.01630036422182107314e-01
2.60595175186608463136e-01 4.83887968427478565303e+00 -2.12041223765703978899e+00 1.53731989921634180973e+02 2.06776407694176239671e-01
2.64334382064334627582e-01 4.84218086084150733939e+00 -2.11996604297903390446e+00 1.53725783978511060468e+02 2.11980761157162189701e-01
2.68069532986158931553e-01 4.84549540994482086376e+00 -2.11951261414205749389e+00 1.53719508751286667803e+02 2.17244218952275691681e-01
2.71800570639796568173e-01 4.84882333079372518370e+00 -2.11905190847323954273e+00 1.53713164115018145139e+02 2.22566546667809284088e-01
2.75527437776076689069e-01 4.85216462224100730793e+00 -2.11858388294992439072e+00 1.53706749948559348695e+02 2.27947506611930916787e-01
2.79250077209821145896e-01 4.85551928278658806448e+00 -2.11810849419498925528e+00 1.53700266135116464739e+02 2.33386857999074465164e-01
2.82968431820721455505e-01 4.85888731058305722854e+00 -2.11762569846593828871e+00 1.53693712562951844802e+02 2.38884357527775897934e-01
2.86682444554216209198e-01 4.86226870344637340793e+00 -2.11713545164385408270e+00 1.53687089126417532725e+02 2.44439759963200914372e-01
2.90392058422365262338e-01 4.86566345886614559646e+00 -2.11663770921898475308e+00 1.53680395726966395387e+02 2.50052818936349119383e-01
2.94097216504725145203e-01 4.86907157402546442171e+00 -2.11613242627213615776e+00 1.53673632274771478023e+02 2.55723288000718529389e-01
2.97797861949222197886e-01 4.87249304582275843956e+00 -2.11561955745463725620e+00 1.53666798690475616240e+02 2.61450921781234579822e-01
3.01493937973024594967e-01 4.87592780139747183910e+00 -2.11509910931479527818e+00 1.53659890531378152900e+02 2.67232213245601424312e-01
3.05185387863413981613e-01 4.87937595410804814122e+00 -2.11457094674778112164e+00 1.53652915109514196956e+02 2.73072462037996177564e-01
3.08872154978655832913e-01 4.88283744616304637987e+00 -2.11403506394412099567e+00 1.53645868989280103278e+02 2.78968879605969777291e-01
3.12554182748867592778e-01 4.88631227184159744326e+00 -2.11349141473503365773e+00 1.53638752044082679049e+02 2.84921167957124188419e-01
3.16231414676888089588e-01 4.88980042489989141785e+00 -2.11293995263252032402e+00 1.53631564144826143092e+02 2.90929022822250082925e-01
3.19903794339143177083e-01 4.89330189854691699480e+00 -2.11238063082230054235e+00 1.53624305158813456273e+02 2.96992134008430164194e-01
3.23571265386512540996e-01 4.89681668540899206477e+00 -2.11181340218058322122e+00 1.53616974947944470387e+02 3.03110184261283166496e-01
3.27233771545193397046e-01 4.90034477749244778977e+00 -2.11123821926592114551e+00 1.53609573366811702044e+02 3.09282849689258287906e-01
3.30891256617564633036e-01 4.90388616614296513063e+00 -2.11065503433525458732e+00 1.53602100260593232406e+02 3.15509798673713204309e-01
3.34543664483048841518e-01 4.90744084198606156377e+00 -2.11006379934508236929e+00 1.53594555461769260774e+02 3.21790691718408627953e-01
3.38190939098973242238e-01 4.91100894727749093249e+00 -2.10946443498503644065e+00 1.53586948347748460719e+02 3.28127083958879905978e-01
3.41833024501430049469e-01 4.91459021074044066779e+00 -2.10885694636559906101e+00 1.53579262386184694833e+02 3.34515316720708888454e-01
3.45469864806134951962e-01 4.91818474062075594588e+00 -2.10824125981532128904e+00 1.53571504888998816796e+02 3.40956545775244979080e-01
3.49101404209284427171e-01 4.92179252712474379905e+00 -2.10761732573612858843e+00 1.53563675796614660385e+02 3.47450420840384854859e-01
3.52727586988412222802e-01 4.92541356005670749596e+00 -2.10698509419694701705e+00 1.53555775058999614657e+02 3.53996585310624389820e-01
3.56348357503244450584e-01 4.92904782883448611130e+00 -2.10634451494758812018e+00 1.53547802637120497593e+02 3.60594675302997769162e-01
3.59963660196552959203e-01 4.93269532252457842958e+00 -2.10569553741914505807e+00 1.53539758505635717256e+02 3.67244319553698350678e-01
3.63573439595008318648e-01 4.93635602986008148463e+00 -2.10503811073517077546e+00 1.53531642654512751278e+02 3.73945138639145913118e-01
3.67177640310030473092e-01 4.94002993930067546557e+00 -2.10437218371469558775e+00 1.53523455093291914864e+02 3.80696744708219680930e-01
3.70776207038639005198e-01 4.94371703907373305498e+00 -2.10369770489738394659e+00 1.53515195854164034017e+02 3.87498739833085581452e-01
3.74369084564301513041e-01 4.94741731665910844384e+00 -2.10301462159747964975e+00 1.53506864997464703038e+02 3.94350715504614868223e-01
3.77956217757780987831e-01 4.95113044407991154117e+00 -2.10232280859761822001e+00 1.53498442775789527559e+02 4.01257017606654609043e-01
3.81537551577981803863e-01 4.95485695726334096634e+00 -2.10162234149631466096e+00 1.53489963638479025576e+02 4.08209039518184158002e-01
3.85113031072793543519e-01 4.95859659093434324006e+00 -2.10091310843628376048e+00 1.53481411912361977556e+02 4.15210105437846643817e-01
3.88682601379935599439e-01 4.96234932815586748944e+00 -2.10019505537040274135e+00 1.53472787500929939597e+02 4.22259840965428401294e-01
3.92246207727797613352e-01 4.96611515124664659737e+00 -2.09946812777556468532e+00 1.53464090301664100480e+02 4.29357873574817694440e-01
3.95803795436280247966e-01 4.96989404172429516393e+00 -2.09873227061864975340e+00 1.53455320203063280360e+02 4.36503834686729708103e-01
3.99355309917634848649e-01 4.97368598024223462772e+00 -2.09798742836085549968e+00 1.53446477081291192235e+02 4.43697359341833685864e-01
4.02900696677300329540e-01 4.97749094654612278532e+00 -2.09723354487533875101e+00 1.53437560798072297530e+02 4.50938091294572629408e-01
4.06439901314739726601e-01 4.98130891938555198095e+00 -2.09647056342694382280e+00 1.53428571195784883230e+02 4.58225684227532403803e-01
4.09972869524274474706e-01 4.98513987643490885660e+00 -2.09569842660754979136e+00 1.53419508093150113837e+02 4.65559805739015841741e-01
4.13499547095918296158e-01 4.98898379417730719609e+00 -2.09491707627597101293e+00 1.53410371278620374369e+02 4.72940141048247830735e-01
4.17019879916208535686e-01 4.99284064778483305247e+00 -2.09412645345985382050e+00 1.53401160503560191728e+02 4.80366399072351124566e-01
4.20533813969036496250e-01 4.99671103539604821719e+00 -2.09332697193896732912e+00 1.53391914440090886274e+02 4.87808624418829550606e-01
4.24041295336476609101e-01 5.00059383743141250278e+00 -2.09251774435091553173e+00 1.53382564611028868740e+02 4.95318408808480992178e-01
4.27542270199613438919e-01 5.00448952916883005315e+00 -2.09169909078106774913e+00 1.53373142116107715083e+02 5.02871608350666687848e-01
4.31036684839367689737e-01 5.00839808741190317676e+00 -2.09087095457436555890e+00 1.53363646993526657525e+02 5.10467674092261902707e-01
4.34524485637320267983e-01 5.01231948846750707816e+00 -2.09003327902663649240e+00 1.53354079298481195792e+02 5.18106031850950721207e-01
4.38005619076534846723e-01 5.01625370813213677934e+00 -2.08918600743650140217e+00 1.53344439103001121794e+02 5.25786078980743476485e-01
4.41480031742379597226e-01 5.02020072181641285880e+00 -2.08832908318271659454e+00 1.53334726504437526273e+02 5.33507179537638376310e-01
4.44947670323346589072e-01 5.02416050454860219077e+00 -2.08746244983340334400e+00 1.53324941626385367499e+02 5.41268657481232096096e-01
4.48408481611869302874e-01 5.02813303100390385225e+00 -2.08658605127373109056e+00 1.53315084621240060869e+02 5.49069788733146157966e-01
4.51862412505139754426e-01 5.03211827567833136499e+00 -2.08569983180057905159e+00 1.53305155681791461575e+02 5.56909795299376564337e-01
4.55309410005922676756e-01 5.03611621298049616513e+00 -2.08480373633730087235e+00 1.53295155047689377170e+02 5.64787831917657690006e-01
4.58749421223369369116e-01 5.04012612232365508902e+00 -2.08389651719225366122e+00 1.53285039721740503182e+02 5.72777504791180280819e-01
4.62182393373828603877e-01 5.04414920130683608335e+00 -2.08298022180034569928e+00 1.53274886239241595831e+02 5.80746590166268616962e-01
4.65608273781656922807e-01 5.04818485820096807259e+00 -2.08205382546077544248e+00 1.53264659738491531016e+02 5.88754722499812532810e-01
4.69027009880027045963e-01 5.05223305996700844389e+00 -2.08111726361393989393e+00 1.53254360212017502363e+02 5.96801533940589656879e-01
4.72438549211733671562e-01 5.05629377260938284167e+00 -2.08017047076458450050e+00 1.53243987648972165516e+02 6.04886686627855607590e-01
4.75842839429999664436e-01 5.06036696107536165812e+00 -2.07921338048154469291e+00 1.53233542029676300444e+02 6.13009872709461278717e-01
4.79239828299277970114e-01 5.06445258928590913428e+00 -2.07824592510203842721e+00 1.53223023328381913188e+02 6.21170832782470205835e-01
4.82629463696053917499e-01 5.06855062010453583099e+00 -2.07726803569479745448e+00 1.53212431512163931302e+02 6.29369358183528904149e-01
4.86011693609644690461e-01 5.07266101518972689632e+00 -2.07627964179632318320e+00 1.53201766532571838297e+02 6.37605307430489598453e-01
4.89386466142997689222e-01 5.07678373496241608365e+00 -2.07528067129297033588e+00 1.53191028324454265430e+02 6.45878613553119040880e-01
4.92753729513486060654e-01 5.08091873851630815295e+00 -2.07427104999328504320e+00 1.53180216801240135283e+02 6.54189310724977546307e-01
4.96113432053704617175e-01 5.08506598355192185323e+00 -2.07325070141363232423e+00 1.53169331851692390956e+02 6.62537547582232821952e-01
4.99465522212260704116e-01 5.08922585914110037209e+00 -2.07222232923750837585e+00 1.53158400328703464766e+02 6.70750265641848142373e-01
5.02809948554567842649e-01 5.09339755756379108931e+00 -2.07118091569867024404e+00 1.53147374534097878040e+02 6.79135391761821916035e-01
5.06146659763632045248e-01 5.09758138481415912224e+00 -2.07012866418608121322e+00 1.53136276258435003683e+02 6.87550953319934765595e-01
5.09475604640841184256e-01 5.10177729684952296907e+00 -2.06906551285553907960e+00 1.53125105542235786515e+02 6.95996078938757145593e-01
5.12796732106749808544e-01 5.10598524862235603194e+00 -2.06799140039440887406e+00 1.53113862430732893927e+02 7.04469836927049342101e-01
5.16109991201863405053e-01 5.11020519399589545628e+00 -2.06690626621783968275e+00 1.53102546969662625997e+02 7.12971223227582995285e-01
5.19415331087419551714e-01 5.11443708549600906110e+00 -2.06581005082023416719e+00 1.53091159190905045762e+02 7.21499139710062520336e-01
5.22712701046168959351e-01 5.11868087464792420604e+00 -2.06470269595650268712e+00 1.53079699134552299711e+02 7.30052383115243008760e-01
5.26002050483152849836e-01 5.12293651166599151026e+00 -2.06358414486666719156e+00 1.53068166830740693740e+02 7.38629631289815180573e-01
5.29283328926479668119e-01 5.12720394566962855976e+00 -2.06245434278611661227e+00 1.53056562314271673131e+02 7.47229411709230517680e-01
5.32556486028099573815e-01 5.13148312422644714559e+00 -2.06131323735805249697e+00 1.53044885597423302670e+02 7.55850076076974297656e-01
5.35821471564576490287e-01 5.13577399391057820566e+00 -2.06016077899237659565e+00 1.53033136705935362443e+02 7.64489778371016504011e-01
5.39078235437859709656e-01 5.14007753375333464874e+00 -2.05899166642793263193e+00 1.53021379386099226849e+02 7.73473229605872059089e-01
5.42326727676051723037e-01 5.14439182122159532895e+00 -2.05781523246433595276e+00 1.53009498520334119576e+02 7.82215014846698197815e-01
5.45566898434175162613e-01 5.14871766717784762335e+00 -2.05662708533360394370e+00 1.52997547687760089730e+02 7.90983272122928515735e-01
5.48798697994937745293e-01 5.15305501857827596979e+00 -2.05542714738767617888e+00 1.52985527239165094215e+02 7.99777792913231921901e-01
5.52022076769495328996e-01 5.15740382145570741557e+00 -2.05421533931795030625e+00 1.52973437547348481758e+02 8.08598446301393769531e-01
5.55236985298212415429e-01 5.16176402155185254372e+00 -2.05299157969916379329e+00 1.52961279047442701540e+02 8.17445207572825127684e-01
5.58443374251421431609e-01 5.16613556425137776529e+00 -2.05175578498218280643e+00 1.52949052233903330489e+02 8.26318158834626004250e-01
5.61641194430179235830e-01 5.17051839411410618652e+00 -2.05050786878918289702e+00 1.52936757632442379418e+02 8.35217532896407877097e-01
5.64830396767022624438e-01 5.17491245612012740196e+00 -2.04924774168429069121e+00 1.52924395878395046111e+02 8.44143727869021587296e-01
5.68010932326720507923e-01 5.17931769469182690102e+00 -2.04797531065370064240e+00 1.52911967656968357687e+02 8.53097339458431802584e-01
5.71182752307025198846e-01 5.18373405472940174121e+00 -2.04669047830642236718e+00 1.52899473768437161425e+02 8.62079210902777171022e-01
5.74345808039421146240e-01 5.18816148135634414018e+00 -2.04539314240828273839e+00 1.52886915113265757782e+02 8.71090461994827869319e-01
5.77500050989871893670e-01 5.19259519023382321024e+00 -2.04409151438323855032e+00 1.52874001019374503585e+02 8.79615499846114645699e-01
5.80645432759564483760e-01 5.19704366753121327349e+00 -2.04277057668828820880e+00 1.52861259460078429129e+02 8.88582449454414446954e-01
5.83781905085652308429e-01 5.20150288208072986151e+00 -2.04143713833083584319e+00 1.52848446281070039277e+02 8.97562784982193440086e-01
5.86909419841995516620e-01 5.20597275311415774723e+00 -2.04009113449657730754e+00 1.52835561162462624907e+02 9.06555213738732046380e-01
5.90027929039899312613e-01 5.21045319804026085819e+00 -2.03873250201247158131e+00 1.52822603768115158118e+02 9.15558319597994052508e-01
5.93137384828850811047e-01 5.21494413047746085965e+00 -2.03736117946080641516e+00 1.52809573625302704158e+02 9.24570555924825510097e-01
5.96237739497252783316e-01 5.21944546079199778177e+00 -2.03597710765341100014e+00 1.52796470159902298747e+02 9.33590216756740032267e-01
5.99328945473155960677e-01 5.22395709586504874977e+00 -2.03458023064544057945e+00 1.52783292683968824122e+02 9.42615374432767549884e-01
6.02410955324989116910e-01 5.22847893812979958028e+00 -2.03317049543292593938e+00 1.52770040337823132859e+02 9.51643898615094463445e-01
6.05483721762286153378e-01 5.23301088576425232901e+00 -2.03174785287217574137e+00 1.52756712104152882148e+02 9.60673399924003912353e-01
6.08547197636412851018e-01 5.23755283189579667891e+00 -2.03031225911565904596e+00 1.52743306761143685435e+02 9.69701141392212973003e-01
6.11601335941289292464e-01 5.24210466384631956771e+00 -2.02886367590509797409e+00 1.52729822837944482217e+02 9.78724020742773981318e-01
6.14646089814111729055e-01 5.24667798257086737124e+00 -2.02739097883377272780e+00 1.52716980361630334073e+02 9.88428837755751854566e-01
6.17681412536071339225e-01 5.25125142830217406242e+00 -2.02591406023436704231e+00 1.52703469214383204644e+02 9.97572049480855982395e-01
6.20707257533071432576e-01 5.25583477831213485842e+00 -2.02442363392020929780e+00 1.52689897431303478470e+02 1.00672599703337950494e+00
6.23723578376441656346e-01 5.26042795360529868987e+00 -2.02291961556208077511e+00 1.52676266285250534338e+02 1.01589052540983937334e+00
6.26730328783650536550e-01 5.26503088079196324145e+00 -2.02140191322789819495e+00 1.52662577133289630638e+02 1.02506570798475760142e+00
6.29727462619016020717e-01 5.26964348695993400895e+00 -2.01987043402946309101e+00 1.52648831597925834558e+02 1.03425174050561818895e+00
6.32714933894412689952e-01 5.27426570058759480730e+00 -2.01832508276682975890e+00 1.52635031502562725336e+02 1.04344894882410255121e+00
6.35692696769977860782e-01 5.27889745217139694233e+00 -2.01676575958201187433e+00 1.52621178910797823391e+02 1.05265793493384141044e+00
6.38660705554815355534e-01 5.28353867529270182501e+00 -2.01519236108010124653e+00 1.52607276194105992317e+02 1.06187950882724058133e+00
6.41618914707695386923e-01 5.28818930589863533953e+00 -2.01360477823613903681e+00 1.52593325987835356727e+02 1.07111481836896560438e+00
6.44567278837754553678e-01 5.29284928627553963310e+00 -2.01200289643972629605e+00 1.52579331437924849979e+02 1.08036534898466851651e+00
6.47505752705191617302e-01 5.29751856168030155203e+00 -2.01038659413598130854e+00 1.52565295993285701570e+02 1.08963300709909094444e+00
6.50434291221961835561e-01 5.30219708486869301112e+00 -2.00875574179245708351e+00 1.52551223686106453670e+02 1.09892018674553648694e+00
6.53352849452468964486e-01 5.30685798603175751254e+00 -2.00712485270575502483e+00 1.52535469659861348646e+02 1.10731282014048093565e+00
6.56261382614254484835e-01 5.31155005512298128423e+00 -2.00546748290687393279e+00 1.52521041399966463814e+02 1.11646037610719828237e+00
6.59159846078685274229e-01 5.31625044952882497284e+00 -2.00379570512757609890e+00 1.52506541404483442648e+02 1.12560142334975554768e+00
6.62048195371637282491e-01 5.32095902499810957664e+00 -2.00210945313831167880e+00 1.52491968312327657031e+02 1.13473436887739276280e+00
6.64926386174179318012e-01 5.32567563089745910077e+00 -2.00040866395933214505e+00 1.52477320510960737465e+02 1.14385741112846872625e+00
6.67794374323251838099e-01 5.33040010844451828120e+00 -1.99869327695247256393e+00 1.52462596029531169961e+02 1.15296859601806622742e+00
6.70652115812345961388e-01 5.33513229123088805750e+00 -1.99696323389885233013e+00 1.52447792573828905915e+02 1.16206581324654534271e+00
6.73499566792176929120e-01 5.33987200426208641346e+00 -1.99521848361030573749e+00 1.52432907472312621167e+02 1.17114651239544653727e+00
6.76336683571358565636e-01 5.34461905914125434691e+00 -1.99345897846211239646e+00 1.52417937380376201872e+02 1.18020791505904698582e+00
6.79163422617073186949e-01 5.34937326140196400814e+00 -1.99168467684177774579e+00 1.52402878736790370340e+02 1.18924686883690999828e+00
6.81979740555738733754e-01 5.35413440194188705590e+00 -1.98989555568007037145e+00 1.52387727246250818780e+02 1.19825907157055699948e+00
6.84785594173675460361e-01 5.35890229263478801158e+00 -1.98809179897868970599e+00 1.52372480190785239529e+02 1.20722748186854711427e+00
6.87580940417768404771e-01 5.36367656735145903468e+00 -1.98627269530555272681e+00 1.52357123512021189526e+02 1.21619010820201434164e+00
6.90365736396128082397e-01 5.36850903996847161892e+00 -1.98442429175314893897e+00 1.52344847730748170989e+02 1.22603301713585000066e+00
6.93139939378748737298e-01 5.37330449039620461349e+00 -1.98257241285111751594e+00 1.52329814553525608289e+02 1.23510132587220233802e+00
6.95903506798163817848e-01 5.37810705161106294980e+00 -1.98070503373093642629e+00 1.52314743791379527238e+02 1.24415719438108096639e+00
6.98656396250099120948e-01 5.38291661553525901951e+00 -1.97882201225001974620e+00 1.52299638212432654427e+02 1.25320378582865532557e+00
7.01398565494123937825e-01 5.38773309956915014141e+00 -1.97692329865592553162e+00 1.52284502377621066671e+02 1.26223860939190912767e+00
7.04129972454298314055e-01 5.39255640009546421965e+00 -1.97500884396570142165e+00 1.52269339724024206362e+02 1.27125913273296187178e+00
7.06850575219819421413e-01 5.39738686407632339836e+00 -1.97307896063265553188e+00 1.52254181826437275049e+02 1.28024093846377584605e+00
7.09560332045664265976e-01 5.40222314344402132491e+00 -1.97113246580028422805e+00 1.52238955131024766843e+02 1.28925038312562412202e+00
7.12259201353230508857e-01 5.40706653602027564887e+00 -1.96916947801959540953e+00 1.52223749865983336349e+02 1.29827567969028634387e+00
7.14947141730974067286e-01 5.41191643060620908301e+00 -1.96719072234727931914e+00 1.52208539510097466518e+02 1.30726644288048077236e+00
7.17624111935044939337e-01 5.41677286981138639277e+00 -1.96519555743154761274e+00 1.52193336917090448424e+02 1.31625678947586988166e+00
7.20290070889919697983e-01 5.42163576004216984927e+00 -1.96318407158311059035e+00 1.52178147287360189921e+02 1.32523591514117033974e+00
7.22944977689031653689e-01 5.42650522704237747718e+00 -1.96115638462304997525e+00 1.52162989288191653259e+02 1.33419150163287558719e+00
7.25588791595399018597e-01 5.43138117707819745306e+00 -1.95911140720784970881e+00 1.52147867988027428510e+02 1.34318477422142779076e+00
7.28221472042250406176e-01 5.51738930601356614147e+00 -1.76915895056671546026e-01 1.51859834754483955521e+02 1.22333156832887757215e-01
7.30842978633645223852e-01 5.52207719651207185052e+00 -1.76740008050915664572e-01 1.51842726094460488184e+02 1.22910115805855049698e-01
7.33453271145096175054e-01 5.52677247879995636737e+00 -1.76563151811867852237e-01 1.51825603003523809775e+02 1.23454268214714515950e-01
7.36052309524184211753e-01 5.53147517954817846686e+00 -1.76385576513490904826e-01 1.51808475414322515462e+02 1.23949670480550472318e-01
7.38640053891175041301e-01 5.53618517989492264775e+00 -1.76207502212593486446e-01 1.51791344367451927155e+02 1.24382252052868583214e-01
7.41216464539629305008e-01 5.54090228033876552871e+00 -1.76028886091673497649e-01 1.51774206022436771946e+02 1.24754242037442911184e-01
7.43781501937012756720e-01 5.54562642934151206475e+00 -1.75849694271831030745e-01 1.51757065854670827321e+02 1.25067332232366296152e-01
7.46335126725303221740e-01 5.55035745139361846867e+00 -1.75670278514458738650e-01 1.51739921842520487871e+02 1.25299319748233439764e-01
7.48877299721593336912e-01 5.55509559481623416133e+00 -1.75490863196538893209e-01 1.51722798346415089554e+02 1.25435960866897899812e-01
7.51407981918692846612e-01 5.55983659037454014396e+00 -1.75310798680592599963e-01 1.51705440112140991005e+02 1.25516655280812239326e-01
7.53927134485726568869e-01 5.56453646996960049620e+00 -1.75010814768023131860e-01 1.51685122623878072545e+02 1.32917428761880007659e-01
7.56434718768730363081e-01 5.56928440630281240686e+00 -1.74812200959451907734e-01 1.51667398529961047871e+02 1.33950534733161458201e-01
7.58930696291243989116e-01 5.57404106805020926885e+00 -1.74612672831839510490e-01 1.51649831616884227969e+02 1.34943025579296771443e-01
7.61415028754902523112e-01 5.57880112941581618458e+00 -1.74410189851043090359e-01 1.51632101910676027501e+02 1.36020114240045980614e-01
7.63887678040022333192e-01 5.58356981718530942516e+00 -1.74206766326135992218e-01 1.51614542768031100195e+02 1.37057391440942283323e-01
7.66348606206187388246e-01 5.58834093151393940246e+00 -1.74000931114459272964e-01 1.51596780730437870943e+02 1.38144710915654000960e-01
7.68797775492830681721e-01 5.59311332602338584508e+00 -1.73789899760027177766e-01 1.51578754981165872096e+02 1.39453552530291929878e-01
7.71235148319813990092e-01 5.59789203952498226613e+00 -1.73577118824094323024e-01 1.51560787752738889367e+02 1.40771034186468968485e-01
7.73660687288004522699e-01 5.60267550578502504521e+00 -1.73362325391231142380e-01 1.51542792766122346393e+02 1.42112829930638950859e-01
7.76074355179848351938e-01 5.60746565571168797959e+00 -1.73143964779520487252e-01 1.51524899772912419849e+02 1.43574785098430329766e-01
7.78476114959941845051e-01 5.61225592080867663469e+00 -1.72924109931212349744e-01 1.51506714343732085126e+02 1.45027686713464776247e-01
7.80865929775599765250e-01 5.61704928862636077014e+00 -1.72698056995800319768e-01 1.51488431526441900132e+02 1.46761842178884577281e-01
7.83243762957420930348e-01 5.62184789724028988189e+00 -1.72469360432607549116e-01 1.51470194960927528882e+02 1.48557662948206326003e-01
7.85609578019850984809e-01 5.62665060776006598076e+00 -1.72237539294312291815e-01 1.51451945694527950081e+02 1.50444300974728634168e-01
7.87963338661741508062e-01 5.63154258621512138205e+00 -1.72204571666284333986e-01 1.51438973629898242734e+02 1.39976494382034660768e-01
7.90305008766907790552e-01 5.63636403881926195680e+00 -1.71994987407824012626e-01 1.51421386422140869854e+02 1.40291854722863429394e-01
7.92634552404682946047e-01 5.64119187751071837766e+00 -1.71778625077842306279e-01 1.51403961909884060333e+02 1.40923283804702037525e-01
7.94951933830468693287e-01 5.64601577167996104833e+00 -1.71572079829378082438e-01 1.51386077669683572822e+02 1.40846214165665506446e-01
7.97257117486284361263e-01 5.65084585269367867255e+00 -1.71359661141232022530e-01 1.51368368519218648771e+02 1.41028912019835056535e-01
7.99550068001312008725e-01 5.65568154522270294393e+00 -1.71147110014074843587e-01 1.51350812187936213604e+02 1.41117232828851885129e-01
8.01830750192439767332e-01 5.66051966447267052018e+00 -1.70934386365996476842e-01 1.51333225171221670280e+02 1.41113030416843227011e-01
8.04099129064801410038e-01 5.66537809951799520292e+00 -1.70734815967526432079e-01 1.51316723678223183924e+02 1.40198157003410012189e-01
8.06355169812312477795e-01 5.67020801299261290040e+00 -1.70509760842155799754e-01 1.51298308588730748170e+02 1.40744583661763150717e-01
8.08598837818206295225e-01 5.67505596668796918891e+00 -1.70298292204469153832e-01 1.51280865408908994141e+02 1.40353087634128653738e-01
8.10830098655563102916e-01 5.67989622702723551129e+00 -1.70082658881622494906e-01 1.51262821250705030707e+02 1.40112661116249537230e-01
8.13048918087839522784e-01 5.68475070860617215374e+00 -1.69873524095659034217e-01 1.51245539828743204680e+02 1.39370219052077137789e-01
8.15255262069393138447e-01 5.68959515396046100477e+00 -1.69663970979280626095e-01 1.51227541815781307832e+02 1.38547814042241534960e-01
8.17449096746005965386e-01 5.69443561239833062615e+00 -1.69425328105528211209e-01 1.51209209581809091105e+02 1.39409047802181829123e-01
8.19630388455402592029e-01 5.69919112190900190029e+00 -1.68933292263769657682e-01 1.51185546791176079751e+02 1.55728499985136020767e-01
8.21799103727767876748e-01 5.70404528315169034869e+00 -1.68690552713778640914e-01 1.51167930796983114305e+02 1.56629500326876280880e-01
8.23955209286259315782e-01 5.70889991043518296721e+00 -1.68442955433210334037e-01 1.51150301533501789208e+02 1.57723686033548943231e-01
8.26098672047518967076e-01 5.71370272345170704398e+00 -1.68179260190053858626e-01 1.51129460671299568730e+02 1.59693049297027572786e-01
8.28229459122179711983e-01 5.71857006161248282439e+00 -1.67925219878431675191e-01 1.51112574868611375223e+02 1.60973676915230845541e-01
8.30347537815371183889e-01 5.72341755476914215706e+00 -1.67667814826718719612e-01 1.51094474392461222578e+02 1.62352098006613765335e-01
8.32452875627220700849e-01 5.72826716894798781965e+00 -1.67407636472380466630e-01 1.51076524386952257828e+02 1.63795424860818494839e-01
8.34545440253351977766e-01 5.73310364557162532861e+00 -1.67142590234325455478e-01 1.51057803850220409458e+02 1.65429651821746126483e-01
8.36625199585380951994e-01 5.73796264405682343579e+00 -1.66878239100585329391e-01 1.51040518702627309722e+02 1.66919262066396345556e-01
8.38692121711408611340e-01 5.74283568697249346968e+00 -1.66610363434938013594e-01 1.51024163730291405727e+02 1.68521987671684053689e-01
8.40746174916510269348e-01 5.74768557437188754022e+00 -1.66330374308620687618e-01 1.51006471697229130768e+02 1.70758342601907864289e-01
8.42787327683222509123e-01 5.75244375251566353313e+00 -1.66025501895032040478e-01 1.50983253717306354247e+02 1.74398974855471511347e-01
8.44815548692026907496e-01 5.75723623849363974614e+00 -1.65722463383035117923e-01 1.50962261941709215307e+02 1.77826790474631679650e-01
8.46830806821829651376e-01 5.76205521184463087536e+00 -1.65419904572691400801e-01 1.50943032824909721512e+02 1.81123966721823348447e-01
8.48833071150440821029e-01 5.76688200468329181803e+00 -1.65119211905154272824e-01 1.50924439137504833752e+02 1.84202580614851174623e-01
8.50822310955046900993e-01 5.77171238710536194105e+00 -1.64815082261491385740e-01 1.50906238344523075057e+02 1.87387244298294453060e-01
8.52798495712683735093e-01 5.77657898116385037923e+00 -1.64973970526528013192e-01 1.50890534343546448781e+02 1.62104900812335139815e-01
8.54761595100703930328e-01 5.78225391332057903071e+00 -1.65045672792679232188e-01 1.50924545316864225697e+02 1.42216413655902929047e-01
8.56711578997242706457e-01 5.78674972249322561169e+00 -1.64670813499562002091e-01 1.50886460123418743251e+02 1.49369450570318779148e-01
8.58648417481679637753e-01 5.79120271014178822355e+00 -1.64303781946822796689e-01 1.50846010247124922898e+02 1.55927178859112280929e-01
8.60572080835097841245e-01 5.79628805741041297495e+00 -1.64127841984398642472e-01 1.50844590628722102110e+02 1.50798711193385975848e-01
8.62482539540740500428e-01 5.80133057265205565045e+00 -1.63956124884009707410e-01 1.50840832080220167200e+02 1.45303798336605505259e-01
8.64379764284463170121e-01 5.80604762161319154501e+00 -1.63664462657555742631e-01 1.50817430906302888616e+02 1.46988803507613341459e-01
8.66263725955183860883e-01 5.81057679692827910856e+00 -1.63351384517015085773e-01 1.50782857129599193513e+02 1.49845161040309954315e-01
8.68134395645329126623e-01 5.81529579969899756975e+00 -1.63088764534788044358e-01 1.50760261878976109529e+02 1.49548847836240950127e-01
8.69991744651278930966e-01 5.82017047727708636273e+00 -1.62856204605749482761e-01 1.50747566295117167101e+02 1.47344458496747182652e-01
8.71835744473805518417e-01 5.82504640657114247659e+00 -1.62646311165920071096e-01 1.50735339917391343079e+02 1.43655293476599804636e-01
8.73666366818512285519e-01 5.82991904283969386569e+00 -1.62451391434239533762e-01 1.50723324593479588884e+02 1.38952168446909191113e-01
8.75483583596266101701e-01 5.83482423431389563007e+00 -1.62257967957469190212e-01 1.50713731459221918385e+02 1.34067665343906905484e-01
8.77287366923630518301e-01 5.83944734990114611151e+00 -1.61973436706222495562e-01 1.50687325214478988755e+02 1.34599388241203876682e-01
8.79077689123291206030e-01 5.84410633405711710253e+00 -1.61678316857154974473e-01 1.50663588872105435712e+02 1.35688176680842487176e-01
8.80854522724482724705e-01 5.84900298661632334074e+00 -1.61506063106883979152e-01 1.50654906287408977050e+02 1.29220872874008907427e-01
8.82617840463408520613e-01 5.85231632537773283076e+00 -1.59437713128409264129e-01 1.50549567855594773391e+02 2.38168938572630023431e-01
8.84367615283660701841e-01 5.85888786753438761679e+00 -1.60516578928077913169e-01 1.50644580065511178191e+02 1.55442298246532939476e-01
8.86103820336633374311e-01 5.86183034666989577488e+00 -1.59268189252494946073e-01 1.50517894818421666514e+02 2.13989166808482927928e-01
8.87826428981936643936e-01 5.86664856204048312804e+00 -1.59011517590359391372e-01 1.50506632012095906248e+02 2.12279391201643213849e-01
8.89535414787803402348e-01 5.87224993406268502838e+00 -1.59116041535470320589e-01 1.50543898655529716279e+02 1.88607626347665507938e-01
8.91230751531496778739e-01 5.87823827702867163225e+00 -1.59307087799984870014e-01 1.50605458349042692134e+02 1.59654488835073549158e-01
8.92912413199710819356e-01 5.88435053363034921148e+00 -1.59522193126803157881e-01 1.50675258938732554270e+02 1.29171305926552598686e-01
8.94580373988970722898e-01 5.88801906061436497453e+00 -1.59030600767745833313e-01 1.50596310827900310869e+02 1.41203498809184424534e-01
8.96234608306028635027e-01 5.89034029348649035285e+00 -1.57548357296445173947e-01 1.50435614540719285515e+02 2.13279082495364591399e-01
8.97875090768255890161e-01 5.89523120633048236527e+00 -1.56595636803794346914e-01 1.50432673312270935639e+02 2.53546555721372635084e-01
8.99501796204032810778e-01 5.90168170119405210983e+00 -1.57557547962963728772e-01 1.50526184331519232273e+02 1.77268990739340576157e-01
9.01114699653134842983e-01 5.90700207107965002962e+00 -1.57653854680596811066e-01 1.50551281686783369196e+02 1.53457982065565712304e-01
9.02713776367115805499e-01 5.91324634748414901253e+00 -1.57901301795287329899e-01 1.50633644819966235673e+02 1.20569184252644859279e-01
9.04299001809687252873e-01 5.91788346930650810407e+00 -1.58039016665250831029e-01 1.50618701976485340310e+02 9.39074394784091825983e-02
9.05870351657095174147e-01 5.92132241355421840012e+00 -1.57024195352678364035e-01 1.50531211918498769364e+02 1.37228762674015264400e-01
9.07427801798493138818e-01 5.92514760295231912579e+00 -1.56159684389208019972e-01 1.50468253923203207023e+02 1.71370619653734845844e-01
9.08971328336312445195e-01 5.92929190926031512987e+00 -1.55274398706991945129e-01 1.50425700281716757445e+02 2.06772707988205767249e-01
9.10500907586628160928e-01 5.93236992247515981802e+00 -1.54469086999996535470e-01 1.50319093504646787096e+02 2.36908303629934674506e-01
9.12016516079523720251e-01 5.93313910423483825696e+00 -1.53450527186432511551e-01 1.50072721350869812795e+02 2.79264026717623625728e-01
9.13518130559449748063e-01 5.93439696095981350510e+00 -1.52314268386702006408e-01 1.49857278932896150536e+02 3.28776589817550479733e-01
9.15005727985581884809e-01 5.93526227329910582853e+00 -1.50683995369786882801e-01 1.49618976827700095100e+02 4.08068464599910363244e-01
9.16479285532173615358e-01 5.93830018598862263701e+00 -1.49858207655059000318e-01 1.49514308174685226049e+02 4.38963546131138471207e-01
9.17938780588907099478e-01 5.93953686606996367203e+00 -1.50159056919013295106e-01 1.49301644109714175102e+02 4.00663510848071391379e-01
9.19384190761239561418e-01 5.95878612183007749792e+00 -1.53583907207883674229e-01 1.50187272358382216453e+02 1.77813856766197875281e-01
9.20815493870747459049e-01 5.96043426722920433036e+00 -1.52209803378711927557e-01 1.50001020356077248152e+02 2.41669262684454794199e-01
9.22232667955466323129e-01 5.96177245634935548679e+00 -1.50795848596238291073e-01 1.49797177272746381504e+02 3.07702678427195785993e-01
9.23635691270227932037e-01 5.96883269459738574625e+00 -1.50566384737660596826e-01 1.49943374181933705813e+02 3.03378096021938048477e-01
9.25024542286994155837e-01 5.97162269626038089143e+00 -1.50273328699298741595e-01 1.49830794458516862733e+02 3.01491866659099883030e-01
9.26399199695186803538e-01 5.97848207801316355869e+00 -1.51269674040551721506e-01 1.49967728364976181865e+02 2.22366808194519816055e-01
9.27759642402015138885e-01 5.98564852219290521873e+00 -1.52245264987975914561e-01 1.50124742508198409041e+02 1.44508903745935612939e-01
9.29105849532799177304e-01 5.99062072451988392174e+00 -1.52323438819986500814e-01 1.50149172451537140205e+02 1.20598065682056623804e-01
9.30437800431290207293e-01 5.99564482225594019837e+00 -1.52392939382909792245e-01 1.50178164389825752778e+02 9.71957003440466760225e-02
9.31755474659987315000e-01 6.00042483481530819489e+00 -1.52517667831434333703e-01 1.50193733235851766494e+02 7.03202537996187038161e-02
9.33058852000451910413e-01 6.00587300935006229707e+00 -1.52703185685126363591e-01 1.50251519201496591904e+02 3.99104726176167587393e-02
9.34347912453616813444e-01 6.01159038591301353449e+00 -1.52876880176250840027e-01 1.50327231545672219681e+02 1.02719707965641914027e-02
9.35622636240093785709e-01 6.01261618003379005870e+00 -1.51569643799206510426e-01 1.50118035805758751167e+02 6.94560319304207834934e-02
9.36883003800477065504e-01 6.01461906117419253803e+00 -1.50267274537432993231e-01 1.49970030990967273965e+02 1.28546489420052117980e-01
9.38128995795643128019e-01 6.01554325790324462275e+00 -1.48938213266465641071e-01 1.49757997041076322375e+02 1.88807471053649977843e-01
9.39360593107047781025e-01 6.02080337597630510516e+00 -1.47667097397627705702e-01 1.49811617549616414635e+02 2.46985840230356246128e-01
9.40577776837019263745e-01 6.02346272584310593601e+00 -1.46336542891656540277e-01 1.49708550433871465657e+02 3.07835698097268017914e-01
9.41780528309048348135e-01 6.02384743910564690594e+00 -1.44808197264829296991e-01 1.49468744386566100957e+02 3.79782982313592032408e-01
9.42968829068074665400e-01 6.02687935941864960654e+00 -1.44200141902742773325e-01 1.49392137433315980388e+02 3.96718952116644874017e-01
9.44142660880770479004e-01 6.03634765065432699060e+00 -1.43560009666660604033e-01 1.49708887639581888607e+02 4.18211060274465862285e-01
9.45302005735819794729e-01 6.04029056913626227754e+00 -1.43104096120558327287e-01 1.49691352999555533643e+02 4.26297796064008083228e-01
9.46446845844195028263e-01 6.03923150325501811864e+00 -1.42653739166474474720e-01 1.49371342767119983819e+02 4.31976320034959671013e-01
9.47577163639429898012e-01 6.04454881354656858861e+00 -1.42300333661768030336e-01 1.49441215808892451378e+02 4.34417615646739696533e-01
9.48692941777889098276e-01 6.05018236608347059757e+00 -1.41877433688934406764e-01 1.49532266516143238277e+02 4.41260938667072999397e-01
9.49794163139034308685e-01 6.05138430959146589316e+00 -1.41344640063049392653e-01 1.49355634947535662604e+02 4.52923678580019251072e-01
9.50880810825686872967e-01 6.06959381792007590661e+00 -1.47020495409982326906e-01 1.50219173637193790682e+02 9.34398063055080774220e-02
9.51952868164287147046e-01 6.08212462759417338276e+00 -1.48680168505708504290e-01 1.50738386097508538342e+02 -2.42532351485407818292e-02
9.53010318705150072383e-01 6.08232169755665807998e+00 -1.49982104589679449136e-01 1.50506703549051422897e+02 -1.24499826092974011371e-01
9.54053146222718195801e-01 6.06877444209399019570e+00 -1.42555168471368981509e-01 1.49436630130341995937e+02 3.02089908090264924745e-01
9.55081334715809804337e-01 6.05347187283185306228e+00 -1.34480983830974010207e-01 1.48264587674079109547e+02 7.64225222202899234780e-01
9.56094868407865283721e-01 6.05015908123096757265e+00 -1.33908980811550920587e-01 1.47827547877751129590e+02 7.75878101748116222325e-01
9.57093731747188369852e-01 6.08132628958665577557e+00 -1.43212384730357633611e-01 1.49490224212805941306e+02 2.04554895975379652517e-01
9.58077909407185845936e-01 6.08506595899246871539e+00 -1.41613364790133144933e-01 1.49484833920607400159e+02 2.82670190757945916094e-01
9.59047386286601133421e-01 6.09233711578295178413e+00 -1.40995391422434224182e-01 1.49697265448472109028e+02 3.02717966995016851683e-01
9.60002147509747882914e-01 6.09224173168934335365e+00 -1.39121536110554777643e-01 1.49462894646268722454e+02 3.96047905532527333428e-01
9.60942178426736681729e-01 6.08984800824254079998e+00 -1.37475228007355065873e-01 1.49091339716037708740e+02 4.74364715164733663499e-01
9.61867464613700540177e-01 6.09070847780164204011e+00 -1.35997295240044557829e-01 1.48920426509665986714e+02 5.43968577844354261863e-01
9.62777991873016381064e-01 6.10716675587905388767e+00 -1.35063276558985506659e-01 1.49701502483529992560e+02 5.88551644918356098302e-01
9.63673746233522310334e-01 6.09784483791356990423e+00 -1.34744813621369918799e-01 1.48916263422904108893e+02 5.82605255976955449526e-01
9.64554713950732445227e-01 6.10709107448771337801e+00 -1.35961222282605320721e-01 1.49264436576695828762e+02 4.92938737491495859722e-01
9.65420881507047634607e-01 6.10829614880476867711e+00 -1.36823963441040585831e-01 1.49125827271064025581e+02 4.20803113649413917940e-01
9.66272235611963070667e-01 6.10946233381211278868e+00 -1.41286681397662566839e-01 1.48989249397955774157e+02 1.29829430776899734656e-01
9.67108763202271903836e-01 6.12152100411098487598e+00 -1.39136343604319173695e-01 1.49515348581837088204e+02 2.46466659492384387864e-01
9.67930451442265749051e-01 6.11510495260735531531e+00 -1.40345467292936953996e-01 1.48921045815808980706e+02 1.50146744618554178752e-01
9.68737287723931861372e-01 6.14396630714608438240e+00 -1.47014999671367496692e-01 1.50481861868118301118e+02 -2.63647690356350550278e-01
9.69529259667146536827e-01 6.16448945511721202450e+00 -1.54765672266414577862e-01 1.51541261735095133645e+02 -7.49983371086087924340e-01
9.70306355119864738512e-01 6.13422275596033994560e+00 -1.38703901579703664515e-01 1.49488442271241012804e+02 2.00933133390849644195e-01
9.71068562158306947119e-01 6.11215098612942142609e+00 -1.32405298461872267257e-01 1.47950337099751720871e+02 5.53310608175913043461e-01
9.71815869087142014671e-01 6.12569290187579706952e+00 -1.34496132183232086632e-01 1.48584514871597093588e+02 4.14618994652078631802e-01
9.72548264439666687586e-01 6.13951962860307176584e+00 -1.37767552656550218426e-01 1.49240925653859505928e+02 2.03868672529238681435e-01
9.73265736977981354983e-01 6.15193686273565543132e+00 -1.41060499558547047805e-01 1.49815665137388350558e+02 -9.42975624905901220474e-03
9.73968275693162355289e-01 6.15038881474902687785e+00 -1.36492420883490700456e-01 1.49538052006411248840e+02 2.50211284484038898324e-01
9.74655869805431618325e-01 6.13517587442798451036e+00 -1.31030203067723588495e-01 1.48431253845100570743e+02 5.56283288987231006040e-01
9.75328508764321089330e-01 6.13863961260631985084e+00 -1.30254183803837797484e-01 1.48467263296069063472e+02 5.87397929877208846428e-01
9.75986182248835265618e-01 6.16212688045274870063e+00 -1.36628702471532470497e-01 1.49730467459166789013e+02 1.94258475818688325365e-01
9.76628880167609847440e-01 6.17042835499435682323e+00 -1.42088259725661192334e-01 1.50071860072969201383e+02 -1.52450154710325219698e-01
9.77256592659065281836e-01 6.18267175580041605798e+00 -1.47393893591975966295e-01 1.50657807115789211139e+02 -4.88616735695043824528e-01
9.77869310091559640341e-01 6.16719833640155812304e+00 -1.37707346685351228466e-01 1.49546062680572305226e+02 7.95788208995769213994e-02
9.78467023063535390470e-01 6.15641439964913228522e+00 -1.28395052359437211731e-01 1.48725599813338362765e+02 6.24386520564070068851e-01
9.79049722403663946757e-01 6.14280388594841042504e+00 -1.26563934140448947074e-01 1.47742761219180920307e+02 7.10607880719685280901e-01
9.79617399170986558055e-01 6.14722621047089035073e+00 -1.24684766075963765486e-01 1.47859483911791812716e+02 8.11231392734936940236e-01
9.80170044655051198035e-01 6.17479253596716670671e+00 -1.34571596176729452177e-01 1.49396270817683642917e+02 2.10040095856861452894e-01
9.80707650376046569107e-01 6.23021375399077914636e+00 -1.41790667775782752713e-01 1.52653073156558406254e+02 -2.19719596401228178806e-01
9.81230208084931665447e-01 6.22528589451714342573e+00 -1.48975879176475867194e-01 1.52211319724564333455e+02 -6.79080413329356868957e-01
9.81737709763563226595e-01 6.21421550761668850527e+00 -1.57637243247318342698e-01 1.51396374466264290959e+02 -1.22966106697668875469e+00
9.82230147624817750973e-01 6.24271060318542136969e+00 -1.66398715192919877115e-01 1.53017812402641652625e+02 -1.77548508366043611417e+00
9.82707514112711733034e-01 6.30298659500882862972e+00 -1.73368249059702994597e-01 1.56624439807938131253e+02 -2.21098851132087936833e+00
9.83169801902517237480e-01 6.37831657379885985648e+00 -1.82195303697568339318e-01 1.61220409429611123642e+02 -2.77176996111856110971e+00
9.83617003900874475875e-01 6.45082990349856544299e+00 -1.92514845478648610744e-01 1.65698218444221510026e+02 -3.44182016244600941235e+00
9.84049113245900386460e-01 6.54098869853699049770e+00 -2.02933743229114560425e-01 1.71375841529124016915e+02 -4.13799759569660885461e+00
9.84466123307294216360e-01 6.56529582497698349641e+00 -2.15063890235546312235e-01 1.72831257213510326665e+02 -4.94389310812660109917e+00
9.84868027686439440060e-01 6.83632293208659103101e+00 -2.17690295718745929765e-01 1.90751340176562734996e+02 -5.23096807537419561385e+00
9.85254820216501125962e-01 6.48253620442244127275e+00 -9.94798242017169487283e-01 1.71078969996676306664e+02 -1.51090287036169446111e+00
9.85626494962521304544e-01 5.52170244159260459327e+00 -2.51131215730630552585e+00 1.52175190336754099008e+02 2.02691857602093694624e+00
9.85983046221510006646e-01 5.28064083135977302419e+00 -4.37752782782674998430e+00 1.21128562883579476761e+02 2.10471275334409835267e+00
9.86324468522532193937e-01 5.25424379778831873722e+00 -5.80356305917551029694e+00 1.27477544115744976239e+02 2.48889795607446506764e+00
9.86650756626792246884e-01 5.31705926410255980130e+00 -6.63666836479061483800e+00 1.41624916764569803718e+02 2.76588644492619994963e+00
9.86961905527714344899e-01 5.45711124750947007556e+00 -6.94888147436606562479e+00 1.55115875806087387900e+02 3.03002311795888257251e+00
9.87257910451019071729e-01 5.66226199829292653476e+00 -6.81171957883325074334e+00 1.67976375991473361182e+02 3.27997638883166020562e+00
9.87538766854796246086e-01 5.91750092583947218117e+00 -6.28607149184417579590e+00 1.80536392883201500581e+02 3.51347688041047767626e+00
9.87804470429575864898e-01 6.18219876466703599505e+00 -5.42088062932393111026e+00 1.92946702772113042101e+02 3.75756391995453364885e+00
9.88055017098393051356e-01 6.45493488560849204561e+00 -4.27882989694236126610e+00 2.05211357217079495285e+02 3.99040892170576677600e+00
9.88290403016850893536e-01 6.74723391130738114896e+00 -2.90907010430433565773e+00 2.16232889360696049152e+02 4.26213288883858787415e+00
9.88510624573179952357e-01 7.27142705312889514602e+00 -1.48364155337760061926e+00 2.31529905073482922262e+02 3.53331779860950945249e+00
9.88715678388292773526e-01 7.76280081038833902340e+00 -4.03017476665479656983e-01 2.57740773151023461196e+02 2.35932210700801769931e+00
9.88905561315836734160e-01 9.42616681890382857034e+00 -1.16075212964734775234e-01 4.02264009042745101397e+02 3.27615405960340622116e+00
9.89080270442241449302e-01 5.68430478303721464783e+00 -1.34796637051847256750e+00 1.66982438786272155085e+02 2.14606030705260444336e+01
9.89239803086764180051e-01 2.41345138249181578871e+00 -1.01836765788141310196e+01 4.38281272356246347499e+01 2.89004699499762951476e+00
9.89384156801530467717e-01 -5.49086436239304287454e+00 -2.39649178029317546645e+01 7.00148545164718285605e+01 -1.72819294733546313658e+00
9.89513329371571881410e-01 -7.95415928429517138376e-01 -2.56903135457893192495e+01 5.60592571614744841213e+01 -2.17407848571497552825e+01
9.89627318814860101881e-01 5.17908142384282577098e+00 -3.35049398282244004221e+00 2.61505900944929464913e+02 4.62956930026920829846e+01
9.89726123382337119594e-01 6.59158075612918281649e+00 -1.32254704130123501571e+00 1.43231637558026250190e+02 1.71996575569021530328e+01
9.89809741557942324164e-01 3.59505784523620697257e+00 -1.20960850558654637865e+01 6.64324802217197003529e+01 -4.84045923687705670346e+00
9.89878172058635374952e-01 8.03720833373212251161e+00 -2.88785784417025892523e+00 2.07221620166102013627e+02 1.76213350977471435499e+02
9.89931413834416518149e-01 5.97954798678427756897e+00 -1.16663660202921692921e+00 1.41930151266117150044e+02 1.63053257012902963474e+00
9.89969466068341796827e-01 -2.31994357004859530491e+00 -3.43199739378422652436e+00 7.11331020886293572403e+01 -7.15349329155179791684e-01
