00000000000000000000 4.77108276154415023029e+00 -1.91942069751088906226e-01 00000000000000000154 3.93911818860550225510e-29
3.87796733008385127034e-03 4.77679400099821993564e+00 -1.91940514413782098435e-01 1.53995232851749932479e+02 1.92251961360734833790e-04
7.75587515650285035801e-03 4.78252745264808698522e+00 -1.91938524023121337425e-01 1.53990419526707512432e+02 3.87295340214769128351e-04
1.16336639765051742812e-02 4.78828318490686655196e+00 -1.91936094032950699262e-01 1.53985559780797643725e+02 5.85135863683380321940e-04
1.55112742891650307042e-02 4.79406126647252772699e+00 -1.91933219864749815553e-01 1.53980653369563214028e+02 7.85779117858179283751e-04
1.93886465962956576481e-02 4.79986176632721406321e+00 -1.91929896905471741864e-01 1.53975700048187150060e+02 9.89230542054879294703e-04
2.32657214033622598837e-02 4.80568475373882275647e+00 -1.91926120507810216154e-01 1.53970699571525045712e+02 1.19549541700005273852e-03
2.71424392203948837421e-02 4.81153029826103750821e+00 -1.91921885989658064231e-01 1.53965651694061136823e+02 1.40457887978558235327e-03
3.10187405629012494246e-02 4.81739846973447249923e+00 -1.91917188633940777320e-01 1.53960556169935955495e+02 1.61648591476451497506e-03
3.48945659527794757593e-02 4.82328933828726302835e+00 -1.91912023688257771248e-01 1.53955412752939082566e+02 1.83122135636565536512e-03
3.87698559192307112831e-02 4.82920297433902678819e+00 -1.91906386365812392514e-01 1.53950221196718274541e+02 2.04878980894337156884e-03
4.26445509996716889956e-02 4.83513944859266331378e+00 -1.91900271841675490458e-01 1.53944981254206595622e+02 2.26919586692259480157e-03
4.65185917406470347824e-02 4.84109883204577506888e+00 -1.91893675256579521182e-01 1.53939692678313576835e+02 2.49244384975921048214e-03
5.03919186987416417578e-02 4.84708119598559683538e+00 -1.91886591714376275597e-01 1.53934355221553317961e+02 2.71853794491892005597e-03
5.42644724414926629685e-02 4.85308661199106339268e+00 -1.91879016282243131108e-01 1.53928968636134499093e+02 2.94748217341354087212e-03
5.81361935483015249138e-02 4.85911515192911913630e+00 -1.91870943988452863360e-01 1.53923532673678010951e+02 3.17928051246573872141e-03
6.20070226113456635098e-02 4.86516688796940410811e+00 -1.91862369828090212343e-01 1.53918047086120139966e+02 3.41393650591898792021e-03
6.58769002364900102542e-02 4.87124189256755091293e+00 -1.91853288755200135363e-01 1.53912511624593491888e+02 3.65145374834347467841e-03
6.97457670441984506349e-02 4.87734023847593967105e+00 -1.91843695686800652656e-01 1.53906926040076967865e+02 3.89183560487832728644e-03
7.36135636704448592660e-02 4.88346199874221831294e+00 -1.91833585501603842705e-01 1.53901290083258089680e+02 4.13508527176949074178e-03
7.74802307676239754297e-02 4.88960724670997759489e+00 -1.91822953039681165510e-01 1.53895603504534960848e+02 4.38120577586949885157e-03
8.13457090054621884123e-02 4.89577605601945098357e+00 -1.91811793102117683629e-01 1.53889866054019648800e+02 4.63019997461194647570e-03
8.52099390719276428285e-02 4.90196850060814526273e+00 -1.91800100450650656825e-01 1.53884077481537900667e+02 4.88207055679725117348e-03
8.90728616741405659907e-02 4.90818465472959175599e+00 -1.91787869816052725103e-01 1.53878237537796707102e+02 5.13681948037134593343e-03
9.29344175392829291438e-02 4.91442459289321131877e+00 -1.91775095868430472956e-01 1.53872345970470149723e+02 5.39444986178623259870e-03
9.67945474155079421674e-02 4.92068838994486057459e+00 -1.91761773255427564466e-01 1.53866402529348675898e+02 5.65496349335344993675e-03
1.00653192072849326233e-01 4.92697612102007109769e+00 -1.91747896578991744443e-01 1.53860406963287857707e+02 5.91836231599626987759e-03
1.04510292304129906449e-01 4.93328786155550691461e+00 -1.91733460400232647025e-01 1.53854359020907764943e+02 6.18464808297088716044e-03
1.08365788925870357162e-01 4.93962368728968925780e+00 -1.91718459239105049052e-01 1.53848258450601804270e+02 6.45382235674564486150e-03
1.12219622779197156226e-01 4.94598367426373286548e+00 -1.91702887574094704703e-01 1.53842105000546524707e+02 6.72588650541452049564e-03
1.16071734730750303344e-01 4.95236789882208938707e+00 -1.91686739841914616234e-01 1.53835898418712872626e+02 7.00084169839196475416e-03
1.19922065673590871882e-01 4.95877643757932329294e+00 -1.91670010419058262086e-01 1.53829638450689344609e+02 7.27869006982935322358e-03
1.23770556528107589234e-01 4.96520936753922015328e+00 -1.91652693684699032550e-01 1.53823324847319668152e+02 7.55943064443319150125e-03
1.27617148242923722501e-01 4.97166676593633294345e+00 -1.91634783935392211118e-01 1.53816957354459816543e+02 7.84306480493385770048e-03
1.31461781795802923334e-01 4.97814871033295514025e+00 -1.91616275436138155941e-01 1.53810535719190710324e+02 8.12959297952024761980e-03
1.35304398194555003387e-01 4.98465527859758239515e+00 -1.91597162408205401452e-01 1.53804059688397273931e+02 8.41901540082474510174e-03
1.39144938477940960375e-01 4.99118654890554669379e+00 -1.91577439028752238848e-01 1.53797529008775796910e+02 8.71133210519799659755e-03
1.42983343716577865345e-01 4.99774259973955192748e+00 -1.91557099430432781206e-01 1.53790943426836520302e+02 9.00654293259395798132e-03
1.46819555013843056068e-01 5.00432350989021657028e+00 -1.91536137700992481481e-01 1.53784302688906876710e+02 9.30464752697493860389e-03
1.50653513506777553266e-01 5.01092935845661635597e+00 -1.91514547882854269112e-01 1.53777606541135497764e+02 9.60564533720261772010e-03
1.54485160366989643377e-01 5.01756022491139308528e+00 -1.91492324010602205098e-01 1.53770854733657273528e+02 9.90953317710078010472e-03
1.58314436801557489876e-01 5.02421618887045617896e+00 -1.91469459975224604031e-01 1.53764047005726013140e+02 1.02163139414184478415e-02
1.62141284053930911924e-01 5.03089733040866082803e+00 -1.91445949708490215091e-01 1.53757183106024882591e+02 1.05259847062634144532e-02
1.65965643404833329555e-01 5.03760372986713900190e+00 -1.91421787069283200200e-01 1.53750262780225398274e+02 1.08385440219795989997e-02
1.69787456173162598638e-01 5.04433546789865072668e+00 -1.91396965869496699097e-01 1.53743285773882405465e+02 1.11539902187554589713e-02
1.73606663716891373994e-01 5.05109262546815163120e+00 -1.91371479873662347915e-01 1.53736251832445304899e+02 1.14723214032312562788e-02
1.77423207433967000668e-01 5.05787528385335338754e+00 -1.91345322798585654178e-01 1.53729160701268568801e+02 1.17935354547476691639e-02
1.81237028763210711313e-01 5.06468352464524862455e+00 -1.91318488312980872212e-01 1.53722012125622200074e+02 1.21176300210851083800e-02
1.85048069185216018662e-01 5.07151742974871488912e+00 -1.91290970037120866554e-01 1.53714805850707421087e+02 1.24446025133244497080e-02
1.88856270223246969220e-01 5.07837708123951525607e+00 -1.91262761412802767547e-01 1.53707541615556010584e+02 1.27744540042224689197e-02
1.92661573444134981425e-01 5.08526256190297587523e+00 -1.91233856201330126856e-01 1.53700219175175561759e+02 1.31071750899042459293e-02
1.96463920459175961364e-01 5.09217395446886467170e+00 -1.91204247758176570926e-01 1.53692838270043210969e+02 1.34427653733844073430e-02
2.00263252925025725393e-01 5.09911134209919492122e+00 -1.91173929503904799221e-01 1.53685398644978306493e+02 1.37812214183068142831e-02
2.04059512544595450523e-01 5.10607480827158077830e+00 -1.91142894808291136099e-01 1.53677900044742500540e+02 1.41225395597745564946e-02
2.07852641067946264375e-01 5.11306443677970445805e+00 -1.91111136989887936410e-01 1.53670342214053249563e+02 1.44667159032058952745e-02
2.11642580293182863693e-01 5.12008031173352762266e+00 -1.91078649315557513866e-01 1.53662724897582052108e+02 1.48137463248746333033e-02
2.15429272067346772035e-01 5.12712251755971237799e+00 -1.91045425000013202599e-01 1.53655047839967608070e+02 1.51636264716030252225e-02
2.19212658287308292948e-01 5.13419113900180779098e+00 -1.91011457205332468856e-01 1.53647310785814681822e+02 1.55163517622602283030e-02
2.22992680900658574172e-01 5.14128626112056608122e+00 -1.90976739040461696018e-01 1.53639513479702429777e+02 1.58719173891775332252e-02
2.26769281906599701193e-01 5.14840796945609913138e+00 -1.90941263673021277558e-01 1.53631655676627389084e+02 1.62303110849945017580e-02
2.30542403356835262640e-01 5.15555634943503005019e+00 -1.90905023917626093244e-01 1.53623737103779774316e+02 1.65915396130311212919e-02
2.34311987356459305865e-01 5.16273148719507979365e+00 -1.90868012806923698088e-01 1.53615757513686844504e+02 1.69555919490383781578e-02
2.38077976064844459847e-01 5.16993346907232176335e+00 -1.90830223235508245061e-01 1.53607716651156806620e+02 1.73224621894358006557e-02
2.41840311696529752794e-01 5.17716238172191545175e+00 -1.90791648042974409938e-01 1.53599614261055990028e+02 1.76921441692737824170e-02
2.45598936522107014202e-01 5.18441831211829562420e+00 -1.90752280013485070453e-01 1.53591450088317770906e+02 1.80646314583139434851e-02
2.49353792869107054875e-01 5.19170134755545920058e+00 -1.90712111875341427947e-01 1.53583223877959397896e+02 1.84399173565240499795e-02
2.53104823122884181608e-01 5.19901157564717220083e+00 -1.90671136300562454879e-01 1.53574935375095208201e+02 1.88179948888806056195e-02
2.56851969727500406560e-01 5.20634908432719356597e+00 -1.90629345904467173423e-01 1.53566584324952174256e+02 1.91988567995806415356e-02
2.60595175186608463136e-01 5.21371396184948299179e+00 -1.90586733245275030679e-01 1.53558170472886814650e+02 1.95824955449255301565e-02
2.64334382064334627582e-01 5.22110629678844873069e+00 -1.90543290823708771908e-01 1.53549693564405743018e+02 1.99689032856031831176e-02
2.68069532986158931553e-01 5.22852617771854077944e+00 -1.90499010843051125308e-01 1.53541153324509906497e+02 2.03580873172442486374e-02
2.71800570639796568173e-01 5.23597369439803017599e+00 -1.90453886093334856522e-01 1.53532549534041464767e+02 2.07500130528720343193e-02
2.75527437776076689069e-01 5.24344893611350570950e+00 -1.90407908713432300063e-01 1.53523881922936226374e+02 2.11446837681480981352e-02
2.79250077209821145896e-01 5.25095199271556545284e+00 -1.90361070964758960500e-01 1.53515150237023618729e+02 2.15420907047894905073e-02
2.82968431820721455505e-01 5.25848295437452240009e+00 -1.90313365048159210957e-01 1.53506354222286717004e+02 2.19422248369457451034e-02
2.86682444554216209198e-01 5.26604191158027656883e+00 -1.90264783103347212556e-01 1.53497493624870287476e+02 2.23450768722787303233e-02
2.90392058422365262338e-01 5.27362895514219953697e+00 -1.90215317208353634770e-01 1.53488568191091331983e+02 2.27506372524331028362e-02
2.94097216504725145203e-01 5.28124417618875341418e+00 -1.90164959378915643384e-01 1.53479577667434540444e+02 2.31588961569236181925e-02
2.97797861949222197886e-01 5.28888766616745531479e+00 -1.90113701567897502853e-01 1.53470521800572043958e+02 2.35698435046684390270e-02
3.01493937973024594967e-01 5.29655951684440751137e+00 -1.90061535664646980015e-01 1.53461400337357844137e+02 2.39834689593666529339e-02
3.05185387863413981613e-01 5.30425982030396081512e+00 -1.90008453494336870815e-01 1.53452213024832474275e+02 2.43997619357102235593e-02
3.08872154978655832913e-01 5.31198866951861514707e+00 -1.89954447274360310738e-01 1.53442959647027493020e+02 2.48186821322843552406e-02
3.12554182748867592778e-01 5.31974615623024682520e+00 -1.89899507915722270956e-01 1.53433639888276758256e+02 2.52402690258127677947e-02
3.16231414676888089588e-01 5.32753237392639178438e+00 -1.89843627408685045044e-01 1.53424253525300343881e+02 2.56644880027663939426e-02
3.19903794339143177083e-01 5.33534741597033423943e+00 -1.89786797323402339766e-01 1.53414800306583032352e+02 2.60913270026083068953e-02
3.23571265386512540996e-01 5.34319137604324367885e+00 -1.89729009164095852036e-01 1.53405279980942310658e+02 2.65207736424189731428e-02
3.27233771545193397046e-01 5.35106434814377429632e+00 -1.89670254368562246627e-01 1.53395692297543462246e+02 2.69528152104173794601e-02
3.30891256617564633036e-01 5.35896642658765731682e+00 -1.89610524307693067980e-01 1.53386037005918069553e+02 2.73874386582915602117e-02
3.34543664483048841518e-01 5.36689770600737237061e+00 -1.89549810285017938938e-01 1.53376313855989224066e+02 2.78246305918689179615e-02
3.38190939098973242238e-01 5.37485828135171050945e+00 -1.89488103536257640469e-01 1.53366522598093325769e+02 2.82643772606582868723e-02
3.41833024501430049469e-01 5.38284824788542515250e+00 -1.89425395228903670208e-01 1.53356662983010011203e+02 2.87066645454168954676e-02
3.45469864806134951962e-01 5.39086770118874980540e+00 -1.89361676461825695350e-01 1.53346734761986738249e+02 2.91514779436406641644e-02
3.49101404209284427171e-01 5.39891673620443679482e+00 -1.89296937450181279594e-01 1.53336737625251629424e+02 2.95988551289549893519e-02
3.52727586988412222802e-01 5.40699545079066101749e+00 -1.89231170564927525524e-01 1.53326671431528382072e+02 3.00486897689258326827e-02
3.56348357503244450584e-01 5.41510394071022815865e+00 -1.89164366045329268573e-01 1.53316535884502030740e+02 3.05010081535665514285e-02
3.59963660196552959203e-01 5.42324230278539420880e+00 -1.89096514698992024250e-01 1.53306330736623124267e+02 3.09557949253621150776e-02
3.63573439595008318648e-01 5.43141063414846492208e+00 -1.89027607260510932541e-01 1.53296055740784453292e+02 3.14130344225757307530e-02
3.67177640310030473092e-01 5.43960903224066161243e+00 -1.88957634390739592778e-01 1.53285710650322556603e+02 3.18727106845735005947e-02
3.70776207038639005198e-01 5.44783759481109886025e+00 -1.88886586676056872358e-01 1.53275295219030510907e+02 3.23348074569472232476e-02
3.74369084564301513041e-01 5.45609641991555971430e+00 -1.88814454627609068504e-01 1.53264809201160943530e+02 3.27993081979302478213e-02
3.77956217757780987831e-01 5.46438560591523359022e+00 -1.88741228680489980807e-01 1.53254252351430324097e+02 3.32661960884803806215e-02
3.81537551577981803863e-01 5.47270525147531206045e+00 -1.88666899192884540692e-01 1.53243624425017742396e+02 3.37354540443148345763e-02
3.85113031072793543519e-01 5.48105545678130035014e+00 -1.88591457552604230274e-01 1.53232925256291309779e+02 3.42069932019936837064e-02
3.88682601379935599439e-01 5.48943631898275619108e+00 -1.88514892032776132380e-01 1.53222154464363057969e+02 3.46809205445247140109e-02
3.92246207727797613352e-01 5.49784793862755449823e+00 -1.88437193647141260078e-01 1.53211311869126262764e+02 3.51571606888199383878e-02
3.95803795436280247966e-01 5.50629041559950493934e+00 -1.88358352453332544840e-01 1.53200397228759698010e+02 3.56356945913117520441e-02
3.99355309917634848649e-01 5.51476385008184433190e+00 -1.88278358430587516859e-01 1.53189410302119057405e+02 3.61165028174194810417e-02
4.02900696677300329540e-01 5.52326834255572940435e+00 -1.88197201479210707298e-01 1.53178350848754689650e+02 3.65995655309018716461e-02
4.06439901314739726601e-01 5.53180399379941434290e+00 -1.88114871420109436295e-01 1.53167218628977309436e+02 3.70848624780251850952e-02
4.09972869524274474706e-01 5.54037090488586425607e+00 -1.88031357994194209260e-01 1.53156013403828183073e+02 3.75723729801277564477e-02
4.13499547095918296158e-01 5.54896917718216542426e+00 -1.87946650862026914952e-01 1.53144734935169481105e+02 3.80620759098875063864e-02
4.17019879916208535686e-01 5.55759891234764236145e+00 -1.87860739603345400228e-01 1.53133382985696300693e+02 3.85539496750885307685e-02
4.20533813969036496250e-01 5.56626021233231149665e+00 -1.87773613716704951271e-01 1.53121957318975802309e+02 3.90479721944829299973e-02
4.24041295336476609101e-01 5.57495317743598661764e+00 -1.87685260753579968851e-01 1.53110457573942966292e+02 3.95442415158853977086e-02
4.27542270199613438919e-01 5.58367791358037823812e+00 -1.87595673317266287139e-01 1.53098883735802644424e+02 4.00425231748491455841e-02
4.31036684839367689737e-01 5.59243452200779156414e+00 -1.87504839148420782147e-01 1.53087235469362667573e+02 4.05428912578556926993e-02
4.34524485637320267983e-01 5.60122310578988802376e+00 -1.87412747393385009653e-01 1.53075512540505144443e+02 4.10453230276471847660e-02
4.38005619076534846723e-01 5.61004376827619388735e+00 -1.87319387111168134119e-01 1.53063714715926835197e+02 4.15497954143224726420e-02
4.41480031742379597226e-01 5.61889661309101207110e+00 -1.87224747272519531638e-01 1.53051841763111156069e+02 4.20562850258101444956e-02
4.44947670323346589072e-01 5.62778174413144416377e+00 -1.87128816758995980551e-01 1.53039893450377775252e+02 4.25647681585790138570e-02
4.48408481611869302874e-01 5.63669926556432709930e+00 -1.87031584362005232069e-01 1.53027869546867577810e+02 4.30752208092069419076e-02
4.51862412505139754426e-01 5.64564928182319825112e+00 -1.86933038781669558226e-01 1.53015769822536725542e+02 4.35876186974053572709e-02
4.55309410005922676756e-01 5.65463189760543460949e+00 -1.86833168625717027655e-01 1.53003594048167656183e+02 4.41019372869288495131e-02
4.58749421223369369116e-01 5.66364721786874802945e+00 -1.86731962408273166609e-01 1.52991341995344981797e+02 4.46181518125294551691e-02
4.62182393373828603877e-01 5.67269535089025644936e+00 -1.86629411649557680475e-01 1.52979013635045504316e+02 4.51360364607056030462e-02
4.65608273781656922807e-01 5.68177639675448009626e+00 -1.86525499214815176918e-01 1.52966608391349154772e+02 4.56559195668534978374e-02
4.69027009880027045963e-01 5.69089046367285078531e+00 -1.86420215857625637401e-01 1.52954126199869250513e+02 4.61776121492469826535e-02
4.72438549211733671562e-01 5.70003765764682679418e+00 -1.86313549741407041838e-01 1.52941566837735365425e+02 4.67010864643390213868e-02
4.75842839429999664436e-01 5.70921808492644355937e+00 -1.86205488936101115627e-01 1.52928930083240004478e+02 4.72263142676469308001e-02
4.79239828299277970114e-01 5.71843185200826820136e+00 -1.86096021417745005611e-01 1.52916215715954336929e+02 4.77532667876763225467e-02
4.82629463696053917499e-01 5.72767906563057849212e+00 -1.85985135067787799024e-01 1.52903423516669732862e+02 4.82819147159594258545e-02
4.86011693609644690461e-01 5.73695983277191423610e+00 -1.85872817672988160931e-01 1.52890553267567213425e+02 4.88122281591562151570e-02
4.89386466142997689222e-01 5.74627426064617807810e+00 -1.85759056924840515457e-01 1.52877604752171237124e+02 4.93441766209812004984e-02
4.92753729513486060654e-01 5.75562245670027916589e+00 -1.85643840419495970151e-01 1.52864577755477029086e+02 4.98777289519874433843e-02
4.96113432053704617175e-01 5.76500452861039125452e+00 -1.85527155657626036112e-01 1.52851472063996652651e+02 5.04128533023607341979e-02
4.99465522212260704116e-01 5.77442057944561515370e+00 -1.85408984915638896940e-01 1.52838287151745561232e+02 5.09498499061540738309e-02
5.02809948554567842649e-01 5.78387072585864547847e+00 -1.85289324564308993670e-01 1.52825023362672851590e+02 5.14880973913225126193e-02
5.06146659763632045248e-01 5.79335507224005041849e+00 -1.85168157616785455932e-01 1.52811680231482199588e+02 5.20278340618035226028e-02
5.09475604640841184256e-01 5.80287372709390769643e+00 -1.85045471135174999233e-01 1.52798257548023826757e+02 5.25690283878311598320e-02
5.12796732106749808544e-01 5.81242679912497717254e+00 -1.84921252075689712679e-01 1.52784755103391148623e+02 5.31116485326213472185e-02
5.16109991201863405053e-01 5.82201439723474045707e+00 -1.84795487287725435088e-01 1.52771172690009791495e+02 5.36556623544411984139e-02
5.19415331087419551714e-01 5.83163663051416758520e+00 -1.84668163512158811645e-01 1.52757510101524616175e+02 5.42010374589941695822e-02
5.22712701046168959351e-01 5.84129360823955234849e+00 -1.84539267380160965093e-01 1.52743767132896579142e+02 5.47477412180769479333e-02
5.26002050483152849836e-01 5.85098543986565200470e+00 -1.84408785411443870705e-01 1.52729943580335714159e+02 5.52957408246858017620e-02
5.29283328926479668119e-01 5.86071223501912630383e+00 -1.84276704012509201513e-01 1.52716039241264724069e+02 5.58450033476703480706e-02
5.32556486028099573815e-01 5.87047410972040584198e+00 -1.84143016381075386168e-01 1.52702054320048546288e+02 5.63950466227067931380e-02
5.35821471564576490287e-01 5.88027116290755458294e+00 -1.84007696460457642607e-01 1.52687987899171247363e+02 5.69466330157517922061e-02
5.39078235437859709656e-01 5.89010350979078012301e+00 -1.83870735980386973418e-01 1.52673840112236575806e+02 5.74993606330865617005e-02
5.42326727676051723037e-01 5.89997126068513999542e+00 -1.83732120948254307180e-01 1.52659610765735322957e+02 5.80531919345565541879e-02
5.45566898434175162613e-01 5.90987452605443230880e+00 -1.83591837261554896576e-01 1.52645299668002877524e+02 5.86080887347387030628e-02
5.48798697994937745293e-01 5.91981341650546699640e+00 -1.83449870707654005830e-01 1.52630906629311652978e+02 5.91640121562277618295e-02
5.52022076769495328996e-01 5.92978804278198179389e+00 -1.83306206963437218205e-01 1.52616431461955528448e+02 5.97209225901408347070e-02
5.55236985298212415429e-01 5.93979851575839923328e+00 -1.83160831595398865268e-01 1.52601873980336876002e+02 6.02787796275024156945e-02
5.58443374251421431609e-01 5.94984494643233041700e+00 -1.83013730059324530863e-01 1.52587234000987564286e+02 6.08375420167392225168e-02
5.61641194430179235830e-01 5.95992744592009948690e+00 -1.82864887700783906865e-01 1.52572511342800737566e+02 6.13971675680382994456e-02
5.64830396767022624438e-01 5.97004612544809987185e+00 -1.82714289755439407426e-01 1.52557705827007026755e+02 6.19576130689500556570e-02
5.68010932326720507923e-01 5.98020108633117519759e+00 -1.82561909821941786847e-01 1.52542816622788706127e+02 6.25195860964235100576e-02
5.71182752307025198846e-01 5.99039245775824458207e+00 -1.82407753391209542793e-01 1.52527844716999680941e+02 6.30817059404569779879e-02
5.74345808039421146240e-01 6.00062034300653390773e+00 -1.82251795868299509840e-01 1.52512789400337339885e+02 6.36445455026733997173e-02
5.77500050989871893670e-01 6.01088485357839008572e+00 -1.82094021941660466624e-01 1.52497650498329022639e+02 6.42080638893430949432e-02
5.80645432759564483760e-01 6.02118610103213303120e+00 -1.81934416172635532449e-01 1.52482427838240880646e+02 6.47722199897595024565e-02
5.83781905085652308429e-01 6.03152419697467578885e+00 -1.81772962993932890585e-01 1.52467121249235532332e+02 6.53369725117828870076e-02
5.86909419841995516620e-01 6.04189925305090991259e+00 -1.81609646707842659064e-01 1.52451730562335825425e+02 6.59022800335251346393e-02
5.90027929039899312613e-01 6.05231138093110399012e+00 -1.81444451483510682532e-01 1.52436255610278209360e+02 6.64681011165179774780e-02
5.93137384828850811047e-01 6.06276069230228475959e+00 -1.81277361355128785458e-01 1.52420696227644896226e+02 6.70343943593277036275e-02
5.96237739497252783316e-01 6.07324729885492775594e+00 -1.81108360218957681331e-01 1.52405052250709360351e+02 6.76011185272074460739e-02
5.99328945473155960677e-01 6.08377132558397004658e+00 -1.80937447691449981857e-01 1.52389324390455925595e+02 6.81671948169565028453e-02
6.02410955324989116910e-01 6.09433286050826428237e+00 -1.80764579164237715325e-01 1.52373510936335861743e+02 6.87344288352752241789e-02
6.05483721762286153378e-01 6.10493202622844943761e+00 -1.80589751208940829663e-01 1.52357612448808481531e+02 6.93019232098080334437e-02
6.08547197636412851018e-01 6.11556893445471594362e+00 -1.80412947291095443481e-01 1.52341628778957186796e+02 6.98696287403671872918e-02
6.11601335941289292464e-01 6.12624369685676661845e+00 -1.80234150749688376569e-01 1.52325559780598325688e+02 7.04374953070915910125e-02
6.14646089814111729055e-01 6.13695642505739780148e+00 -1.80053344797491993168e-01 1.52309405310711866832e+02 7.10054717809401186868e-02
6.17681412536071339225e-01 6.14770723061550938837e+00 -1.79870512520875297513e-01 1.52293165229203736999e+02 7.15735059673836548910e-02
6.20707257533071432576e-01 6.15849622501935733965e+00 -1.79685636881109139784e-01 1.52276839399365627514e+02 7.21415444525814603116e-02
6.23723578376441656346e-01 6.16932351967106562540e+00 -1.79498700714773223863e-01 1.52260427687786034312e+02 7.27095325074890580508e-02
6.26730328783650536550e-01 6.18018922587861219142e+00 -1.79309686735662415780e-01 1.52243929964780164710e+02 7.32774138936537200451e-02
6.29727462619016020717e-01 6.19109343681419233008e+00 -1.79118555416159480620e-01 1.52227344917339564745e+02 7.38465835930272040954e-02
6.32714933894412689952e-01 6.20203629560602287540e+00 -1.78925328645729575516e-01 1.52210674533330603708e+02 7.44143935865680533626e-02
6.35692696769977860782e-01 6.21301789831524509111e+00 -1.78729970462847415069e-01 1.52193917715216826991e+02 7.49819847347200224563e-02
6.38660705554815355534e-01 6.22403835556612072821e+00 -1.78532462901775434982e-01 1.52177074338037897405e+02 7.55493065407609326600e-02
6.41618914707695386923e-01 6.23509777779492679883e+00 -1.78332787847415574767e-01 1.52160144279572534742e+02 7.61163084201963852093e-02
6.44567278837754553678e-01 6.24619627522839859779e+00 -1.78130927031973612662e-01 1.52143127420048529075e+02 7.66829398539607409724e-02
6.47505752705191617302e-01 6.25733395786650792303e+00 -1.77926862032322496976e-01 1.52126023642170935091e+02 7.72491504966343056626e-02
6.50434291221961835561e-01 6.26851093546604332118e+00 -1.77720574267343917052e-01 1.52108832831234764171e+02 7.78148902867653313731e-02
6.53352849452468964486e-01 6.27972731751659019039e+00 -1.77512044993707290841e-01 1.52091554874771418326e+02 7.83801096603307795307e-02
6.56261382614254484835e-01 6.29098321322169873326e+00 -1.77301255302005494885e-01 1.52074189662570972814e+02 7.89447597420255137157e-02
6.59159846078685274229e-01 6.30227875634388023940e+00 -1.77088217376364959188e-01 1.52056738731940100706e+02 7.95067298994444060511e-02
6.62048195371637282491e-01 6.31361401118090803664e+00 -1.76872856168262149179e-01 1.52039199048685247817e+02 8.00696531592578614189e-02
6.64926386174179318012e-01 6.32498910650969925484e+00 -1.76655178179834559948e-01 1.52021571868704569397e+02 8.06317735829698567507e-02
6.67794374323251838099e-01 6.33640415039717197487e+00 -1.76435164070617683807e-01 1.52003857104897662111e+02 8.11930288688723633683e-02
6.70652115812345961388e-01 6.34785925054730704176e+00 -1.76212794358554636354e-01 1.51986054674278648235e+02 8.17533554391656758220e-02
6.73499566792176929120e-01 6.35935451429041798121e+00 -1.75988049423579262509e-01 1.51968164498775763604e+02 8.23126881372816532334e-02
6.76336683571358565636e-01 6.37089004854486340435e+00 -1.75760909505504492323e-01 1.51950186504248904384e+02 8.28709602995384569946e-02
6.79163422617073186949e-01 6.38246595981855158186e+00 -1.75531354709901499245e-01 1.51932120622188364223e+02 8.34281033017631595827e-02
6.81979740555738733754e-01 6.39408235416602011014e+00 -1.75299365007072799338e-01 1.51913966788517683426e+02 8.39840465586493695183e-02
6.84785594173675460361e-01 6.40573933718598009790e+00 -1.75064920238887533621e-01 1.51895724945125522254e+02 8.45387170060799553184e-02
6.87580940417768404771e-01 6.41743697904500898233e+00 -1.74827955358775044559e-01 1.51877392714160123433e+02 8.50950076728236998180e-02
6.90365736396128082397e-01 6.42917544662360995744e+00 -1.74588529950854443040e-01 1.51858974191629982897e+02 8.56475365537629346191e-02
6.93139939378748737298e-01 6.44095481505910694153e+00 -1.74346586290540145336e-01 1.51840467412953330495e+02 8.61986875932552742974e-02
6.95903506798163817848e-01 6.45277518755120116367e+00 -1.74102103351947451459e-01 1.51821872323355336221e+02 8.67484009083103052573e-02
6.98656396250099120948e-01 6.46463666667886460715e+00 -1.73855059936192879455e-01 1.51803188872271988430e+02 8.72966168332751368819e-02
7.01398565494123937825e-01 6.47653935434230199064e+00 -1.73605434661003116270e-01 1.51784417011497680505e+02 8.78432765555923894540e-02
7.04129972454298314055e-01 6.48848335176025958759e+00 -1.73353205963935247391e-01 1.51765556697075737702e+02 8.83883218544380816484e-02
7.06850575219819421413e-01 6.50046875941123669662e+00 -1.73098352091547447174e-01 1.51746607887512055868e+02 8.89316957706464961131e-02
7.09560332045664265976e-01 6.51249567701222087379e+00 -1.72840851097081915633e-01 1.51727570544550246723e+02 8.94733427172324097265e-02
7.12259201353230508857e-01 6.52456420346974130808e+00 -1.72580680831399546626e-01 1.51708444632163690358e+02 9.00132090396268819132e-02
7.14947141730974067286e-01 6.53667448686750152120e+00 -1.72317883804412097515e-01 1.51689233467320917725e+02 9.05469145441813866304e-02
7.17624111935044939337e-01 6.54882653517341495331e+00 -1.72052321375173955520e-01 1.51669931045423510341e+02 9.10821527482243153973e-02
7.20290070889919697983e-01 6.56102048611671140321e+00 -1.71784024745844421389e-01 1.51650540113231670603e+02 9.16152766881921237774e-02
7.22944977689031653689e-01 6.57325643543319237949e+00 -1.71512971432216887457e-01 1.51631060672830358271e+02 9.21462079345605061809e-02
7.25588791595399018597e-01 6.58553447793409052480e+00 -1.71239138805600737969e-01 1.51611492733361188812e+02 9.26748658402022501557e-02
7.28221472042250406176e-01 6.59785470745610780341e+00 -1.70962504093950085071e-01 1.51591836310392494624e+02 9.32011674171802362299e-02
7.30842978633645223852e-01 6.61021721682500906780e+00 -1.70683044386042231944e-01 1.51572091426277296478e+02 9.37250270123466400207e-02
7.33453271145096175054e-01 6.62262209782696498195e+00 -1.70400736637063288104e-01 1.51552258111116088912e+02 9.42463558904503978519e-02
7.36052309524184211753e-01 6.63506944118257280252e+00 -1.70115557680742629509e-01 1.51532336403992360374e+02 9.47650613777351880085e-02
7.38640053891175041301e-01 6.64755933647916474882e+00 -1.69827484226981989535e-01 1.51512326351494863275e+02 9.52810469745982574485e-02
7.41216464539629305008e-01 6.66009179934352157915e+00 -1.69536397859907761454e-01 1.51492223094805694927e+02 9.58005980307909815741e-02
7.43781501937012756720e-01 6.67266704703982771463e+00 -1.69242445322473011871e-01 1.51472035471838267995e+02 9.63121705688862184136e-02
7.46335126725303221740e-01 6.68528510512470663940e+00 -1.68945523793264190671e-01 1.51451759481074361702e+02 9.68209738333118685727e-02
7.48877299721593336912e-01 6.69794605771555584539e+00 -1.68645608832523163922e-01 1.51431395167925160194e+02 9.73269404135346238860e-02
7.51407981918692846612e-01 6.71064998747546859192e+00 -1.68342675791274515307e-01 1.51410942580348830688e+02 9.78300048148624534772e-02
7.53927134485726568869e-01 6.72339697559839244434e+00 -1.68036699817886020503e-01 1.51390401771510624940e+02 9.83301030230008393795e-02
7.56434718768730363081e-01 6.73618710172866208552e+00 -1.67727655840224670891e-01 1.51369772798124245128e+02 9.88271737127901228614e-02
7.58930696291243989116e-01 6.74902044391894406772e+00 -1.67415518570798282916e-01 1.51349055721505436622e+02 9.93211579173862990633e-02
7.61415028754902523112e-01 6.76189707852396537646e+00 -1.67100262480263439535e-01 1.51328250604392138712e+02 9.98120008355465604399e-02
7.63887678040022333192e-01 6.77481716891444296635e+00 -1.66781978185892021393e-01 1.51307363551774642474e+02 1.00291769481211559545e-01
7.66348606206187388246e-01 6.78778062936417114770e+00 -1.66460430964148364819e-01 1.51286383850751803948e+02 1.00774543874391830922e-01
7.68797775492830681721e-01 6.80078760452472241838e+00 -1.66135691676238067549e-01 1.51265316583921986648e+02 1.01253709606238681551e-01
7.71235148319813990092e-01 6.81383816413255072320e+00 -1.65807734679072726891e-01 1.51244161875359964142e+02 1.01729169990119744371e-01
7.73660687288004522699e-01 6.82693237601579028251e+00 -1.65476534196871832849e-01 1.51222919858608719323e+02 1.02200825065532324709e-01
7.76074355179848351938e-01 6.84007030602537735575e+00 -1.65142064325590087748e-01 1.51201590676880812225e+02 1.02668571317851842206e-01
7.78476114959941845051e-01 6.85325201800302252764e+00 -1.64804299052528829828e-01 1.51180174485932127482e+02 1.03132300372999530236e-01
7.80865929775599765250e-01 6.86647757363883215476e+00 -1.64463212243638745580e-01 1.51158671449569510514e+02 1.03591899878997972806e-01
7.83243762957420930348e-01 6.87974703253226049782e+00 -1.64118777692045580974e-01 1.51137081749210125281e+02 1.04047250247836731152e-01
7.85609578019850984809e-01 6.89306045197904637689e+00 -1.63770969094070323324e-01 1.51115405574903604702e+02 1.04498226300699173508e-01
7.87963338661741508062e-01 6.90641775367555421639e+00 -1.63419586438398489747e-01 1.51093633967306260502e+02 1.04956569403799090945e-01
7.90305008766907790552e-01 6.91981922871859467250e+00 -1.63064915130256588016e-01 1.51071783529099150201e+02 1.05400829323173142460e-01
7.92634552404682946047e-01 6.93326481641492620156e+00 -1.62706783532816506854e-01 1.51049846882105271106e+02 1.05840774324272038354e-01
7.94951933830468693287e-01 6.94675456331145380062e+00 -1.62345163865404401582e-01 1.51027824203468469477e+02 1.06276333782100232406e-01
7.97257117486284361263e-01 6.96028851317268948407e+00 -1.61980028136560427754e-01 1.51005715676517240809e+02 1.06707439985643179337e-01
7.99550068001312008725e-01 6.97386670686684428944e+00 -1.61611348133659932236e-01 1.50983521489661967507e+02 1.07134028991970914335e-01
8.01830750192439767332e-01 6.98748918226363358031e+00 -1.61239095407560012463e-01 1.50961241836311444331e+02 1.07556041844044908418e-01
8.04099129064801410038e-01 7.00115597414543522348e+00 -1.60863241279886465263e-01 1.50938876915943041013e+02 1.07973424248932067804e-01
8.06355169812312477795e-01 7.01486711397391804468e+00 -1.60483756786422959717e-01 1.50916426925411855109e+02 1.08386130658215423805e-01
8.08598837818206295225e-01 7.02862279747726059753e+00 -1.60100829204566530439e-01 1.50893903711092207232e+02 1.08779167696965148315e-01
8.10830098655563102916e-01 7.04242274947347723923e+00 -1.59714039909782473670e-01 1.50871286660491165321e+02 1.09179363147818175861e-01
8.13048918087839522784e-01 7.05626713049052600724e+00 -1.59323540336249042104e-01 1.50848585660018727594e+02 1.09574191162457645898e-01
8.15255262069393138447e-01 7.07015595916116001973e+00 -1.58929301951936163828e-01 1.50825801009639150152e+02 1.09963532033489061468e-01
8.17449096746005965386e-01 7.08408925053355176260e+00 -1.58531296124080872678e-01 1.50802933030122716218e+02 1.10347259604877956374e-01
8.19630388455402592029e-01 7.09806701575983289842e+00 -1.58129494271971399177e-01 1.50779982050792739301e+02 1.10725243034111187068e-01
8.21799103727767876748e-01 7.11208926210277514457e+00 -1.57723867640392034772e-01 1.50756948419189768629e+02 1.11097344570705552913e-01
8.23955209286259315782e-01 7.12615599295234591892e+00 -1.57314387549725626103e-01 1.50733832512369446022e+02 1.11463414478104302918e-01
8.26098672047518967076e-01 7.14026720732268493919e+00 -1.56901025254664205910e-01 1.50710634711968339161e+02 1.11823298031936774199e-01
8.28229459122179711983e-01 7.15442268692083782611e+00 -1.56483480564205856833e-01 1.50687340438544083554e+02 1.12195799578413982212e-01
8.30347537815371183889e-01 7.16862280391187223216e+00 -1.56062213391803150664e-01 1.50663976949483270573e+02 1.12546630469414835063e-01
8.32452875627220700849e-01 7.18286736651165558243e+00 -1.55636967550987714848e-01 1.50640532223880484253e+02 1.12891484090506422078e-01
8.34545440253351977766e-01 7.19715635419116583904e+00 -1.55207712651590140629e-01 1.50617006624800296777e+02 1.13230289093044805826e-01
8.36625199585380951994e-01 7.21148974122059183145e+00 -1.54774418113901135463e-01 1.50593400518174803437e+02 1.13562980135077859489e-01
8.38692121711408611340e-01 7.22586749659575655613e+00 -1.54337053175782473735e-01 1.50569714280171240262e+02 1.13889497891903376803e-01
8.40746174916510269348e-01 7.24028958382794129989e+00 -1.53895586893829511288e-01 1.50545948295413040796e+02 1.14209789486062196495e-01
8.42787327683222509123e-01 7.25475596059715410746e+00 -1.53449988076557380934e-01 1.50522102945966565812e+02 1.14523813732088197703e-01
8.44815548692026907496e-01 7.26926657875833015510e+00 -1.53000225342323409317e-01 1.50498178625756963811e+02 1.14831537704706193592e-01
8.46830806821829651376e-01 7.28382165782779189556e+00 -1.52546608692290253106e-01 1.50474195259704316641e+02 1.15108750151406896700e-01
8.48833071150440821029e-01 7.29842064600259110563e+00 -1.52088490728001957120e-01 1.50450118259834965784e+02 1.15398984852673899826e-01
8.50822310955046900993e-01 7.31306370452577869656e+00 -1.51626126185550769154e-01 1.50425964302935625483e+02 1.15681963692185987846e-01
8.52798495712683735093e-01 7.32775076120834700788e+00 -1.51159484957469530952e-01 1.50401733934160944273e+02 1.15957543890273226395e-01
8.54761595100703930328e-01 7.34248173716448881976e+00 -1.50688537008895673264e-01 1.50377427728119414496e+02 1.16225574700085834690e-01
8.56711578997242706457e-01 7.35725654640960069486e+00 -1.50213252397723290299e-01 1.50353046277874170755e+02 1.16485896591747864481e-01
8.58648417481679637753e-01 7.37207509582441922191e+00 -1.49733601320071268992e-01 1.50328590210756914303e+02 1.16738338749461489918e-01
8.60572080835097841245e-01 7.38693728468127108755e+00 -1.49249554118818406057e-01 1.50304060173556280233e+02 1.16982719125162240581e-01
8.62482539540740500428e-01 7.40184300478910639498e+00 -1.48761081378806198083e-01 1.50279456862834791764e+02 1.17218838464222527285e-01
8.64379764284463170121e-01 7.41679213971024786645e+00 -1.48268153874640790102e-01 1.50254780989333653451e+02 1.17446484695239036777e-01
8.66263725955183860883e-01 7.43178413735571297138e+00 -1.47770228362545635870e-01 1.50230002271253539448e+02 1.17702470154014457449e-01
8.68134395645329126623e-01 7.44681963222238252342e+00 -1.47268204598277163697e-01 1.50205177154282978336e+02 1.17919757773744124374e-01
8.69991744651278930966e-01 7.46189812513776740133e+00 -1.46761621461906188735e-01 1.50180280576259946201e+02 1.18129202797520899137e-01
8.71835744473805518417e-01 7.47701946193558875109e+00 -1.46250447807742101070e-01 1.50155313175603396303e+02 1.18330753452564621520e-01
8.73666366818512285519e-01 7.49218347870803302868e+00 -1.45734652510972367834e-01 1.50130275611136994485e+02 1.18524364137742907466e-01
8.75483583596266101701e-01 7.50739000101400399956e+00 -1.45214204318981882080e-01 1.50105168530369951441e+02 1.18710007528093575146e-01
8.77287366923630518301e-01 7.52263884423371020915e+00 -1.44689072066220641988e-01 1.50079992622329370988e+02 1.18887660663472949363e-01
8.79077689123291206030e-01 7.53792981209753953920e+00 -1.44159224363025112448e-01 1.50054748538176909278e+02 1.19057328949923227346e-01
8.80854522724482724705e-01 7.55326269724657350935e+00 -1.43624629849561369355e-01 1.50029436961284517338e+02 1.19219029667870929368e-01
8.82617840463408520613e-01 7.56863783450986638002e+00 -1.43085900548277911160e-01 1.50004099552968767739e+02 1.19325627487815749683e-01
8.84367615283660701841e-01 7.58405399568571603197e+00 -1.42541841485937625933e-01 1.49978663412230162066e+02 1.19462362569430172177e-01
8.86103820336633374311e-01 7.59951140022856463929e+00 -1.41992963806207572741e-01 1.49953163469490590387e+02 1.19589603835007746158e-01
8.87826428981936643936e-01 7.61500979364203622879e+00 -1.41439239543784400777e-01 1.49927600667420762193e+02 1.19707178263285196618e-01
8.89535414787803402348e-01 7.63054890884110381677e+00 -1.40880641455799343609e-01 1.49901976034106127145e+02 1.19814889999188267655e-01
8.91230751531496778739e-01 7.64612846470732865356e+00 -1.40317142644362180537e-01 1.49876290625084692465e+02 1.19912532364489510250e-01
8.92912413199710819356e-01 7.66174816551165172029e+00 -1.39748716763665459251e-01 1.49850545512636472267e+02 1.19999886182673126678e-01
8.94580373988970722898e-01 7.67740770121008964111e+00 -1.39175338169305107261e-01 1.49824741850958645273e+02 1.20076708224484407506e-01
8.96234608306028635027e-01 7.69310674703406771613e+00 -1.38596982112317412827e-01 1.49798880889327818977e+02 1.20142718942365459012e-01
8.97875090768255890161e-01 7.70884424335148388252e+00 -1.38012825670271871425e-01 1.49772909625778623877e+02 1.20257390517729823021e-01
8.99501796204032810778e-01 7.72462112510306830870e+00 -1.37424292185142266076e-01 1.49746926847221118351e+02 1.20312337605623792536e-01
9.01114699653134842983e-01 7.74043641515769387240e+00 -1.36830683877529557524e-01 1.49720888528825184949e+02 1.20357638516181392196e-01
9.02713776367115805499e-01 7.75628971757629859241e+00 -1.36231975118323217488e-01 1.49694795830231129230e+02 1.20393245617234800893e-01
9.04299001809687252873e-01 7.77218061534277282476e+00 -1.35628140142038638993e-01 1.49668649770122357268e+02 1.20419168964602626981e-01
9.05870351657095174147e-01 7.78810867296488762435e+00 -1.35019153981912193307e-01 1.49642451478368002427e+02 1.20435410673905007872e-01
9.07427801798493138818e-01 7.80407343418842991412e+00 -1.34404992043248738831e-01 1.49616202081128449208e+02 1.20442000600082102513e-01
9.08971328336312445195e-01 7.82007442068255542722e+00 -1.33785630086414475404e-01 1.49589902661126558314e+02 1.20439001811061735525e-01
9.10500907586628160928e-01 7.83611113372916090469e+00 -1.33161044783798920843e-01 1.49563554450686496011e+02 1.20426473514187476477e-01
9.12016516079523720251e-01 7.85218397226568853853e+00 -1.32532190460451421155e-01 1.49537229948297039073e+02 1.20329664632333604990e-01
9.13518130559449748063e-01 7.86829072360155290511e+00 -1.31897269509176739977e-01 1.49510801655357454365e+02 1.20284425356704402499e-01
9.15005727985581884809e-01 7.88443159282337990845e+00 -1.31257089363430445861e-01 1.49484330727807474659e+02 1.20227563368316470171e-01
9.16479285532173615358e-01 7.90060598540638636678e+00 -1.30611633347735428545e-01 1.49457818632584974239e+02 1.20158913125918545561e-01
9.17938780588907099478e-01 7.91681328424187746862e+00 -1.29960886995757751716e-01 1.49431267192337941196e+02 1.20078227297372289173e-01
9.19384190761239561418e-01 7.93305284200189042565e+00 -1.29304836581494053682e-01 1.49404678078215624737e+02 1.19985293387185734670e-01
9.20815493870747459049e-01 7.94932398505622650475e+00 -1.28643470469788107069e-01 1.49378053203682156891e+02 1.19879836718032276033e-01
9.22232667955466323129e-01 7.96562600785071150966e+00 -1.27976778147642245020e-01 1.49351394378908963745e+02 1.19761600238512705419e-01
9.23635691270227932037e-01 7.98195817595075407525e+00 -1.27304751260225390563e-01 1.49324703650581056991e+02 1.19630269544576894880e-01
9.25024542286994155837e-01 7.99831854857290736049e+00 -1.26626209380203996746e-01 1.49297889693915180942e+02 1.19577877145299799055e-01
9.26399199695186803538e-01 8.01470844860573272683e+00 -1.25943285382808356498e-01 1.49271123291252735044e+02 1.19436233145394227195e-01
9.27759642402015138885e-01 8.03112605079853736356e+00 -1.25254977586764543185e-01 1.49244328150090439067e+02 1.19283346764130965267e-01
9.29105849532799177304e-01 8.04757047790339008486e+00 -1.24561280627186674042e-01 1.49217506136882263945e+02 1.19119232956084689090e-01
9.30437800431290207293e-01 8.06404081299491082291e+00 -1.23862190555730208863e-01 1.49190659058048055385e+02 1.18943954285518779801e-01
9.31755474659987315000e-01 8.08053610036100877778e+00 -1.23157705564774289098e-01 1.49163788861730836288e+02 1.18757574525259548825e-01
9.33058852000451910413e-01 8.09705534126575976472e+00 -1.22447825568718762779e-01 1.49136897435259442091e+02 1.18560201781589477643e-01
9.34347912453616813444e-01 8.11359749452698864047e+00 -1.21732552742125993417e-01 1.49109986795687973427e+02 1.18351957908153185284e-01
9.35622636240093785709e-01 8.13016147156518620420e+00 -1.21011890953495654388e-01 1.49083058840949973956e+02 1.18133035117361423483e-01
9.36883003800477065504e-01 8.14674760206743364677e+00 -1.20287218815095478530e-01 1.49056235952592999183e+02 1.17792275288945508249e-01
9.38128995795643128019e-01 8.16335204608980902208e+00 -1.19556039703468383606e-01 1.49029302515100283699e+02 1.17532781730231850048e-01
9.39360593107047781025e-01 8.17997480679536081993e+00 -1.18819537806096442445e-01 1.49002362130988501576e+02 1.17259967974379528122e-01
9.40577776837019263745e-01 8.19661459879318421429e+00 -1.18077732367354470977e-01 1.48975417372152747930e+02 1.16973705664445301600e-01
9.41780528309048348135e-01 8.21327008709929451413e+00 -1.17330647752216507551e-01 1.48948471413726338142e+02 1.16673724483376650696e-01
9.42968829068074665400e-01 8.22993987197302345749e+00 -1.16578310373759624907e-01 1.48921526988126117885e+02 1.16359875168779658416e-01
9.44142660880770479004e-01 8.24662249900562116522e+00 -1.15820752190371439871e-01 1.48894587440339108753e+02 1.16031863764717718679e-01
9.45302005735819794729e-01 8.26331644374155516175e+00 -1.15058007220907296264e-01 1.48867655681001309631e+02 1.15689552029638265118e-01
9.46446845844195028263e-01 8.28002012535996811948e+00 -1.14290117171009564245e-01 1.48840735558892873769e+02 1.15332519467991417850e-01
9.47577163639429898012e-01 8.29673188560864893759e+00 -1.13517125713919989072e-01 1.48813830375067567502e+02 1.14960546186988157857e-01
9.48692941777889098276e-01 8.31344790144361844852e+00 -1.12737279391047273691e-01 1.48786764328423515735e+02 1.14725618419903460654e-01
9.49794163139034308685e-01 8.33017019361249388965e+00 -1.11953943790951720993e-01 1.48759867830889930929e+02 1.14348507512840188993e-01
9.50880810825686872967e-01 8.34689508988049588822e+00 -1.11165626768360989440e-01 1.48732992138340392785e+02 1.13959487743616944000e-01
9.51952868164287147046e-01 8.36362061833529857324e+00 -1.10372388645723754075e-01 1.48706140692676171966e+02 1.13558737303927501094e-01
9.53010318705150072383e-01 8.38034472106362748889e+00 -1.09574296813265636974e-01 1.48679317125916867326e+02 1.13146344980975296912e-01
9.54053146222718195801e-01 8.39706525350393029328e+00 -1.08771427491377734031e-01 1.48652525560045404518e+02 1.12722186774949245658e-01
9.55081334715809804337e-01 8.41377905123426117484e+00 -1.07963277061104007126e-01 1.48625688880793944691e+02 1.12336916247332552210e-01
9.56094868407865283721e-01 8.43048653429849537133e+00 -1.07151672396042618729e-01 1.48599054234039755329e+02 1.11840059278261766407e-01
9.57093731747188369852e-01 8.44718239814286420142e+00 -1.06334934391321536684e-01 1.48572374324401891954e+02 1.11385299357967412770e-01
9.58077909407185845936e-01 8.46386893923861727274e+00 -1.05516591662802597384e-01 1.48546085843712660335e+02 1.10672176420643197936e-01
9.59047386286601133421e-01 8.48053481848835488677e+00 -1.04690531492867056063e-01 1.48519419658640174475e+02 1.10247419119475179028e-01
9.60002147509747882914e-01 8.49717829799650203881e+00 -1.03859475727453631766e-01 1.48492469816385522563e+02 1.09882709613434673135e-01
9.60942178426736681729e-01 8.51381050314835441384e+00 -1.03027752513703801940e-01 1.48466506739556223238e+02 1.09209759724508068124e-01
9.61867464613700540177e-01 8.53041836770097816611e+00 -1.02194348399382989312e-01 1.48440639540251964945e+02 1.08321654773213274514e-01
9.62777991873016381064e-01 8.54698842138543213309e+00 -1.01349702371461625194e-01 1.48413927411167946957e+02 1.08094545229477534409e-01
9.63673746233522310334e-01 8.56353232270226172318e+00 -1.00505156372452372771e-01 1.48387744400946871792e+02 1.07523680900467391575e-01
9.64554713950732445227e-01 8.58004175791517376126e+00 -9.96572239784813407315e-02 1.48361654181057559754e+02 1.06937993406341844138e-01
9.65420881507047634607e-01 8.59651406625175873444e+00 -9.88063815986125054680e-02 1.48335753134924033247e+02 1.06311167506198636645e-01
9.66272235611963070667e-01 8.61294241875929422747e+00 -9.79519133285786103293e-02 1.48309764958233529342e+02 1.05725864530293200971e-01
9.67108763202271903836e-01 8.62934248796779357349e+00 -9.70963950452530810686e-02 1.48285540612106217395e+02 1.04976054136828839125e-01
9.67930451442265749051e-01 8.64565581293813956165e+00 -9.62329062643067362215e-02 1.48257975044094791883e+02 1.04692528526471734240e-01
9.68737287723931861372e-01 8.66193440383744928113e+00 -9.53707073089292561852e-02 1.48232379883794010311e+02 1.04070236112168548748e-01
9.69529259667146536827e-01 8.67815393721873284960e+00 -9.45063224425056191969e-02 1.48206898824001456205e+02 1.03444982415743472193e-01
9.70306355119864738512e-01 8.69430992259238344388e+00 -9.36401942263074549277e-02 1.48181563002977640053e+02 1.02801010376556228865e-01
9.71068562158306947119e-01 8.71039649845107000203e+00 -9.27720971063581839600e-02 1.48156291784189107830e+02 1.02187701980861023188e-01
9.71815869087142014671e-01 8.72641052192065380666e+00 -9.19035048438639062818e-02 1.48131291133683504313e+02 1.01494195607503071010e-01
9.72548264439666687586e-01 8.74234492165915177964e+00 -9.10337625137732087133e-02 1.48106407843436812755e+02 1.00814620619913558608e-01
9.73265736977981354983e-01 8.75819379164879663335e+00 -9.01630235494713383471e-02 1.48081624804191875455e+02 1.00168893163918262812e-01
9.73968275693162355289e-01 8.77395237054589394177e+00 -8.92923757109863186487e-02 1.48057064627755522679e+02 9.94878711229153500639e-02
9.74655869805431618325e-01 8.78961427588950527934e+00 -8.84221031925636336002e-02 1.48032716760209552831e+02 9.87821603355310967620e-02
9.75328508764321089330e-01 8.80523545030810161904e+00 -8.75920877408643688833e-02 1.48014922839147601508e+02 9.41271934662762654877e-02
9.75986182248835265618e-01 8.82066688729534043034e+00 -8.66934572490927618515e-02 1.47989270893642014926e+02 9.64162541202096823323e-02
9.76628880167609847440e-01 8.83592749449747749679e+00 -8.58087210260461280553e-02 1.47958332220508225419e+02 9.74250045583560930762e-02
9.77256592659065281836e-01 8.85103843430954384530e+00 -8.48904239338686694705e-02 1.47924892079094007613e+02 1.02093672047653585833e-01
9.77869310091559640341e-01 8.86562678988542707259e+00 -8.38768508697319975509e-02 1.47850937420796100241e+02 1.16605616099153625020e-01
9.78467023063535390470e-01 8.88117419454431988868e+00 -8.33823812454337343070e-02 1.47891901875525206833e+02 7.84749336661011293037e-02
9.79049722403663946757e-01 8.89593894050649147687e+00 -8.22742820688852072308e-02 1.47866680387078304193e+02 1.04162384930496010327e-01
9.79617399170986558055e-01 8.90861141218923791030e+00 -8.17266399520275160784e-02 1.47637012190655156019e+02 6.92791948059929552084e-02
9.80170044655051198035e-01 8.92862857328800529899e+00 -8.18027694236686392371e-02 1.48207625278916964362e+02 -2.44223246397109669537e-02
9.80707650376046569107e-01 8.94679013086243912767e+00 -8.16464179182598698281e-02 1.48606044592993498554e+02 -9.54447546533456897544e-02
9.81230208084931665447e-01 8.95751955730660398558e+00 -8.14662249684030836949e-02 1.48225881022859852010e+02 -1.72150656864555856584e-01
9.81737709763563226595e-01 8.98663973304130614395e+00 -8.07047909742862196181e-02 1.49867139469667534968e+02 -1.64677146068858221151e-01
9.82230147624817750973e-01 8.98713770911448506240e+00 -7.86479896418295354454e-02 1.48410523109123630547e+02 -4.64431903905678164501e-02
9.82707514112711733034e-01 9.01632715217036917466e+00 -8.41627018994920150785e-02 1.50140466900597118638e+02 -7.28829888060183672671e-01
9.83169801902517237480e-01 9.03539689177281246657e+00 -9.47848503747461962332e-02 1.50801826815735495302e+02 -1.99796367388533635534e+00
9.83617003900874475875e-01 9.05977193839847672052e+00 -9.47509296415636331767e-02 1.52077929641450168674e+02 -2.08025639158523922845e+00
9.84049113245900386460e-01 9.07210136447375781188e+00 -8.21670490341268044965e-02 1.52024664127251213586e+02 -7.67948934512938330421e-01
9.84466123307294216360e-01 8.84503660707241223804e+00 -7.18458078544719491720e-02 1.24140438952139206208e+02 7.60660723447321995838e-02
9.84868027686439440060e-01 8.68297612377088867675e+00 -3.51479229975440732314e-01 1.02386025263660997098e+02 4.28457527883307265348e-01
9.85254820216501125962e-01 8.69814609831370333382e+00 -3.48367477727367425011e-01 1.02371486733287781590e+02 3.59614900059051112446e-01
9.85626494962521304544e-01 8.71312660917398318361e+00 -2.06885216209912542462e-01 1.02347960543310136927e+02 2.14128383835434865645e-01
9.85983046221510006646e-01 8.72750598279128375623e+00 -2.04440837340793546417e-01 1.02328482296555520747e+02 2.59821389003503933068e-01
9.86324468522532193937e-01 8.74130622658839584460e+00 -3.37960585354320941498e-01 1.02316588955281346784e+02 3.51372810181452777112e-01
9.86650756626792246884e-01 8.75422725135920032358e+00 -6.02437751947303756772e-01 1.02315036099261746472e+02 6.27358764104190003152e-01
9.86961905527714344899e-01 8.76907474688082544390e+00 -1.92966163515126409855e-01 1.02393667297869114918e+02 1.00435042550896769242e+00
9.87257910451019071729e-01 8.78066561437782766575e+00 -3.28400883034081381151e-01 1.02266545485589887221e+02 3.43636084108304873386e-01
9.87538766854796246086e-01 8.79067227954056562567e+00 -7.23527960417814197669e-01 1.02143780875182287105e+02 -2.88016339600656257058e-01
9.87804470429575864898e-01 8.80427352490214509828e+00 -4.51612757852639490341e-01 1.02242519524337566850e+02 4.74283616205242175567e-01
9.88055017098393051356e-01 8.81566851937419748708e+00 -3.19843853292499591401e-01 1.02222057188329813471e+02 3.36581001041419081155e-01
9.88290403016850893536e-01 8.82627042479365009342e+00 -3.17241746255183310055e-01 1.02208583277792442345e+02 3.34412652664012710613e-01
9.88510624573179952357e-01 8.83607764351379287859e+00 -4.40691284465555610517e-01 1.02201855543737138987e+02 4.65189422508861083472e-01
9.88715678388292773526e-01 8.84486612134752014924e+00 -6.87427774166265992406e-01 1.02207610866544541750e+02 7.26251872959916666694e-01
9.88905561315836734160e-01 8.85473567827714980183e+00 -1.86158624441085995826e-01 1.02168707116134754642e+02 1.97146714900643699186e-01
9.89080270442241449302e-01 8.86277639354655200066e+00 -4.31939636734630927339e-01 1.02195527944033926815e+02 4.00317310436982487509e-01
9.89239803086764180051e-01 8.87016305665341953102e+00 -4.28919307920321069005e-01 1.02158316273423210419e+02 4.55246986571477940675e-01
9.89384156801530467717e-01 8.87715795297395793284e+00 -3.03409731722886211180e-01 1.02124726688849406742e+02 5.05203827759107215734e-01
9.89513329371571881410e-01 8.88363587449462244194e+00 -1.81865721385778722485e-01 1.02132143883922466898e+02 1.93508491166773849423e-01
9.89627318814860101881e-01 8.88923187511697676655e+00 -6.03470178448964680862e-02 1.02123286357967145932e+02 6.42716876947768411821e-02
9.89726123382337119594e-01 8.89404794897472328330e+00 -1.80009692868766502105e-01 1.02127565003360842866e+02 2.38439661547044157164e-01
9.89809741557942324164e-01 8.89776893863985840483e+00 -4.19334389226832693343e-01 1.02123053117386675126e+02 4.47023260123497911955e-01
9.89878172058635374952e-01 8.90045473946904586171e+00 -6.57689913591204655674e-01 1.02119785093819430699e+02 6.17348069438820146182e-01
9.89931413834416518149e-01 8.90371280206436033211e+00 -4.17612199617934498619e-01 1.02106260501656791462e+02 3.89883705327536411733e-01
9.89969466068341796827e-01 8.90598328591738130910e+00 -1.78531768875119317697e-01 1.02103886886730876427e+02 1.90631429055421908192e-01
