00000000000000000000 -4.74535024119843207302e+00 -9.61958874557158005736e-01 00000000000000000154 -8.34167174922650454520e-25
3.87796733008385127034e-03 -4.73844959264974452395e+00 -9.61973853490168506752e-01 1.54005647374964070195e+02 1.14503522559704210872e-03
7.75587515650285035801e-03 -4.73157671288072201321e+00 -9.61986676989157851736e-01 1.54011265068182183313e+02 2.28448170815852150475e-03
1.16336639765051742812e-02 -4.72473150604697789134e+00 -9.61997368528066498783e-01 1.54016853225667432525e+02 3.41834738545599044202e-03
1.55112742891650307042e-02 -4.71791387677900431186e+00 -9.62005951403928971644e-01 1.54022411992678200932e+02 4.54664039156610876036e-03
1.93886465962956576481e-02 -4.71112373017997221325e+00 -9.62012448738243208801e-01 1.54027941513721685851e+02 5.66936905394547878412e-03
2.32657214033622598837e-02 -4.70436097182354107105e+00 -9.62016883478313378220e-01 1.54033441932556968368e+02 6.78654189053486990579e-03
2.71424392203948837421e-02 -4.69762550775169085426e+00 -9.62019278398585586665e-01 1.54038913392198423935e+02 7.89816760689709962406e-03
3.10187405629012494246e-02 -4.69091724447254598829e+00 -9.62019656101976261553e-01 1.54044356034918990872e+02 9.00425509338054382014e-03
3.48945659527794757593e-02 -4.68423608895822418674e+00 -9.62018039021185211723e-01 1.54049770002253211487e+02 1.01048134223166632267e-02
3.87698559192307112831e-02 -4.67758194864268972424e+00 -9.62014449419998918245e-01 1.54055155435000614261e+02 1.11998518452449749572e-02
4.26445509996716889956e-02 -4.67095473141962358454e+00 -9.62008909394589273312e-01 1.54060512473229096031e+02 1.22893797901664839078e-02
4.65185917406470347824e-02 -4.66435434564028206239e+00 -9.62001440874791557967e-01 1.54065841256277707316e+02 1.33734068588292568519e-02
5.03919186987416417578e-02 -4.65778070011140510331e+00 -9.61992065625383419025e-01 1.54071141922760205034e+02 1.44519428240374933625e-02
5.42644724414926629685e-02 -4.65123370409308645179e+00 -9.61980805247345638342e-01 1.54076414610568264152e+02 1.55249976269939415907e-02
5.81361935483015249138e-02 -4.64471326729669886646e+00 -9.61967681179113132117e-01 1.54081659456874291436e+02 1.65925813746665012927e-02
6.20070226113456635098e-02 -4.63821929988279890722e+00 -9.61952714697825728152e-01 1.54086876598135063432e+02 1.76547043371842078685e-02
6.58769002364900102542e-02 -4.63175171245905659134e+00 -9.61935926920550188335e-01 1.54092066170094511790e+02 1.87113769452596639953e-02
6.97457670441984506349e-02 -4.62531041607819037864e+00 -9.61917338805514554601e-01 1.54097228307787133872e+02 1.97626097876387255003e-02
7.36135636704448592660e-02 -4.61889532223591103843e+00 -9.61896971153318292025e-01 1.54102363145540834921e+02 2.08084136085793340587e-02
7.74802307676239754297e-02 -4.61250634286888505642e+00 -9.61874844608131218671e-01 1.54107470816980480777e+02 2.18487993053493242956e-02
8.13457090054621884123e-02 -4.60614339035268827161e+00 -9.61850979658896765301e-01 1.54112551455030541092e+02 2.28837779257604449767e-02
8.52099390719276428285e-02 -4.59980637749980214579e+00 -9.61825396640508922808e-01 1.54117605191918613627e+02 2.39133606657188392541e-02
8.90728616741405659907e-02 -4.59349521755757894681e+00 -9.61798115734991188042e-01 1.54122632159178124311e+02 2.49375588668096781486e-02
9.29344175392829291438e-02 -4.58720982420625045251e+00 -9.61769156972664518435e-01 1.54127632487651766269e+02 2.59563840138977049155e-02
9.67945474155079421674e-02 -4.58095011155693576654e+00 -9.61738540233300187587e-01 1.54132606307494427256e+02 2.69698477327614503929e-02
1.00653192072849326233e-01 -4.57471599414965179875e+00 -9.61706285247270975525e-01 1.54137553748176060253e+02 2.79779617877475156318e-02
1.04510292304129906449e-01 -4.56850738695134594991e+00 -9.61672411596683263113e-01 1.54142474938485122493e+02 2.89807380794466010188e-02
1.08365788925870357162e-01 -4.56232420535392790839e+00 -9.61636938716516787018e-01 1.54147370006531275521e+02 2.99781886424022939175e-02
1.12219622779197156226e-01 -4.55616636517232365122e+00 -9.61599885895729644680e-01 1.54152239079748596851e+02 3.09703256428345528872e-02
1.16071734730750303344e-01 -4.55003378264252322793e+00 -9.61561272278384504553e-01 1.54157082284898478974e+02 3.19571613763928036311e-02
1.19922065673590871882e-01 -4.54392637441965963063e+00 -9.61521116864743730090e-01 1.54161899748072784178e+02 3.29387082659302263266e-02
1.23770556528107589234e-01 -4.53784405757606723597e+00 -9.61479438512362283298e-01 1.54166691594696658285e+02 3.39149788593000392489e-02
1.27617148242923722501e-01 -4.53178674959939442601e+00 -9.61436255937172412622e-01 1.54171457949531657050e+02 3.48859858271738376700e-02
1.31461781795802923334e-01 -4.52575436839067268835e+00 -9.61391587714567785738e-01 1.54176198936678616747e+02 3.58517419608909704287e-02
1.35304398194555003387e-01 -4.51974683226244522416e+00 -9.61345452280455536886e-01 1.54180914679580723714e+02 3.68122601703180715726e-02
1.39144938477940960375e-01 -4.51376405993686891094e+00 -9.61297867932329408447e-01 1.54185605301026356528e+02 3.77675534817374161656e-02
1.42983343716577865345e-01 -4.50780597054384646327e+00 -9.61248852830314692852e-01 1.54190270923152041860e+02 3.87176350357573834104e-02
1.46819555013843056068e-01 -4.50187248361916392270e+00 -9.61198424998208067471e-01 1.54194911667445410330e+02 3.96625180852429801148e-02
1.50653513506777553266e-01 -4.49596351910263081209e+00 -9.61146602324518650740e-01 1.54199527654748209216e+02 4.06022159932654530534e-02
1.54485160366989643377e-01 -4.49007899733623805361e+00 -9.61093402563481191692e-01 1.54204119005258860398e+02 4.15367422310785744388e-02
1.58314436801557489876e-01 -4.48421883906232832118e+00 -9.61038843336089687597e-01 1.54208685838535814128e+02 4.24661103761127117773e-02
1.62141284053930911924e-01 -4.47838296542175839932e+00 -9.60982942131091588678e-01 1.54213228273500106980e+02 4.33903341099877298825e-02
1.65965643404833329555e-01 -4.47257129795209618095e+00 -9.60925716305996102662e-01 1.54217746428438289286e+02 4.43094272165490132842e-02
1.69787456173162598638e-01 -4.46678375858580523072e+00 -9.60867183088068732566e-01 1.54222240421005380995e+02 4.52234035799223763052e-02
1.73606663716891373994e-01 -4.46102026964845777002e+00 -9.60807359575310715449e-01 1.54226710368227628578e+02 4.61322771825938143797e-02
1.77423207433967000668e-01 -4.45528075385693256294e+00 -9.60746262737444012281e-01 1.54231156386505375622e+02 4.70360621034971379539e-02
1.81237028763210711313e-01 -4.44956513431765454669e+00 -9.60683909416871983922e-01 1.54235578591615762889e+02 4.79347725161353849233e-02
1.85048069185216018662e-01 -4.44387333452481936291e+00 -9.60620316329647838671e-01 1.54239977098715826287e+02 4.88284226867123499760e-02
1.88856270223246969220e-01 -4.43820527835862677080e+00 -9.60555500066425982375e-01 1.54244352022344912712e+02 4.97170269722871094320e-02
1.92661573444134981425e-01 -4.43256089008354781100e+00 -9.60489477093411814224e-01 1.54248703476427834858e+02 5.06005998189467259829e-02
1.96463920459175961364e-01 -4.42694009434656976509e+00 -9.60422263753292759780e-01 1.54253031574277372329e+02 5.14791557599914781362e-02
2.00263252925025725393e-01 -4.42134281617547486576e+00 -9.60353876266177186594e-01 1.54257336428597199074e+02 5.23527094141572682529e-02
2.04059512544595450523e-01 -4.41576898097711811886e+00 -9.60284330730520663266e-01 1.54261618151484583450e+02 5.32212754838306822958e-02
2.07852641067946264375e-01 -4.41021851453571045454e+00 -9.60213643124027460551e-01 1.54265876854433088283e+02 5.40848687532999722327e-02
2.11642580293182863693e-01 -4.40469134301111875374e+00 -9.60141829304578919846e-01 1.54270112648335356198e+02 5.49435040870234411847e-02
2.15429272067346772035e-01 -4.39918739293717742100e+00 -9.60068905011120077297e-01 1.54274325643485781256e+02 5.57971964279034352008e-02
2.19212658287308292948e-01 -4.39370659121999551644e+00 -9.59994885864571489975e-01 1.54278515949583294287e+02 5.66459607955918931221e-02
2.22992680900658574172e-01 -4.38824886513629053297e+00 -9.59919787368693655516e-01 1.54282683675733977680e+02 5.74898122848054166090e-02
2.26769281906599701193e-01 -4.38281414233170796280e+00 -9.59843624910990511623e-01 1.54286828930453708608e+02 5.83287660636574029072e-02
2.30542403356835262640e-01 -4.37740235081918527271e+00 -9.59766413763564973927e-01 1.54290951821671086464e+02 5.91628373720108555189e-02
2.34311987356459305865e-01 -4.37201341897729012231e+00 -9.59688169083995012976e-01 1.54295052456729678170e+02 5.99920415198458081840e-02
2.38077976064844459847e-01 -4.36664727554857545755e+00 -9.59608905916201959663e-01 1.54299130942391002463e+02 6.08163938856461916416e-02
2.41840311696529752794e-01 -4.36130384963797101960e+00 -9.59528639191278953646e-01 1.54303187384837144691e+02 6.16359099147951935982e-02
2.45598936522107014202e-01 -4.35598307071114110300e+00 -9.59447383728356584243e-01 1.54307221889673172655e+02 6.24506051179964868925e-02
2.49353792869107054875e-01 -4.35068486859288228175e+00 -9.59365154235434558494e-01 1.54311234561929921938e+02 6.32604950697070317345e-02
2.53104823122884181608e-01 -4.34540917346552291178e+00 -9.59281965310222139998e-01 1.54315225506066497019e+02 6.40655954065877386583e-02
2.56851969727500406560e-01 -4.34015591586732352170e+00 -9.59197831440950277049e-01 1.54319194825972999752e+02 6.48659218259654279937e-02
2.60595175186608463136e-01 -4.33492502669088874967e+00 -9.59112767007204825020e-01 1.54323142624973030479e+02 6.56614900843135035347e-02
2.64334382064334627582e-01 -4.32971643718159437952e+00 -9.59026786280727350231e-01 1.54327069005826132297e+02 6.64523159957529085951e-02
2.68069532986158931553e-01 -4.32453007893602592304e+00 -9.58939903426231365913e-01 1.54330974070730661651e+02 6.72384154305561421161e-02
2.71800570639796568173e-01 -4.31936588390040565599e+00 -9.58852132502194698382e-01 1.54334857921326005226e+02 6.80198043136816671295e-02
2.75527437776076689069e-01 -4.31422378436905162857e+00 -9.58763487461657626376e-01 1.54338720658695280008e+02 6.87964986233100816992e-02
2.79250077209821145896e-01 -4.30910371298283134678e+00 -9.58673982153014136998e-01 1.54342562383367862822e+02 6.95685143894003710230e-02
2.82968431820721455505e-01 -4.30400560272762966463e+00 -9.58583630320773205646e-01 1.54346383195321891435e+02 7.03358676922635067674e-02
2.86682444554216209198e-01 -4.29892938693282733453e+00 -9.58492445606360266019e-01 1.54350183193986651986e+02 7.10985746611446783882e-02
2.90392058422365262338e-01 -4.29387499926977334042e+00 -9.58400441548864723273e-01 1.54353962478245193779e+02 7.18566514728272431878e-02
2.94097216504725145203e-01 -4.28884237375028920525e+00 -9.58307631585817887299e-01 1.54357721146436915660e+02 7.26101143502425883103e-02
2.97797861949222197886e-01 -4.28383144472515997592e+00 -9.58214029053932714319e-01 1.54361459296359697646e+02 7.33589795610982975393e-02
3.01493937973024594967e-01 -4.27884214688265895887e+00 -9.58119647189865530912e-01 1.54365177025272629407e+02 7.41032634165269266102e-02
3.05185387863413981613e-01 -4.27387441524703959317e+00 -9.58024499130962103877e-01 1.54368874429898426115e+02 7.48429822697260910269e-02
3.08872154978655832913e-01 -4.26892818517707794967e+00 -9.57928597915984059163e-01 1.54372551606425730597e+02 7.55781525146465571474e-02
3.12554182748867592778e-01 -4.26400339236461078940e+00 -9.57831956485855395833e-01 1.54376208650511642873e+02 7.63087905846595304649e-02
3.16231414676888089588e-01 -4.25909997283306474003e+00 -9.57734587684375582306e-01 1.54379845657284192839e+02 7.70349129512616498383e-02
3.19903794339143177083e-01 -4.25421786293601034146e+00 -9.57636504258951082313e-01 1.54383462721344614010e+02 7.77565361227818552248e-02
3.23571265386512540996e-01 -4.24935699935572852581e+00 -9.57537718861300568562e-01 1.54387059936769674096e+02 7.84736766430974286290e-02
3.27233771545193397046e-01 -4.24451731910175933393e+00 -9.57438244048173903167e-01 1.54390637397114289797e+02 7.91863510903780265515e-02
3.30891256617564633036e-01 -4.23969875950950125798e+00 -9.57338092282055241888e-01 1.54394195195413630017e+02 7.98945760758290601800e-02
3.34543664483048841518e-01 -4.23490125823877594513e+00 -9.57237275931846154364e-01 1.54397733424185759077e+02 8.05983682424540881506e-02
3.38190939098973242238e-01 -4.23012475327242309930e+00 -9.57135807273576943999e-01 1.54401252175433711500e+02 8.12977442638195962887e-02
3.41833024501430049469e-01 -4.22536918291490248833e+00 -9.57033698491085771387e-01 1.54404751540647964703e+02 8.19927208428534032292e-02
3.45469864806134951962e-01 -4.22063448579089328661e+00 -9.56930961676692448670e-01 1.54408231610808741152e+02 8.26833147106327409626e-02
3.49101404209284427171e-01 -4.21592060084392006303e+00 -9.56827608831896991859e-01 1.54411692476388338946e+02 8.33695426251985366450e-02
3.52727586988412222802e-01 -4.21122746733496722271e+00 -9.56723651868018332145e-01 1.54415134227353320284e+02 8.40514213703679458067e-02
3.56348357503244450584e-01 -4.20655502484111920580e+00 -9.56619102606882765194e-01 1.54418556953167012580e+02 8.47289677545843139539e-02
3.59963660196552959203e-01 -4.20190321325418292275e+00 -9.56513972781481980334e-01 1.54421960742791611665e+02 8.54021986097481256017e-02
3.63573439595008318648e-01 -4.19727197277934127584e+00 -9.56408274036620764669e-01 1.54425345684690512371e+02 8.60711307900745431487e-02
3.67177640310030473092e-01 -4.19266124393381645064e+00 -9.56302017929563819010e-01 1.54428711866830610688e+02 8.67357811709729420446e-02
3.70776207038639005198e-01 -4.18807096754551988482e+00 -9.56195215930690678441e-01 1.54432059376684350127e+02 8.73961666479113191697e-02
3.74369084564301513041e-01 -4.18350108475172621780e+00 -9.56087879424129316597e-01 1.54435388301232279673e+02 8.80523041353215296656e-02
3.77956217757780987831e-01 -4.17895153699774102307e+00 -9.55980019708384642918e-01 1.54438698726965043306e+02 8.87042105654892582001e-02
3.81537551577981803863e-01 -4.17442226603561294951e+00 -9.55871647996987316986e-01 1.54441990739885682160e+02 8.93519028874781573446e-02
3.85113031072793543519e-01 -4.16991321392278990743e+00 -9.55762775419079835260e-01 1.54445264425511766149e+02 8.99953980660431890337e-02
3.88682601379935599439e-01 -4.16542432302084542073e+00 -9.55653413020082997953e-01 1.54448519868877781391e+02 9.06347130805738726567e-02
3.92246207727797613352e-01 -4.16095553599417034008e+00 -9.55543571762266230607e-01 1.54451757154536977623e+02 9.12698649240322179566e-02
3.95803795436280247966e-01 -4.15650679580869475416e+00 -9.55433262525396065357e-01 1.54454976366563897727e+02 9.19008706019179832936e-02
3.99355309917634848649e-01 -4.15207804573061256548e+00 -9.55322496107305685342e-01 1.54458177588556338833e+02 9.25277471312235810785e-02
4.02900696677300329540e-01 -4.14766922932510695432e+00 -9.55211283224516427559e-01 1.54461360903637512365e+02 9.31505115394234278758e-02
4.06439901314739726601e-01 -4.14328029045508205996e+00 -9.55099634512815431897e-01 1.54464526394458260938e+02 9.37691808634553425339e-02
4.09972869524274474706e-01 -4.13891117327992130726e+00 -9.54987560527877477057e-01 1.54467674143199133141e+02 9.43837721487100628215e-02
4.13499547095918296158e-01 -4.13456182225423063414e+00 -9.54875071745808323698e-01 1.54470804231572543586e+02 9.49943024480511544194e-02
4.17019879916208535686e-01 -4.13023218212658793647e+00 -9.54762178563748453719e-01 1.54473916740824876115e+02 9.56007888208311729095e-02
4.20533813969036496250e-01 -4.12592219793833780983e+00 -9.54648891300458046771e-01 1.54477011751738473322e+02 9.62032483319070069738e-02
4.24041295336476609101e-01 -4.12163181502232411901e+00 -9.54535220196863321007e-01 1.54480089344633967130e+02 9.68016980506906099535e-02
4.27542270199613438919e-01 -4.11736097900170605612e+00 -9.54421175416639178124e-01 1.54483149599372097782e+02 9.73961550501840078731e-02
4.31036684839367689737e-01 -4.11310963578873778346e+00 -9.54306767046771642349e-01 1.54486192595355873891e+02 9.79866364060480027343e-02
4.34524485637320267983e-01 -4.10887773158354274727e+00 -9.54192005098112194794e-01 1.54489218411532846176e+02 9.85731591956569980217e-02
4.38005619076534846723e-01 -4.10466521287294483500e+00 -9.54076899505919118205e-01 1.54492227126396784342e+02 9.91557404971722539111e-02
4.41480031742379597226e-01 -4.10047202642925245897e+00 -9.53961460130439253824e-01 1.54495218817989893978e+02 9.97343973886433698972e-02
4.44947670323346589072e-01 -4.09629811930909859541e+00 -9.53845696757422367718e-01 1.54498193563905005021e+02 1.00309146947075669698e-01
4.48408481611869302874e-01 -4.09214343885223641450e+00 -9.53729619098659275878e-01 1.54501151441287305488e+02 1.00880006247559661503e-01
4.51862412505139754426e-01 -4.08800793268039708295e+00 -9.53613236792545282405e-01 1.54504092526836501520e+02 1.01446992362362833906e-01
4.55309410005922676756e-01 -4.08389154869609782850e+00 -9.53496559404589771880e-01 1.54507016896808806905e+02 1.02010122360054134028e-01
4.58749421223369369116e-01 -4.07979423508151128885e+00 -9.53379596427936348846e-01 1.54509924627018932597e+02 1.02569413304640019713e-01
4.62182393373828603877e-01 -4.07571594029730199793e+00 -9.53262357283916395012e-01 1.54512815792842019391e+02 1.03124882254692379346e-01
4.65608273781656922807e-01 -4.07165661308149395836e+00 -9.53144851322548780637e-01 1.54515690469215627445e+02 1.03676546262508273433e-01
4.69027009880027045963e-01 -4.06761620244831867410e+00 -9.53027087823044682935e-01 1.54518548730641754219e+02 1.04224422373251524032e-01
4.72438549211733671562e-01 -4.06359465768710226286e+00 -9.52909075994335053039e-01 1.54521390651188681886e+02 1.04768527624119034414e-01
4.75842839429999664436e-01 -4.05959192836112148228e+00 -9.52790824975569550226e-01 1.54524216304492966856e+02 1.05308879043520334240e-01
4.79239828299277970114e-01 -4.05560796430652992228e+00 -9.52672343836623691793e-01 1.54527025763761429289e+02 1.05845493650246175177e-01
4.82629463696053917499e-01 -4.05164271563118560948e+00 -9.52553641578587573235e-01 1.54529819101772915246e+02 1.06378388452670405440e-01
4.86011693609644690461e-01 -4.04769613271362604934e+00 -9.52434727134279346394e-01 1.54532596390880399895e+02 1.06907580447935163237e-01
4.89386466142997689222e-01 -4.04376816620189494245e+00 -9.52315609368712845395e-01 1.54535357703012664388e+02 1.07433086621157247720e-01
4.92753729513486060654e-01 -4.03985876701250390397e+00 -9.52196297079601183810e-01 1.54538103109676484337e+02 1.07954923944645786449e-01
4.96113432053704617175e-01 -4.03596788632934888597e+00 -9.52076798997826156956e-01 1.54540832681958107742e+02 1.08473109377113366425e-01
4.99465522212260704116e-01 -4.03209547560258929622e+00 -9.51957123787918968461e-01 1.54543546490525585568e+02 1.08987659862917363185e-01
5.02809948554567842649e-01 -4.02824148654763902755e+00 -9.51837280048570044677e-01 1.54546244605630192837e+02 1.09498592331284866352e-01
5.06146659763632045248e-01 -4.02440587114404202396e+00 -9.51717276313026050438e-01 1.54548927097108617090e+02 1.10005923695555771213e-01
5.09475604640841184256e-01 -4.02058858163447041534e+00 -9.51597121049638450252e-01 1.54551594034384578435e+02 1.10509670852445771039e-01
5.12796732106749808544e-01 -4.01678957052364893343e+00 -9.51476822662264631880e-01 1.54554245486470847482e+02 1.11009850681291141750e-01
5.16109991201863405053e-01 -4.01300879057730064403e+00 -9.51356389490767395678e-01 1.54556881521970865379e+02 1.11506480043318825790e-01
5.19415331087419551714e-01 -4.00924619482112731816e+00 -9.51235829811458266647e-01 1.54559502209080761759e+02 1.11999575780924204293e-01
5.22712701046168959351e-01 -4.00550173653976138155e+00 -9.51115151837533812085e-01 1.54562107615591003196e+02 1.12489154716949091295e-01
5.26002050483152849836e-01 -4.00177536927575605574e+00 -9.50994363719550594993e-01 1.54564697808888155350e+02 1.12975233653965251301e-01
5.29283328926479668119e-01 -3.99806704682857372291e+00 -9.50873473545856384703e-01 1.54567272855956957756e+02 1.13457829373578081289e-01
5.32556486028099573815e-01 -3.99437672325352588487e+00 -9.50752489343044571157e-01 1.54569832823381659637e+02 1.13936958635719620681e-01
5.35821471564576490287e-01 -3.99070435286083968762e+00 -9.50631419076354622355e-01 1.54572377777348208383e+02 1.14412638177961156760e-01
5.39078235437859709656e-01 -3.98704989021457967269e+00 -9.50510270650161359640e-01 1.54574907783645670634e+02 1.14884884714834906161e-01
5.42326727676051723037e-01 -3.98341329013172451567e+00 -9.50389051908370863231e-01 1.54577422907668278640e+02 1.15353714937144039010e-01
5.45566898434175162613e-01 -3.97979450768111853165e+00 -9.50267770634861008716e-01 1.54579923214416851351e+02 1.15819145511301888063e-01
5.48798697994937745293e-01 -3.97619349818253775553e+00 -9.50146434553889585040e-01 1.54582408768500869201e+02 1.16281193078675459951e-01
5.52022076769495328996e-01 -3.97261021720568763271e+00 -9.50025051330508518710e-01 1.54584879634139781501e+02 1.16739874254899983486e-01
5.55236985298212415429e-01 -3.96904462056921580881e+00 -9.49903628571062030872e-01 1.54587335875165109655e+02 1.17195205629258517033e-01
5.58443374251421431609e-01 -3.96549666433980441127e+00 -9.49782173823469966223e-01 1.54589777555022010347e+02 1.17647203764026403450e-01
5.61641194430179235830e-01 -3.96196630483115175281e+00 -9.49660694577757369395e-01 1.54592204736770753470e+02 1.18095885193834890248e-01
5.64830396767022624438e-01 -3.95845349860305395495e+00 -9.49539198266370343404e-01 1.54594617483088796916e+02 1.18541266425032404408e-01
5.68010932326720507923e-01 -3.95495820246043994217e+00 -9.49417692264641677191e-01 1.54597015856272207657e+02 1.18983363935074248907e-01
5.71182752307025198846e-01 -3.95148037345245883856e+00 -9.49296183891163769530e-01 1.54599399918237224938e+02 1.19422194171888707004e-01
5.74345808039421146240e-01 -3.94801996887150696836e+00 -9.49174680408211068894e-01 1.54601769730522278223e+02 1.19857773553279436940e-01
5.77500050989871893670e-01 -3.94457694625232768715e+00 -9.49053189022082022142e-01 1.54604125354289180905e+02 1.20290118466306855671e-01
5.80645432759564483760e-01 -3.94115126337109655807e+00 -9.48931716883562814679e-01 1.54606466850325290352e+02 1.20719245266693239738e-01
5.83781905085652308429e-01 -3.93774287824443858241e+00 -9.48810271088244672200e-01 1.54608794279044644782e+02 1.21145170278235209116e-01
5.86909419841995516620e-01 -3.93435174912862617447e+00 -9.48688858676948298942e-01 1.54611107700489895933e+02 1.21567909792200945507e-01
5.90027929039899312613e-01 -3.93097783451854843051e+00 -9.48567486636128776034e-01 1.54613407174333673311e+02 1.21987480066762840614e-01
5.93137384828850811047e-01 -3.92762109314692997586e+00 -9.48446161898182649175e-01 1.54615692759880545282e+02 1.22403897326412991475e-01
5.96237739497252783316e-01 -3.92428148398332465874e+00 -9.48324891341887132867e-01 1.54617964516068269631e+02 1.22817177761392434809e-01
5.99328945473155960677e-01 -3.92095896623333883824e+00 -9.48203681792733954481e-01 1.54620222501469442022e+02 1.23227337527129249262e-01
6.02410955324989116910e-01 -3.91765349933763973311e+00 -9.48082540023347242197e-01 1.54622466774293258140e+02 1.23634392743680945892e-01
6.05483721762286153378e-01 -3.91436504297116627527e+00 -9.47961472753770295618e-01 1.54624697392386963202e+02 1.24038359495177871739e-01
6.08547197636412851018e-01 -3.91109355704221917094e+00 -9.47840486651924774009e-01 1.54626914413237273038e+02 1.24439253829277368668e-01
6.11601335941289292464e-01 -3.90783900169153275428e+00 -9.47719588333892581922e-01 1.54629117893972136244e+02 1.24837091756618182026e-01
6.14646089814111729055e-01 -3.90460133729154712512e+00 -9.47598784364308333039e-01 1.54631307891362297369e+02 1.25231889250285222115e-01
6.17681412536071339225e-01 -3.90138052444544136677e+00 -9.47478081256730386706e-01 1.54633484461822462208e+02 1.25623662245286926709e-01
6.20707257533071432576e-01 -3.89817652398634750810e+00 -9.47357485473945049037e-01 1.54635647661413372589e+02 1.26012426638015123670e-01
6.23723578376441656346e-01 -3.89498929697645435155e+00 -9.47237003428340496036e-01 1.54637797545842857971e+02 1.26398198285726959256e-01
6.26730328783650536550e-01 -3.89181880470621521795e+00 -9.47116641482285914755e-01 1.54639934170467540753e+02 1.26780993006036624138e-01
6.29727462619016020717e-01 -3.88866500869345932401e+00 -9.46996405948407948827e-01 1.54642057590294399461e+02 1.27160826576406427169e-01
6.32714933894412689952e-01 -3.88552787068263194570e+00 -9.46876303090015136732e-01 1.54644167859982076152e+02 1.27537714733631707409e-01
6.35692696769977860782e-01 -3.88240735264390757209e+00 -9.46756339121307632922e-01 1.54646265033842468029e+02 1.27911673173346007726e-01
6.38660705554815355534e-01 -3.87930341677238965659e+00 -9.46636520207884579747e-01 1.54648349165842262209e+02 1.28282717549530217438e-01
6.41618914707695386923e-01 -3.87621602548735966209e+00 -9.46516852466914193620e-01 1.54650420309604214708e+02 1.28650863474005894282e-01
6.44567278837754553678e-01 -3.87314514143133603596e+00 -9.46397341967596505974e-01 1.54652478518408713626e+02 1.29016126515987705758e-01
6.47505752705191617302e-01 -3.87009072746945470556e+00 -9.46277994731319460620e-01 1.54654523845195399190e+02 1.29378522201552437210e-01
6.50434291221961835561e-01 -3.86705274668843479446e+00 -9.46158816732202256894e-01 1.54656556342564243778e+02 1.29738066013205838312e-01
6.53352849452468964486e-01 -3.86403116239605548543e+00 -9.46039813897244341589e-01 1.54658576062777257221e+02 1.30094773389395290675e-01
6.56261382614254484835e-01 -3.86102593812013328289e+00 -9.45920992106707880787e-01 1.54660583057759794201e+02 1.30448659724037574481e-01
6.59159846078685274229e-01 -3.85803703760788518906e+00 -9.45802357194483134251e-01 1.54662577379101975339e+02 1.30799740366082911658e-01
6.62048195371637282491e-01 -3.85506442482507916125e+00 -9.45683914948263870670e-01 1.54664559078060221964e+02 1.31148030619028937993e-01
6.64926386174179318012e-01 -3.85210806395535954039e+00 -9.45565671109988237220e-01 1.54666528205558364562e+02 1.31493545740478862127e-01
6.67794374323251838099e-01 -3.84916791939932245725e+00 -9.45447631376113095669e-01 1.54668484812189433342e+02 1.31836300941713779888e-01
6.70652115812345961388e-01 -3.84624395577389588396e+00 -9.45329801397887359293e-01 1.54670428948216652998e+02 1.32176311387229294958e-01
6.73499566792176929120e-01 -3.84333613791153050343e+00 -9.45212186781671959146e-01 1.54672360663575005901e+02 1.32513592194295343196e-01
6.76336683571358565636e-01 -3.84044443085938347338e+00 -9.45094793089264140207e-01 1.54674280007872710030e+02 1.32848158432543383967e-01
6.79163422617073186949e-01 -3.83756879987876153848e+00 -9.44977625838161583438e-01 1.54676187030392270572e+02 1.33180025123519479857e-01
6.81979740555738733754e-01 -3.83470921044410717471e+00 -9.44860690501899025406e-01 1.54678081780092128383e+02 1.33509207240266825067e-01
6.84785594173675460361e-01 -3.83186562824253318382e+00 -9.44743992510250540917e-01 1.54679964305607796859e+02 1.33835719706901612458e-01
6.87580940417768404771e-01 -3.82903801917289055012e+00 -9.44627537249710602651e-01 1.54681834655253311439e+02 1.34159577398216378619e-01
6.90365736396128082397e-01 -3.82622634934515604144e+00 -9.44511330063483312003e-01 1.54683692877022480161e+02 1.34480795139226033674e-01
6.93139939378748737298e-01 -3.82343058507964839166e+00 -9.44395376252104457038e-01 1.54685539018590304750e+02 1.34799387704811590716e-01
6.95903506798163817848e-01 -3.82065069290632974841e+00 -9.44279681073445176231e-01 1.54687373127314145904e+02 1.35115369819271247120e-01
6.98656396250099120948e-01 -3.81788663956413643064e+00 -9.44164249743245198587e-01 1.54689195250235144385e+02 1.35428756155972662700e-01
7.01398565494123937825e-01 -3.81513839200021509512e+00 -9.44049087435069433916e-01 1.54691005434079471570e+02 1.35739561336884306808e-01
7.04129972454298314055e-01 -3.81240591736923839505e+00 -9.43934199280970331891e-01 1.54692803725259551584e+02 1.36047799932280860657e-01
7.06850575219819421413e-01 -3.80968918303263626157e+00 -9.43819590371420047425e-01 1.54694590169875567653e+02 1.36353486460258715995e-01
7.09560332045664265976e-01 -3.80698815655811673153e+00 -9.43705265755743538669e-01 1.54696364813716314757e+02 1.36656635386415953315e-01
7.12259201353230508857e-01 -3.80430280571871159978e+00 -9.43591230442480721763e-01 1.54698127702260933347e+02 1.36957261123468926334e-01
7.14947141730974067286e-01 -3.80163309849226926929e+00 -9.43477489399495827804e-01 1.54699878880679818849e+02 1.37255378030854607863e-01
7.17624111935044939337e-01 -3.79897900306071001353e+00 -9.43364047554191342826e-01 1.54701618393836099585e+02 1.37551000414358803869e-01
7.20290070889919697983e-01 -3.79634048780936295131e+00 -9.43250909793998726371e-01 1.54703346286286631539e+02 1.37844142525780533060e-01
7.22944977689031653689e-01 -3.79371752132627948484e+00 -9.43138080966423819618e-01 1.54705062602283504702e+02 1.38134818562523353780e-01
7.25588791595399018597e-01 -3.79111007240162045662e+00 -9.43025565879461291630e-01 1.54706767385774980994e+02 1.38423042667288470620e-01
7.28221472042250406176e-01 -3.78851811002692162589e+00 -9.42913369301751624896e-01 1.54708460680407029031e+02 1.38708828927673111231e-01
7.30842978633645223852e-01 -3.78594160339451368813e+00 -9.42801495962864222200e-01 1.54710142529524176780e+02 1.38992191375836543488e-01
7.33453271145096175054e-01 -3.78338052189680329462e+00 -9.42689950553576849757e-01 1.54711812976171103173e+02 1.39273143988161318685e-01
7.36052309524184211753e-01 -3.78083483512565443618e+00 -9.42578737726049720180e-01 1.54713472063093405495e+02 1.39551700684885121584e-01
7.38640053891175041301e-01 -3.77830451287176272146e+00 -9.42467862094182540211e-01 1.54715119832739162575e+02 1.39827875329792045145e-01
7.41216464539629305008e-01 -3.77578952512400167763e+00 -9.42357328233690116903e-01 1.54716756327259901127e+02 1.40101681729825788825e-01
7.43781501937012756720e-01 -3.77328984206878104146e+00 -9.42247140682712314153e-01 1.54718381588511817881e+02 1.40373133634830643546e-01
7.46335126725303221740e-01 -3.77080543408939661276e+00 -9.42137303941407933117e-01 1.54719995658056916454e+02 1.40642244737114341380e-01
7.48877299721593336912e-01 -3.76833627176552976579e+00 -9.42027822472997544700e-01 1.54721598577164229482e+02 1.40909028671247299469e-01
7.51407981918692846612e-01 -3.76588232587241389382e+00 -9.41918700703266442709e-01 1.54723190386810898644e+02 1.41173499013623165999e-01
7.53927134485726568869e-01 -3.76344356738039298449e+00 -9.41809943021296058774e-01 1.54724771127683368377e+02 1.41435669282217735265e-01
7.56434718768730363081e-01 -3.76101996745434297154e+00 -9.41701553779539901612e-01 1.54726340840178494318e+02 1.41695552936241198072e-01
7.58930696291243989116e-01 -3.75861149745282885348e+00 -9.41593537293880844530e-01 1.54727899564404680177e+02 1.41953163375809654490e-01
7.61415028754902523112e-01 -3.75621812892766504532e+00 -9.41485897844208219354e-01 1.54729447340182787229e+02 1.42208513941673025949e-01
7.63887678040022333192e-01 -3.75383983362340911683e+00 -9.41378639674257944314e-01 1.54730984207047782775e+02 1.42461617914869997925e-01
7.66348606206187388246e-01 -3.75147658347660772904e+00 -9.41271766992245240147e-01 1.54732510204249223307e+02 1.42712488516447827402e-01
7.68797775492830681721e-01 -3.74912835061524107871e+00 -9.41165283970709087846e-01 1.54734025370752732442e+02 1.42961138907161805500e-01
7.71235148319813990092e-01 -3.74679510735820420209e+00 -9.41059194747026372951e-01 1.54735529745241024102e+02 1.43207582187170778809e-01
7.73660687288004522699e-01 -3.74447682621456579000e+00 -9.40953503423362036528e-01 1.54737023366114868850e+02 1.43451831395729229035e-01
7.76074355179848351938e-01 -3.74217347988323156827e+00 -9.40848214067150245832e-01 1.54738506271494259181e+02 1.43693899510918876583e-01
7.78476114959941845051e-01 -3.73988504125224707764e+00 -9.40743330711134251310e-01 1.54739978499219461128e+02 1.43933799449353888589e-01
7.80865929775599765250e-01 -3.73761148339812399044e+00 -9.40638857353733870426e-01 1.54741440086852122704e+02 1.44171544065910400834e-01
7.83243762957420930348e-01 -3.73535277958547373700e+00 -9.40534797958960000486e-01 1.54742891071676211823e+02 1.44407146153392368371e-01
7.85609578019850984809e-01 -3.73310890326624367219e+00 -9.40431156456982053626e-01 1.54744331490699153164e+02 1.44640618442310298075e-01
7.87963338661741508062e-01 -3.73087982807945728325e+00 -9.40327936744255743484e-01 1.54745761380652879780e+02 1.44871973600607217847e-01
7.90305008766907790552e-01 -3.72866552785023852579e+00 -9.40225142683348669159e-01 1.54747180777994742584e+02 1.45101224233312953160e-01
7.92634552404682946047e-01 -3.72646597658971234779e+00 -9.40122778103785639026e-01 1.54748589718908675650e+02 1.45328382882370182871e-01
7.94951933830468693287e-01 -3.72428114849414049203e+00 -9.40020846801734699660e-01 1.54749988239306077276e+02 1.45553462026293989329e-01
7.97257117486284361263e-01 -3.72211101794458887326e+00 -9.39919352540373509441e-01 1.54751376374827088966e+02 1.45776474079949813767e-01
7.99550068001312008725e-01 -3.71995555950607004192e+00 -9.39818299050079630774e-01 1.54752754160841107023e+02 1.45997431394254501003e-01
8.01830750192439767332e-01 -3.71781474792751653879e+00 -9.39717690028884611309e-01 1.54754121632448317314e+02 1.46216346255987644787e-01
8.04099129064801410038e-01 -3.71568855814084519906e+00 -9.39617529142104279671e-01 1.54755478824480320554e+02 1.46433230887437398904e-01
8.06355169812312477795e-01 -3.71357696526055747199e+00 -9.39517820023053618073e-01 1.54756825771501297595e+02 1.46648097446223452112e-01
8.08598837818206295225e-01 -3.71147994458317720401e+00 -9.39418566273071964368e-01 1.54758162507808833652e+02 1.46860958025040594377e-01
8.10830098655563102916e-01 -3.70939747158693755580e+00 -9.39319771461541552782e-01 1.54759489067435083598e+02 1.47071824651358457059e-01
8.13048918087839522784e-01 -3.70732952193097942128e+00 -9.39221439126325940983e-01 1.54760805484147567768e+02 1.47280709287233302351e-01
8.15255262069393138447e-01 -3.70527607145515291975e+00 -9.39123572773834403016e-01 1.54762111791450081455e+02 1.47487623829041125667e-01
8.17449096746005965386e-01 -3.70323709617916874137e+00 -9.39026175879219660025e-01 1.54763408022583917045e+02 1.47692580107241372422e-01
8.19630388455402592029e-01 -3.70121257230241162972e+00 -9.38929251886568949637e-01 1.54764694210528517715e+02 1.47895589886145456537e-01
8.21799103727767876748e-01 -3.69920247620315523207e+00 -9.38832804209119520245e-01 1.54765970388002529035e+02 1.48096664863680227420e-01
8.23955209286259315782e-01 -3.69720678443834271931e+00 -9.38736836229201565551e-01 1.54767236587464651620e+02 1.48295816671122820951e-01
8.26098672047518967076e-01 -3.69522547374293885980e+00 -9.38641351299076887038e-01 1.54768492841114778003e+02 1.48493056872983530958e-01
8.28229459122179711983e-01 -3.69325852102952412181e+00 -9.38546352740077471921e-01 1.54769739180894561059e+02 1.48688396966598523896e-01
8.30347537815371183889e-01 -3.69130590338785147253e+00 -9.38451843843790656230e-01 1.54770975638488579307e+02 1.48881848382071857451e-01
8.32452875627220700849e-01 -3.68936759808410830175e+00 -9.38357827871520333574e-01 1.54772202245325303238e+02 1.49073422481970446762e-01
8.34545440253351977766e-01 -3.68744358256058513135e+00 -9.38264308055019036203e-01 1.54773419032577521648e+02 1.49263130561145790365e-01
8.36625199585380951994e-01 -3.68553383443583326695e+00 -9.38171287596151537436e-01 1.54774626031163904827e+02 1.49450983846454332760e-01
8.38692121711408611340e-01 -3.68363833150305541864e+00 -9.38078769667300194079e-01 1.54775823271749203514e+02 1.49636993496604087106e-01
8.40746174916510269348e-01 -3.68175705173032108419e+00 -9.37986757411571225873e-01 1.54777010784745726824e+02 1.49821170601924791299e-01
8.42787327683222509123e-01 -3.67988997325979561026e+00 -9.37895253943019646670e-01 1.54778188600313683310e+02 1.50003526184187163661e-01
8.44815548692026907496e-01 -3.67803707440847471588e+00 -9.37804262346687678154e-01 1.54779356748362431517e+02 1.50184071196326401898e-01
8.46830806821829651376e-01 -3.67619833366533121932e+00 -9.37713785678467970364e-01 1.54780515258551105262e+02 1.50362816522287306986e-01
8.48833071150440821029e-01 -3.67437372969340847462e+00 -9.37623826965885975859e-01 1.54781664160289551546e+02 1.50539772976814228977e-01
8.50822310955046900993e-01 -3.67256324132774158997e+00 -9.37534389207901552865e-01 1.54782803482739126366e+02 1.50714951305255556724e-01
8.52798495712683735093e-01 -3.67076684757567139883e+00 -9.37445475375139003482e-01 1.54783933254813518943e+02 1.50888362183364710400e-01
8.54761595100703930328e-01 -3.66898452761616988838e+00 -9.37357088409819017016e-01 1.54785053505179718059e+02 1.51060016217073406208e-01
8.56711578997242706457e-01 -3.66721626079919404972e+00 -9.37269231226291688053e-01 1.54786164262258552071e+02 1.51229923942352101340e-01
8.58648417481679637753e-01 -3.66546202664592035703e+00 -9.37181906711022083556e-01 1.54787265554225797359e+02 1.51398095824984646462e-01
8.60572080835097841245e-01 -3.66372180484720022520e+00 -9.37095117722794523907e-01 1.54788357409012661492e+02 1.51564542260417711717e-01
8.62482539540740500428e-01 -3.66199557526471952684e+00 -9.37008867092493868967e-01 1.54789439854307062205e+02 1.51729273573473572023e-01
8.64379764284463170121e-01 -3.66028331792903793840e+00 -9.36923157623824276463e-01 1.54790512917553826355e+02 1.51892300018290626884e-01
8.66263725955183860883e-01 -3.65858501304012140309e+00 -9.36837992093126903370e-01 1.54791576625955883628e+02 1.52053631778074738179e-01
8.68134395645329126623e-01 -3.65690064096653655312e+00 -9.36753373249777587795e-01 1.54792631006474948663e+02 1.52213278964956594264e-01
8.69991744651278930966e-01 -3.65523018224494977702e+00 -9.36669303815643172761e-01 1.54793676085832203171e+02 1.52371251619732445137e-01
8.71835744473805518417e-01 -3.65357361758082577197e+00 -9.36585786486059279632e-01 1.54794711890509290697e+02 1.52527559711750859694e-01
8.73666366818512285519e-01 -3.65193092784569905973e+00 -9.36502823929991290441e-01 1.54795738446748686101e+02 1.52682213138848693612e-01
8.75483583596266101701e-01 -3.65030209407973948998e+00 -9.36420418788948105693e-01 1.54796755780554860848e+02 1.52835221726864672886e-01
8.77287366923630518301e-01 -3.64868709748880259980e+00 -9.36338573678642371867e-01 1.54797763917694766178e+02 1.52986595229811228602e-01
8.79077689123291206030e-01 -3.64708591944522364514e+00 -9.36257291188623330669e-01 1.54798762883698600490e+02 1.53136343329598606511e-01
8.80854522724482724705e-01 -3.64549854148782248586e+00 -9.36176573881636886476e-01 1.54799752703860718839e+02 1.53284475635683925532e-01
8.82617840463408520613e-01 -3.64392494532051580691e+00 -9.36096424294585061077e-01 1.54800733403240059260e+02 1.53431001685131102041e-01
8.84367615283660701841e-01 -3.64236511281237351767e+00 -9.36016844939075776111e-01 1.54801705006661194375e+02 1.53575930942476096552e-01
8.86103820336633374311e-01 -3.64081902599794382525e+00 -9.35937838299900626282e-01 1.54802667538714871398e+02 1.53719272799266809537e-01
8.87826428981936643936e-01 -3.63928666707556880411e+00 -9.35859406837303953175e-01 1.54803621023758580577e+02 1.53861036574313103653e-01
8.89535414787803402348e-01 -3.63776801840768371221e+00 -9.35781552984795039762e-01 1.54804565485917521528e+02 1.54001231513119424266e-01
8.91230751531496778739e-01 -3.63626306252084452453e+00 -9.35704279151880924381e-01 1.54805500949085200091e+02 1.54139866788155666111e-01
8.92912413199710819356e-01 -3.63477178210467144481e+00 -9.35627587721423403799e-01 1.54806427436923996765e+02 1.54276951498268921625e-01
8.94580373988970722898e-01 -3.63329416001199634323e+00 -9.35551481052316113995e-01 1.54807344972866047783e+02 1.54412494668930477815e-01
8.96234608306028635027e-01 -3.63183017925849815910e+00 -9.35475961477536976929e-01 1.54808253580113785119e+02 1.54546505251758059529e-01
8.97875090768255890161e-01 -3.63037982302177697491e+00 -9.35401031306148600386e-01 1.54809153281640647037e+02 1.54678992124691300214e-01
8.99501796204032810778e-01 -3.62894307464139576069e+00 -9.35326692821164762393e-01 1.54810044100191646521e+02 1.54809964091462443081e-01
9.01114699653134842983e-01 -3.62751991761913528123e+00 -9.35252948281578899703e-01 1.54810926058284280771e+02 1.54939429881740003969e-01
9.02713776367115805499e-01 -3.62611033561692597260e+00 -9.35179799922767784892e-01 1.54811799178208815420e+02 1.55067398151119834049e-01
9.04299001809687252873e-01 -3.62471431245901465346e+00 -9.35107249954118535662e-01 1.54812663482029336137e+02 1.55193877480458070073e-01
9.05870351657095174147e-01 -3.62333183212930309836e+00 -9.35035300561224080873e-01 1.54813518991583976003e+02 1.55318876376184078492e-01
9.07427801798493138818e-01 -3.62196287877300981961e+00 -9.34963953906417288842e-01 1.54814365728485938689e+02 1.55442403270140722116e-01
9.08971328336312445195e-01 -3.62060743669416806867e+00 -9.34893212126284067764e-01 1.54815203714123754253e+02 1.55564466519115374155e-01
9.10500907586628160928e-01 -3.61926549035640121588e+00 -9.34823077335007024402e-01 1.54816032969662074947e+02 1.55685074405191803404e-01
9.12016516079523720251e-01 -3.61793702438403030897e+00 -9.34753551622025224965e-01 1.54816853516042499450e+02 1.55804235135181712302e-01
9.13518130559449748063e-01 -3.61662202355971329482e+00 -9.34684637053532885176e-01 1.54817665373983800237e+02 1.55921956840771702701e-01
9.15005727985581884809e-01 -3.61532047282388413478e+00 -9.34616335671796250040e-01 1.54818468563982605701e+02 1.56038247578292293971e-01
9.16479285532173615358e-01 -3.61403235727703764368e+00 -9.34548649495086647399e-01 1.54819263106314281231e+02 1.56153115328470565304e-01
9.17938780588907099478e-01 -3.61275766217669636049e+00 -9.34481580519199828139e-01 1.54820049021033156578e+02 1.56266567996640848293e-01
9.19384190761239561418e-01 -3.61149637293820324757e+00 -9.34415130715303798858e-01 1.54820826327973236403e+02 1.56378613412172101649e-01
9.20815493870747459049e-01 -3.61024847513536872867e+00 -9.34349302033787187938e-01 1.54821595046749109770e+02 1.56489259329006036303e-01
9.22232667955466323129e-01 -3.60901395449795892034e+00 -9.34284096399129793120e-01 1.54822355196755893303e+02 1.56598513424756113910e-01
9.23635691270227932037e-01 -3.60779279691275966968e+00 -9.34219515714136750084e-01 1.54823106797169799620e+02 1.56706383300911217260e-01
9.25024542286994155837e-01 -3.60658498842419561470e+00 -9.34155561858605154590e-01 1.54823849866949842635e+02 1.56812876483125890337e-01
9.26399199695186803538e-01 -3.60539051523216080852e+00 -9.34092236689490040824e-01 1.54824584424836871221e+02 1.56918000420506381642e-01
9.27759642402015138885e-01 -3.60420936369289846013e+00 -9.34029542041514226902e-01 1.54825310489355075561e+02 1.57021762485888199956e-01
9.29105849532799177304e-01 -3.60304152031967817038e+00 -9.33967479725022031722e-01 1.54826028078812271360e+02 1.57124169975244198927e-01
9.30437800431290207293e-01 -3.60188697177761740775e+00 -9.33906051529020619917e-01 1.54826737211299985120e+02 1.57225230108222979730e-01
9.31755474659987315000e-01 -3.60074570489148459984e+00 -9.33845259221575463293e-01 1.54827437904695074167e+02 1.57324950027841276023e-01
9.33058852000451910413e-01 -3.59961770663804969672e+00 -9.33785104545726718506e-01 1.54828130176658930850e+02 1.57423336799912966244e-01
9.34347912453616813444e-01 -3.59850296415102244296e+00 -9.33725589223914576031e-01 1.54828814044639130998e+02 1.57520397413495882866e-01
9.35622636240093785709e-01 -3.59740146471633392977e+00 -9.33666714954752618993e-01 1.54829489525869121280e+02 1.57616138780391157326e-01
9.36883003800477065504e-01 -3.59631319577531138876e+00 -9.33608483418163825895e-01 1.54830156637369071859e+02 1.57710567735747653195e-01
9.38128995795643128019e-01 -3.59523814492329707448e+00 -9.33550896266754581809e-01 1.54830815395946473245e+02 1.57803691036586229979e-01
9.39360593107047781025e-01 -3.59417629990700060461e+00 -9.33493955136413311457e-01 1.54831465818196107875e+02 1.57895515363475152926e-01
9.40577776837019263745e-01 -3.59312764863185485353e+00 -9.33437661639173077432e-01 1.54832107920501783838e+02 1.57986047319046724047e-01
9.41780528309048348135e-01 -3.59209217915109935149e+00 -9.33382017364145499805e-01 1.54832741719035055894e+02 1.58075293428325297507e-01
9.42968829068074665400e-01 -3.59106987967366508840e+00 -9.33327023880673567469e-01 1.54833367229756987626e+02 1.58163260138928618570e-01
9.44142660880770479004e-01 -3.59006073856050367255e+00 -9.33272682737017023058e-01 1.54833984468418265124e+02 1.58249953820839839302e-01
9.45302005735819794729e-01 -3.58906474432497901716e+00 -9.33218995456118971532e-01 1.54834593450559395933e+02 1.58335380765547845128e-01
9.46446845844195028263e-01 -3.58808188563215546552e+00 -9.33165963543201582020e-01 1.54835194191511419604e+02 1.58419547187262033106e-01
9.47577163639429898012e-01 -3.58711215130035876442e+00 -9.33113588481056299706e-01 1.54835786706396504542e+02 1.58502459221968344805e-01
9.48692941777889098276e-01 -3.58615553029792666351e+00 -9.33061871732120295952e-01 1.54836371010127834325e+02 1.58584122927729137542e-01
9.49794163139034308685e-01 -3.58521201174820980384e+00 -9.33010814732029736263e-01 1.54836947117410971941e+02 1.58664544283395020363e-01
9.50880810825686872967e-01 -3.58428158492186677009e+00 -9.32960418906363830871e-01 1.54837515042743319782e+02 1.58743729191503979425e-01
9.51952868164287147046e-01 -3.58336423924114733097e+00 -9.32910685649327109381e-01 1.54838074800414659649e+02 1.58821683474501429423e-01
9.53010318705150072383e-01 -3.58245996428475610429e+00 -9.32861616341248534034e-01 1.54838626404509028589e+02 1.58898412877404887622e-01
9.54053146222718195801e-01 -3.58156874977484696032e+00 -9.32813212333726826664e-01 1.54839169868902587268e+02 1.58973923065615224681e-01
9.55081334715809804337e-01 -3.58069058558668462666e+00 -9.32765474964425411741e-01 1.54839705207265865283e+02 1.59048219626998998955e-01
9.56094868407865283721e-01 -3.57982546174559512764e+00 -9.32718405547233619934e-01 1.54840232433063818007e+02 1.59121308070276301638e-01
9.57093731747188369852e-01 -3.57897336842735658280e+00 -9.32672005381549262815e-01 1.54840751559556139227e+02 1.59193193826422690895e-01
9.58077909407185845936e-01 -3.57813429596130605503e+00 -9.32626275734795173733e-01 1.54841262599797943267e+02 1.59263882245547550021e-01
9.59047386286601133421e-01 -3.57730823481638005035e+00 -9.32581217857296307372e-01 1.54841765566638258633e+02 1.59333378599754271754e-01
9.60002147509747882914e-01 -3.57649517562426044748e+00 -9.32536832990167097179e-01 1.54842260472724461806e+02 1.59401688083684378583e-01
9.60942178426736681729e-01 -3.57569510915784816163e+00 -9.32493122339520308373e-01 1.54842747330498468727e+02 1.59468815810687614132e-01
9.61867464613700540177e-01 -3.57490802633346227424e+00 -9.32450087096668656095e-01 1.54843226152197786405e+02 1.59534766816123163569e-01
9.62777991873016381064e-01 -3.57413391823039017225e+00 -9.32407728437313010339e-01 1.54843696949859491951e+02 1.59599546056516800041e-01
9.63673746233522310334e-01 -3.57337277607008330094e+00 -9.32366047504247563715e-01 1.54844159735316537763e+02 1.59663158407187921739e-01
9.64554713950732445227e-01 -3.57262459121882569590e+00 -9.32325045438160415756e-01 1.54844614520199201024e+02 1.59725608667331098189e-01
9.65420881507047634607e-01 -3.57188935519553574238e+00 -9.32284723340903953570e-01 1.54845061315936050050e+02 1.59786901553423343891e-01
9.66272235611963070667e-01 -3.57116705965948755264e+00 -9.32245082309124506459e-01 1.54845500133753063210e+02 1.59847041705264619749e-01
9.67108763202271903836e-01 -3.57045769644432997580e+00 -9.32206123409620279752e-01 1.54845930984679000630e+02 1.59906033680653369977e-01
9.67930451442265749051e-01 -3.56976125749205852600e+00 -9.32167847699026497210e-01 1.54846353879535115539e+02 1.59963881960696330253e-01
9.68737287723931861372e-01 -3.56907773492869306864e+00 -9.32130256202486906503e-01 1.54846768828947944030e+02 1.60020590943763835190e-01
9.69529259667146536827e-01 -3.56840712098473611391e+00 -9.32093349931140457976e-01 1.54847175843336202661e+02 1.60076164950836818957e-01
9.70306355119864738512e-01 -3.56774940809729113056e+00 -9.32057129877740586643e-01 1.54847574932928836233e+02 1.60130608221587950046e-01
9.71068562158306947119e-01 -3.56710458880380709701e+00 -9.32021597012559044337e-01 1.54847966107746827902e+02 1.60183924916829256713e-01
9.71815869087142014671e-01 -3.56647265579345251751e+00 -9.31986752287602304712e-01 1.54848349377612521494e+02 1.60236119117614150831e-01
9.72548264439666687586e-01 -3.56585360192967115722e+00 -9.31952596633612406762e-01 1.54848724752153628970e+02 1.60287194823941409050e-01
9.73265736977981354983e-01 -3.56524742020273022192e+00 -9.31919130968207332089e-01 1.54849092240795670250e+02 1.60337155957569227338e-01
9.73968275693162355289e-01 -3.56465410373579949521e+00 -9.31886356184502551159e-01 1.54849451852763110082e+02 1.60386006359807986588e-01
9.74655869805431618325e-01 -3.56407364583880337250e+00 -9.31854273144517630811e-01 1.54849803597088481411e+02 1.60433749788638724265e-01
9.75328508764321089330e-01 -3.56350603993608316955e+00 -9.31822882723991385845e-01 1.54850147482601755655e+02 1.60480389928601169247e-01
9.75986182248835265618e-01 -3.56295127958569723958e+00 -9.31792185724485078069e-01 1.54850483517931166944e+02 1.60525930375046782528e-01
9.76628880167609847440e-01 -3.56240935853349105500e+00 -9.31762182998310262150e-01 1.54850811711516683999e+02 1.60570374653853903402e-01
9.77256592659065281836e-01 -3.56188027065284762429e+00 -9.31732875309426722410e-01 1.54851132071595714024e+02 1.60613726199325485000e-01
9.77869310091559640341e-01 -3.56136400995328150643e+00 -9.31704263459949166837e-01 1.54851444606208417554e+02 1.60655988375629943388e-01
9.78467023063535390470e-01 -3.56086057059109606371e+00 -9.31676348190755732048e-01 1.54851749323197196873e+02 1.60697164459342650700e-01
9.79049722403663946757e-01 -3.56036994689118113655e+00 -9.31649130250822077315e-01 1.54852046230212408773e+02 1.60737257650575893209e-01
9.79617399170986558055e-01 -3.55989213328225106991e+00 -9.31622610340329448952e-01 1.54852335334700086378e+02 1.60776271065230680346e-01
9.80170044655051198035e-01 -3.55942712439169861582e+00 -9.31596789180731854607e-01 1.54852616643920185879e+02 1.60814207743985360111e-01
9.80707650376046569107e-01 -3.55897491497016194018e+00 -9.31571667451301377305e-01 1.54852890164932546213e+02 1.60851070643726890008e-01
9.81230208084931665447e-01 -3.55853549984922734595e+00 -9.31547245792896272398e-01 1.54853155904589158354e+02 1.60886862639437577815e-01
9.81737709763563226595e-01 -3.55810887411622722709e+00 -9.31523524841963879162e-01 1.54853413869566225003e+02 1.60921586524554849351e-01
9.82230147624817750973e-01 -3.55769503294226741019e+00 -9.31500505281897650534e-01 1.54853664066335966254e+02 1.60955245025157428485e-01
9.82707514112711733034e-01 -3.55729397164609828508e+00 -9.31478187676534452599e-01 1.54853906501172758681e+02 1.60987840769229395566e-01
9.83169801902517237480e-01 -3.55690568569598486448e+00 -9.31456572584908215617e-01 1.54854141180157256485e+02 1.61019376306315353808e-01
9.83617003900874475875e-01 -3.55653017070087207330e+00 -9.31435660610883009447e-01 1.54854368109176476764e+02 1.61049854116343899024e-01
9.84049113245900386460e-01 -3.55616742242193151213e+00 -9.31415452298082868765e-01 1.54854587293922918434e+02 1.61079276591127890095e-01
9.84466123307294216360e-01 -3.55581743680828132881e+00 -9.31395948159865927352e-01 1.54854798739901610816e+02 1.61107646038224749940e-01
9.84868027686439440060e-01 -3.55548020983568990872e+00 -9.31377148745169192168e-01 1.54855002452404733049e+02 1.61134964697596083649e-01
9.85254820216501125962e-01 -3.55515573771283666105e+00 -9.31359054490057736153e-01 1.54855198436542593754e+02 1.61161234709233852636e-01
9.85626494962521304544e-01 -3.55484401682519246535e+00 -9.31341665924307005042e-01 1.54855386697240618332e+02 1.61186458150645861576e-01
9.85983046221510006646e-01 -3.55454504359228717902e+00 -9.31324983451353505259e-01 1.54855567239207886132e+02 1.61210637003291801239e-01
9.86324468522532193937e-01 -3.55425881467288062865e+00 -9.31309007557746260098e-01 1.54855740066979478797e+02 1.61233773182327233542e-01
9.86650756626792246884e-01 -3.55398532684245083146e+00 -9.31293738580713292841e-01 1.54855905184887973292e+02 1.61255868500178034530e-01
9.86961905527714344899e-01 -3.55372457693270105139e+00 -9.31279177012636738553e-01 1.54856062597062731356e+02 1.61276924721119624406e-01
9.87257910451019071729e-01 -3.55347656214648921491e+00 -9.31265323122541954781e-01 1.54856212307472731027e+02 1.61296943485859267664e-01
9.87538766854796246086e-01 -3.55324127959318269987e+00 -9.31252177419456539376e-01 1.54856354319860685109e+02 1.61315926406256637815e-01
9.87804470429575864898e-01 -3.55301872661235140782e+00 -9.31239740113931180332e-01 1.54856488637782291562e+02 1.61333874962020812349e-01
9.88055017098393051356e-01 -3.55280890070972343864e+00 -9.31228011604763872278e-01 1.54856615264610780969e+02 1.61350790586779674340e-01
9.88290403016850893536e-01 -3.55261179954312567020e+00 -9.31216992145565969352e-01 1.54856734203523615179e+02 1.61366674611130939132e-01
9.88510624573179952357e-01 -3.55242742081976992097e+00 -9.31206682106278549327e-01 1.54856845457493733420e+02 1.61381528310533900461e-01
9.88715678388292773526e-01 -3.55225576253455432862e+00 -9.31197081626487843664e-01 1.54856949029319338251e+02 1.61395352838371364257e-01
9.88905561315836734160e-01 -3.55209682271825277766e+00 -9.31188191090568273545e-01 1.54857044921595644382e+02 1.61408149315766691334e-01
9.89080270442241449302e-01 -3.55195059956455683192e+00 -9.31180010619280018602e-01 1.54857133136721074607e+02 1.61419918739700379851e-01
9.89239803086764180051e-01 -3.55181709145692403595e+00 -9.31172540460002862162e-01 1.54857213676913886502e+02 1.61430662049592860141e-01
9.89384156801530467717e-01 -3.55169629688106525123e+00 -9.31165780844434243235e-01 1.54857286544193044620e+02 1.61440380105508540787e-01
9.89513329371571881410e-01 -3.55158821441174143985e+00 -9.31159731913931976166e-01 1.54857351740373417215e+02 1.61449073675600324185e-01
9.89627318814860101881e-01 -3.55149284294713218912e+00 -9.31154393817986703041e-01 1.54857409267109346729e+02 1.61456743445725359187e-01
9.89726123382337119594e-01 -3.55141018128529584175e+00 -9.31149766769173159453e-01 1.54857459125823567092e+02 1.61463390042361570886e-01
9.89809741557942324164e-01 -3.55134022852739938969e+00 -9.31145850767232330369e-01 1.54857501317767969340e+02 1.61469013972074887375e-01
9.89878172058635374952e-01 -3.55128298404908937513e+00 -9.31142646015352015709e-01 1.54857535844031900751e+02 1.61473615694430056022e-01
9.89931413834416518149e-01 -3.55123844694531731747e+00 -9.31140152513451724303e-01 1.54857562705433309702e+02 1.61477195569265902231e-01
9.89969466068341796827e-01 -3.55120661683552363286e+00 -9.31138370380710234109e-01 1.54857581902668442808e+02 1.61479753886887816838e-01
