00000000000000000000 4.74535024128416971223e+00 -9.61958874518893725103e-01 00000000000000000154 -5.38898118849001756570e-23
3.87796733008385127034e-03 4.74823775214271481815e+00 -9.61951099545104382216e-01 1.53997606159690207051e+02 4.92257852996403179671e-04
7.75587515650285035801e-03 4.75113816252856313582e+00 -9.61941152710738434095e-01 1.53995143041642762682e+02 1.01252714395946071674e-03
1.16336639765051742812e-02 4.75405149534166060477e+00 -9.61929020416745883537e-01 1.53992610420472090027e+02 1.56084047400772041488e-03
1.55112742891650307042e-02 4.75697777339272320773e+00 -9.61914688958879326997e-01 1.53990008072362314806e+02 2.13722870039729454655e-03
1.93886465962956576481e-02 4.75991701940224132272e+00 -9.61898144525343279376e-01 1.53987335775088894252e+02 2.74172101837450105447e-03
2.32657214033622598837e-02 4.76286925599783561580e+00 -9.61879373201608656174e-01 1.53984593307936563633e+02 3.37434458303366999546e-03
2.71424392203948837421e-02 4.76583450571632916137e+00 -9.61858360957098423860e-01 1.53981780451920513997e+02 4.03512529351354818502e-03
3.10187405629012494246e-02 4.76881279099875854399e+00 -9.61835093657954609547e-01 1.53978896989557483721e+02 4.72408690481299683300e-03
3.48945659527794757593e-02 4.77180413419047422252e+00 -9.61809557060106956605e-01 1.53975942704964609220e+02 5.44125140280154323547e-03
3.87698559192307112831e-02 4.77480855755064137469e+00 -9.61781736788548058392e-01 1.53972917384562123289e+02 6.18664026212146968969e-03
4.26445509996716889956e-02 4.77782608322090229791e+00 -9.61751618393863694223e-01 1.53969820815161966721e+02 6.96027075421368560115e-03
4.65185917406470347824e-02 4.78085673325926219235e+00 -9.61719187284029275453e-01 1.53966652786236096517e+02 7.76216024759749777945e-03
5.03919186987416417578e-02 4.78390052962007850113e+00 -9.61684428759576714896e-01 1.53963413088734711209e+02 8.59232388403534906585e-03
5.42644724414926629685e-02 4.78695749415756388601e+00 -9.61647328003891299630e-01 1.53960101515412162598e+02 9.45077513047624072351e-03
5.81361935483015249138e-02 4.79002764858016316651e+00 -9.61607870133972530979e-01 1.53956717858007721134e+02 1.03375224556473948451e-02
6.20070226113456635098e-02 4.79311101458280308663e+00 -9.61566040042303948887e-01 1.53953261915823389927e+02 1.12525793922566407640e-02
6.58769002364900102542e-02 4.79620761368052317408e+00 -9.61521822589920027724e-01 1.53949733485173652525e+02 1.21959520951445948150e-02
6.97457670441984506349e-02 4.79931746730012420699e+00 -9.61475202495434277949e-01 1.53946132365366111117e+02 1.31676463811365041662e-02
7.36135636704448592660e-02 4.80244059675745571525e+00 -9.61426164358716750513e-01 1.53942458357358219700e+02 1.41676661409490846355e-02
7.74802307676239754297e-02 4.80557702325466973292e+00 -9.61374692660744045725e-01 1.53938711263695211073e+02 1.51960132777413329391e-02
8.13457090054621884123e-02 4.80872676801636256272e+00 -9.61320771660178485796e-01 1.53934890897345951544e+02 1.62526942625815934429e-02
8.52099390719276428285e-02 4.81188985184175255228e+00 -9.61264385725763781387e-01 1.53930997053136820796e+02 1.73376987646260589948e-02
8.90728616741405659907e-02 4.81506629567471566844e+00 -9.61205518907450318089e-01 1.53927029544384083692e+02 1.84510270600383233242e-02
9.29344175392829291438e-02 4.81825612026865357507e+00 -9.61144155185518545004e-01 1.53922988181550522313e+02 1.95926739976818690969e-02
9.67945474155079421674e-02 4.82145934626010319590e+00 -9.61080278413366628776e-01 1.53918872777084345671e+02 2.07626325928313773539e-02
1.00653192072849326233e-01 4.82467599416805725809e+00 -9.61013872316023309850e-01 1.53914683145503033757e+02 2.19608940510033247284e-02
1.04510292304129906449e-01 4.82790608439385149353e+00 -9.60944920488468690145e-01 1.53910419103514897188e+02 2.31874478030419245433e-02
1.08365788925870357162e-01 4.83114963683266473993e+00 -9.60873406565227350384e-01 1.53906080445271243207e+02 2.44422705659874985040e-02
1.12219622779197156226e-01 4.83440667218153130591e+00 -9.60799313638722174424e-01 1.53901667026266380844e+02 2.57253635409578178261e-02
1.16071734730750303344e-01 4.83767721021328878095e+00 -9.60722625024442278274e-01 1.53897178652935451737e+02 2.70367033104959922363e-02
1.19922065673590871882e-01 4.84096127080196314552e+00 -9.60643323802309767601e-01 1.53892615148459867669e+02 2.83762711540220258222e-02
1.23770556528107589234e-01 4.84425887368687035917e+00 -9.60561392919710654859e-01 1.53887976337802257376e+02 2.97440463727608565836e-02
1.27617148242923722501e-01 4.84757003846948819614e+00 -9.60476815190713706372e-01 1.53883262047648912585e+02 3.11400062671448180085e-02
1.31461781795802923334e-01 4.85089478460972145513e+00 -9.60389573295409859632e-01 1.53878472106317389034e+02 3.25641261053571731687e-02
1.35304398194555003387e-01 4.85423313142121326536e+00 -9.60299649779166375474e-01 1.53873606343605359825e+02 3.40163790984544592289e-02
1.39144938477940960375e-01 4.85758509911306912699e+00 -9.60207026849330458340e-01 1.53868664657632706394e+02 3.54967493597879157896e-02
1.42983343716577865345e-01 4.86095070514503024839e+00 -9.60111687086200982222e-01 1.53863646781650146522e+02 3.70051862506501419436e-02
1.46819555013843056068e-01 4.86432996911509807347e+00 -9.60013612481708134005e-01 1.53858552597110474380e+02 3.85416659372373182624e-02
1.50653513506777553266e-01 4.86772290979833233138e+00 -9.59912785021862391410e-01 1.53853381944244858914e+02 4.01061539755718302058e-02
1.54485160366989643377e-01 4.87112954582472301723e+00 -9.59809186551504045504e-01 1.53848134665624542095e+02 4.16986139082637721764e-02
1.58314436801557489876e-01 4.87454989567861307620e+00 -9.59702798773471199567e-01 1.53842810606288480813e+02 4.33190072438932177734e-02
1.62141284053930911924e-01 4.87798397769810243574e+00 -9.59593603247398729827e-01 1.53837409613873404624e+02 4.49672934591670431237e-02
1.65965643404833329555e-01 4.88143181007581095088e+00 -9.59481581389063697962e-01 1.53831931538832890283e+02 4.66434299666972571052e-02
1.69787456173162598638e-01 4.88489341085993089564e+00 -9.59366714469353620842e-01 1.53826376234678519950e+02 4.83473721063574085610e-02
1.73606663716891373994e-01 4.88836879515715150291e+00 -9.59248983526756804352e-01 1.53820743379171204879e+02 5.00790786089348322063e-02
1.77423207433967000668e-01 4.89185798509411018387e+00 -9.59128369662359259173e-01 1.53815033111950782541e+02 5.18384928607698233782e-02
1.81237028763210711313e-01 4.89536099624110665474e+00 -9.59004853646461485894e-01 1.53809245165935720934e+02 5.36255677084024884316e-02
1.85048069185216018662e-01 4.89887784592012653917e+00 -9.58878416151797363653e-01 1.53803379399168960617e+02 5.54402506382507126448e-02
1.88856270223246969220e-01 4.90240855127573471606e+00 -9.58749037698816475306e-01 1.53797435671554893588e+02 5.72824871608252628175e-02
1.92661573444134981425e-01 4.90595312927023474714e+00 -9.58616698654113474909e-01 1.53791413844742777428e+02 5.91522208361138709942e-02
1.96463920459175961364e-01 4.90951159676730686243e+00 -9.58481379225648133513e-01 1.53785313781943131062e+02 6.10493933237881217235e-02
2.00263252925025725393e-01 4.91308397016743203523e+00 -9.58343059471699953988e-01 1.53779135347752458074e+02 6.29739444335665893293e-02
2.04059512544595450523e-01 4.91667026593831391068e+00 -9.58201719282475106176e-01 1.53772878407818495816e+02 6.49258122066395104710e-02
2.07852641067946264375e-01 4.92027050568096946392e+00 -9.58057339764258997228e-01 1.53766543176051243336e+02 6.69048451390861914634e-02
2.11642580293182863693e-01 4.92388469659576344384e+00 -9.57909898288235805985e-01 1.53760128959751426692e+02 6.89111180200092654502e-02
2.15429272067346772035e-01 4.92751285847555209330e+00 -9.57759375276360236384e-01 1.53753635886237987052e+02 7.09444986479409178681e-02
2.19212658287308292948e-01 4.93115500703953735240e+00 -9.57605750021817914153e-01 1.53747063837122141194e+02 7.30049145803714910619e-02
2.22992680900658574172e-01 4.93481115781757484484e+00 -9.57449001661201837265e-01 1.53740412696964455108e+02 7.50922909918098208104e-02
2.26769281906599701193e-01 4.93848132614966139897e+00 -9.57289109175196051282e-01 1.53733682353464956805e+02 7.72065505539611535157e-02
2.30542403356835262640e-01 4.94216552718560286905e+00 -9.57126051388553777954e-01 1.53726872697668710543e+02 7.93476133604672922983e-02
2.34311987356459305865e-01 4.94586377588625403234e+00 -9.56959806971595550174e-01 1.53719983624275243983e+02 8.15153967551668634517e-02
2.38077976064844459847e-01 4.94957608702553919500e+00 -9.56790354441720780621e-01 1.53713015032001351301e+02 8.37098151590240230346e-02
2.41840311696529752794e-01 4.95330247519359989639e+00 -9.56617672165667953799e-01 1.53705966824020180184e+02 8.59307798496748154182e-02
2.45598936522107014202e-01 4.95704294335409390015e+00 -9.56441732661960641870e-01 1.53698838176904956754e+02 8.81785624839755838300e-02
2.49353792869107054875e-01 4.96079752465029333308e+00 -9.56262523375713269225e-01 1.53691630212767961439e+02 9.04524691839568850682e-02
2.53104823122884181608e-01 4.96456622440093919835e+00 -9.56080017899812895088e-01 1.53684342292293933951e+02 9.27526771637667002413e-02
2.56851969727500406560e-01 4.96834905613847332972e+00 -9.55894193832683369827e-01 1.53676974318345997972e+02 9.50790949178511451967e-02
2.60595175186608463136e-01 4.97214603315143666151e+00 -9.55705028592244154595e-01 1.53669526195656231948e+02 9.74316293138828698472e-02
2.64334382064334627582e-01 4.97595716847854063758e+00 -9.55512499412311866465e-01 1.53661997830710191693e+02 9.98101857445848339445e-02
2.68069532986158931553e-01 4.97978247489942038584e+00 -9.55316583337920688379e-01 1.53654389131424238712e+02 1.02214668348866902226e-01
2.71800570639796568173e-01 4.98362196492506015488e+00 -9.55117257219119331069e-01 1.53646700006805104977e+02 1.04644980329156603305e-01
2.75527437776076689069e-01 4.98747565078888754897e+00 -9.54914497706350062778e-01 1.53638930366658456705e+02 1.07101024168261338421e-01
2.79250077209821145896e-01 4.99134354443185124239e+00 -9.54708281239900369286e-01 1.53631080120916351461e+02 1.09582702223155525889e-01
2.82968431820721455505e-01 4.99522565748899438631e+00 -9.54498584042089759372e-01 1.53623149179066956549e+02 1.12089917144928566395e-01
2.86682444554216209198e-01 4.99912202696432750315e+00 -9.54285402514063907375e-01 1.53615139089965509811e+02 1.14621271368449226258e-01
2.90392058422365262338e-01 5.00303262052139707805e+00 -9.54068678104091350001e-01 1.53607046994064944556e+02 1.17178857403613376209e-01
2.94097216504725145203e-01 5.00695746876945246839e+00 -9.53848402152458141323e-01 1.53598874071602011782e+02 1.19761572663360377211e-01
2.97797861949222197886e-01 5.01089658257953818321e+00 -9.53624550418407213037e-01 1.53590620262544661045e+02 1.22369294178269277795e-01
3.01493937973024594967e-01 5.01484997256450704128e+00 -9.53397098498999673311e-01 1.53582285510952317509e+02 1.25001895337568558197e-01
3.05185387863413981613e-01 5.01881764907856275926e+00 -9.53166021833377175021e-01 1.53573869765260099030e+02 1.27659245540831661758e-01
3.08872154978655832913e-01 5.02279962222069187305e+00 -9.52931295710225167994e-01 1.53565372978816327532e+02 1.30341209646994554694e-01
3.12554182748867592778e-01 5.02679590183550750737e+00 -9.52692895274059203814e-01 1.53556795110258633486e+02 1.33047647497983395626e-01
3.16231414676888089588e-01 5.03080649752040987011e+00 -9.52450795538157146680e-01 1.53548136124299873018e+02 1.35778413020408439404e-01
3.19903794339143177083e-01 5.03483141854393423387e+00 -9.52204971396827692942e-01 1.53539395992353831844e+02 1.38533353626151295446e-01
3.23571265386512540996e-01 5.03887063814314828392e+00 -9.51955354771236605949e-01 1.53530572392477040466e+02 1.41315038493256411867e-01
3.27233771545193397046e-01 5.04292422669266482416e+00 -9.51701993388777034433e-01 1.53521669241286474517e+02 1.44118646865809635349e-01
3.30891256617564633036e-01 5.04699216446029108596e+00 -9.51444828163155453815e-01 1.53512684722461187903e+02 1.46946146856735182507e-01
3.34543664483048841518e-01 5.05107445919231601295e+00 -9.51183832757260150359e-01 1.53503618797000854101e+02 1.49797405809025507839e-01
3.38190939098973242238e-01 5.05517111829065424189e+00 -9.50918980606423214219e-01 1.53494471427874884739e+02 1.52672290813177763402e-01
3.41833024501430049469e-01 5.05928214880269333520e+00 -9.50650244908643915487e-01 1.53485242579743271563e+02 1.55570669252147436579e-01
3.45469864806134951962e-01 5.06340755740636350168e+00 -9.50377598608007967407e-01 1.53475932218378460448e+02 1.58492409778796666808e-01
3.49101404209284427171e-01 5.06754735039945725106e+00 -9.50101014383718189826e-01 1.53466540310365388677e+02 1.61437382935686213337e-01
3.52727586988412222802e-01 5.07170153368542742101e+00 -9.49820464634105632307e-01 1.53457066822582248733e+02 1.64405462094017212893e-01
3.56348357503244450584e-01 5.07587011275408261923e+00 -9.49535921452536624265e-01 1.53447511721363468951e+02 1.67396524907089311318e-01
3.59963660196552959203e-01 5.08005309266350124631e+00 -9.49247356601506386831e-01 1.53437874971745713992e+02 1.70410454878668404799e-01
3.63573439595008318648e-01 5.08425047801619278687e+00 -9.48954741485748987095e-01 1.53428156536355430717e+02 1.73447142991573127757e-01
3.67177640310030473092e-01 5.08846234262927765712e+00 -9.48658173179116714913e-01 1.53418360819847464427e+02 1.76498472850017407154e-01
3.70776207038639005198e-01 5.09268856957032323152e+00 -9.48357404467168985107e-01 1.53408480086597165837e+02 1.79578209483299500171e-01
3.74369084564301513041e-01 5.09692921759708017504e+00 -9.48052506037503572855e-01 1.53398517836302062278e+02 1.82679882870103699188e-01
3.77956217757780987831e-01 5.10118429036838971768e+00 -9.47743449594308118300e-01 1.53388474082106881724e+02 1.85803303354216742260e-01
3.81537551577981803863e-01 5.10545379116942221742e+00 -9.47430206701996180385e-01 1.53378348842086893455e+02 1.88948274569724211647e-01
3.85113031072793543519e-01 5.10973772291613403951e+00 -9.47112748812646398910e-01 1.53368142139977777560e+02 1.92114591628395725564e-01
3.88682601379935599439e-01 5.11403608815512811248e+00 -9.46791047282262487883e-01 1.53357854005619316240e+02 1.95302040019868589082e-01
3.92246207727797613352e-01 5.11834888907930629642e+00 -9.46465073407566581665e-01 1.53347484476412773802e+02 1.98510393209981261808e-01
3.95803795436280247966e-01 5.12267612751114320702e+00 -9.46134798446034541719e-01 1.53337033596724239715e+02 2.01739411303758303662e-01
3.99355309917634848649e-01 5.12701780492681979950e+00 -9.45800193648894560461e-01 1.53326501419894469791e+02 2.04988838890701352557e-01
4.02900696677300329540e-01 5.13137392245894563558e+00 -9.45461230326734236584e-01 1.53315888008898298267e+02 2.08258400818874228611e-01
4.06439901314739726601e-01 5.13574439765085788423e+00 -9.45117629156412397684e-01 1.53305188122177128207e+02 2.11563722078474431010e-01
4.09972869524274474706e-01 5.14012937617389908951e+00 -9.44769798838357988124e-01 1.53294411115467028139e+02 2.14876716254120636584e-01
4.13499547095918296158e-01 5.14452879107479787990e+00 -9.44417509041959868377e-01 1.53283552802417972316e+02 2.18209866525300388851e-01
4.17019879916208535686e-01 5.14894264107919052975e+00 -9.44060728286027717182e-01 1.53272613223632419022e+02 2.21563010024251438868e-01
4.20533813969036496250e-01 5.15337092440906374691e+00 -9.43699424735606196002e-01 1.53261592421663863206e+02 2.24935989966914606786e-01
4.24041295336476609101e-01 5.15781363877991161360e+00 -9.43333566177466553704e-01 1.53250490441363126592e+02 2.28328657137419538392e-01
4.27542270199613438919e-01 5.16227078138659400963e+00 -9.42963120006587995903e-01 1.53239307329516151412e+02 2.31740870672325682822e-01
4.31036684839367689737e-01 5.16674234888501437979e+00 -9.42588053157316863029e-01 1.53228043134219120702e+02 2.35172502355719487133e-01
4.34524485637320267983e-01 5.17122833737324594239e+00 -9.42208332073792398376e-01 1.53216697904231239136e+02 2.38623438419060390769e-01
4.38005619076534846723e-01 5.17572874237225910576e+00 -9.41823922636038868283e-01 1.53205271688306680744e+02 2.42093584152340307591e-01
4.41480031742379597226e-01 5.18024355881138820479e+00 -9.41434790101298379916e-01 1.53193764534836930125e+02 2.45582867545469929471e-01
4.44947670323346589072e-01 5.18477278098794691630e+00 -9.41040899009404796516e-01 1.53182176489858136392e+02 2.49091245204042771588e-01
4.48408481611869302874e-01 5.18931648496029840345e+00 -9.40642773523950315173e-01 1.53170512894472864218e+02 2.52583178324295831718e-01
4.51862412505139754426e-01 5.19387451926681720238e+00 -9.40239391076806652059e-01 1.53158764502821213682e+02 2.56121176807969086475e-01
4.55309410005922676756e-01 5.19844694303954835135e+00 -9.39831169654435805150e-01 1.53146935647313398476e+02 2.59676395059813824862e-01
4.58749421223369369116e-01 5.20303374887702396734e+00 -9.39418076651748590322e-01 1.53135026423986175814e+02 2.63248541582310757736e-01
4.62182393373828603877e-01 5.20763492880209266644e+00 -9.39000079441339341457e-01 1.53123036933255434633e+02 2.66837309296513391921e-01
4.65608273781656922807e-01 5.21225047425163534598e+00 -9.38577145449624339335e-01 1.53110967279918526174e+02 2.70442370677312082794e-01
4.69027009880027045963e-01 5.21688037610219268458e+00 -9.38149242227552693230e-01 1.53098817575442950556e+02 2.74063373244108288151e-01
4.72438549211733671562e-01 5.22152462459427457730e+00 -9.37716337446340086892e-01 1.53086587933835346576e+02 2.77699939792552308315e-01
4.75842839429999664436e-01 5.22618320941023650761e+00 -9.37278399071811874066e-01 1.53074278477278113542e+02 2.81351657338396732300e-01
4.79239828299277970114e-01 5.23085611959368002033e+00 -9.36835395399225223656e-01 1.53061889331718333551e+02 2.85018074886307370974e-01
4.82629463696053917499e-01 5.23554334360238105006e+00 -9.36387295215165726958e-01 1.53049420630946087840e+02 2.88698693177730669746e-01
4.86011693609644690461e-01 5.24024488665308663116e+00 -9.35933147319490732485e-01 1.53036873470881289450e+02 2.92451231232419117667e-01
4.89386466142997689222e-01 5.24496070368703115605e+00 -9.35474549931713861284e-01 1.53024246207693380484e+02 2.96171999143367448148e-01
4.92753729513486060654e-01 5.24969079633425295128e+00 -9.35010719374596344089e-01 1.53011539831689987068e+02 2.99908084193034218945e-01
4.96113432053704617175e-01 5.25443515048409359736e+00 -9.34541617875941810212e-01 1.52998754499203073465e+02 3.03659331774078278254e-01
4.99465522212260704116e-01 5.25919375141156386633e+00 -9.34067207170732882737e-01 1.52985890376016868686e+02 3.07425600897478057405e-01
5.02809948554567842649e-01 5.26396658371934922371e+00 -9.33587448343978443255e-01 1.52972947634426986951e+02 3.11206774076105696647e-01
5.06146659763632045248e-01 5.26875363133389029713e+00 -9.33102301748517937163e-01 1.52959926453745538311e+02 3.15002762469735408946e-01
5.09475604640841184256e-01 5.27355487754609075779e+00 -9.32611726976434129988e-01 1.52946827023645909094e+02 3.18813507645002103263e-01
5.12796732106749808544e-01 5.27837030499088211144e+00 -9.32115682697224556819e-01 1.52933649543628519041e+02 3.22638991747611292293e-01
5.16109991201863405053e-01 5.28319989560960756592e+00 -9.31614126530900810153e-01 1.52920394221416785285e+02 3.26479245455031708012e-01
5.19415331087419551714e-01 5.28804363071502603333e+00 -9.31107014932514132077e-01 1.52907061277851454406e+02 3.30334355220277875453e-01
5.22712701046168959351e-01 5.29290149092939898878e+00 -9.30594302889425240011e-01 1.52893650943736787440e+02 3.34204482316264483988e-01
5.26002050483152849836e-01 5.29777315673737447810e+00 -9.30077674071376314657e-01 1.52880144881088739339e+02 3.37980524987900710077e-01
5.29283328926479668119e-01 5.30265914487465117588e+00 -9.29554002305483129120e-01 1.52866576709028862524e+02 3.41857347976078140839e-01
5.32556486028099573815e-01 5.30755918419924732632e+00 -9.29024665877995481367e-01 1.52852931191602664285e+02 3.45745098729789868131e-01
5.35821471564576490287e-01 5.31247325063084119279e+00 -9.28489628259779875563e-01 1.52839208489528090240e+02 3.49643333113444587656e-01
5.39078235437859709656e-01 5.31740131910896263179e+00 -9.27948853204469514822e-01 1.52825408760130187602e+02 3.53551571526902141951e-01
5.42326727676051723037e-01 5.32234336355066339763e+00 -9.27402304801040799909e-01 1.52811532155624178131e+02 3.57469295609576909190e-01
5.45566898434175162613e-01 5.32729935686413913487e+00 -9.26849947689347031243e-01 1.52797578824982366541e+02 3.61395934680886155022e-01
5.48798697994937745293e-01 5.33226927078281764949e+00 -9.26291747142154786587e-01 1.52783548904465106943e+02 3.65330860582134320236e-01
5.52022076769495328996e-01 5.33725307595752340717e+00 -9.25727669208446291016e-01 1.52769442524470775879e+02 3.69273378717933364879e-01
5.55236985298212415429e-01 5.34225074183042281106e+00 -9.25157680978653251813e-01 1.52755259802664795643e+02 3.73222711375701121650e-01
5.58443374251421431609e-01 5.34726223656186316902e+00 -9.24581750828017745469e-01 1.52741000840469382638e+02 3.77177982456377069997e-01
5.61641194430179235830e-01 5.35228752693862830370e+00 -9.23999848597268469419e-01 1.52726665718394173155e+02 3.81138206172171534192e-01
5.64830396767022624438e-01 5.35732755455660036858e+00 -9.23408914802766433993e-01 1.52712315305222773532e+02 3.85293525279655435511e-01
5.68010932326720507923e-01 5.36238052642026730155e+00 -9.22814341823993022906e-01 1.52697840158078889772e+02 3.89300724817200627381e-01
5.71182752307025198846e-01 5.36744722275232710729e+00 -9.22213587351910057954e-01 1.52683291249736328155e+02 3.93317304836278414104e-01
5.74345808039421146240e-01 5.37252761072088080851e+00 -9.21606605350211216532e-01 1.52668668950027608844e+02 3.97343208712083784118e-01
5.77500050989871893670e-01 5.37762165696912664004e+00 -9.20993348890485674652e-01 1.52653973665728756259e+02 4.01378418541105674855e-01
5.80645432759564483760e-01 5.38272932720843400034e+00 -9.20373769477649039672e-01 1.52639205815844093195e+02 4.05422997536534213125e-01
5.83781905085652308429e-01 5.38785058670223726551e+00 -9.19747817743463036422e-01 1.52624365863353261830e+02 4.09477046478012474129e-01
5.86909419841995516620e-01 5.39298540005967730337e+00 -9.19115442462016929426e-01 1.52609454303071657932e+02 4.13540765664077991648e-01
5.90027929039899312613e-01 5.39813373132734586335e+00 -9.18476590670915138404e-01 1.52594471668573277157e+02 4.17614447294688051482e-01
5.93137384828850811047e-01 5.40329554415801460721e+00 -9.17831207362319712040e-01 1.52579418543853762458e+02 4.21698494956136926692e-01
5.96237739497252783316e-01 5.40847080171780802971e+00 -9.17179234906403739735e-01 1.52564295558464010583e+02 4.25793459855841216477e-01
5.99328945473155960677e-01 5.41365946705063194599e+00 -9.16520613084782942437e-01 1.52549103411582109402e+02 4.29900038786057869800e-01
6.02410955324989116910e-01 5.41886150292866641820e+00 -9.15855278226321400936e-01 1.52533842863505100240e+02 4.34019128405451593000e-01
6.05483721762286153378e-01 5.42407407640670236049e+00 -9.15189186147837396845e-01 1.52518340729163583092e+02 4.37772358862385968514e-01
6.08547197636412851018e-01 5.42930220650801498294e+00 -9.14511445712886450465e-01 1.52502912757266130939e+02 4.41842839983782653679e-01
6.11601335941289292464e-01 5.43454349863435570711e+00 -9.13827016626390209453e-01 1.52487413154378515401e+02 4.45914876984789487757e-01
6.14646089814111729055e-01 5.43979789975845129391e+00 -9.13135861294276596212e-01 1.52471842031339122059e+02 4.49987661559006268952e-01
6.17681412536071339225e-01 5.44506535476403819018e+00 -9.12437942888173925127e-01 1.52456199462467083094e+02 4.54060316393935126111e-01
6.20707257533071432576e-01 5.45034580694164727532e+00 -9.11733226481863390234e-01 1.52440485487399229214e+02 4.58131842287347712528e-01
6.23723578376441656346e-01 5.45563919692447907295e+00 -9.11021678514707167196e-01 1.52424700092056582434e+02 4.62201124987116795939e-01
6.26730328783650536550e-01 5.46094546313598261378e+00 -9.10303267588503550733e-01 1.52408843207709963963e+02 4.66266903059218584815e-01
6.29727462619016020717e-01 5.46626454144588524997e+00 -9.09577964541886441197e-01 1.52392914698662593764e+02 4.70327759067257267223e-01
6.32714933894412689952e-01 5.47159636477993505110e+00 -9.08845743319951271388e-01 1.52376914339664324416e+02 4.74382065141051079138e-01
6.35692696769977860782e-01 5.47694086337495367189e+00 -9.08106581303950166628e-01 1.52360841833716335714e+02 4.78427962700561371090e-01
6.38660705554815355534e-01 5.48229796394356938549e+00 -9.07360459801760388387e-01 1.52344696761542877539e+02 4.82463331758034685848e-01
6.41618914707695386923e-01 5.48767329081460619733e+00 -9.06597998716149211518e-01 1.52328832965066368388e+02 4.87075240782203378043e-01
6.44567278837754553678e-01 5.49305641276748524149e+00 -9.05836074053895545788e-01 1.52312606200450744609e+02 4.91198078387875380901e-01
6.47505752705191617302e-01 5.49845207886482167936e+00 -9.05066814955041265556e-01 1.52296316216327738857e+02 4.95323969604301861391e-01
6.50434291221961835561e-01 5.50386023018386705274e+00 -9.04290163181199146969e-01 1.52279963874884487041e+02 4.99453218358579809077e-01
6.53352849452468964486e-01 5.50928080740756520584e+00 -9.03506059596094202035e-01 1.52263550117121496896e+02 5.03586170879785521848e-01
6.56261382614254484835e-01 5.51471375051231937903e+00 -9.02714440870622025770e-01 1.52247075943656597019e+02 5.07723422338181684665e-01
6.59159846078685274229e-01 5.52015899997733860971e+00 -9.01915241890376306877e-01 1.52230542492969107116e+02 5.11865666524628726286e-01
6.62048195371637282491e-01 5.52561649587669201367e+00 -9.01108394397071132964e-01 1.52213950985574939523e+02 5.16013780878762817750e-01
6.64926386174179318012e-01 5.53108617884139697196e+00 -9.00293825848351270125e-01 1.52197302785461573649e+02 5.20168898459962392167e-01
6.67794374323251838099e-01 5.53656799021093526392e+00 -8.99471459721723376468e-01 1.52180599411253723474e+02 5.24332389134398724195e-01
6.70652115812345961388e-01 5.54206187191588828256e+00 -8.98641213872869770718e-01 1.52163842529788382762e+02 5.28505962522553773830e-01
6.73499566792176929120e-01 5.54756776740704005135e+00 -8.97803000605276291246e-01 1.52147034015876045032e+02 5.32691664147593391121e-01
6.76336683571358565636e-01 5.55308562171784725336e+00 -8.96956725093097539947e-01 1.52130175957101300810e+02 5.36891974359638091130e-01
6.79163422617073186949e-01 5.55860308908314415532e+00 -8.96118860835659170050e-01 1.52112508330747431273e+02 5.40067357382202906102e-01
6.81979740555738733754e-01 5.56414253907168099289e+00 -8.95259305337000266256e-01 1.52095424519159365673e+02 5.44107692617247340472e-01
6.84785594173675460361e-01 5.56969343440167552473e+00 -8.94391931465827960679e-01 1.52078276649987060409e+02 5.48136846041649250516e-01
6.87580940417768404771e-01 5.57525567448193459796e+00 -8.93516707033593760023e-01 1.52061064490316056208e+02 5.52153325689700658074e-01
6.90365736396128082397e-01 5.58082915525861711359e+00 -8.92633599144584732876e-01 1.52043787719888939591e+02 5.56155673750106993580e-01
6.93139939378748737298e-01 5.58641376718427373760e+00 -8.91742585475604920831e-01 1.52026445811358428273e+02 5.60141760735342719713e-01
6.95903506798163817848e-01 5.59200939752131365168e+00 -8.90843641509137307288e-01 1.52009038171136921846e+02 5.64109585565929161355e-01
6.98656396250099120948e-01 5.59761592795738049944e+00 -8.89936749933439408267e-01 1.51991563996870581832e+02 5.68056687232349477590e-01
7.01398565494123937825e-01 5.60323323392744754301e+00 -8.89021897883548573027e-01 1.51974022236421973275e+02 5.71980317650639835669e-01
7.04129972454298314055e-01 5.60886118672298561449e+00 -8.88099080116152239661e-01 1.51956411723794104773e+02 5.75877244886041528282e-01
7.06850575219819421413e-01 5.61449964995244954480e+00 -8.87168299005474225716e-01 1.51938730960661700919e+02 5.79743752546487023380e-01
7.09560332045664265976e-01 5.62014848032116365317e+00 -8.86229477868227921711e-01 1.51920978125574436035e+02 5.83581054763991913248e-01
7.12259201353230508857e-01 5.62582809777619985425e+00 -8.85259393451946818843e-01 1.51904424260889214793e+02 5.88846094641356732069e-01
7.14947141730974067286e-01 5.63150068414122006999e+00 -8.84300456114529453977e-01 1.51886735640293892402e+02 5.92867897540214183749e-01
7.17624111935044939337e-01 5.63718371922513039607e+00 -8.83332885640228826496e-01 1.51869001995720537934e+02 5.96886998888534026086e-01
7.20290070889919697983e-01 5.64287710519882867999e+00 -8.82356602823024416260e-01 1.51851224927803741593e+02 6.00904758129931382271e-01
7.22944977689031653689e-01 5.64858074871222104463e+00 -8.81371514923477428205e-01 1.51833406442774986544e+02 6.04923418624814468458e-01
7.25588791595399018597e-01 5.65429454275851917089e+00 -8.80377514843262209965e-01 1.51815547864667536260e+02 6.08946071956622092536e-01
7.28221472042250406176e-01 5.66001846794397955875e+00 -8.79374575952892589825e-01 1.51797656178875797650e+02 6.12970847018287523511e-01
7.30842978633645223852e-01 5.66575229856457962541e+00 -8.78362717319149388651e-01 1.51779725686304885812e+02 6.16992913961354694230e-01
7.33453271145096175054e-01 5.67149605321199867802e+00 -8.77341599908364133675e-01 1.51761765898617227322e+02 6.21029914768761237553e-01
7.36052309524184211753e-01 5.67724961599074173790e+00 -8.76311296201786604776e-01 1.51743778326658173228e+02 6.25073748825345276714e-01
7.38640053891175041301e-01 5.68301289363482364791e+00 -8.75271527781189218054e-01 1.51725765867194439807e+02 6.29138216304543029800e-01
7.41216464539629305008e-01 5.68878581823078821600e+00 -8.74222332758096354333e-01 1.51707733346475549752e+02 6.33217395805511507056e-01
7.43781501937012756720e-01 5.69456832644888599759e+00 -8.73163187584004241160e-01 1.51689685724853291049e+02 6.37340389644019955639e-01
7.46335126725303221740e-01 5.70032312502340410276e+00 -8.72132712529226639120e-01 1.51669331077682016939e+02 6.39074581103873162746e-01
7.48877299721593336912e-01 5.70611855514303645265e+00 -8.71061036866507820697e-01 1.51650897498586658685e+02 6.42811761524667346634e-01
7.51407981918692846612e-01 5.71192249529722406720e+00 -8.69980271900523516315e-01 1.51632411373376271513e+02 6.46528036282300599957e-01
7.53927134485726568869e-01 5.71773468862083511510e+00 -8.68890334972249989143e-01 1.51613866628524306179e+02 6.50224936060813551997e-01
7.56434718768730363081e-01 5.72355504547152715844e+00 -8.67791216852122571090e-01 1.51595267847494852731e+02 6.53899528096035353997e-01
7.58930696291243989116e-01 5.72938322487123041782e+00 -8.66683753863012995566e-01 1.51576604693169571192e+02 6.57496074907713223823e-01
7.61415028754902523112e-01 5.73521918720063705877e+00 -8.65567017198992205707e-01 1.51557884692173217900e+02 6.61068984527842351540e-01
7.63887678040022333192e-01 5.74106265720902086969e+00 -8.64441250631124868953e-01 1.51539101633830114224e+02 6.64599492067090569236e-01
7.66348606206187388246e-01 5.74691343373186658283e+00 -8.63306639480588167146e-01 1.51520254100242397044e+02 6.68072541369960193336e-01
7.68797775492830681721e-01 5.75277132950195380090e+00 -8.62162726915800314842e-01 1.51501341325783869252e+02 6.71513078942828522955e-01
7.71235148319813990092e-01 5.75863604689640240508e+00 -8.61009386919308172814e-01 1.51482356099632255564e+02 6.74925390947736181246e-01
7.73660687288004522699e-01 5.76450302097215683261e+00 -8.59843149848309229455e-01 1.51463023573463317462e+02 6.78518901581049438398e-01
7.76074355179848351938e-01 5.77037018902422182975e+00 -8.58728854286419984732e-01 1.51443272540436652207e+02 6.78254372424034968070e-01
7.78476114959941845051e-01 5.77626564337459225129e+00 -8.57511437549622224097e-01 1.51424754854032443063e+02 6.83796505277405208822e-01
7.80865929775599765250e-01 5.78222976958997847419e+00 -8.56247843437152211798e-01 1.51410032644545822222e+02 6.91627358857009433279e-01
7.83243762957420930348e-01 5.78813163520593754185e+00 -8.55032789542131688165e-01 1.51391041160478096117e+02 6.95758148218816652175e-01
7.85609578019850984809e-01 5.79404703785750729850e+00 -8.53817922671141649182e-01 1.51372474609598867801e+02 6.99248061859222502790e-01
7.87963338661741508062e-01 5.79996629622493653500e+00 -8.52588989762425586427e-01 1.51353733406151548024e+02 7.02973422478101017674e-01
7.90305008766907790552e-01 5.80589131574087868870e+00 -8.51348813969714957040e-01 1.51334951287435245604e+02 7.06756863567545967619e-01
7.92634552404682946047e-01 5.81182221835289336553e+00 -8.50097506255087731475e-01 1.51316149326802758424e+02 7.10588465741531893904e-01
7.94951933830468693287e-01 5.81776026747493002489e+00 -8.48839986422861736415e-01 1.51297423547746461736e+02 7.14160320316784447137e-01
7.97257117486284361263e-01 5.82370324520162974125e+00 -8.47573072998265120148e-01 1.51278647611917790528e+02 7.17665550025328613515e-01
7.99550068001312008725e-01 5.82964910117789525401e+00 -8.46296355501162889112e-01 1.51259707991365843327e+02 7.21125065583908209099e-01
8.01830750192439767332e-01 5.83560492061324431745e+00 -8.45011331257918052451e-01 1.51241060719025256276e+02 7.24448582340302738025e-01
8.04099129064801410038e-01 5.84155698908576948014e+00 -8.43706882542828440208e-01 1.51221859162170147783e+02 7.28312990826093686891e-01
8.06355169812312477795e-01 5.84752871506369142907e+00 -8.42393120911064552381e-01 1.51203581004910347474e+02 7.32106282507297811968e-01
8.08598837818206295225e-01 5.85350979631524737101e+00 -8.41071428323261205406e-01 1.51185602409528939916e+02 7.35731667386098964201e-01
8.10830098655563102916e-01 5.85937319208015239269e+00 -8.39813108352514325894e-01 1.51160108087719066816e+02 7.34648551736879595886e-01
8.13048918087839522784e-01 5.86533883602571570748e+00 -8.38479772053020155909e-01 1.51140659596015240140e+02 7.37638026914431699232e-01
8.15255262069393138447e-01 5.87130766036084938975e+00 -8.37139368717655818486e-01 1.51121175844187149551e+02 7.40392479393656821607e-01
8.17449096746005965386e-01 5.87727966738904594735e+00 -8.35780294444006477406e-01 1.51101663177950911177e+02 7.43630065197167011704e-01
8.19630388455402592029e-01 5.88325138934384650469e+00 -8.34424389345795769479e-01 1.51081942361146303710e+02 7.45988820292230792042e-01
8.21799103727767876748e-01 5.88922537409222712768e+00 -8.33055561019328427719e-01 1.51062174436648092524e+02 7.48468000119095866474e-01
8.23955209286259315782e-01 5.89519693595011240461e+00 -8.31678714930859652732e-01 1.51042090247461374020e+02 7.50756310760618661426e-01
8.26098672047518967076e-01 5.90118843179982555114e+00 -8.30270623302645893737e-01 1.51023073800121665045e+02 7.54314422372740600586e-01
8.28229459122179711983e-01 5.90716624532594103414e+00 -8.28858848912136680909e-01 1.51003081294273073354e+02 7.57397452431616158286e-01
8.30347537815371183889e-01 5.91314396700580058308e+00 -8.27428629308956664623e-01 1.50982960907115540294e+02 7.60932386327255239067e-01
8.32452875627220700849e-01 5.91914604997917415119e+00 -8.26000352436806140055e-01 1.50964268694278729299e+02 7.63675396168459363899e-01
8.34545440253351977766e-01 5.92511551618716136858e+00 -8.24555653002930433182e-01 1.50943469060805426807e+02 7.66709136146564329550e-01
8.36625199585380951994e-01 5.93106821022091867945e+00 -8.23104399422353805171e-01 1.50921574702079198005e+02 7.69433818363041144295e-01
8.38692121711408611340e-01 5.93706443568598984939e+00 -8.21658598588850486166e-01 1.50902360278178008457e+02 7.71163209745397648653e-01
8.40746174916510269348e-01 5.94319875769529915033e+00 -8.20186197299904495850e-01 1.50891681631291334043e+02 7.73984171259881059690e-01
8.42787327683222509123e-01 5.94921661548304214762e+00 -8.18636431803345887559e-01 1.50873707095263569045e+02 7.80785365298599876027e-01
8.44815548692026907496e-01 5.95523349338474439207e+00 -8.17039890130862200834e-01 1.50855654033770179012e+02 7.89784163595797394919e-01
8.46830806821829651376e-01 5.96118898271001462774e+00 -8.15418523846921261544e-01 1.50833816868849083903e+02 7.99551991580295884354e-01
8.48833071150440821029e-01 5.96730585532830115625e+00 -8.13780500255204208848e-01 1.50822048744844124712e+02 8.09821126070712993261e-01
8.50822310955046900993e-01 5.97320331593558240257e+00 -8.12153143761937479361e-01 1.50796772390814396658e+02 8.18481361797581019601e-01
8.52798495712683735093e-01 5.97931787086151178556e+00 -8.10908165100061806285e-01 1.50785512636564561717e+02 8.02947739160612017351e-01
8.54761595100703930328e-01 5.98520296377243354868e+00 -8.09692980225464320476e-01 1.50760200037264326056e+02 7.84601060352710266699e-01
8.56711578997242706457e-01 5.99120361607812235150e+00 -8.07703100480649860415e-01 1.50741345899550111653e+02 8.13740552845903519774e-01
8.58648417481679637753e-01 5.99719317113982519629e+00 -8.05726341527302269974e-01 1.50721993276727630473e+02 8.41342581229996167025e-01
8.60572080835097841245e-01 6.00365804843639239152e+00 -8.04246469866307212015e-01 1.50732921316423897906e+02 8.37968586852643637641e-01
8.62482539540740500428e-01 6.00927246513800472627e+00 -8.02618382962410725767e-01 1.50691145440110062736e+02 8.42075271599832975156e-01
8.64379764284463170121e-01 6.01519172370423049756e+00 -8.01351592742228224786e-01 1.50668984429503240108e+02 8.23415323467887594333e-01
8.66263725955183860883e-01 6.02129033702203919631e+00 -7.99933629707577531498e-01 1.50658063418570520753e+02 8.13643382292030259428e-01
8.68134395645329126623e-01 6.02704018026782417650e+00 -7.98516692243824044439e-01 1.50625824726391300601e+02 8.02669653106925951036e-01
8.69991744651278930966e-01 6.03282370619680019530e+00 -7.97148942185686548711e-01 1.50596083836783265042e+02 7.87971822725298309820e-01
8.71835744473805518417e-01 6.03882702400681647958e+00 -7.95224936807603755007e-01 1.50579646309166349738e+02 8.07349947760440111999e-01
8.73666366818512285519e-01 6.04474388545662222327e+00 -7.93426638767509739836e-01 1.50558390288457246697e+02 8.18112914865144147392e-01
8.75483583596266101701e-01 6.05074463541282892010e+00 -7.91633246457229655668e-01 1.50542760525400723282e+02 8.27975320682950877149e-01
8.77287366923630518301e-01 6.05668659149520216545e+00 -7.89854864758541497238e-01 1.50523946711414680522e+02 8.36127030268043691663e-01
8.79077689123291206030e-01 6.06250271091641934618e+00 -7.88075045911667770859e-01 1.50497796302310973715e+02 8.43496848469965865291e-01
8.80854522724482724705e-01 6.06834666150916302030e+00 -7.86262578141770140938e-01 1.50473829624228471857e+02 8.52226716522212823790e-01
8.82617840463408520613e-01 6.07426721724357321364e+00 -7.85228384624526376534e-01 1.50456222514155115277e+02 8.12073413277707767399e-01
8.84367615283660701841e-01 6.08023713388879194497e+00 -7.83728095327057561192e-01 1.50441613284911852588e+02 8.00212075153946544859e-01
8.86103820336633374311e-01 6.08593010593716687850e+00 -7.81899686977870600479e-01 1.50409958128400944588e+02 8.07628447801070681322e-01
8.87826428981936643936e-01 6.09188245501186731445e+00 -7.80055864511545515860e-01 1.50394996511187059696e+02 8.15676777468586355901e-01
8.89535414787803402348e-01 6.09780857095402506474e+00 -7.78202960298675971984e-01 1.50379046571111729236e+02 8.23568110317659418662e-01
8.91230751531496778739e-01 6.10372001983313516860e+00 -7.76335257387394950257e-01 1.50362849055574741897e+02 8.31676998774312004059e-01
8.92912413199710819356e-01 6.10958788071443770207e+00 -7.74452804533379723928e-01 1.50344640735956971866e+02 8.39960892521770974284e-01
8.94580373988970722898e-01 6.11548505243238960105e+00 -7.72574347667145611140e-01 1.50329006633612635824e+02 8.47369285433595242907e-01
8.96234608306028635027e-01 6.12107853632905563046e+00 -7.71275630478817308955e-01 1.50296196365158550634e+02 8.17659938243477824038e-01
8.97875090768255890161e-01 6.12729747555046344587e+00 -7.69604644431462592280e-01 1.50302470642518244404e+02 8.11354362649386540163e-01
8.99501796204032810778e-01 6.13312668310831288210e+00 -7.67085583665537806830e-01 1.50284076291563820860e+02 8.56443388040375008785e-01
9.01114699653134842983e-01 6.13889939001468842861e+00 -7.65525245266368448149e-01 1.50264568201408621917e+02 8.41272146792834685236e-01
9.02713776367115805499e-01 6.14454510467605352630e+00 -7.63812661961811079081e-01 1.50237863911040051335e+02 8.34699223134798606871e-01
9.04299001809687252873e-01 6.15045561928632888993e+00 -7.61652704751711429054e-01 1.50227833115727690938e+02 8.55695958767018094449e-01
9.05870351657095174147e-01 6.15615921719086944819e+00 -7.59502049881934149234e-01 1.50205952369062089247e+02 8.75147909039574956047e-01
9.07427801798493138818e-01 6.16211591853385431961e+00 -7.57339842180014932715e-01 1.50200792838374951543e+02 8.95123708509569238068e-01
9.08971328336312445195e-01 6.16861664788826136174e+00 -7.55267021553559847469e-01 1.50230645983760666695e+02 9.09882863889971527094e-01
9.10500907586628160928e-01 6.17339696772355228660e+00 -7.54281968275635761323e-01 1.50156620272534638616e+02 8.53494617291477575272e-01
9.12016516079523720251e-01 6.17917933781357575640e+00 -7.52314089436799449118e-01 1.50144302518367055654e+02 8.59286838772251426732e-01
9.13518130559449748063e-01 6.18480853202245572930e+00 -7.50268055086992569080e-01 1.50123515173804747747e+02 8.69078227932268410072e-01
9.15005727985581884809e-01 6.19051415624159062645e+00 -7.48280147406289564138e-01 1.50108805154668885962e+02 8.74816464317953346175e-01
9.16479285532173615358e-01 6.19613712097744251395e+00 -7.46290881662850624778e-01 1.50090222916559980604e+02 8.79922674692941719776e-01
9.17938780588907099478e-01 6.20175885798771275859e+00 -7.44334121106951074331e-01 1.50072933569513253360e+02 8.82448954479437830400e-01
9.19384190761239561418e-01 6.20736667422685783890e+00 -7.42349436642158133637e-01 1.50056078907230840969e+02 8.86139945700649689364e-01
9.20815493870747459049e-01 6.21291729923620028586e+00 -7.40348406687297511120e-01 1.50037031500994629596e+02 8.90205846614936069372e-01
9.22232667955466323129e-01 6.21849144995984026707e+00 -7.38334851067400599334e-01 1.50020859117677872518e+02 8.94575479463774803079e-01
9.23635691270227932037e-01 6.22362499263030599650e+00 -7.37477419356376562298e-01 1.49981031814525067603e+02 8.25678210856546468399e-01
9.25024542286994155837e-01 6.22901861650159993644e+00 -7.35302121464841196286e-01 1.49956344445122283560e+02 8.38732867470035170498e-01
9.26399199695186803538e-01 6.23493891311268466637e+00 -7.33087734766050935775e-01 1.49965899607078625877e+02 8.54797256651938508476e-01
9.27759642402015138885e-01 6.24001155782737271238e+00 -7.31093862202185862387e-01 1.49924780486920298017e+02 8.54980072371551713672e-01
9.29105849532799177304e-01 6.24543192268483515761e+00 -7.29104356503694428504e-01 1.49906963665138505348e+02 8.55142869722726906012e-01
9.30437800431290207293e-01 6.25082625626591870116e+00 -7.27106248566493640340e-01 1.49889219762153828697e+02 8.55356111867678681193e-01
9.31755474659987315000e-01 6.25617415877978810812e+00 -7.25110992157059430774e-01 1.49870349927706683957e+02 8.54881142495736212616e-01
9.33058852000451910413e-01 6.26153939196873654538e+00 -7.23110949370967426297e-01 1.49854354659302515529e+02 8.54346556551325519990e-01
9.34347912453616813444e-01 6.26686423832736938522e+00 -7.21101664442543643929e-01 1.49837680145003133703e+02 8.53926431618706849314e-01
9.35622636240093785709e-01 6.27211455092837777414e+00 -7.19082067150282999712e-01 1.49818245550749935546e+02 8.53630490124149265974e-01
9.36883003800477065504e-01 6.27742223835634138851e+00 -7.17059383105797421010e-01 1.49804330022537413925e+02 8.53320563257722652928e-01
9.38128995795643128019e-01 6.28259224208461120043e+00 -7.15025343693516557408e-01 1.49783816576956070321e+02 8.53097890274533976473e-01
9.39360593107047781025e-01 6.28782818667925091916e+00 -7.12991749863730928105e-01 1.49769465412847324615e+02 8.52708907935488702456e-01
9.40577776837019263745e-01 6.29291988168490501465e+00 -7.10938608604415378522e-01 1.49748186139427815533e+02 8.52939787732038157131e-01
9.41780528309048348135e-01 6.29813757950132213637e+00 -7.08896045713678701894e-01 1.49736940090091877664e+02 8.52566045427021190761e-01
9.42968829068074665400e-01 6.30294629838643327702e+00 -7.06821703324479133634e-01 1.49702334901684821489e+02 8.52986294098537323194e-01
9.44142660880770479004e-01 6.30851634328596855283e+00 -7.04783252316225850009e-01 1.49717539327764512791e+02 8.52812549260928642880e-01
9.45302005735819794729e-01 6.31353014199571482834e+00 -7.02728134979040075514e-01 1.49700342763634381527e+02 8.52184261783887508912e-01
9.46446845844195028263e-01 6.31813046977932835091e+00 -7.01176987970142495676e-01 1.49660980440874567421e+02 8.18961684490797425795e-01
9.47577163639429898012e-01 6.32292662979301223203e+00 -6.98461779973627683304e-01 1.49633347095695853568e+02 8.58715919335705790694e-01
9.48692941777889098276e-01 6.32855238746422088525e+00 -6.95787134280492880478e-01 1.49660008920296490942e+02 8.98003797112157831073e-01
9.49794163139034308685e-01 6.33328236382393594539e+00 -6.93062452011600327317e-01 1.49633138797358725469e+02 9.38115663387951936869e-01
9.50880810825686872967e-01 6.33788639467169012676e+00 -6.90338803333207851054e-01 1.49600944842534175905e+02 9.77832219588506967867e-01
9.51952868164287147046e-01 6.34310854682301794583e+00 -6.89295080675079496757e-01 1.49614440387020124490e+02 9.14348499953545057473e-01
9.53010318705150072383e-01 6.34781587247057199619e+00 -6.88154472264699945683e-01 1.49598295017908810678e+02 8.55590147261929279132e-01
9.54053146222718195801e-01 6.35283910451256250695e+00 -6.87104034544887110059e-01 1.49604942690399923322e+02 7.92140692059215001386e-01
9.55081334715809804337e-01 6.35678567337994238073e+00 -6.86320545798576264751e-01 1.49547941104899138054e+02 7.09187398973041838168e-01
9.56094868407865283721e-01 6.36000100398941459190e+00 -6.81999978344921986562e-01 1.49438331165251184984e+02 8.45284920981222986924e-01
9.57093731747188369852e-01 6.36766171916797230068e+00 -6.79656010238976038274e-01 1.49614861090492723861e+02 8.70671783937486232219e-01
9.58077909407185845936e-01 6.37096352230428664143e+00 -6.77114608968316211701e-01 1.49521368555112189824e+02 8.96342399998930172700e-01
9.59047386286601133421e-01 6.37555125934541599975e+00 -6.74588458435832927229e-01 1.49511309659351411483e+02 9.25046010044824673635e-01
9.60002147509747882914e-01 6.38013198033122108654e+00 -6.72081085055801774608e-01 1.49503936992927094707e+02 9.52931698093778312142e-01
9.60942178426736681729e-01 6.38457715247152268745e+00 -6.69577493731463913029e-01 1.49491220311285900380e+02 9.80597121694337658937e-01
9.61867464613700540177e-01 6.38979052667875890847e+00 -6.68788970104944313633e-01 1.49534983239612557782e+02 9.03750939795956553802e-01
9.62777991873016381064e-01 6.39285810927845421503e+00 -6.67843700567422260406e-01 1.49447347146526766437e+02 8.30648134077764277450e-01
9.63673746233522310334e-01 6.39636699187865875871e+00 -6.66930829337509800681e-01 1.49390817591191506608e+02 7.57337083462367721687e-01
9.64554713950732445227e-01 6.39925416045200279314e+00 -6.65985282275352030723e-01 1.49298733013082198795e+02 6.84661450410971816893e-01
9.65420881507047634607e-01 6.40459298729315573695e+00 -6.65106855460818491288e-01 1.49363814545491635499e+02 6.16057937308816860877e-01
9.66272235611963070667e-01 6.40931774158795697360e+00 -6.63998474557080053948e-01 1.49393333789686067803e+02 5.60647445441878500283e-01
9.67108763202271903836e-01 6.41341038904412563681e+00 -6.62931496934412112232e-01 1.49387036704997825609e+02 5.01393435439752455096e-01
9.67930451442265749051e-01 6.41403278559687350935e+00 -6.61746897620183904820e-01 1.49166705050077354144e+02 4.39061293540430330751e-01
9.68737287723931861372e-01 6.42086197240922817997e+00 -6.60834638904991278352e-01 1.49339712631874164117e+02 3.80621824051126267374e-01
9.69529259667146536827e-01 6.41706389222854589605e+00 -6.59035238004032963843e-01 1.48848057503963786985e+02 3.43710924509707471675e-01
9.70306355119864738512e-01 6.39888646897758128773e+00 -6.56163303304176270814e-01 1.47459159345680859587e+02 3.25709619452259513395e-01
9.71068562158306947119e-01 6.42892187464744946368e+00 -6.55993990247876079813e-01 1.49096223854576464873e+02 3.02130032173476170687e-01
9.71815869087142014671e-01 6.43827045479098991621e+00 -6.55573722352526089274e-01 1.49444486091952825291e+02 2.25871858447854984009e-01
9.72548264439666687586e-01 6.42993345409885730390e+00 -6.53467417910694181593e-01 1.48682597312477724927e+02 1.95913129322552809208e-01
9.73265736977981354983e-01 6.44132254843901463914e+00 -6.52919773952551185658e-01 1.49166115804027867853e+02 1.37377272000940936492e-01
9.73968275693162355289e-01 6.44538355469359203198e+00 -6.51737086034795742862e-01 1.49192494667360904259e+02 9.46922674874215442031e-02
9.74655869805431618325e-01 6.46936683270365087139e+00 -6.51694497737272948612e-01 1.50478842757453747936e+02 5.20635338740849176742e-02
9.75328508764321089330e-01 6.45357956341208183204e+00 -6.49862312317269874562e-01 1.49264210324902052207e+02 -1.68995077901449575197e-02
9.75986182248835265618e-01 6.55630925421614030313e+00 -6.54186767085210063577e-01 1.55566048970173255839e+02 -5.49227725726587484578e-02
9.76628880167609847440e-01 6.73015531627479290933e+00 -6.62475218320603298494e-01 1.66627635383788259560e+02 -1.26780719350506138055e-01
9.77256592659065281836e-01 7.18428809606790963471e+00 -6.80379775175734669013e-01 1.97344897908434205647e+02 -7.59243896728741540780e-02
9.77869310091559640341e-01 6.38822012140472050845e+00 -1.14788277343728450930e+00 1.48545454062349961077e+02 2.81812845266813105649e-01
9.78467023063535390470e-01 4.43475780627275995016e+00 -9.10107261197066641500e-01 3.66711916826487964727e+01 9.71840023947442843699e-01
9.79049722403663946757e-01 8.74452358929840656288e+00 -5.79148983219221857865e+00 3.93860524566567164584e+02 1.21328175316773112513e+01
9.79617399170986558055e-01 6.75463529985328303695e+00 -3.95592443326317599883e+00 1.79999895951029088792e+02 9.69928302282004324297e+01
9.80170044655051198035e-01 -4.70702863093578782738e-01 -6.55172436337471353340e+00 5.73620738516451567079e+01 1.91027190609776909014e+00
9.80707650376046569107e-01 -1.19097164742412009453e+00 -4.54748441607527897901e+00 4.18148620618014632555e+01 1.39474402567332345093e+00
9.81230208084931665447e-01 -3.89211705262435136987e+00 -3.83660034413105810458e+00 1.80388865092879854046e+02 -2.61949358336452808871e+00
9.81737709763563226595e-01 5.75637460168315406861e+00 -2.13832743635920197178e+00 1.85982767960363020165e+02 4.66281578891084009797e+01
9.82230147624817750973e-01 8.93746741641392894451e+00 -3.90340767572380065165e-01 3.42735742237926160669e+02 1.10488622725435860161e+02
9.82707514112711733034e-01 -5.55701250295235205101e+00 -8.90953225627623579541e-01 2.35267846653874727281e+02 -9.77487387582589350998e-01
9.83169801902517237480e-01 4.48402525518948547045e+00 -1.27345723674408817239e+00 3.66526224693499713680e+01 1.37839745626324594596e+00
9.83617003900874475875e-01 7.16673581422685224140e+00 -4.68875398412278965310e+00 2.94835222366037157826e+02 2.55861730977823897959e+00
9.84049113245900386460e-01 4.90403214221144700957e+00 -3.27434944058508303755e+00 8.57524991810686856297e+01 3.38850433735931888535e+00
9.84466123307294216360e-01 5.35712138553051531176e+00 -6.94309326178704444565e-01 8.44647508078009821020e+01 7.61800942010296688878e-01
9.84868027686439440060e-01 5.00107883368659944523e+00 -2.24692517954979065209e+00 8.52042869713263115727e+01 2.35242529580088222119e+00
9.85254820216501125962e-01 4.46507461327511556703e+00 -1.13818438349759887274e+01 9.23119495998672903170e+01 1.45341981454160826814e+01
9.85626494962521304544e-01 6.90396752441205219242e+00 -5.43099480365876008392e+00 2.28075486410968522932e+02 7.02620767827845948972e+00
9.85983046221510006646e-01 5.18630812983002087435e+00 -1.16543667769342818019e+00 8.47122036884130125145e+01 1.25547659013869883360e+00
9.86324468522532193937e-01 -4.10692337048374156439e+00 -2.22901065051865154842e+00 1.53336931269424496804e+02 -1.55119813621236657397e+00
9.86650756626792246884e-01 5.31717743739823056615e+00 -1.67083723276346507447e+00 1.48188192995620113379e+02 2.41483825941972938267e+01
9.86961905527714344899e-01 4.72222876827193616123e+00 -1.48943660237722586004e+00 5.13349205665025962730e+01 3.58580819562109631704e-01
9.87257910451019071729e-01 -3.00207764793640219381e+00 -1.66419181121936810008e+00 8.81164531748646453480e+01 -5.15707766147462276507e-01
9.87538766854796246086e-01 -4.86350085606671544980e+00 -1.57034425209926919997e+00 2.06232414901581250888e+02 -1.46030718918476698498e+00
9.87804470429575864898e-01 4.38527968371570686656e+00 -1.09041670065951090685e+00 2.36927386997719651163e+01 1.57534593888054108568e+00
9.88055017098393051356e-01 4.55729686452487037229e+00 -9.63078582397068494458e+00 8.59556610950872936883e+01 1.07935517867189485486e+01
9.88290403016850893536e-01 -2.85710002043517352632e+00 -2.43621753896955528518e+00 8.84437319837855824289e+01 -6.91153018956398690342e-01
9.88510624573179952357e-01 -2.06766492746006846914e+00 -2.11165702707130975568e+00 5.47505064280531996701e+01 9.31478877315864844944e-02
9.88715678388292773526e-01 -3.09201175334453903787e-01 -5.01866944189844410573e+00 5.59804693911294464215e+01 1.58927137862560186043e+00
9.88905561315836734160e-01 1.98015672893451610825e+00 -1.13662866173697985062e+01 6.27012463036059486399e+01 7.78644007707611951474e+00
9.89080270442241449302e-01 4.64799416025096157057e+00 -2.03116641613578607917e+01 6.88850685021414363973e+01 1.34885270560260277506e+01
9.89239803086764180051e-01 6.95712484450955415127e+00 -2.14054819824745257151e+00 1.65879361012222915406e+02 -9.26192517540879407534e+01
9.89384156801530467717e-01 -3.59508428693709181090e+00 -3.47432413690587571509e+00 1.80312878443942850026e+02 -2.20038189094526170919e+00
9.89513329371571881410e-01 4.98264636990020992613e+00 -9.37884185609060949673e-01 6.67514727197003878700e+01 9.55414474579905581564e-01
9.89627318814860101881e-01 9.73386035110215175337e+00 2.39291074951521909320e-01 3.78906665252112361486e+02 7.71611689668543192511e+01
9.89726123382337119594e-01 -4.75039254022991563886e+00 -5.37205891138952562613e-01 1.78215185207172226001e+02 -4.70205197557392373664e-01
9.89809741557942324164e-01 -2.73256033037388235130e+00 -1.82725328334436276645e-01 7.01404283832846147106e+01 -3.24019300881675451076e-02
9.89878172058635374952e-01 4.61546560717928411322e+00 -5.54214607455345231735e-01 3.63804686659467151344e+01 6.17651540481057748089e-01
9.89931413834416518149e-01 5.83182527742339473775e+00 -2.54365095653328587844e+00 9.36250189316509988657e+01 -5.55019707944862759064e+01
9.89969466068341796827e-01 -4.09020364545479164775e+00 -3.47261424983047106707e+00 2.37841760835385855444e+02 -2.76808938655071479218e+00
