00000000000000000000 4.74535024119571868795e+00 -9.61958874551329667923e-01 00000000000000000154 5.64075731034274526539e-23
3.87796733008385127034e-03 4.74650778577892129562e+00 -9.61955118839001532827e-01 1.53999018285911660087e+02 2.07271426869767264219e-04
7.75587515650285035801e-03 4.74767556976283966463e+00 -9.61949202751348875218e-01 1.53997960497905125976e+02 4.46484826279198467307e-04
1.16336639765051742812e-02 4.74885360085734475888e+00 -9.61941120542463501408e-01 1.53996826536901153304e+02 7.17653576032116382981e-04
1.55112742891650307042e-02 4.75004188657920334293e+00 -9.61930866388812533252e-01 1.53995616306337922197e+02 1.02078897184066665592e-03
1.93886465962956576481e-02 4.75124043424973052652e+00 -9.61918434391807353201e-01 1.53994329712072755001e+02 1.35590003330531417951e-03
2.32657214033622598837e-02 4.75244925099753867670e+00 -9.61903818565623458525e-01 1.53992966662611735273e+02 1.72299425504357137627e-03
2.71424392203948837421e-02 4.75366834375307867333e+00 -9.61887012852440048682e-01 1.53991527068816338897e+02 2.12207660189829214192e-03
3.10187405629012494246e-02 4.75489771925973858657e+00 -9.61868011096087993650e-01 1.53990010844671246559e+02 2.55315116883662223193e-03
3.48945659527794757593e-02 4.75613738404854569097e+00 -9.61846807088856947665e-01 1.53988417905724475077e+02 3.01621815440552415444e-03
3.87698559192307112831e-02 4.75738734446490774133e+00 -9.61823394519331853481e-01 1.53986748170860693108e+02 3.51127717542243150337e-03
4.26445509996716889956e-02 4.75864760665474140211e+00 -9.61797766997705472214e-01 1.53985001561476934739e+02 4.03832561789362921856e-03
4.65185917406470347824e-02 4.75991817652893089985e+00 -9.61769918092958087108e-01 1.53983177999270964165e+02 4.59735622880728944661e-03
5.03919186987416417578e-02 4.76119905986754066163e+00 -9.61739841210880075373e-01 1.53981277412983843078e+02 5.18836490470592649055e-03
5.42644724414926629685e-02 4.76249026219366111690e+00 -9.61707529738440314304e-01 1.53979299730389101342e+02 5.81134141644378855729e-03
5.81361935483015249138e-02 4.76379178884020060281e+00 -9.61672976964271120082e-01 1.53977244882641684853e+02 6.46627447819434451881e-03
6.20070226113456635098e-02 4.76510364493202320801e+00 -9.61636176096935191282e-01 1.53975112803207736079e+02 7.15315055252043526662e-03
6.58769002364900102542e-02 4.76642583538120856446e+00 -9.61597120267023264262e-01 1.53972903427636282458e+02 7.87195369120101753890e-03
6.97457670441984506349e-02 4.76775836514341300187e+00 -9.61555802344404186854e-01 1.53970616710054940768e+02 8.62267721918619743648e-03
7.36135636704448592660e-02 4.76910123841606203854e+00 -9.61512215509065071295e-01 1.53968252571897522785e+02 9.40528713996369343520e-03
7.74802307676239754297e-02 4.77045445964030978558e+00 -9.61466352533741352993e-01 1.53965810966157249595e+02 1.02197680709568174129e-02
8.13457090054621884123e-02 4.77181803292587947141e+00 -9.61418206195612023990e-01 1.53963291840632592766e+02 1.10660968450597314849e-02
8.52099390719276428285e-02 4.77319196217983332531e+00 -9.61367769183725795479e-01 1.53960695146261315358e+02 1.19442484197649426148e-02
8.90728616741405659907e-02 4.77457625111034911214e+00 -9.61315034096894227567e-01 1.53958020837449339524e+02 1.28541959893748395510e-02
9.29344175392829291438e-02 4.77597090254402445453e+00 -9.61259993718098559867e-01 1.53955268828448026852e+02 1.37958933853248085638e-02
9.67945474155079421674e-02 4.77737592066053107231e+00 -9.61202640105722871944e-01 1.53952439136533740793e+02 1.47693332723553786417e-02
1.00653192072849326233e-01 4.77879130810420083009e+00 -9.61142965770483970189e-01 1.53949531697151826393e+02 1.57744717311344914701e-02
1.04510292304129906449e-01 4.78021706767662202253e+00 -9.61080962981585851246e-01 1.53946546472394174998e+02 1.68112726877699125705e-02
1.08365788925870357162e-01 4.78165320195189735841e+00 -9.61016623922740120811e-01 1.53943483426461909858e+02 1.78796978989963252504e-02
1.12219622779197156226e-01 4.78309971327041338895e+00 -9.60949940692493509431e-01 1.53940342525368180304e+02 1.89797069123674097546e-02
1.16071734730750303344e-01 4.78455660373022517717e+00 -9.60880905304678734069e-01 1.53937123736489496650e+02 2.01112570180823763133e-02
1.19922065673590871882e-01 4.78602387699725451142e+00 -9.60809509419622620463e-01 1.53933827144534689069e+02 2.12743204594548034059e-02
1.23770556528107589234e-01 4.78750153213236728789e+00 -9.60735745274138408512e-01 1.53930452556539819398e+02 2.24688248083136470068e-02
1.27617148242923722501e-01 4.78898957174402628567e+00 -9.60659604441257197749e-01 1.53927000023816134444e+02 2.36947324410907121661e-02
1.31461781795802923334e-01 4.79048799711387562894e+00 -9.60581078577108282701e-01 1.53923469530055740506e+02 2.49519926519358621608e-02
1.35304398194555003387e-01 4.79199680930655613764e+00 -9.60500159250557095092e-01 1.53919861062484216063e+02 2.62405525559357630239e-02
1.39144938477940960375e-01 4.79351600917359288445e+00 -9.60416837943697476732e-01 1.53916174612226598128e+02 2.75603570420024056309e-02
1.42983343716577865345e-01 4.79504559735934865472e+00 -9.60331106052515814930e-01 1.53912410174806922214e+02 2.89113487155767262538e-02
1.46819555013843056068e-01 4.79658557431010201810e+00 -9.60242954888234301336e-01 1.53908567750850238554e+02 3.02934677981930751411e-02
1.50653513506777553266e-01 4.79813593542501948264e+00 -9.60152375236614230580e-01 1.53904647036012391936e+02 3.17066802291229715705e-02
1.54485160366989643377e-01 4.79969668801647397771e+00 -9.60059358862368594778e-01 1.53900648506099116730e+02 3.31508816739161868425e-02
1.58314436801557489876e-01 4.80126782849562250277e+00 -9.59963896515081183125e-01 1.53896571957672676945e+02 3.46260247286151109924e-02
1.62141284053930911924e-01 4.80284935619617758817e+00 -9.59865979122131784962e-01 1.53892417392554762046e+02 3.61320428019176187462e-02
1.65965643404833329555e-01 4.80444127019008870860e+00 -9.59765597514559476444e-01 1.53888184814242805487e+02 3.76688675929631316963e-02
1.69787456173162598638e-01 4.80604356927907439001e+00 -9.59662742424286840937e-01 1.53883874227505913268e+02 3.92364292568183337107e-02
1.73606663716891373994e-01 4.80765625198311941091e+00 -9.59557404480870124175e-01 1.53879485637789059638e+02 4.08346566012687123282e-02
1.77423207433967000668e-01 4.80927931652574258692e+00 -9.59449574206183153358e-01 1.53875019050414323374e+02 4.24634774156310151882e-02
1.81237028763210711313e-01 4.81091276081488494754e+00 -9.59339242007690495839e-01 1.53870474469504586068e+02 4.41228188904144447147e-02
1.85048069185216018662e-01 4.81255659545789882259e+00 -9.59226402625634522181e-01 1.53865852730061249076e+02 4.58123236232135314094e-02
1.88856270223246969220e-01 4.81421079728447054435e+00 -9.59111039352297245486e-01 1.53861152527143815405e+02 4.75323573678329419634e-02
1.92661573444134981425e-01 4.81587537272324794912e+00 -9.58993145465599994282e-01 1.53856374467368397063e+02 4.92826402401490004657e-02
1.96463920459175961364e-01 4.81755031896027308136e+00 -9.58872711139133304670e-01 1.53851518586069232697e+02 5.10630826774988097472e-02
2.00263252925025725393e-01 4.81923563294718881878e+00 -9.58749726473271390859e-01 1.53846584923324599004e+02 5.28735918537170737630e-02
2.04059512544595450523e-01 4.82093131140887187769e+00 -9.58624181502270245048e-01 1.53841573524603347778e+02 5.47140712208109419867e-02
2.07852641067946264375e-01 4.82263735085312372775e+00 -9.58496066202128904621e-01 1.53836484441545678692e+02 5.65844200036877825744e-02
2.11642580293182863693e-01 4.82435374758490365110e+00 -9.58365370501692126481e-01 1.53831317733035973561e+02 5.84845324888241188677e-02
2.15429272067346772035e-01 4.82608049772653924236e+00 -9.58232084299524555782e-01 1.53826073466659323685e+02 6.04142969458518960812e-02
2.19212658287308292948e-01 4.82781757211161721699e+00 -9.58096181614863984244e-01 1.53820750115507792088e+02 6.23746069476446077240e-02
2.22992680900658574172e-01 4.82956500712250225149e+00 -9.57957677720679967592e-01 1.53815350359804199343e+02 6.43637155494243412557e-02
2.26769281906599701193e-01 4.83132277959575251458e+00 -9.57816550670184008176e-01 1.53809873097525638741e+02 6.63822430653432798975e-02
2.30542403356835262640e-01 4.83309088408600473485e+00 -9.57672789663003287686e-01 1.53804318379396420369e+02 6.84300905033446704717e-02
2.34311987356459305865e-01 4.83486931482716553177e+00 -9.57526383771984068716e-01 1.53798686256919324933e+02 7.05071589959487404764e-02
2.38077976064844459847e-01 4.83665806571974865591e+00 -9.57377321929998359451e-01 1.53792976781754504145e+02 7.26133506415392177002e-02
2.41840311696529752794e-01 4.83845713031444013552e+00 -9.57225592916829959300e-01 1.53787190004861741954e+02 7.47485693395564254615e-02
2.45598936522107014202e-01 4.84026650179012385422e+00 -9.57071185337928564962e-01 1.53781325975291792929e+02 7.69127221456715332026e-02
2.49353792869107054875e-01 4.84208617293005705307e+00 -9.56914087599870621936e-01 1.53775384738865000145e+02 7.91057208347720336450e-02
2.53104823122884181608e-01 4.84391613608914894940e+00 -9.56754287880808296229e-01 1.53769366336285656871e+02 8.13274837841162917540e-02
2.56851969727500406560e-01 4.84575643379850529158e+00 -9.56591825847232235525e-01 1.53763274031560143840e+02 8.35746399956667218589e-02
2.60595175186608463136e-01 4.84760697354442893214e+00 -9.56426603914066753021e-01 1.53757102495849323986e+02 8.58525584195829472023e-02
2.64334382064334627582e-01 4.84946778497433683697e+00 -9.56258648804500621665e-01 1.53750854216922164142e+02 8.81586768258012382082e-02
2.68069532986158931553e-01 4.85133885992571389778e+00 -9.56087949158039740460e-01 1.53744529293243886059e+02 9.04928525745305467609e-02
2.71800570639796568173e-01 4.85322018996395598833e+00 -9.55914493595322656283e-01 1.53738127829148027104e+02 9.28549363391445031768e-02
2.75527437776076689069e-01 4.85511176639895847273e+00 -9.55738270748984541925e-01 1.53731649936109221244e+02 9.52447701553064685065e-02
2.79250077209821145896e-01 4.85701358029056340371e+00 -9.55559269282414525115e-01 1.53725095733307512091e+02 9.76621862431513859670e-02
2.82968431820721455505e-01 4.85892562247103132478e+00 -9.55377477930734686495e-01 1.53718465349281331100e+02 1.00107004417784098416e-01
2.86682444554216209198e-01 4.86084788356397456965e+00 -9.55192885540444236447e-01 1.53711758923355745310e+02 1.02579029588176162680e-01
2.90392058422365262338e-01 4.86278035401227093359e+00 -9.55005481132567113356e-01 1.53704976607646898401e+02 1.05078047764809959230e-01
2.94097216504725145203e-01 4.86472302411542223410e+00 -9.54815253966645682837e-01 1.53698118569668054079e+02 1.07603822017855912940e-01
2.97797861949222197886e-01 4.86667578290134716923e+00 -9.54622026145373281381e-01 1.53691178549112635210e+02 1.10166743332784713982e-01
3.01493937973024594967e-01 4.86863879180258063428e+00 -9.54426069470518112503e-01 1.53684167668268116813e+02 1.12748579663607337298e-01
3.05185387863413981613e-01 4.87061196189816314472e+00 -9.54227244284797326834e-01 1.53677081121581892376e+02 1.15357274482347116340e-01
3.08872154978655832913e-01 4.87259528103114014641e+00 -9.54025537408330404077e-01 1.53669919020778934282e+02 1.17992714750784988276e-01
3.12554182748867592778e-01 4.87458873663378788876e+00 -9.53820935408277725820e-01 1.53662681477261713781e+02 1.20654796143872256042e-01
3.16231414676888089588e-01 4.87659231572631224338e+00 -9.53613424557848365914e-01 1.53655368602022122104e+02 1.23343424186611080873e-01
3.19903794339143177083e-01 4.87860600487273465831e+00 -9.53402990776502368142e-01 1.53647980503476077274e+02 1.26058520281719516065e-01
3.23571265386512540996e-01 4.88062979017706055629e+00 -9.53189619576473856633e-01 1.53640517287234672494e+02 1.28800023644759148445e-01
3.27233771545193397046e-01 4.88266365723797157727e+00 -9.52973295963363331573e-01 1.53632979053549775017e+02 1.31567897993574850490e-01
3.30891256617564633036e-01 4.88470759113285168951e+00 -9.52754004346690330784e-01 1.53625365896570116320e+02 1.34362137232165473888e-01
3.34543664483048841518e-01 4.88676157635007601954e+00 -9.52531728392661314331e-01 1.53617677900312003203e+02 1.37182774798136841721e-01
3.38190939098973242238e-01 4.88882573731297220831e+00 -9.52306876196681750812e-01 1.53609924086552780409e+02 1.40002882086166624553e-01
3.41833024501430049469e-01 4.89089981503749537950e+00 -9.52078702256776931989e-01 1.53602089090860062015e+02 1.42868791488826640812e-01
3.45469864806134951962e-01 4.89298390376387093426e+00 -9.51847522839408433093e-01 1.53594180069975692504e+02 1.45759387927929001672e-01
3.49101404209284427171e-01 4.89507798759627377194e+00 -9.51613325586940783651e-01 1.53586197195560771434e+02 1.48674423052417098434e-01
3.52727586988412222802e-01 4.89718205026456665507e+00 -9.51376098356411348256e-01 1.53578140644217654653e+02 1.51613627572119269438e-01
3.56348357503244450584e-01 4.89929607514978737726e+00 -9.51135829302112045802e-01 1.53570010599407908103e+02 1.54576706078419834345e-01
3.59963660196552959203e-01 4.90142004526142738285e+00 -9.50892506964119532675e-01 1.53561807250313620443e+02 1.57563331493381697523e-01
3.63573439595008318648e-01 4.90355394326369342650e+00 -9.50646120374069703018e-01 1.53553530793813251876e+02 1.60573138436911427851e-01
3.67177640310030473092e-01 4.90569775147857356501e+00 -9.50396659216954042826e-01 1.53545181434991604874e+02 1.63605713050657408658e-01
3.70776207038639005198e-01 4.90785145188362825763e+00 -9.50144113965881942363e-01 1.53536759387318909376e+02 1.66660584551473672787e-01
3.74369084564301513041e-01 4.91001502613337503789e+00 -9.49888476099886358561e-01 1.53528264874334695378e+02 1.69737211535912174698e-01
3.77956217757780987831e-01 4.91218836340516151751e+00 -9.49628838256849516775e-01 1.53519692234090740612e+02 1.72892010168905763123e-01
3.81537551577981803863e-01 4.91437160719823040722e+00 -9.49366753014554087819e-01 1.53511052105698752257e+02 1.76025475101625777929e-01
3.85113031072793543519e-01 4.91656466315768980735e+00 -9.49101496515214360095e-01 1.53502339944544189621e+02 1.79182386974008622804e-01
3.88682601379935599439e-01 4.91876751083937424625e+00 -9.48833052328835968581e-01 1.53493555965807502162e+02 1.82362676433338338766e-01
3.92246207727797613352e-01 4.92098012938155360274e+00 -9.48561403447715112414e-01 1.53484700390272195136e+02 1.85566303755593159375e-01
3.95803795436280247966e-01 4.92320249753249949975e+00 -9.48286532142863625161e-01 1.53475773446395066912e+02 1.88793267959363131325e-01
3.99355309917634848649e-01 4.92543459368128822007e+00 -9.48008419949662339832e-01 1.53466775372592593385e+02 1.92043607729324772304e-01
4.02900696677300329540e-01 4.92767639582771810325e+00 -9.47727047384407716990e-01 1.53457706415654598686e+02 1.95317419365779149087e-01
4.06439901314739726601e-01 4.92992788162365869198e+00 -9.47442393774292623831e-01 1.53448566833690989597e+02 1.98614867538354528120e-01
4.09972869524274474706e-01 4.93218902841545947524e+00 -9.47154437130899085062e-01 1.53439356899147270497e+02 2.01936193273796665837e-01
4.13499547095918296158e-01 4.93445981322169213712e+00 -9.46863153645972288608e-01 1.53430076897701383132e+02 2.05281745815381916342e-01
4.17019879916208535686e-01 4.93674021281445174480e+00 -9.46568517516194751771e-01 1.53420727133734459358e+02 2.08651993644338701328e-01
4.20533813969036496250e-01 4.93902997712944280551e+00 -9.46272561229886899348e-01 1.53411293764268634732e+02 2.11917276648446839538e-01
4.24041295336476609101e-01 4.94132947442018988227e+00 -9.45971645777447633918e-01 1.53401801642669596504e+02 2.15306507897688348407e-01
4.27542270199613438919e-01 4.94363850001737770157e+00 -9.45667405530099203226e-01 1.53392239832066451299e+02 2.18715162336769741724e-01
4.31036684839367689737e-01 4.94595702641148804446e+00 -9.45359829065896106748e-01 1.53382608509925660201e+02 2.22142777385778172894e-01
4.34524485637320267983e-01 4.94828502528678804140e+00 -9.45048905643847581004e-01 1.53372907839368338045e+02 2.25588841716818977456e-01
4.38005619076534846723e-01 4.95062246753552770429e+00 -9.44734625715476283858e-01 1.53363137970534523902e+02 2.29052763106537687898e-01
4.41480031742379597226e-01 4.95296932311665027981e+00 -9.44416980765735769587e-01 1.53353299032085686804e+02 2.32533878658271464523e-01
4.44947670323346589072e-01 4.95532556092777731749e+00 -9.44095963624323797347e-01 1.53343391123602174275e+02 2.36031435329766642317e-01
4.48408481611869302874e-01 4.95769114884874984028e+00 -9.43771569151064415593e-01 1.53333414318855858482e+02 2.39544546910789052374e-01
4.51862412505139754426e-01 4.96006605348860851734e+00 -9.43443794243939759525e-01 1.53323368650326273155e+02 2.43072193765770161455e-01
4.55309410005922676756e-01 4.96245024005426582647e+00 -9.43112638372818112842e-01 1.53313254101467322243e+02 2.46613189445036462555e-01
4.58749421223369369116e-01 4.96484367220858224812e+00 -9.42778104159800123263e-01 1.53303070598333846419e+02 2.50166144412721724866e-01
4.62182393373828603877e-01 4.96724762536680586322e+00 -9.42436128349918189606e-01 1.53292900399371006870e+02 2.53986026566705935803e-01
4.65608273781656922807e-01 4.96965974592773473972e+00 -9.42093911376485682041e-01 1.53282598106203522548e+02 2.57617524000300412990e-01
4.69027009880027045963e-01 4.97208106274823258275e+00 -9.41748137905088600341e-01 1.53272230607898620747e+02 2.61268482124034140401e-01
4.72438549211733671562e-01 4.97451154629664138440e+00 -9.41398785715965469301e-01 1.53261798415746341107e+02 2.64939052404393693418e-01
4.75842839429999664436e-01 4.97695116692709227380e+00 -9.41045831227016127407e-01 1.53251302074831187383e+02 2.68629467015297662691e-01
4.79239828299277970114e-01 4.97939989543473959799e+00 -9.40689249238894409366e-01 1.53240742199354798458e+02 2.72340054952147747613e-01
4.82629463696053917499e-01 4.98185770293634444528e+00 -9.40329012542756137449e-01 1.53230119465439742044e+02 2.76071266700729123222e-01
4.86011693609644690461e-01 4.98432456111074806415e+00 -9.39965091734250135502e-01 1.53219434626605021776e+02 2.79823685929783516624e-01
4.89386466142997689222e-01 4.98680044250304366216e+00 -9.39597454451727931435e-01 1.53208688533162586509e+02 2.83598077384544955404e-01
4.92753729513486060654e-01 4.98928532074478336966e+00 -9.39226065211413052580e-01 1.53197882146363184575e+02 2.87395397166657684540e-01
4.96113432053704617175e-01 4.99177917081801947319e+00 -9.38850884466814750162e-01 1.53187016555190069766e+02 2.91216851761600281634e-01
4.99465522212260704116e-01 4.99428196959899661778e+00 -9.38471868156355637502e-01 1.53176093010743841205e+02 2.95063926325697167830e-01
5.02809948554567842649e-01 4.99678978649250282729e+00 -9.38096034564212089002e-01 1.53164868135198020127e+02 2.98494013949890224513e-01
5.06146659763632045248e-01 4.99930955521760012061e+00 -9.37710748200922261653e-01 1.53153778978398406707e+02 3.02300491139190774526e-01
5.09475604640841184256e-01 5.00183803499523893521e+00 -9.37321784391310197648e-01 1.53142625390544623087e+02 3.06118817863943737390e-01
5.12796732106749808544e-01 5.00437517824832234226e+00 -9.36929136317329769312e-01 1.53131407281047188462e+02 3.09948132994503688931e-01
5.16109991201863405053e-01 5.00692093501329793526e+00 -9.36532798665597021603e-01 1.53120124457462878809e+02 3.13787478525623830805e-01
5.19415331087419551714e-01 5.00947525311215713373e+00 -9.36132768306168094874e-01 1.53108776637064465831e+02 3.17635757323220635495e-01
5.22712701046168959351e-01 5.01203807771120235515e+00 -9.35729044816693389386e-01 1.53097363419931411954e+02 3.21491700574240091282e-01
5.26002050483152849836e-01 5.01460935066614155176e+00 -9.35321630637280354570e-01 1.53085884248658828710e+02 3.25353858422571418085e-01
5.29283328926479668119e-01 5.01718901056295774055e+00 -9.34910532345236466867e-01 1.53074338411898764889e+02 3.29220520520509540852e-01
5.32556486028099573815e-01 5.01977699168911417615e+00 -9.34495760350025572727e-01 1.53062724980694497390e+02 3.33089735577472900729e-01
5.35821471564576490287e-01 5.02237322387389184541e+00 -9.34077330695258112314e-01 1.53051042799649223980e+02 3.36959199003729836797e-01
5.39078235437859709656e-01 5.02497763084197046624e+00 -9.33655264990255306934e-01 1.53039290384796998978e+02 3.40826257693289280670e-01
5.42326727676051723037e-01 5.02759013202515792074e+00 -9.33229591828420579347e-01 1.53027466039163698497e+02 3.44687822596823345567e-01
5.45566898434175162613e-01 5.03022149007808039300e+00 -9.32787161966831868121e-01 1.53016244940452025958e+02 3.49366985936747698194e-01
5.48798697994937745293e-01 5.03285215133136443200e+00 -9.32351659858303039030e-01 1.53004409735621891286e+02 3.53377292661816999608e-01
5.52022076769495328996e-01 5.03549106123706557980e+00 -9.31912155859279556225e-01 1.52992522452609705397e+02 3.57402847177107463317e-01
5.55236985298212415429e-01 5.03813817532360097573e+00 -9.31468601026375964125e-01 1.52980583836562118449e+02 3.61445397986507432897e-01
5.58443374251421431609e-01 5.04079347202774208370e+00 -9.31020980405708686867e-01 1.52968596122937128712e+02 3.65504569704834525457e-01
5.61641194430179235830e-01 5.04345691851000488271e+00 -9.30569250570308037496e-01 1.52956560890946917652e+02 3.69581765011841423263e-01
5.64830396767022624438e-01 5.04612848806285541059e+00 -9.30113372223840495501e-01 1.52944480157144454324e+02 3.73678127897600353968e-01
5.68010932326720507923e-01 5.04880816057051706736e+00 -9.29653298260778471196e-01 1.52932356402325780209e+02 3.77795290090293556240e-01
5.71182752307025198846e-01 5.05149591635356021158e+00 -9.29188980184065371759e-01 1.52920192188011867529e+02 3.81934969038859373214e-01
5.74345808039421146240e-01 5.05419174200137977238e+00 -9.28720373435854118505e-01 1.52907990521741112389e+02 3.86098636240720938240e-01
5.77500050989871893670e-01 5.05689564027812910041e+00 -9.28247377159675535196e-01 1.52895755465703047093e+02 3.90291277891279986267e-01
5.80645432759564483760e-01 5.05960761021424332284e+00 -9.27769963662629648660e-01 1.52883490913750648588e+02 3.94513311769890850922e-01
5.83781905085652308429e-01 5.06232765593676958815e+00 -9.27288016253116742504e-01 1.52871201117728247709e+02 3.98770707393527767959e-01
5.86909419841995516620e-01 5.06503078995425237707e+00 -9.26822953912153968403e-01 1.52857336055412190490e+02 4.01722986996621178601e-01
5.90027929039899312613e-01 5.06776212572134454604e+00 -9.26336197350529189087e-01 1.52844706327935142554e+02 4.05781376756028155928e-01
5.93137384828850811047e-01 5.07050085999413457927e+00 -9.25845013554190465754e-01 1.52832021766723244127e+02 4.09864601705088982264e-01
5.96237739497252783316e-01 5.07324676035630695026e+00 -9.25349915176979176401e-01 1.52819272262854411792e+02 4.13939404196695059923e-01
5.99328945473155960677e-01 5.07599975638788336596e+00 -9.24850806169786765487e-01 1.52806457769146135206e+02 4.18010492592185312066e-01
6.02410955324989116910e-01 5.07875973388146295662e+00 -9.24347710687644541494e-01 1.52793575597176186420e+02 4.22075084505208475427e-01
6.05483721762286153378e-01 5.08152668124466799782e+00 -9.23840552548772397934e-01 1.52780629493242145145e+02 4.26136664980333979003e-01
6.08547197636412851018e-01 5.08430025459283552181e+00 -9.23329464599352722765e-01 1.52767602634002940931e+02 4.30185660338891384669e-01
6.11601335941289292464e-01 5.08708051520161230741e+00 -9.22814446794256282303e-01 1.52754503451406492331e+02 4.34220846546519934073e-01
6.14646089814111729055e-01 5.08986726169870173919e+00 -9.22295518879496900588e-01 1.52741324112427292903e+02 4.38239729671890343443e-01
6.17681412536071339225e-01 5.09266034607145279267e+00 -9.21772723081961009584e-01 1.52728060181413525243e+02 4.42238436380479160714e-01
6.20707257533071432576e-01 5.09545956446124659323e+00 -9.21246132267390605008e-01 1.52714703834161241502e+02 4.46211190179163885716e-01
6.23723578376441656346e-01 5.09826482625101373714e+00 -9.20715688327989778550e-01 1.52701254333016066767e+02 4.50160380984741814725e-01
6.26730328783650536550e-01 5.10107574808708807979e+00 -9.20181873967791608138e-01 1.52687692943568663395e+02 4.54054777692362354635e-01
6.29727462619016020717e-01 5.10395630358568830331e+00 -9.19573630721337575977e-01 1.52677980510315961737e+02 4.62314824170728777553e-01
6.32714933894412689952e-01 5.10678397301118636165e+00 -9.19057185912129259719e-01 1.52664550496774978683e+02 4.64600342662194631949e-01
6.35692696769977860782e-01 5.10961921416434883270e+00 -9.18542139666924328800e-01 1.52651143331686853344e+02 4.66533303946301713960e-01
6.38660705554815355534e-01 5.11244904982353798317e+00 -9.18014479404445804533e-01 1.52636956933769766920e+02 4.68978905921579369842e-01
6.41618914707695386923e-01 5.11532343412664314286e+00 -9.17387823645745226209e-01 1.52625075201064419161e+02 4.77298366646313865225e-01
6.44567278837754553678e-01 5.11818296184044996266e+00 -9.16822835273060965378e-01 1.52611853531693299146e+02 4.81520145203105154330e-01
6.47505752705191617302e-01 5.12104983509613997938e+00 -9.16252008611446178143e-01 1.52598659947040943052e+02 4.85832027607252192603e-01
6.50434291221961835561e-01 5.12392347526458102891e+00 -9.15676385939860004726e-01 1.52585464243701636633e+02 4.90168146765591172809e-01
6.53352849452468964486e-01 5.12680403567553089061e+00 -9.15095880164440766968e-01 1.52572281402093864244e+02 4.94532776162116383123e-01
6.56261382614254484835e-01 5.12969171488082675836e+00 -9.14509665959350570574e-01 1.52559129089316229511e+02 4.98975878193961053242e-01
6.59159846078685274229e-01 5.13258603638872124009e+00 -9.13918641161768130488e-01 1.52545983655145846569e+02 5.03440648769630905157e-01
6.62048195371637282491e-01 5.13548798559425900834e+00 -9.13324444561148807153e-01 1.52532912106953915554e+02 5.07824889105937371525e-01
6.64926386174179318012e-01 5.13839653351613190324e+00 -9.12720020799834275138e-01 1.52519855012484327972e+02 5.12563403911415860215e-01
6.67794374323251838099e-01 5.14131563718566031440e+00 -9.12117004394605745965e-01 1.52507065308283301874e+02 5.16936916795723844231e-01
6.70652115812345961388e-01 5.14411403456156790526e+00 -9.11558880938687421391e-01 1.52486452510198688515e+02 5.18229043166058334080e-01
6.73499566792176929120e-01 5.14702348933433384559e+00 -9.10953648920393987964e-01 1.52472317636170913602e+02 5.22174625517648927087e-01
6.76336683571358565636e-01 5.14993772068774013917e+00 -9.10342802595853095582e-01 1.52458110576481516318e+02 5.26184955586250002746e-01
6.79163422617073186949e-01 5.15286062417877754882e+00 -9.09724721143986836402e-01 1.52444077542135545400e+02 5.30359878443398713443e-01
6.81979740555738733754e-01 5.15578509525442640893e+00 -9.09100801744219477740e-01 1.52429786824117968536e+02 5.34610390623037168289e-01
6.84785594173675460361e-01 5.15871172620682560961e+00 -9.08478077150470908485e-01 1.52415283286453217215e+02 5.38502007608732569111e-01
6.87580940417768404771e-01 5.16164133033100469561e+00 -9.07854226744505998781e-01 1.52400623209177496165e+02 5.42177346498762369187e-01
6.90365736396128082397e-01 5.16458146477459045798e+00 -9.07219383990862437983e-01 1.52386276418305953939e+02 5.46245395721818405299e-01
6.93139939378748737298e-01 5.16752131904347944413e+00 -9.06575025117251631634e-01 1.52371583790561516025e+02 5.50611241576966947697e-01
6.95903506798163817848e-01 5.17046346551209179410e+00 -9.05931478298883097189e-01 1.52356713356828009864e+02 5.54638484868004488781e-01
6.98656396250099120948e-01 5.17340978906879467303e+00 -9.05286675717641431405e-01 1.52341787613495512232e+02 5.58454335672265433921e-01
7.01398565494123937825e-01 5.17635495643620036077e+00 -9.04637324846563561920e-01 1.52326484592426709241e+02 5.62259322765979563385e-01
7.04129972454298314055e-01 5.17930435699429647656e+00 -9.03983320705006754281e-01 1.52311143062960979933e+02 5.66060465281144176153e-01
7.06850575219819421413e-01 5.18225756019087047122e+00 -9.03326390261633305201e-01 1.52295744125117039403e+02 5.69750692450799900435e-01
7.09560332045664265976e-01 5.18543312711003689941e+00 -9.02630591912451318848e-01 1.52293716167399992401e+02 5.75597104811685356118e-01
7.12259201353230508857e-01 5.18842049053641929390e+00 -9.01924329171073346778e-01 1.52279838620448742859e+02 5.81741662342898147031e-01
7.14947141730974067286e-01 5.19144519907817958426e+00 -9.01208780721705515759e-01 1.52267982202556737548e+02 5.88171506030603419291e-01
7.17624111935044939337e-01 5.19440187548887788438e+00 -9.00589845361962959558e-01 1.52251713022213408522e+02 5.88355549627172957905e-01
7.20290070889919697983e-01 5.19741754671582256719e+00 -8.99867985442758255843e-01 1.52238782774705612155e+02 5.94579832489727788669e-01
7.22944977689031653689e-01 5.20042408468972183755e+00 -8.99142121677754313502e-01 1.52225043673570894498e+02 6.00750132246571144634e-01
7.25588791595399018597e-01 5.20343058236711009101e+00 -8.98411643632947121141e-01 1.52211061711802528862e+02 6.06905827050280066715e-01
7.28221472042250406176e-01 5.20644529279282153311e+00 -8.97784910951990533512e-01 1.52197382690193080634e+02 6.06406356395328804965e-01
7.30842978633645223852e-01 5.20946950770376648876e+00 -8.97075464655177623463e-01 1.52184039068389523663e+02 6.10684498861486679822e-01
7.33453271145096175054e-01 5.21250549356921233368e+00 -8.96357899682402980979e-01 1.52171198917400914752e+02 6.15165997818751142390e-01
7.36052309524184211753e-01 5.21554068484747546108e+00 -8.95633964727464593203e-01 1.52158100845462598727e+02 6.19739357506550625487e-01
7.38640053891175041301e-01 5.21858485029572438663e+00 -8.94906341639307378877e-01 1.52145352088808749613e+02 6.24242828628810531022e-01
7.41216464539629305008e-01 5.22163486630680662159e+00 -8.94174521002163325001e-01 1.52132769280323316252e+02 6.28706344249953086312e-01
7.43781501937012756720e-01 5.22467941358351417591e+00 -8.93436783252247401776e-01 1.52119667711242271935e+02 6.33231241661586730096e-01
7.46335126725303221740e-01 5.22775547205811541573e+00 -8.92693175854629927812e-01 1.52108317634080492553e+02 6.37825857554692565721e-01
7.48877299721593336912e-01 5.23039643978549406711e+00 -8.92022060659074189637e-01 1.52070230774433582610e+02 6.37551012032213315628e-01
7.51407981918692846612e-01 5.23341170985553372219e+00 -8.91279910851903056646e-01 1.52054853608342625648e+02 6.41438572009232044202e-01
7.53927134485726568869e-01 5.23642744858187025869e+00 -8.90532512397410491722e-01 1.52039357945951735473e+02 6.45347404640074895354e-01
7.56434718768730363081e-01 5.23944700022696085995e+00 -8.89778684147017884243e-01 1.52023956602642357439e+02 6.49350508317234065281e-01
7.58930696291243989116e-01 5.24246389968042425522e+00 -8.89026085230189000441e-01 1.52008266451400174901e+02 6.52978066434155124398e-01
7.61415028754902523112e-01 5.24547613889892794248e+00 -8.88263589792908536680e-01 1.51992170730905002074e+02 6.56908443298653277331e-01
7.63887678040022333192e-01 5.24849509759438337397e+00 -8.87491088627363589048e-01 1.51976373013149014923e+02 6.61151727886415851998e-01
7.66348606206187388246e-01 5.25149757603057398825e+00 -8.86735984905416052548e-01 1.51959477353148628254e+02 6.64029061037949008828e-01
7.68797775492830681721e-01 5.25454172290319299066e+00 -8.85981662084032173254e-01 1.51945032471244587668e+02 6.66574660335825464053e-01
7.71235148319813990092e-01 5.25757099464366284280e+00 -8.85152293135767931354e-01 1.51929574075310426906e+02 6.73388811816886034833e-01
7.73660687288004522699e-01 5.26051333187948610970e+00 -8.84331082461320305832e-01 1.51908753610094549913e+02 6.79374287813169552841e-01
7.76074355179848351938e-01 5.26358846413920744567e+00 -8.83507293236176383111e-01 1.51895958618721266475e+02 6.85263843153938179142e-01
7.78476114959941845051e-01 5.26658703346247758503e+00 -8.82696566313929342762e-01 1.51878456330206830671e+02 6.90031478685604882095e-01
7.80865929775599765250e-01 5.26949724171270617035e+00 -8.82052448117579435127e-01 1.51855600979667883621e+02 6.84333792773731630632e-01
7.83243762957420930348e-01 5.27227845270892725438e+00 -8.81388665400784199200e-01 1.51824870891433960196e+02 6.79493598794589037659e-01
7.85609578019850984809e-01 5.27537172993608916016e+00 -8.80690302110198497409e-01 1.51813086863440730667e+02 6.76579462953967536443e-01
7.87963338661741508062e-01 5.27931995178232860155e+00 -8.79316857023299314200e-01 1.51852984664767546974e+02 7.14717267510977194434e-01
7.90305008766907790552e-01 5.28233876005202684922e+00 -8.78619854923003540392e-01 1.51836643545780049180e+02 7.11098761835782910978e-01
7.92634552404682946047e-01 5.28535798029438375067e+00 -8.77956483059822434534e-01 1.51820352717351539695e+02 7.05149021518012397713e-01
7.94951933830468693287e-01 5.28848659783904828657e+00 -8.77038983004937877652e-01 1.51810626518470712654e+02 7.14381027851187400124e-01
7.97257117486284361263e-01 5.29157182717861740429e+00 -8.76034694518197598612e-01 1.51798260430135599108e+02 7.28566159293659310059e-01
7.99550068001312008725e-01 5.29465262746080789213e+00 -8.75363496338542712571e-01 1.51785798568536307585e+02 7.22245678189770035083e-01
8.01830750192439767332e-01 5.29767127156558359502e+00 -8.74682663629600565258e-01 1.51769617029407555719e+02 7.16200958589069291982e-01
8.04099129064801410038e-01 5.30113394185160036187e+00 -8.73948165302118273878e-01 1.51780395987116406786e+02 7.13305707013867307253e-01
8.06355169812312477795e-01 5.30384532421021415161e+00 -8.73130809785655048749e-01 1.51745675463773466163e+02 7.14843663046662358695e-01
8.08598837818206295225e-01 5.30688797657415722853e+00 -8.72346176713641341394e-01 1.51731136653755669386e+02 7.14247413859559143745e-01
8.10830098655563102916e-01 5.31003419281305433231e+00 -8.71492665957000700594e-01 1.51722939330297890592e+02 7.17581486339861074342e-01
8.13048918087839522784e-01 5.31301060850414241798e+00 -8.70546864241276030505e-01 1.51704531413336951573e+02 7.26146633104811201065e-01
8.15255262069393138447e-01 5.31631036127428213689e+00 -8.69412765875552162598e-01 1.51705731287455705569e+02 7.45955358037402871396e-01
8.17449096746005965386e-01 5.31943825965096017683e+00 -8.68530394710403941261e-01 1.51696765337543951091e+02 7.50173088876000759839e-01
8.19630388455402592029e-01 5.32256215688209355363e+00 -8.67632907443227407995e-01 1.51687692704651169606e+02 7.55023138362383772204e-01
8.21799103727767876748e-01 5.32574471373462277057e+00 -8.66717082366904589819e-01 1.51682311643797703482e+02 7.60728839518500787875e-01
8.23955209286259315782e-01 5.32772985043418589868e+00 -8.65229410537769028089e-01 1.51604488784356874476e+02 8.00169342829639584913e-01
8.26098672047518967076e-01 5.33055740384284604261e+00 -8.64854441353628877742e-01 1.51578275378600778822e+02 7.72482001677470275780e-01
8.28229459122179711983e-01 5.33327697800042965781e+00 -8.64397321966934861770e-01 1.51545712146330828318e+02 7.49454952495837267712e-01
8.30347537815371183889e-01 5.33638486461723715593e+00 -8.63334241078476893883e-01 1.51536527686048088981e+02 7.62916340304500173453e-01
8.32452875627220700849e-01 5.33942714356592773584e+00 -8.62263805468476252081e-01 1.51523596585814658511e+02 7.76516038061113578195e-01
8.34545440253351977766e-01 5.34243480203264553552e+00 -8.61198329549981544950e-01 1.51508809858940821869e+02 7.89526806243533774143e-01
8.36625199585380951994e-01 5.34543630138823822051e+00 -8.60191477693788453251e-01 1.51493923769114161360e+02 7.98729700151934007835e-01
8.38692121711408611340e-01 5.34847245348971522816e+00 -8.59163243240576357529e-01 1.51481373195185454961e+02 8.08971649004569415276e-01
8.40746174916510269348e-01 5.35082262283139797887e+00 -8.59254437751145738744e-01 1.51428313345659518063e+02 7.51194964463476999583e-01
8.42787327683222509123e-01 5.35318965733561302756e+00 -8.59437373595405840199e-01 1.51376626557632988579e+02 6.87699759173795555078e-01
8.44815548692026907496e-01 5.35721282461237269246e+00 -8.55995252746444834635e-01 1.51423190940987240083e+02 8.42954998375402442257e-01
8.46830806821829651376e-01 5.36087342007525169407e+00 -8.53285506622251666009e-01 1.51448506964057742152e+02 9.53657784941819852698e-01
8.48833071150440821029e-01 5.36436047790833914206e+00 -8.50335797693693162813e-01 1.51463497126421628991e+02 1.07841179883894877634e+00
8.50822310955046900993e-01 5.36791096219954511071e+00 -8.49347014395688049149e-01 1.51483678367676787957e+02 1.08496031109286894534e+00
8.52798495712683735093e-01 5.36687383870000633834e+00 -8.54764854175544819270e-01 1.51231844501477894482e+02 7.03783294118660140981e-01
8.54761595100703930328e-01 5.36611373316242623588e+00 -8.62190829821100623853e-01 1.50997764241401341678e+02 2.02808550799786602159e-01
8.56711578997242706457e-01 5.37187713312626069495e+00 -8.54777561360654747347e-01 1.51149160242433339363e+02 5.95325723561761055436e-01
8.58648417481679637753e-01 5.37793787403108680678e+00 -8.49192754251361758833e-01 1.51319221644471099353e+02 8.78182842757434856118e-01
8.60572080835097841245e-01 5.38760689771007950100e+00 -8.46534344251906656353e-01 1.51707845602217730629e+02 9.87274326852120909237e-01
8.62482539540740500428e-01 5.38809075903777667804e+00 -8.43468607479341492272e-01 1.51544809129377966883e+02 1.11546777494881821369e+00
8.64379764284463170121e-01 5.38555131135718578861e+00 -8.49559445307999538954e-01 1.51206179542403589267e+02 6.92278952272183611960e-01
8.66263725955183860883e-01 5.39071571421182937911e+00 -8.47090706503271229089e-01 1.51325531642307055336e+02 7.86680179105463173173e-01
8.68134395645329126623e-01 5.39385019525534659124e+00 -8.45054063579182557220e-01 1.51323799632697785000e+02 8.53868196633532638984e-01
8.69991744651278930966e-01 5.39622472101245698184e+00 -8.43237793032854732189e-01 1.51277101346348302968e+02 9.07171513441163535063e-01
8.71835744473805518417e-01 5.40196728730784947459e+00 -8.41757667021129196705e-01 1.51432900085668705970e+02 9.42044501849403914662e-01
8.73666366818512285519e-01 5.40430624233507206355e+00 -8.42601200651875159586e-01 1.51386555041999088189e+02 8.35541087119908931768e-01
8.75483583596266101701e-01 5.40453749293840868262e+00 -8.43383517751932099138e-01 1.51214526444963695440e+02 7.31444458094589800012e-01
8.77287366923630518301e-01 5.40654018990781182197e+00 -8.44233688402944992824e-01 1.51149208052762844545e+02 6.24199577994834609029e-01
8.79077689123291206030e-01 5.40838112450488317506e+00 -8.45150470939905251733e-01 1.51074833998563917703e+02 5.12806979674415130965e-01
8.80854522724482724705e-01 5.41102997805729124536e+00 -8.44517631480531272281e-01 1.51048561832189648158e+02 4.94370085887274213210e-01
8.82617840463408520613e-01 5.42035900589827157603e+00 -8.33821532951130706124e-01 1.51416456047141593899e+02 1.08127067231721607499e+00
8.84367615283660701841e-01 5.42857563935001419253e+00 -8.27823085244897227675e-01 1.51720794808668330234e+02 1.38707592180736960508e+00
8.86103820336633374311e-01 5.43077842799713028654e+00 -8.27333444757883729181e-01 1.51669481370941241494e+02 1.35896062745285362006e+00
8.87826428981936643936e-01 5.43000263838293584229e+00 -8.26744750310820619710e-01 1.51440663390259430798e+02 1.33454963009641991434e+00
8.89535414787803402348e-01 5.43345925553037911726e+00 -8.26146684816973286836e-01 1.51465636210970302500e+02 1.31352881123341735936e+00
8.91230751531496778739e-01 5.43162345644492372543e+00 -8.25250266671947896313e-01 1.51174975400364900224e+02 1.30647560872407741961e+00
8.92912413199710819356e-01 5.43769712383703929248e+00 -8.24453989300626077785e-01 1.51357411690529630732e+02 1.29888465905554584268e+00
8.94580373988970722898e-01 5.43995690791193187152e+00 -8.25283761636282364726e-01 1.51313976519573770929e+02 1.19142899604319785212e+00
8.96234608306028635027e-01 5.43632745583407839263e+00 -8.37139914316357147683e-01 1.50926881220327771871e+02 4.22900513763075691642e-01
8.97875090768255890161e-01 5.44860172718679347525e+00 -8.18471325369657720650e-01 1.51469367428365785599e+02 1.48475655800785322214e+00
8.99501796204032810778e-01 5.44876111846659494375e+00 -8.32770150779697959642e-01 1.51311861771299760449e+02 5.72202358737567973179e-01
9.01114699653134842983e-01 5.44533505946787599328e+00 -8.29319203658172354743e-01 1.50930007040171801691e+02 7.16357064698655787716e-01
9.02713776367115805499e-01 5.44878640364621258385e+00 -8.25630201601488256102e-01 1.50958486309004143777e+02 8.78576699508854530585e-01
9.04299001809687252873e-01 5.45211023122760707338e+00 -8.21926394753268785287e-01 1.50980028546728107131e+02 1.04144971354362581017e+00
9.05870351657095174147e-01 5.45929588721068181911e+00 -8.18279479352524985458e-01 1.51232176744177252203e+02 1.20362200999102664234e+00
9.07427801798493138818e-01 5.46399551522321580421e+00 -8.14229227267075139629e-01 1.51336711717814324629e+02 1.38805844670720079925e+00
9.08971328336312445195e-01 5.45960058095274991530e+00 -8.22698407299915279722e-01 1.50910020532013987804e+02 8.20772477326712435186e-01
9.10500907586628160928e-01 5.45432758054825406191e+00 -8.21471170010110496307e-01 1.50425987127248333763e+02 8.30164549576846710899e-01
9.12016516079523720251e-01 5.46879233218583582499e+00 -8.20045665788777800032e-01 1.51115067344934828952e+02 8.64668844855860485588e-01
9.13518130559449748063e-01 5.46168590772327355864e+00 -8.19952992531669644372e-01 1.50524661919638845120e+02 8.05246873703639565178e-01
9.15005727985581884809e-01 5.46759311905354827843e+00 -8.20369235448665912180e-01 1.50708325000250738412e+02 7.24529995975699891986e-01
9.16479285532173615358e-01 5.46402004441999622486e+00 -8.17176834771243476574e-01 1.50328157254653632435e+02 8.51347169978820206282e-01
9.17938780588907099478e-01 5.46894150118612287770e+00 -8.14093863816893636987e-01 1.50452628491832285818e+02 9.77431983040016105768e-01
9.19384190761239561418e-01 5.48168273741500833296e+00 -8.11167151897326688115e-01 1.51041962898331945553e+02 1.10025677692630696747e+00
9.20815493870747459049e-01 5.48007184149615245161e+00 -8.08157185457010762697e-01 1.50780715426594895234e+02 1.21721215987146624826e+00
9.22232667955466323129e-01 5.48626659339802102977e+00 -8.05332648278616725079e-01 1.50983610162985229408e+02 1.32925409710326580814e+00
9.23635691270227932037e-01 5.48458526077974362067e+00 -8.06455091251977784772e-01 1.50723653190121126499e+02 1.20092933135108470566e+00
9.25024542286994155837e-01 5.48748026370024799547e+00 -8.07645815499014374517e-01 1.50736110345822453382e+02 1.07239030347244357344e+00
9.26399199695186803538e-01 5.49003650680574306620e+00 -8.05921889983144290603e-01 1.50727256086601670404e+02 1.11632634169999733764e+00
9.27759642402015138885e-01 5.48793827815955381766e+00 -8.11243812725319868306e-01 1.50449386168806483965e+02 7.39737905248150529047e-01
9.29105849532799177304e-01 5.48685898621874024172e+00 -8.16444914738276183996e-01 1.50232752100456622202e+02 3.71858048008057939793e-01
9.30437800431290207293e-01 5.49833054152680933413e+00 -8.13145298569477481543e-01 1.50753552332805980996e+02 5.15295481550266054604e-01
9.31755474659987315000e-01 5.50670264847836143929e+00 -8.11594029033202102319e-01 1.51093612464131012985e+02 5.53513581993098746636e-01
9.33058852000451910413e-01 5.49983479290111532123e+00 -8.10014356463739759739e-01 1.50532801220544740772e+02 5.82711887544833273544e-01
9.34347912453616813444e-01 5.50556536542902019704e+00 -8.08321554313821577509e-01 1.50718420725546593530e+02 6.27645512620402468151e-01
9.35622636240093785709e-01 5.51883861167436329254e+00 -8.06714662594119946704e-01 1.51351785200154779432e+02 6.73296791738199340571e-01
9.36883003800477065504e-01 5.54876741063849010516e+00 -8.05579594867534720670e-01 1.52977760003793235910e+02 7.03838634041203836667e-01
9.38128995795643128019e-01 5.53076056049644382284e+00 -8.03268802903638223789e-01 1.51756589388291274645e+02 7.68293319991698364646e-01
9.39360593107047781025e-01 5.51914844023311790266e+00 -8.00458882237537472371e-01 1.50919416504976652504e+02 8.66565152339515254454e-01
9.40577776837019263745e-01 5.51511934138156068030e+00 -7.97703373304131324595e-01 1.50533405760333494072e+02 9.67247468826300194067e-01
9.41780528309048348135e-01 5.49739552988612523166e+00 -7.91235788078737845019e-01 1.49339968816791241579e+02 1.27422846905418385433e+00
9.42968829068074665400e-01 5.50028328947750733136e+00 -7.84920564668154518984e-01 1.49361683700552504206e+02 1.58940082698315077181e+00
9.44142660880770479004e-01 5.53418851448521831315e+00 -7.81312423346992690476e-01 1.51215196614451940604e+02 1.77658923625849674011e+00
9.45302005735819794729e-01 5.56515877366054834141e+00 -8.41179017001772888484e-01 1.52948421029716655539e+02 -1.80906933521871904347e+00
9.46446845844195028263e-01 5.50307488876477890472e+00 -8.45947655658202068985e-01 1.49144028308058835819e+02 -2.16377980756532561912e+00
9.47577163639429898012e-01 5.53322176986621450112e+00 -7.95832474009312118568e-01 1.50753455338816308995e+02 7.44248538023582262291e-01
9.48692941777889098276e-01 5.62385793408640921598e+00 -7.62804477425198079743e-01 1.55973366937052730918e+02 2.74147836787661658420e+00
9.49794163139034308685e-01 5.49778301631637500435e+00 -8.08842063230769681148e-01 1.48411550059164255799e+02 -1.59356109387974981262e-01
9.50880810825686872967e-01 5.50948488076876063957e+00 -8.16983994908946575819e-01 1.48969369279435397857e+02 -6.84519432332114208251e-01
9.51952868164287147046e-01 5.52859030184604272051e+00 -8.24302463027172804821e-01 1.49962926338252543701e+02 -1.15915558413994301823e+00
9.53010318705150072383e-01 5.52375444530930348463e+00 -8.08200295060294449101e-01 1.49539774656473639425e+02 -2.71241409508304942566e-01
9.54053146222718195801e-01 5.55494114476320621776e+00 -8.04959514615418592065e-01 1.51243507222180880945e+02 -1.14715386817182282697e-01
9.55081334715809804337e-01 5.63918177346365556701e+00 -8.02458075424525962838e-01 1.56120669919526392277e+02 3.74869947402754616350e-02
9.56094868407865283721e-01 5.56101614585382986178e+00 -7.77137077596555037040e-01 1.51324024354681938576e+02 1.42148554215998967898e+00
9.57093731747188369852e-01 5.53652696711497593896e+00 -7.59970514838259281198e-01 1.49740146693816143397e+02 2.34954331013775830073e+00
9.58077909407185845936e-01 5.56196760898802544659e+00 -7.45504040962142622284e-01 1.51095065580225139001e+02 3.17691009707998617273e+00
9.59047386286601133421e-01 5.76967177892106342085e+00 -7.39983861235851692051e-01 1.63443156784393806902e+02 3.73639071503329311952e+00
9.60002147509747882914e-01 5.47308892567538318730e+00 -1.07755584729366171715e+00 1.47099331849739400013e+02 2.23959957788977703785e+00
9.60942178426736681729e-01 5.48282601396788216164e+00 -8.63992812214983030294e-01 1.46193737821333286320e+02 -3.95582295292181163049e+00
9.61867464613700540177e-01 5.49396882443289680253e+00 -8.35478406168526754882e-01 1.46720860800869445484e+02 -2.35126447018942652534e+00
9.62777991873016381064e-01 5.72429289222736237264e+00 -1.12668665809916945797e+00 1.61696582020612993347e+02 -5.91601160074431975389e-01
9.63673746233522310334e-01 5.56404207914073900554e+00 -7.80651096562085977659e-01 1.50551339042547937197e+02 7.90733919217819214431e-01
9.64554713950732445227e-01 5.62311895166061859186e+00 -7.54223002220948735008e-01 1.53899555234569845652e+02 2.36277581148021109669e+00
9.65420881507047634607e-01 6.07595167280685366507e+00 -1.06459203018157011478e+00 1.83257474454576936296e+02 3.50024536364053107107e+00
9.66272235611963070667e-01 6.64081445805732162313e+00 -1.71713584266533914047e+00 2.25740722857830746761e+02 3.92554644741930092167e+00
9.67108763202271903836e-01 7.11526545833186219170e+00 -2.72063157091479146388e+00 2.69010101612930782267e+02 4.43697151420324242821e+00
9.67930451442265749051e-01 7.40153340214722987866e+00 -4.17697144075314952261e+00 3.04987430337483658604e+02 4.89128856754558594133e+00
9.68737287723931861372e-01 7.50491713347479461049e+00 -6.05801983975488234080e+00 3.40623449304357450274e+02 5.32283031821915386672e+00
9.69529259667146536827e-01 7.43536547745255926856e+00 -8.33899595048257680219e+00 3.75602956741827085807e+02 5.74606901484294052551e+00
9.70306355119864738512e-01 7.20242392967226852107e+00 -1.09956127651366095677e+01 4.09925405157875559325e+02 6.16135754795118195659e+00
9.71068562158306947119e-01 7.74305949322904929488e+00 1.19536078648969271154e-01 3.00595838303414325310e+02 5.01465445037058827893e+01
9.71815869087142014671e-01 2.62533369962604723469e+00 -3.71873557356700734644e+00 1.66266099224733522988e+02 2.42353073167827162138e+01
9.72548264439666687586e-01 -2.83889014909936809872e+00 -8.68954543603980233968e+00 2.86509590489208790132e+02 -4.18809077394568447517e+01
9.73265736977981354983e-01 4.94191910330148509445e+00 -8.72574512354497899835e-01 1.16188719747956042738e+02 1.09867879727543602542e+01
9.73968275693162355289e-01 6.90531432203069517328e+00 1.43001377053557421348e+00 2.21683311240228135830e+02 1.16821637892939492076e+02
9.74655869805431618325e-01 -6.60966628328059346842e+00 -2.93137689815139301786e+00 2.66188849733525557895e+02 -4.32512217216893279925e+00
9.75328508764321089330e-01 -6.43198371732449736271e+00 -1.19928516589809075477e+00 2.65631566426452138785e+02 -1.72270872877101788312e+00
9.75986182248835265618e-01 -7.21680242770050917045e+00 -3.14731441542869960770e+00 2.99341908263047173477e+02 -5.12376631886210542888e+00
9.76628880167609847440e-01 -7.88769448010653295711e+00 -8.51122382553945477923e+00 3.41307769852119520237e+02 -1.53182121587599144874e+01
9.77256592659065281836e-01 4.89287157741151013113e+00 -8.26522192303308678163e+00 2.79904859811674441517e+02 1.08868720163972866999e+02
9.77869310091559640341e-01 5.66531099833629792073e+00 -1.84774188562686099147e+01 -2.27523613122477748050e+01 1.74669462192852300575e+01
9.78467023063535390470e-01 -1.62654598763023372499e+00 -6.34541801697605745147e+00 2.26778343889366425401e+02 -1.84139736385328589563e+00
9.79049722403663946757e-01 2.43057522420505645044e+00 -2.46684843938103703920e+00 9.47288944254677716117e+01 3.21310433108409512215e+01
9.79617399170986558055e-01 -3.81013427560092876600e-01 -1.80398066465261557312e+01 2.11098408877015884855e+02 8.72376129172297964942e+01
9.80170044655051198035e-01 -8.16571843664164909171e+00 -4.09736995918791979676e+00 2.98421143917076904017e+02 -7.60763873976018434320e+00
9.80707650376046569107e-01 3.15586440032280668433e+00 -1.85583696578066503768e+00 4.51473374177750770286e+01 -1.78840778554639641129e+01
9.81230208084931665447e-01 9.05669498990064880672e+00 -3.79282709777243676186e+00 2.79595687899321092118e+02 -1.79884217781841442729e+02
9.81737709763563226595e-01 -2.14706083258218427545e+00 -3.58904709338553207232e+00 5.51733403939878925826e+01 -1.05065549736381735890e+00
9.82230147624817750973e-01 2.35254193128372612875e+00 -3.05282440348076899994e+00 2.35085946912427971256e+02 4.06320735246280833053e+01
9.82707514112711733034e-01 -1.02258224823878673959e+01 -1.69162140610229133619e-01 6.35749293259432192826e+02 -4.06634489798855802700e-01
9.83169801902517237480e-01 -1.05561941572761242014e+01 -4.85513722888082588369e-01 6.86926339504261477487e+02 -1.20817242040147476700e+00
9.83617003900874475875e-01 -1.04117113657453277398e+01 -4.94588574327090191307e-01 6.87272872123191291394e+02 -1.21506949297297262014e+00
9.84049113245900386460e-01 -1.01815908301901316690e+01 -7.33936701614485986767e-01 6.87855894739113182368e+02 -1.76493048157439424983e+00
9.84466123307294216360e-01 -1.00119464499296526583e+01 -1.22278573252232813928e+00 6.88363249275510952430e+02 -2.89418856471512775386e+00
9.84868027686439440060e-01 -1.13485958526323980067e+01 -1.73127829119279885717e+00 6.85153127240614594484e+02 -4.64647948474989824774e+00
9.85254820216501125962e-01 -1.23544738790624695213e+01 -3.89733951458199801010e+00 6.83751174013731770174e+02 -1.13949101832194834572e+01
9.85626494962521304544e-01 -1.28528018465983446816e+01 -7.86873686553235440755e+00 6.87737574092319732699e+02 -2.39886506573514388663e+01
9.85983046221510006646e-01 -1.66109335557431458952e+00 -4.15973562074538349975e+00 5.57528230889951288418e+01 -7.94215974489536069569e-01
9.86324468522532193937e-01 3.60442466924780635651e+00 -3.36433678467633567877e+00 1.15034242669980585561e+02 4.57780904751281099152e+01
9.86650756626792246884e-01 5.59191571111187890608e+00 -6.03487823919192845068e+00 1.91746589598102957552e+02 6.49538854547132302741e+01
9.86961905527714344899e-01 4.71539520298967040901e+00 -1.17050201808821281446e+01 2.64897876462002557219e+02 8.32401235062502991013e+01
9.87257910451019071729e-01 1.36991944078019378672e+00 -1.99295033459174035784e+01 3.34488645896278967484e+02 1.00636389990134361483e+02
9.87538766854796246086e-01 -9.51176860943504109969e+00 -7.62617094939501471984e-01 5.87392970188639310436e+02 -1.71882587384537366404e+00
9.87804470429575864898e-01 -2.10364303939300256729e+00 -5.70957026817376167571e+00 3.07334979602956423150e+02 -2.63782955609974223421e+00
9.88055017098393051356e-01 -5.06502507090974862791e+00 -7.37124174466488746305e+00 3.02527818366955557394e+02 6.31550488947667076900e+00
9.88290403016850893536e-01 -5.00570029687257278539e+00 -7.62492237540206829749e+00 2.21425072644836660629e+02 -6.01711210493892201256e-01
9.88510624573179952357e-01 -5.80884305955648438946e-01 -1.05152687818786336749e+01 1.10245890890414031560e+02 -7.29042003912042080316e+00
9.88715678388292773526e-01 -8.62076555415270817662e+00 -6.29883138617660987002e-01 4.95317653649041176322e+02 -1.28333772538123702667e+00
9.88905561315836734160e-01 -7.18062802667766675313e+00 -7.02110932197706705260e-01 3.34133854429919892937e+02 -1.17315471967433881950e+00
9.89080270442241449302e-01 1.99965900260916806808e+00 -8.85856179677369937053e+00 2.48740309148642495529e+02 -1.17581234056313932435e+00
9.89239803086764180051e-01 2.07585120479246265646e+00 -2.35701314928848626451e+00 1.80052333841174032614e+02 1.23490011633088392351e+00
9.89384156801530467717e-01 2.90107263490071121126e+00 -2.63346519695568570540e+00 1.04341842505748900294e+02 -2.05674205666832570216e+01
9.89513329371571881410e-01 3.32381189396316045759e+00 -1.04986976230250999009e+01 4.99254407530782700064e+01 -2.08477542723864095464e+00
9.89627318814860101881e-01 3.45027611348902674138e+00 -2.34165605125512534812e+01 1.90476736827901471649e+00 1.42183452245233361566e+01
9.89726123382337119594e-01 4.37342378782733920417e+00 -2.39607868132442156650e+01 -2.14522588757152270489e+01 -1.35881977141905263551e+00
9.89809741557942324164e-01 6.99619195749767275316e+00 -1.51258774984338018044e+01 -1.24977955778757188199e+01 -1.66157668407504814923e+01
9.89878172058635374952e-01 5.44732219876518808377e+00 -9.92760012903177058163e-01 1.38228807136253465160e+02 -3.08541763103947985769e+01
9.89931413834416518149e-01 -3.33717819720124930782e+00 -2.40518808970533948255e+00 1.53560325452578410932e+02 -1.71126055618660699587e+00
9.89969466068341796827e-01 -4.84149386101139889149e+00 -4.90865458996554249183e+00 1.08476545307085061154e+02 -4.84276972013145190488e+00
