00000000000000000000 4.74535024143494865712e+00 -9.61958874580108536101e-01 00000000000000000154 -3.03390967604367686998e-24
3.87796733008385127034e-03 4.74881465987575435150e+00 -9.61949759552534811036e-01 1.53997136112570245814e+02 5.86876714394490893792e-04
7.75587515650285035801e-03 4.75229336988305473000e+00 -9.61938468448087058427e-01 1.53994206545672255970e+02 1.19969963140562963823e-03
1.16336639765051742812e-02 4.75578640095286875322e+00 -9.61924985355657846675e-01 1.53991211046185270561e+02 1.83850501281170031209e-03
1.55112742891650307042e-02 4.75929378254660928604e+00 -9.61909294243835644167e-01 1.53988149362131878206e+02 2.50332770860103642416e-03
1.93886465962956576481e-02 4.76281554408977569892e+00 -9.61891378965694765490e-01 1.53985021242674577024e+02 3.19420077094633748926e-03
2.32657214033622598837e-02 4.76635171497146359343e+00 -9.61871223250376217173e-01 1.53981826438164716819e+02 3.91115591411608006650e-03
2.71424392203948837421e-02 4.76990232454005802509e+00 -9.61848810716448898717e-01 1.53978564699950169370e+02 4.65422257894135618650e-03
3.10187405629012494246e-02 4.77346740210942765970e+00 -9.61824124842957206560e-01 1.53975235780855911116e+02 5.42342970744201686994e-03
3.48945659527794757593e-02 4.77704697694950120024e+00 -9.61797148998832840405e-01 1.53971839434666264879e+02 6.21880377807887928243e-03
3.87698559192307112831e-02 4.78064107828892481677e+00 -9.61767866426646800271e-01 1.53968375416383338461e+02 7.04036976618240949860e-03
4.26445509996716889956e-02 4.78424973532550890098e+00 -9.61736260220940941679e-01 1.53964843482984719003e+02 7.88815245107222715037e-03
4.65185917406470347824e-02 4.78787297718998772211e+00 -9.61702313394327878981e-01 1.53961243391194074093e+02 8.76217209950185850487e-03
5.03919186987416417578e-02 4.79151083298643953867e+00 -9.61666008796445814788e-01 1.53957574900161972664e+02 9.66244957664461577573e-03
5.42644724414926629685e-02 4.79516333176837239449e+00 -9.61627329156618193551e-01 1.53953837770029764442e+02 1.05890035308861454183e-02
5.81361935483015249138e-02 4.79883050254291543268e+00 -9.61586257072602701435e-01 1.53950031762293292559e+02 1.15418510318788802849e-02
6.20070226113456635098e-02 4.80251237423366195145e+00 -9.61542775051890341587e-01 1.53946156637521482935e+02 1.25210048417113053304e-02
6.58769002364900102542e-02 4.80620897578982386733e+00 -9.61496865379113496708e-01 1.53942212162449123980e+02 1.35264818279394512940e-02
6.97457670441984506349e-02 4.80992033604718738360e+00 -9.61448510278842705112e-01 1.53938198101170172549e+02 1.45582924481128927335e-02
7.36135636704448592660e-02 4.81364648380517312631e+00 -9.61397691820687017028e-01 1.53934114220179793620e+02 1.56164467470181807934e-02
7.74802307676239754297e-02 4.81738744780772343290e+00 -9.61344391939103148914e-01 1.53929960287254885998e+02 1.67009530033023143036e-02
8.13457090054621884123e-02 4.82114325674115562492e+00 -9.61288592432678501432e-01 1.53925736071424154261e+02 1.78118176902704247744e-02
8.52099390719276428285e-02 4.82491393932309531323e+00 -9.61230274894216196735e-01 1.53921441348775204006e+02 1.89490498715825725351e-02
8.90728616741405659907e-02 4.82869952400477320253e+00 -9.61169420935622742519e-01 1.53917075883496011102e+02 2.01126467045829246394e-02
9.29344175392829291438e-02 4.83250003935140082234e+00 -9.61106011894735101642e-01 1.53912639452354738978e+02 2.13026121413252694792e-02
9.67945474155079421674e-02 4.83631551381670643508e+00 -9.61040029005628904102e-01 1.53908131830372980176e+02 2.25189459290857652007e-02
1.00653192072849326233e-01 4.84014597579187988430e+00 -9.60971453358747784712e-01 1.53903552794079047317e+02 2.37616460785892887053e-02
1.04510292304129906449e-01 4.84399145360456007126e+00 -9.60900265899469752107e-01 1.53898902121563907031e+02 2.50307088688821628708e-02
1.08365788925870357162e-01 4.84785197551794944104e+00 -9.60826447426503582605e-01 1.53894179592546038293e+02 2.63261288629896943181e-02
1.12219622779197156226e-01 4.85172756973032015537e+00 -9.60749978590164532832e-01 1.53889384988465309334e+02 2.76478989305709334234e-02
1.16071734730750303344e-01 4.85561826401974006018e+00 -9.60670840052198604653e-01 1.53884518069855658950e+02 2.89959999169405319153e-02
1.19922065673590871882e-01 4.85952408695472470868e+00 -9.60589011930014669005e-01 1.53879578654012931338e+02 3.03704361722010908464e-02
1.23770556528107589234e-01 4.86344506628391126668e+00 -9.60504474532667962272e-01 1.53874566511989542050e+02 3.17711882951465379721e-02
1.27617148242923722501e-01 4.86738122989860499956e+00 -9.60417207916766102471e-01 1.53869481430376964681e+02 3.31982415048013082548e-02
1.31461781795802923334e-01 4.87133260561054548532e+00 -9.60327191986297235005e-01 1.53864323197209273530e+02 3.46515791526126396005e-02
1.35304398194555003387e-01 4.87529922114923497389e+00 -9.60234406491538794448e-01 1.53859091601930259685e+02 3.61311827022309239865e-02
1.39144938477940960375e-01 4.87928110415889104701e+00 -9.60138831028040540261e-01 1.53853786435340481376e+02 3.76370317043192154083e-02
1.42983343716577865345e-01 4.88327828219492765527e+00 -9.60040445035593936751e-01 1.53848407489515210500e+02 3.91691037710129724703e-02
1.46819555013843056068e-01 4.88729078351828949422e+00 -9.59939227627316871150e-01 1.53842954608813585082e+02 4.07273854448228361802e-02
1.50653513506777553266e-01 4.89131863429213353811e+00 -9.59835158188642734167e-01 1.53837427510524634044e+02 4.23118336964237728992e-02
1.54485160366989643377e-01 4.89536186235995085525e+00 -9.59728215563111497488e-01 1.53831826026943474517e+02 4.39224280431512875689e-02
1.58314436801557489876e-01 4.89942049494633469209e+00 -9.59618378546550965247e-01 1.53826149958297861531e+02 4.55591387666223895936e-02
1.62141284053930911924e-01 4.90349455918437193702e+00 -9.59505625771501224897e-01 1.53820399106676802603e+02 4.72219342315057244441e-02
1.65965643404833329555e-01 4.90758408211435614987e+00 -9.59389935705884822070e-01 1.53814573276107097399e+02 4.89107808762846152373e-02
1.69787456173162598638e-01 4.91168909068266135165e+00 -9.59271286651670274104e-01 1.53808672272645054591e+02 5.06256432053025021145e-02
1.73606663716891373994e-01 4.91580961174123753921e+00 -9.59149656743675027570e-01 1.53802695904509448610e+02 5.23664837708952071726e-02
1.77423207433967000668e-01 4.91994567204725541387e+00 -9.59025023948103183535e-01 1.53796643982226811431e+02 5.41332631719746784627e-02
1.81237028763210711313e-01 4.92409729639883408936e+00 -9.58897366050888266820e-01 1.53790516199473927372e+02 5.59259406588388310877e-02
1.85048069185216018662e-01 4.92826451449022950868e+00 -9.58766660758111122220e-01 1.53784312560139539983e+02 5.77444723240898433181e-02
1.88856270223246969220e-01 4.93244735104314990792e+00 -9.58632885372359799803e-01 1.53778032794538887629e+02 5.95888131711490992570e-02
1.92661573444134981425e-01 4.93664583252459188145e+00 -9.58496017242494113830e-01 1.53771676717871855544e+02 6.14589160507307483150e-02
1.96463920459175961364e-01 4.94085998509530011091e+00 -9.58356033468178214463e-01 1.53765244147000800012e+02 6.33547318548711574371e-02
2.00263252925025725393e-01 4.94508983479309627285e+00 -9.58212910971136921923e-01 1.53758734900370569676e+02 6.52762095400002961831e-02
2.04059512544595450523e-01 4.94933540752872769275e+00 -9.58066626493445983037e-01 1.53752148797934523827e+02 6.72232961373852716536e-02
2.07852641067946264375e-01 4.95359672908130566071e+00 -9.57917156595812002706e-01 1.53745485661055369064e+02 6.91959367651258233645e-02
2.11642580293182863693e-01 4.95787382509261220775e+00 -9.57764477655262291833e-01 1.53738745312338494386e+02 7.11940746765904186599e-02
2.15429272067346772035e-01 4.96216672106133405151e+00 -9.57608565863340865931e-01 1.53731927575464055735e+02 7.32176512756944203320e-02
2.19212658287308292948e-01 4.96647544688549302805e+00 -9.57449398229337278465e-01 1.53725032566009417678e+02 7.52665419888984693619e-02
2.22992680900658574172e-01 4.97080002034333645611e+00 -9.57286948940903825722e-01 1.53718059634762653332e+02 7.73407884496410402697e-02
2.26769281906599701193e-01 4.97514046990204761300e+00 -9.57121194374705885899e-01 1.53711008827259036025e+02 7.94402785822746482225e-02
2.30542403356835262640e-01 4.97949682059049170135e+00 -9.56952109998398081636e-01 1.53703879980108354175e+02 8.15649442431477661453e-02
2.34311987356459305865e-01 4.98386909729936000701e+00 -9.56779671092485184403e-01 1.53696672932364464259e+02 8.37147150428164399383e-02
2.38077976064844459847e-01 4.98825732477978434076e+00 -9.56603852749613348116e-01 1.53689387525658531786e+02 8.58895182893420622294e-02
2.41840311696529752794e-01 4.99266152764260162655e+00 -9.56424629874438658739e-01 1.53682023604378372283e+02 8.80892788942530258200e-02
2.45598936522107014202e-01 4.99708173035715308430e+00 -9.56241977182643698718e-01 1.53674581015820677976e+02 9.03139193322339828285e-02
2.49353792869107054875e-01 5.00151795725236514301e+00 -9.56055869201807517754e-01 1.53667059610494192157e+02 9.25633594821078514725e-02
2.53104823122884181608e-01 5.00597023251771133801e+00 -9.55866280271770007992e-01 1.53659459242418535041e+02 9.48375165002934977787e-02
2.56851969727500406560e-01 5.01043857150547822243e+00 -9.55673180629933560759e-01 1.53651779213182493322e+02 9.71365545956506815095e-02
2.60595175186608463136e-01 5.01492301261744266583e+00 -9.55476550740445351728e-01 1.53644020311256383593e+02 9.94599702413407199542e-02
2.64334382064334627582e-01 5.01942357294053298489e+00 -9.55276361380359539943e-01 1.53636181975215549755e+02 1.01807863276446169953e-01
2.68069532986158931553e-01 5.02394027587159008874e+00 -9.55072586027174819101e-01 1.53628264060577606642e+02 1.04180146019454550332e-01
2.71800570639796568173e-01 5.02847314462229721954e+00 -9.54865197949158917012e-01 1.53620266424701725327e+02 1.06576728909326484684e-01
2.75527437776076689069e-01 5.03302220221205764972e+00 -9.54654170200584628603e-01 1.53612188926597156069e+02 1.08997520702565978135e-01
2.79250077209821145896e-01 5.03758747146207230827e+00 -9.54439475619241251003e-01 1.53604031426812525751e+02 1.11442428524377759591e-01
2.82968431820721455505e-01 5.04216897498792437915e+00 -9.54221086822226505220e-01 1.53595793787234242700e+02 1.13911358029302925421e-01
2.86682444554216209198e-01 5.04676673519079255215e+00 -9.53998976200695292249e-01 1.53587475870802933287e+02 1.16404213627196578829e-01
2.90392058422365262338e-01 5.05138077424871045906e+00 -9.53773115915403479903e-01 1.53579077541236443949e+02 1.18920898658755228028e-01
2.94097216504725145203e-01 5.05601112802373187094e+00 -9.53543487854326521358e-01 1.53570599552177156966e+02 1.21460680016817049176e-01
2.97797861949222197886e-01 5.06065779467656895463e+00 -9.53310046876609140654e-01 1.53562040263167659759e+02 1.24024533065016845379e-01
3.01493937973024594967e-01 5.06532080651693927820e+00 -9.53072772179626270805e-01 1.53553400232373348899e+02 1.26611864225085579694e-01
3.05185387863413981613e-01 5.07000018504829519372e+00 -9.52831635179087421683e-01 1.53544679343456039078e+02 1.29222560217171489327e-01
3.08872154978655832913e-01 5.07469595156500652422e+00 -9.52586607080102010237e-01 1.53535877483233718976e+02 1.31856504881563557641e-01
3.12554182748867592778e-01 5.07940812715101586150e+00 -9.52337658879026105474e-01 1.53526994541906702807e+02 1.34513578949776141380e-01
3.16231414676888089588e-01 5.08413673267768295716e+00 -9.52084761363540477141e-01 1.53518030413236175491e+02 1.37193659928716626961e-01
3.19903794339143177083e-01 5.08888178880433361684e+00 -9.51827885116131366949e-01 1.53508984994901624077e+02 1.39896621766541967569e-01
3.23571265386512540996e-01 5.09364331597676311958e+00 -9.51567000516993943826e-01 1.53499858188732929420e+02 1.42622334555813246038e-01
3.27233771545193397046e-01 5.09842133443031375606e+00 -9.51302077749501040493e-01 1.53490649901239720521e+02 1.45370664072860700244e-01
3.30891256617564633036e-01 5.10321586419049211258e+00 -9.51033086804061400521e-01 1.53481360043989553787e+02 1.48141471419539427767e-01
3.34543664483048841518e-01 5.10802690022039129758e+00 -9.50759971212228882642e-01 1.53471986946236995664e+02 1.50936287147755032745e-01
3.38190939098973242238e-01 5.11285450474212943561e+00 -9.50482745599525835623e-01 1.53462533253398106581e+02 1.53752092686800539978e-01
3.41833024501430049469e-01 5.11769867750980367305e+00 -9.50201358654009120563e-01 1.53452997639411279351e+02 1.56590055502785763242e-01
3.45469864806134951962e-01 5.12255943727794704756e+00 -9.49915779166088714014e-01 1.53443380012029905402e+02 1.59450044105615557077e-01
3.49101404209284427171e-01 5.12743680251461420028e+00 -9.49625975666598565184e-01 1.53433680280956593833e+02 1.62331925995257642104e-01
3.52727586988412222802e-01 5.13233079139378034483e+00 -9.49331916422361588026e-01 1.53423898357733094144e+02 1.65235567828443258298e-01
3.56348357503244450584e-01 5.13724142178719489493e+00 -9.49033569428421319714e-01 1.53414034155601797238e+02 1.68160835795447494156e-01
3.59963660196552959203e-01 5.14216871124908969648e+00 -9.48730902397175501761e-01 1.53404087588917889207e+02 1.71107596195286509877e-01
3.63573439595008318648e-01 5.14711267701034103084e+00 -9.48423882750398239416e-01 1.53394058573171236048e+02 1.74075715824612647920e-01
3.67177640310030473092e-01 5.15207333596113237206e+00 -9.48112477605186132479e-01 1.53383947024281098948e+02 1.77065062754130114753e-01
3.70776207038639005198e-01 5.15705070463602499586e+00 -9.47796653757071005941e-01 1.53373752858052000647e+02 1.80075507283795649416e-01
3.74369084564301513041e-01 5.16204483708379058271e+00 -9.47476436176982406145e-01 1.53363478409688383408e+02 1.83103196792217426392e-01
3.77956217757780987831e-01 5.16705568351629640489e+00 -9.47151689700187038312e-01 1.53353119404626625055e+02 1.86154458048943038939e-01
3.81537551577981803863e-01 5.17208328959242269462e+00 -9.46822426840407516124e-01 1.53342677689529750751e+02 1.89226194316060303269e-01
3.85113031072793543519e-01 5.17712767087543923594e+00 -9.46488613889989172101e-01 1.53332153212765859962e+02 1.92318233847840247552e-01
3.88682601379935599439e-01 5.18218884260451151391e+00 -9.46150216914076302999e-01 1.53321545926746750865e+02 1.95430400540611587390e-01
3.92246207727797613352e-01 5.18726681969504177516e+00 -9.45807201762049465366e-01 1.53310855788401880773e+02 1.98562513086606884372e-01
3.95803795436280247966e-01 5.19236161673769824887e+00 -9.45459534076966257032e-01 1.53300082759576270064e+02 2.01714384255213013963e-01
3.99355309917634848649e-01 5.19747324799450183264e+00 -9.45107179301059696641e-01 1.53289226807247615625e+02 2.04885820425600939654e-01
4.02900696677300329540e-01 5.20260172739821236121e+00 -9.44750102689475013129e-01 1.53278287903962905148e+02 2.08076620595105649114e-01
4.06439901314739726601e-01 5.20774706855926705629e+00 -9.44388269333089280799e-01 1.53267266028764794328e+02 2.11286574810808785996e-01
4.09972869524274474706e-01 5.21290928476524761948e+00 -9.44021644171968099535e-01 1.53256161167649338495e+02 2.14515463197222977509e-01
4.13499547095918296158e-01 5.21808838898075766366e+00 -9.43650192012793653795e-01 1.53244973314058597680e+02 2.17763054732315330941e-01
4.17019879916208535686e-01 5.22328433231940891801e+00 -9.43273732579442469870e-01 1.53233698535895484838e+02 2.21038326528013168160e-01
4.20533813969036496250e-01 5.22849723453620196523e+00 -9.42892483917754153921e-01 1.53222343711617412509e+02 2.24324899361252050323e-01
4.24041295336476609101e-01 5.23372705801386928215e+00 -9.42506293432779584940e-01 1.53210905688238540279e+02 2.27629950626827726179e-01
4.27542270199613438919e-01 5.23897381365732872638e+00 -9.42115123759361572375e-01 1.53199384445097365415e+02 2.30953307513766692427e-01
4.31036684839367689737e-01 5.24423751193228948608e+00 -9.41718937186973414910e-01 1.53187779964181487458e+02 2.34294798911329482660e-01
4.34524485637320267983e-01 5.24951816284345351704e+00 -9.41317695636925466651e-01 1.53176092229290389923e+02 2.37654256733318025585e-01
4.38005619076534846723e-01 5.25481577592709481195e+00 -9.40911360644499428219e-01 1.53164321226121899144e+02 2.41031516929790468051e-01
4.41480031742379597226e-01 5.26013036023616464831e+00 -9.40499893339395987013e-01 1.53152466941893408148e+02 2.44426420604135413717e-01
4.44947670323346589072e-01 5.26546192413879765581e+00 -9.40083254343945573517e-01 1.53140529364271458235e+02 2.47838816697891289875e-01
4.48408481611869302874e-01 5.27081047601446517348e+00 -9.39661403991968624538e-01 1.53128508481626937510e+02 2.51268562485955582186e-01
4.51862412505139754426e-01 5.27617602317261713551e+00 -9.39234301921107794797e-01 1.53116404281660379638e+02 2.54715527701339039535e-01
4.55309410005922676756e-01 5.28155863541429848595e+00 -9.38802166563391993215e-01 1.53104220785994925791e+02 2.58163121423106989294e-01
4.58749421223369369116e-01 5.28695820894947310364e+00 -9.38364500335224227534e-01 1.53091950912226991477e+02 2.61640227862634744405e-01
4.62182393373828603877e-01 5.29237480046582131621e+00 -9.37921472308508308302e-01 1.53079597912251614389e+02 2.65133348242281075002e-01
4.65608273781656922807e-01 5.29780841588109474571e+00 -9.37473042747153262333e-01 1.53067161816842855160e+02 2.68642231197147085542e-01
4.69027009880027045963e-01 5.30325906059945939575e+00 -9.37019171699574826562e-01 1.53054642661340608356e+02 2.72166617505894825602e-01
4.72438549211733671562e-01 5.30872673950629270223e+00 -9.36559819070682975095e-01 1.53042040485998342092e+02 2.75706235401516897010e-01
4.75842839429999664436e-01 5.31421145697831409649e+00 -9.36094944592814726114e-01 1.53029355337300955853e+02 2.79260802308325617460e-01
4.79239828299277970114e-01 5.31971321685957221348e+00 -9.35624507895489787579e-01 1.53016587267141147777e+02 2.82830020295151918219e-01
4.82629463696053917499e-01 5.32523202247213323091e+00 -9.35148468533082311005e-01 1.53003736334205996172e+02 2.86413574211349331033e-01
4.86011693609644690461e-01 5.33076787660057949125e+00 -9.34666786023828688457e-01 1.52990802603714598717e+02 2.90011129100245457213e-01
4.89386466142997689222e-01 5.33632078150576827369e+00 -9.34179419902240959495e-01 1.52977786149029753915e+02 2.93622326768860242296e-01
4.92753729513486060654e-01 5.34189073890576260339e+00 -9.33686329798386616119e-01 1.52964687051202304247e+02 2.97246780650046449335e-01
4.96113432053704617175e-01 5.34747770357976115463e+00 -9.33186942449568679336e-01 1.52951502357868690751e+02 3.00917901842423174408e-01
4.99465522212260704116e-01 5.35308175691724308365e+00 -9.32682161517135677187e-01 1.52938237463623892154e+02 3.04575340370665470502e-01
5.02809948554567842649e-01 5.35870286173423160392e+00 -9.32171509795464259263e-01 1.52924890032701881637e+02 3.08246368948187632331e-01
5.06146659763632045248e-01 5.36434101694232712276e+00 -9.31654942464228974508e-01 1.52911460143143045798e+02 3.11930792450375582447e-01
5.09475604640841184256e-01 5.36999622081527050454e+00 -9.31132414202360814137e-01 1.52897947878385167542e+02 3.15628424558967224378e-01
5.12796732106749808544e-01 5.37566847094995470258e+00 -9.30603879119039523182e-01 1.52884353325590069517e+02 3.19339092015455849882e-01
5.16109991201863405053e-01 5.38135776427269529876e+00 -9.30069290751822763674e-01 1.52870676576869044538e+02 3.23062634622684030639e-01
5.19415331087419551714e-01 5.38706409700376465111e+00 -9.29528601953456656837e-01 1.52856917727851225663e+02 3.26798912298954580269e-01
5.22712701046168959351e-01 5.39278746466645220181e+00 -9.28981764915152496975e-01 1.52843076879118143552e+02 3.30547803483309976524e-01
5.26002050483152849836e-01 5.39852786204429246908e+00 -9.28428730970167870318e-01 1.52829154134319423974e+02 3.34309217463587271535e-01
5.29283328926479668119e-01 5.40428528318217260562e+00 -9.27869450598510558947e-01 1.52815149601125995105e+02 3.38083093953484292715e-01
5.32556486028099573815e-01 5.41005972135595047945e+00 -9.27303873267821932025e-01 1.52801063390165239753e+02 3.41869413050882753335e-01
5.35821471564576490287e-01 5.41585111620846859637e+00 -9.26732969243173054785e-01 1.52786892493347579602e+02 3.45603412232984075203e-01
5.39078235437859709656e-01 5.42165955724847759001e+00 -9.26154867013561311495e-01 1.52772642826202911692e+02 3.49400484010373157950e-01
5.42326727676051723037e-01 5.42748498957559188938e+00 -9.25570356641519875751e-01 1.52758311791781068223e+02 3.53207236759941534121e-01
5.45566898434175162613e-01 5.43332740323112162173e+00 -9.24979391768601333368e-01 1.52743899514290973229e+02 3.57023290780397017929e-01
5.48798697994937745293e-01 5.43918678739167660297e+00 -9.24381926047184387940e-01 1.52729406119936925279e+02 3.60848241529237057090e-01
5.52022076769495328996e-01 5.44506313038513134472e+00 -9.23777913130963912458e-01 1.52714831738945861161e+02 3.64681660148070574401e-01
5.55236985298212415429e-01 5.45095641962195198715e+00 -9.23167306840110168942e-01 1.52700176502292578107e+02 3.68523082904424703621e-01
5.58443374251421431609e-01 5.45686664165146062544e+00 -9.22550061143219579662e-01 1.52685440546316840482e+02 3.72372012277292385729e-01
5.61641194430179235830e-01 5.46279378204813781394e+00 -9.21926130292980650083e-01 1.52670624006632948522e+02 3.76227908267119603991e-01
5.64830396767022624438e-01 5.46873782546612208222e+00 -9.21295468987170851349e-01 1.52655727022721748654e+02 3.80090178151171687038e-01
5.68010932326720507923e-01 5.47469875557169594060e+00 -9.20658032469524489905e-01 1.52640749734804188620e+02 3.83958170024644607210e-01
5.71182752307025198846e-01 5.48067683367839286745e+00 -9.20012252670151409184e-01 1.52625709515012459860e+02 3.87927716585783510794e-01
5.74345808039421146240e-01 5.48667153641025073796e+00 -9.19360808598556844551e-01 1.52610575255366825331e+02 3.91825538825672559096e-01
5.77500050989871893670e-01 5.49268307982376224885e+00 -9.18702393051504584420e-01 1.52595361671222264022e+02 3.95730901042575633486e-01
5.80645432759564483760e-01 5.49871144486749585667e+00 -9.18036952187348487264e-01 1.52580068991180183957e+02 3.99643626372100768673e-01
5.83781905085652308429e-01 5.50475661159090368102e+00 -9.17364431341134656250e-01 1.52564697455473236687e+02 4.03563564926115836418e-01
5.86909419841995516620e-01 5.51081855912940543618e+00 -9.16684775063442258691e-01 1.52549247316241974204e+02 4.07490591252571254799e-01
5.90027929039899312613e-01 5.51689726572350203071e+00 -9.15997926939780993116e-01 1.52533718839921419885e+02 4.11424615694562068047e-01
5.93137384828850811047e-01 5.52299270866995506424e+00 -9.15303829381716282931e-01 1.52518112305338632950e+02 4.15365597513270123908e-01
5.96237739497252783316e-01 5.52910486437386250458e+00 -9.14602423708328116092e-01 1.52502428008297215456e+02 4.19313539674352420139e-01
5.99328945473155960677e-01 5.53523370832818617515e+00 -9.13893649751774561629e-01 1.52486666261448988280e+02 4.23268513717627581361e-01
6.02410955324989116910e-01 5.54137921511362474547e+00 -9.13177445971503964905e-01 1.52470827395623246048e+02 4.27230652457378234921e-01
6.05483721762286153378e-01 5.54754135841985540623e+00 -9.12453748820004184594e-01 1.52454911762295267863e+02 4.31200190023899476710e-01
6.08547197636412851018e-01 5.55371931321545098115e+00 -9.11725138214276364934e-01 1.52438870156875935891e+02 4.35009955385733837474e-01
6.11601335941289292464e-01 5.55991449855944619429e+00 -9.10986803211678242143e-01 1.52422792944550252514e+02 4.38960749567969765739e-01
6.14646089814111729055e-01 5.56612621025982434730e+00 -9.10240880574534116931e-01 1.52406638564465254149e+02 4.42913396125383940216e-01
6.17681412536071339225e-01 5.57235441426131927756e+00 -9.09487317551329388365e-01 1.52390407208756812452e+02 4.46867344245989395191e-01
6.20707257533071432576e-01 5.57859907520481623777e+00 -9.08726062128122569206e-01 1.52374099072522199094e+02 4.50821970871540911308e-01
6.23723578376441656346e-01 5.58486015614454700540e+00 -9.07957062268469172750e-01 1.52357714337234909863e+02 4.54776628642489300081e-01
6.26730328783650536550e-01 5.59113761862333191743e+00 -9.07180266806221990983e-01 1.52341253177387216056e+02 4.58730589508567099255e-01
6.29727462619016020717e-01 5.59743142259978299080e+00 -9.06395625299154406029e-01 1.52324715757456999654e+02 4.62683053976319536016e-01
6.32714933894412689952e-01 5.60374152627493149481e+00 -9.05603087964420128131e-01 1.52308102222579094587e+02 4.66633155147363809512e-01
6.35692696769977860782e-01 5.61006788618438356764e+00 -9.04802606565208389355e-01 1.52291412706378025632e+02 4.70579902774427183410e-01
6.38660705554815355534e-01 5.61641045699023333526e+00 -9.03994134062857668255e-01 1.52274647319426094327e+02 4.74522205211831360483e-01
6.41618914707695386923e-01 5.62276919140869413383e+00 -9.03177625206690426474e-01 1.52257806146662147739e+02 4.78458832187675098258e-01
6.44567278837754553678e-01 5.62914585206431361541e+00 -9.02348632360738367453e-01 1.52241001930185944957e+02 4.82667215053616704967e-01
6.47505752705191617302e-01 5.63553709242265643553e+00 -9.01515039485592306612e-01 1.52224029690118612734e+02 4.86644092580814868754e-01
6.50434291221961835561e-01 5.64194439837989225595e+00 -9.00673117872391681971e-01 1.52206985205878822853e+02 4.90621354842564805221e-01
6.53352849452468964486e-01 5.64836772285264743232e+00 -8.99822801582266129650e-01 1.52189868966756790769e+02 4.94598976891554131807e-01
6.56261382614254484835e-01 5.65480701778782535172e+00 -8.98964023671852574537e-01 1.52172681505340989361e+02 4.98576971891676434812e-01
6.59159846078685274229e-01 5.66126223375919224168e+00 -8.98096715363116415709e-01 1.52155423373561859535e+02 5.02555443423819303561e-01
6.62048195371637282491e-01 5.66773332037403676509e+00 -8.97220806360532696644e-01 1.52138095170365772901e+02 5.06534565699727434840e-01
6.64926386174179318012e-01 5.67422022606250830989e+00 -8.96336224139718251713e-01 1.52120697530019555188e+02 5.10514628451243179796e-01
6.67794374323251838099e-01 5.68072289803057017821e+00 -8.95442893857968158500e-01 1.52103231133680480980e+02 5.14496030303815299334e-01
6.70652115812345961388e-01 5.68724128320617250409e+00 -8.94540738467582641213e-01 1.52085696720614095057e+02 5.18479320779780650241e-01
6.73499566792176929120e-01 5.69377532684020781772e+00 -8.93629677531229349441e-01 1.52068095076910054786e+02 5.22465202571468889658e-01
6.76336683571358565636e-01 5.70032497376329594374e+00 -8.92709627107515779620e-01 1.52050427066488822447e+02 5.26454586761297749220e-01
6.79163422617073186949e-01 5.70688655832270441692e+00 -8.91787576621594801907e-01 1.52032469247400484846e+02 5.30000500472984636957e-01
6.81979740555738733754e-01 5.71346660955110863256e+00 -8.90850662557693961929e-01 1.52014632133358077226e+02 5.33913002762323674055e-01
6.84785594173675460361e-01 5.72006198933848075683e+00 -8.89904742112522018083e-01 1.51996725226402418230e+02 5.37816731215839394231e-01
6.87580940417768404771e-01 5.72667262371431373680e+00 -8.88949758513426391282e-01 1.51978748719915842003e+02 5.41710780242035117027e-01
6.90365736396128082397e-01 5.73329843639641190123e+00 -8.87985656320544602949e-01 1.51960702792750879553e+02 5.45594135908994082307e-01
6.93139939378748737298e-01 5.73993934824316731635e+00 -8.87012382021008738420e-01 1.51942587577434835566e+02 5.49465638417078960920e-01
6.95903506798163817848e-01 5.74659527777291412320e+00 -8.86029882544297264779e-01 1.51924403194678205864e+02 5.53324076192803659957e-01
6.98656396250099120948e-01 5.75326613996824764996e+00 -8.85038107872468171600e-01 1.51906149681847750799e+02 5.57168020921375850563e-01
7.01398565494123937825e-01 5.75995184704706364442e+00 -8.84037010323149186064e-01 1.51887827043868043120e+02 5.60995873394453337113e-01
7.04129972454298314055e-01 5.76665230795205108194e+00 -8.83026544649651246033e-01 1.51869435223773052712e+02 5.64805857190021742831e-01
7.06850575219819421413e-01 5.77336742801928615165e+00 -8.82006669550058131080e-01 1.51850974085374758715e+02 5.68595923622204901804e-01
7.09560332045664265976e-01 5.78009710902243067920e+00 -8.80977347771177976554e-01 1.51832443418965965520e+02 5.72363745493423392574e-01
7.12259201353230508857e-01 5.78684124886607342830e+00 -8.79938546364964158109e-01 1.51813842925049726773e+02 5.76106701050883129867e-01
7.14947141730974067286e-01 5.79360740276962804529e+00 -8.78877126108940198712e-01 1.51795647648285722653e+02 5.80652507769640391366e-01
7.17624111935044939337e-01 5.80038142212942098297e+00 -8.77816809840772704909e-01 1.51776985601760031841e+02 5.84493364772182166789e-01
7.20290070889919697983e-01 5.80716977065802542057e+00 -8.76746501453276594340e-01 1.51758264609405301826e+02 5.88327547796821503923e-01
7.22944977689031653689e-01 5.81397235760015451689e+00 -8.75666118475413757238e-01 1.51739485680625278974e+02 5.92155484719821156858e-01
7.25588791595399018597e-01 5.82078909085851581295e+00 -8.74575575351802081414e-01 1.51720649902729832093e+02 5.95977778353282250379e-01
7.28221472042250406176e-01 5.82761987717613383353e+00 -8.73474783646019159455e-01 1.51701758455452164753e+02 5.99795194246910079450e-01
7.30842978633645223852e-01 5.83446462144872768363e+00 -8.72363650715046512474e-01 1.51682812569772551115e+02 6.03608744333319680031e-01
7.33453271145096175054e-01 5.84132322828565708761e+00 -8.71242080357188974915e-01 1.51663813629649780523e+02 6.07419647622008396226e-01
7.36052309524184211753e-01 5.84819560071530464285e+00 -8.70109971825652195321e-01 1.51644763092873915866e+02 6.11229392187232489775e-01
7.38640053891175041301e-01 5.85508164113920770433e+00 -8.68967216333698444508e-01 1.51625662552005877615e+02 6.15039956607391857801e-01
7.41216464539629305008e-01 5.86198125132816549865e+00 -8.67813704800228791214e-01 1.51606513742154646707e+02 6.18853322670237293579e-01
7.43781501937012756720e-01 5.86889433277689587243e+00 -8.66649314141223259256e-01 1.51587318557627668270e+02 6.22672340077944030945e-01
7.46335126725303221740e-01 5.87580798897431577643e+00 -8.65493678959007639584e-01 1.51567286069711570917e+02 6.25246511859573139702e-01
7.48877299721593336912e-01 5.88274565582544273212e+00 -8.64310785216447663437e-01 1.51547877367036534224e+02 6.28855484309689183320e-01
7.51407981918692846612e-01 5.88969618712573339536e+00 -8.63117241105499366505e-01 1.51528409994781611658e+02 6.32440652205644715522e-01
7.53927134485726568869e-01 5.89665944182982837418e+00 -8.61912996088758931457e-01 1.51508884013084383469e+02 6.36000206527325362416e-01
7.56434718768730363081e-01 5.90363527288746681165e+00 -8.60698005920604858332e-01 1.51489299314666851615e+02 6.39531925755942753931e-01
7.58930696291243989116e-01 5.91062353169551446541e+00 -8.59472223989716122006e-01 1.51469655912189864466e+02 6.43033699135668768143e-01
7.61415028754902523112e-01 5.91762406059627021904e+00 -8.58235602144059916974e-01 1.51449953433847127826e+02 6.46503572352880362395e-01
7.63887678040022333192e-01 5.92463670120736285440e+00 -8.56988097018692274176e-01 1.51430191711717355929e+02 6.49939204389370139836e-01
7.66348606206187388246e-01 5.93166128343180076854e+00 -8.55729730968314949990e-01 1.51410370102522477964e+02 6.53334120933909412443e-01
7.68797775492830681721e-01 5.93869764102956665397e+00 -8.54460413126297946285e-01 1.51390488349248272471e+02 6.56688975083916326447e-01
7.71235148319813990092e-01 5.94574559372955935288e+00 -8.53180568117413939966e-01 1.51370545938235949279e+02 6.59971926246763818114e-01
7.73660687288004522699e-01 5.95280495121783470580e+00 -8.51888971080866697072e-01 1.51350540686468917784e+02 6.63255037043991912959e-01
7.76074355179848351938e-01 5.95989545257671515799e+00 -8.50557892930096981488e-01 1.51331705144828674747e+02 6.68296048078083626542e-01
7.78476114959941845051e-01 5.96698011420492679946e+00 -8.49240066983171781878e-01 1.51311762059124077950e+02 6.71738571926980165827e-01
7.80865929775599765250e-01 5.97407601999658322001e+00 -8.47909569950108688019e-01 1.51291778860141249652e+02 6.75224257230835012145e-01
7.83243762957420930348e-01 5.98118302016853053971e+00 -8.46567651231583839788e-01 1.51271758838010242698e+02 6.78669324087476710794e-01
7.85609578019850984809e-01 5.98830094062999496174e+00 -8.45213679759937885905e-01 1.51251702488843505989e+02 6.82108454266495023433e-01
7.87963338661741508062e-01 5.99542966155680723261e+00 -8.43847753823260271488e-01 1.51231614586130774569e+02 6.85530425347628979971e-01
7.90305008766907790552e-01 6.00256893785653300455e+00 -8.42469524559038340783e-01 1.51211491898745464368e+02 6.88952090760844626516e-01
7.92634552404682946047e-01 6.00971867094404288423e+00 -8.41079095066463167107e-01 1.51191341082736215640e+02 6.92361957016251805541e-01
7.94951933830468693287e-01 6.01687871836882148813e+00 -8.39675872545460832974e-01 1.51171165698068222127e+02 6.95792360193586145733e-01
7.97257117486284361263e-01 6.02404881067674846662e+00 -8.38260375562252968429e-01 1.51150962559364472781e+02 6.99205496202258802718e-01
7.99550068001312008725e-01 6.03122888679299506975e+00 -8.36831773501608311427e-01 1.51130740698823103685e+02 7.02648791538915462596e-01
8.01830750192439767332e-01 6.03841867771991491765e+00 -8.35390560266449977433e-01 1.51110497527097209058e+02 7.06086022405999158558e-01
8.04099129064801410038e-01 6.04561812912060592140e+00 -8.33936171273797488546e-01 1.51090243319150545176e+02 7.09547897133127491998e-01
8.06355169812312477795e-01 6.05279384772745210341e+00 -8.32516691371864014926e-01 1.51067933158339116062e+02 7.09966300838657304872e-01
8.08598837818206295225e-01 6.06000724613144825526e+00 -8.31043174494961567333e-01 1.51047369387831480481e+02 7.13001764053845299429e-01
8.10830098655563102916e-01 6.06722892268823521533e+00 -8.29557871367822552422e-01 1.51026753443206985139e+02 7.15958358333712574506e-01
8.13048918087839522784e-01 6.07445882872289999455e+00 -8.28061685501251365515e-01 1.51006098679792984285e+02 7.18774232094623877209e-01
8.15255262069393138447e-01 6.08169702719698346272e+00 -8.26549436787862745746e-01 1.50985419762091794382e+02 7.21771449319316693582e-01
8.17449096746005965386e-01 6.08894185442124591390e+00 -8.25027835073066651006e-01 1.50964634643843112372e+02 7.24520430215742861080e-01
8.19630388455402592029e-01 6.09619522452106821220e+00 -8.23494901019412806065e-01 1.50943878656347749256e+02 7.27143225222022127063e-01
8.21799103727767876748e-01 6.10345537317258290955e+00 -8.21947335585619276443e-01 1.50923053983798240552e+02 7.29841480950868537469e-01
8.23955209286259315782e-01 6.11072220492504580847e+00 -8.20387606563533822168e-01 1.50902174372187459994e+02 7.32454809535378559282e-01
8.26098672047518967076e-01 6.11799344067792461033e+00 -8.18820901989921634545e-01 1.50881119228744296379e+02 7.34648788784893147508e-01
8.28229459122179711983e-01 6.12527399681562467748e+00 -8.17244111306373088865e-01 1.50860213598335292318e+02 7.36620345072905413630e-01
8.30347537815371183889e-01 6.13255991535811695314e+00 -8.15619836939989295566e-01 1.50839184694338655390e+02 7.40721109091153295800e-01
8.32452875627220700849e-01 6.13985414763696191187e+00 -8.14014280580413807087e-01 1.50818310470084867347e+02 7.42771778306640539924e-01
8.34545440253351977766e-01 6.14719785372124150058e+00 -8.12341386314168856231e-01 1.50800111994210908506e+02 7.48247440366604621431e-01
8.36625199585380951994e-01 6.15450777340262256132e+00 -8.10682819427818390778e-01 1.50779444561190985041e+02 7.51894277947804501316e-01
8.38692121711408611340e-01 6.16182082737376646264e+00 -8.09017092904660173325e-01 1.50758634810065927923e+02 7.55105775145930468994e-01
8.40746174916510269348e-01 6.16913708084227163653e+00 -8.07335327766924848447e-01 1.50737696881792288650e+02 7.58438424411698841610e-01
8.42787327683222509123e-01 6.17646194035577522641e+00 -8.05675351037752451866e-01 1.50717038645530209351e+02 7.59504964590133169189e-01
8.44815548692026907496e-01 6.18378578911794107853e+00 -8.03900777209519468158e-01 1.50695908451143054663e+02 7.66906311370972426644e-01
8.46830806821829651376e-01 6.19112445896839336257e+00 -8.02160518110089038046e-01 1.50675508168310642532e+02 7.71250538699310594914e-01
8.48833071150440821029e-01 6.19848945235320858416e+00 -8.00415354536404666241e-01 1.50656540394441208264e+02 7.75026319528607898768e-01
8.50822310955046900993e-01 6.20580390809258819473e+00 -7.98643596106550224256e-01 1.50634141982375922453e+02 7.79503734715452423210e-01
8.52798495712683735093e-01 6.21314927559619700759e+00 -7.97039689481779722868e-01 1.50613735904916183017e+02 7.72487095422637937148e-01
8.54761595100703930328e-01 6.22048850113587725730e+00 -7.95207945062828214233e-01 1.50592492716339506842e+02 7.78944324784729857925e-01
8.56711578997242706457e-01 6.22784553767405313351e+00 -7.93481478038039811373e-01 1.50572383798619654272e+02 7.77839238384657627456e-01
8.58648417481679637753e-01 6.23518249354384579419e+00 -7.91661242652963670352e-01 1.50550774306836956384e+02 7.81707467715594073177e-01
8.60572080835097841245e-01 6.24253935061332665413e+00 -7.89826916725116179308e-01 1.50530323403288804229e+02 7.85560154974804580874e-01
8.62482539540740500428e-01 6.24979480049538427266e+00 -7.87969730730112671857e-01 1.50503366344070087735e+02 7.89781605045578594115e-01
8.64379764284463170121e-01 6.25716771446111597044e+00 -7.86208031761137848825e-01 1.50483948957137585012e+02 7.87179067970168788726e-01
8.66263725955183860883e-01 6.26451537804159830358e+00 -7.84430949583661885072e-01 1.50462912779315615808e+02 7.84568809685918022723e-01
8.68134395645329126623e-01 6.27187017103975641419e+00 -7.82627832423675173779e-01 1.50442319467283795120e+02 7.82668326580660322911e-01
8.69991744651278930966e-01 6.27920155017955128329e+00 -7.80808054378584137645e-01 1.50420274968824941197e+02 7.80837160375995931183e-01
8.71835744473805518417e-01 6.28656718383173629405e+00 -7.78885223351524658142e-01 1.50400332464686158573e+02 7.84632880555383382948e-01
8.73666366818512285519e-01 6.29389693570179176163e+00 -7.76944099429728418649e-01 1.50378198896814268437e+02 7.88580546890079281397e-01
8.75483583596266101701e-01 6.30123864915218323546e+00 -7.74993559817754085195e-01 1.50356949141915748669e+02 7.92186654719179594863e-01
8.77287366923630518301e-01 6.30858073290323062565e+00 -7.73062261274163442515e-01 1.50335923681946894703e+02 7.93614334417610756134e-01
8.79077689123291206030e-01 6.31591877714381499942e+00 -7.71115311185244567405e-01 1.50314820609424202758e+02 7.95067175206982446056e-01
8.80854522724482724705e-01 6.32325036695269737663e+00 -7.69161979219723068724e-01 1.50293532819253385924e+02 7.95951656766906823215e-01
8.82617840463408520613e-01 6.33058507350203392150e+00 -7.67192776939800813452e-01 1.50272684799869466588e+02 7.96883758311176970679e-01
8.84367615283660701841e-01 6.33791110565363524643e+00 -7.65204026088907807157e-01 1.50251554618659298512e+02 7.98077190558234672579e-01
8.86103820336633374311e-01 6.34530397205224883095e+00 -7.63187426960642012475e-01 1.50234957818626440940e+02 8.00184698329700849762e-01
8.87826428981936643936e-01 6.35262601899049617060e+00 -7.60957707784590486888e-01 1.50213869853593848802e+02 8.14751732914549831044e-01
8.89535414787803402348e-01 6.35998717867329421694e+00 -7.58893112043192985539e-01 1.50195946242037706497e+02 8.17931008954214111561e-01
8.91230751531496778739e-01 6.36723582355147232903e+00 -7.56815061496833640931e-01 1.50171284510492199615e+02 8.20805147093473852493e-01
8.92912413199710819356e-01 6.37456103154554032386e+00 -7.54732715844030233043e-01 1.50151957691000546902e+02 8.23119203079968886350e-01
8.94580373988970722898e-01 6.38186475145116194341e+00 -7.52720314609080953794e-01 1.50131903135752253320e+02 8.19978815498433877273e-01
8.96234608306028635027e-01 6.38914565938088241381e+00 -7.50690337535071861019e-01 1.50110919923825093747e+02 8.16946923565101679188e-01
8.97875090768255890161e-01 6.39641801061387127447e+00 -7.48649448203134837421e-01 1.50089965322167557815e+02 8.13625791449278157330e-01
8.99501796204032810778e-01 6.40378309797601819042e+00 -7.46587091923888834799e-01 1.50075511914743145780e+02 8.10879210496733948688e-01
9.01114699653134842983e-01 6.41086609101662130428e+00 -7.44478057087614608633e-01 1.50043670443600319686e+02 8.09610592868661105292e-01
9.02713776367115805499e-01 6.41820811531779611414e+00 -7.42337886571178162676e-01 1.50028988469989457144e+02 8.09856918394209479573e-01
9.04299001809687252873e-01 6.42544501446347826601e+00 -7.40052656859769619757e-01 1.50008076868178761742e+02 8.18196784552244094080e-01
9.05870351657095174147e-01 6.43270172813142249169e+00 -7.37740695571863613900e-01 1.49989166764578527591e+02 8.27334095587167861474e-01
9.07427801798493138818e-01 6.43991933764993262912e+00 -7.35415861843652263197e-01 1.49968569590009138892e+02 8.36272566996260624528e-01
9.08971328336312445195e-01 6.44714224746666531018e+00 -7.33069036536595386444e-01 1.49949144186032015114e+02 8.45687401099219360212e-01
9.10500907586628160928e-01 6.45425147476463312302e+00 -7.31189646086484290599e-01 1.49924354436459026374e+02 8.24068592691638568404e-01
9.12016516079523720251e-01 6.46140970175728579505e+00 -7.28938234146961017146e-01 1.49902905347271257597e+02 8.25370978858526727073e-01
9.13518130559449748063e-01 6.46856217312971359945e+00 -7.26701400433978905724e-01 1.49882143865137578587e+02 8.24797181929659228850e-01
9.15005727985581884809e-01 6.47569012746292305138e+00 -7.24436750518359873219e-01 1.49860828653448464820e+02 8.25022881305558342113e-01
9.16479285532173615358e-01 6.48281870755555811314e+00 -7.22167610685263916537e-01 1.49840666949392641527e+02 8.24617466873878268707e-01
9.17938780588907099478e-01 6.48992171867965605969e+00 -7.19893681029771581592e-01 1.49820032490810490344e+02 8.23549378661624920106e-01
9.19384190761239561418e-01 6.49702799682038012463e+00 -7.17604784335004630691e-01 1.49800800621485478814e+02 8.22542131746114013602e-01
9.20815493870747459049e-01 6.50409442770883483576e+00 -7.15299811190389434046e-01 1.49780258456225396912e+02 8.21577901187982684306e-01
9.22232667955466323129e-01 6.51113979683967869505e+00 -7.12953392403459451643e-01 1.49759601526924086556e+02 8.22334632485373084876e-01
9.23635691270227932037e-01 6.51817165274656495910e+00 -7.10579509169729117701e-01 1.49739397827336574665e+02 8.23945399599009031810e-01
9.25024542286994155837e-01 6.52523637473479922733e+00 -7.08195884330026226294e-01 1.49722721168298392058e+02 8.25396992671257767604e-01
9.26399199695186803538e-01 6.53219579322973231683e+00 -7.05793201158457228495e-01 1.49700735512348074963e+02 8.26965818611659186921e-01
9.27759642402015138885e-01 6.53937543828305933857e+00 -7.03404614078801171395e-01 1.49694490877541255713e+02 8.27334787536277427300e-01
9.29105849532799177304e-01 6.54621237027528035668e+00 -7.01003416730165862525e-01 1.49667808935375063584e+02 8.26836090347893626351e-01
9.30437800431290207293e-01 6.55311594403708941314e+00 -6.98561822144394328760e-01 1.49646979447852800149e+02 8.28284803657129309329e-01
9.31755474659987315000e-01 6.55998739325324642380e+00 -6.96104687777398534188e-01 1.49625776202321105757e+02 8.29851177401252471100e-01
9.33058852000451910413e-01 6.56688270910997218266e+00 -6.93637539893067978092e-01 1.49607879602532534591e+02 8.31342414109624394669e-01
9.34347912453616813444e-01 6.57375583783037864549e+00 -6.90937247790586517304e-01 1.49589790075390396851e+02 8.47036595339085041090e-01
9.35622636240093785709e-01 6.58049504093252846104e+00 -6.88241772091958359248e-01 1.49564987617211812676e+02 8.61327343804807576966e-01
9.36883003800477065504e-01 6.58733311134080601335e+00 -6.85616341908954263218e-01 1.49548727108021182630e+02 8.70655153531057934835e-01
9.38128995795643128019e-01 6.59406778290939499243e+00 -6.83930799224634400346e-01 1.49530488780992413922e+02 8.18321358458600656149e-01
9.39360593107047781025e-01 6.60076415911045799589e+00 -6.81258998918451985638e-01 1.49509156931246479871e+02 8.28836232158522312474e-01
9.40577776837019263745e-01 6.60750284105785912203e+00 -6.78594087455221539606e-01 1.49492761124264660566e+02 8.38374972285483077705e-01
9.41780528309048348135e-01 6.61414493918166623843e+00 -6.75911759066368689197e-01 1.49472327370145876557e+02 8.48131002542438228176e-01
9.42968829068074665400e-01 6.62086772771856857389e+00 -6.73223989586552939990e-01 1.49459425338896664925e+02 8.57876711081432707928e-01
9.44142660880770479004e-01 6.62772730101231477562e+00 -6.70516897880127915599e-01 1.49457731830017536367e+02 8.68723308831979235123e-01
9.45302005735819794729e-01 6.63400965911439310929e+00 -6.67800287052391916554e-01 1.49421100215300327818e+02 8.77882528073870238572e-01
9.46446845844195028263e-01 6.64038338680938711178e+00 -6.66248084377947469292e-01 1.49396570135112028765e+02 8.11282947548650157366e-01
9.47577163639429898012e-01 6.64688162483110467349e+00 -6.63499405794395702429e-01 1.49379040695192543353e+02 8.22113664843014291250e-01
9.48692941777889098276e-01 6.65331008104135701586e+00 -6.60562070754253327642e-01 1.49359075895904823028e+02 8.44518079096127305405e-01
9.49794163139034308685e-01 6.65979109048904405199e+00 -6.57615847682955112496e-01 1.49345258556703925024e+02 8.67271076107191341009e-01
9.50880810825686872967e-01 6.66602245185389641335e+00 -6.54696236579717649740e-01 1.49318149810177743575e+02 8.87104042582024576724e-01
9.51952868164287147046e-01 6.67237108600412920367e+00 -6.53021689915304293095e-01 1.49305807875287570141e+02 8.25990819886820659690e-01
9.53010318705150072383e-01 6.67848304160963746057e+00 -6.50655345873079493657e-01 1.49278822675405336895e+02 8.08705866840981668631e-01
9.54053146222718195801e-01 6.68491067155651030873e+00 -6.48184012239654383514e-01 1.49275178746667734231e+02 7.99046726915323746177e-01
9.55081334715809804337e-01 6.69113649220417627816e+00 -6.45715182011264432482e-01 1.49261637588694469514e+02 7.88286162638482945653e-01
9.56094868407865283721e-01 6.69718523583859681736e+00 -6.42738223478070858086e-01 1.49238041422702053751e+02 8.09844743422093893415e-01
9.57093731747188369852e-01 6.70334827420291823330e+00 -6.40131815968832285080e-01 1.49226604832812341783e+02 8.07513758038168494302e-01
9.58077909407185845936e-01 6.70937257065156522629e+00 -6.37498760584545354213e-01 1.49209495398092116147e+02 8.06328462443104188040e-01
9.59047386286601133421e-01 6.71539408695784256764e+00 -6.34841786132255614383e-01 1.49195683510598769317e+02 8.06661019278262170218e-01
9.60002147509747882914e-01 6.72131773688768330288e+00 -6.32179075426505865387e-01 1.49179109389895330651e+02 8.07021537654071252632e-01
9.60942178426736681729e-01 6.72721249916027996818e+00 -6.29520859226006979092e-01 1.49164411392601095940e+02 8.07055510969852507586e-01
9.61867464613700540177e-01 6.73301605295756822045e+00 -6.26855045340204086735e-01 1.49147554193359496821e+02 8.07371087030150369479e-01
9.62777991873016381064e-01 6.73882248034973141415e+00 -6.24188181765382710253e-01 1.49134816342918355758e+02 8.07967513009697602122e-01
9.63673746233522310334e-01 6.74391909293645230861e+00 -6.21366179960793796333e-01 1.49078910186127217230e+02 8.16124299925055751714e-01
9.64554713950732445227e-01 6.75020636852886024570e+00 -6.18605779635752139889e-01 1.49105485142098956430e+02 8.25440923045789420875e-01
9.65420881507047634607e-01 5.10107254467739057446e+00 -1.07643532880097447801e+00 5.04453405962371093096e+01 1.09541980669647975866e+00
9.66272235611963070667e-01 5.31689909111551095577e+00 -2.08207502971896207811e+00 6.67479416274124304209e+01 2.06915351091048060894e+00
9.67108763202271903836e-01 7.15716780647860151277e+00 -2.79645388999855493140e+00 2.51704825054204604839e+02 1.42744782294295475822e+01
9.67930451442265749051e-01 1.04357434682124061709e+01 -3.22180571285251371449e+00 4.40955834135554823661e+02 2.60436017525157410546e+01
9.68737287723931861372e-01 6.45004368713323739115e+00 -2.38433544290071619542e+00 1.68018043598325391486e+02 1.31907056060526595154e+00
9.69529259667146536827e-01 5.66869185043632128895e+00 -1.81140212901834107839e+00 8.36761360296377887380e+01 2.14759164633066070849e+01
9.70306355119864738512e-01 5.38652969848565366107e+00 -1.62031288492594516271e+00 6.65540226082435850685e+01 1.63400415671847087928e+00
9.71068562158306947119e-01 5.41826150227736569320e+00 -1.23572443283811050918e+00 6.64507801111332554456e+01 1.25173450732118896056e+00
9.71815869087142014671e-01 5.44765203133103259603e+00 -8.53547306092329982619e-01 6.63684124075832642120e+01 8.68404199922653607935e-01
9.72548264439666687586e-01 5.47205791795173457359e+00 -4.72648059105104711985e-01 6.63082991674188093612e+01 4.82758935401658761943e-01
9.73265736977981354983e-01 5.16095527630262740360e+00 -2.22204749871310935916e+00 5.05824345450729140339e+01 2.30321215973544690669e+00
9.73968275693162355289e-01 5.40719450887751396095e+00 -1.89866135277387049207e+00 6.65730649818065103318e+01 1.93214948047009582588e+00
9.74655869805431618325e-01 5.22285341874884512237e+00 -9.62543410680194222451e-01 5.02554863339389612520e+01 1.00991526232523853857e+00
9.75328508764321089330e-01 5.00169211408021396892e+00 -1.44034570509072201716e+00 3.58431113775564966772e+01 1.80113504942062241376e+00
9.75986182248835265618e-01 5.23786962235378972252e+00 -1.11415929346282216450e+00 5.02526134960214250214e+01 1.17352110630535255709e+00
9.76628880167609847440e-01 5.51291932298793430078e+00 -6.24340535227352444458e-01 6.62531804940233968182e+01 6.45174468828462077674e-01
9.77256592659065281836e-01 5.81559923500325570700e+00 -4.74245930859371112032e-01 8.40106757033171334115e+01 5.46911904391197745134e-01
9.77869310091559640341e-01 6.11935460197349900824e+00 -7.18923187419603149095e-01 1.03942437253788952489e+02 2.47377087096856962400e-02
9.78467023063535390470e-01 5.39992674450052057011e+00 -2.90936008144376545559e+00 6.68578464928934579348e+01 2.98781381766700659952e+00
9.79049722403663946757e-01 7.76771989556194686344e+00 -3.22951260720523958270e+00 2.61246163767700465996e+02 6.02005545125387708794e+00
9.79617399170986558055e-01 1.06732791904644290781e+01 -3.74429178201958423600e+00 4.35695578797623795708e+02 1.29892374893951085824e+01
9.80170044655051198035e-01 -1.20187917875682206414e+01 -5.01788283894913877958e+00 7.40845076835060240228e+02 -1.34906644027538202835e+01
9.80707650376046569107e-01 -7.89435247854133237411e+00 -1.76908315082839218135e-01 4.53584516838502963765e+02 -2.96656947155091665902e-01
9.81230208084931665447e-01 6.67416554484379531686e+00 -1.25684418382781193380e+00 1.55265748741523623266e+02 2.77183888678023109264e+01
9.81737709763563226595e-01 6.22136163155047938744e+00 -2.15844952801958234190e+00 1.13524280479405319966e+02 -3.50104242621557446569e+01
9.82230147624817750973e-01 -2.87899346882864470842e+00 -1.68187866139623576345e+00 8.83462856760086481245e+01 -2.93077102315429827151e-01
9.82707514112711733034e-01 -2.52451694695324402318e+00 -1.30807996257570913201e+00 7.05135889490352383291e+01 -1.89762566697193844900e-02
9.83169801902517237480e-01 5.59954218537313597182e+00 -5.55194489393077472705e-01 6.61192950767125182665e+01 5.85955048728620031540e-01
9.83617003900874475875e-01 6.16867071705712710639e+00 -1.85914148806149781556e+00 1.27179789088299671107e+02 1.36271851973992719209e+00
9.84049113245900386460e-01 5.34866627214976464444e+00 -1.82225283188384556965e+00 5.02254618372196617315e+01 1.96934274624534499942e+00
9.84466123307294216360e-01 5.38803770946507398776e+00 -6.53767427304485226891e-01 4.99908441787184258942e+01 7.11694276371019785010e-01
9.84868027686439440060e-01 5.38935218612729727283e+00 -9.32705436744519666981e-01 5.00162020857707361188e+01 1.01586519401860142509e+00
9.85254820216501125962e-01 5.35156507097421219044e+00 -2.46669349903967782822e+00 5.03965336081340282703e+01 2.66782481156674800005e+00
9.85626494962521304544e-01 5.83041276891212678635e+00 -1.01648918770387175492e+00 8.38877536380734341037e+01 1.43492018009031485626e+00
9.85983046221510006646e-01 5.40459143654741946960e+00 -1.18067760704579538533e+00 5.00276092948618469336e+01 1.29031613172333026185e+00
9.86324468522532193937e-01 5.41525626983193397734e+00 -1.03254626994614850943e+00 4.99921141703099394249e+01 1.13092554006612666662e+00
9.86650756626792246884e-01 5.43130040242940470563e+00 -6.15491075287950883954e-01 4.99273598190775373951e+01 6.76036442953154459445e-01
9.86961905527714344899e-01 5.43777336022855006803e+00 -6.09681482623114723296e-01 4.99179267247332916213e+01 6.70490959578622813808e-01
9.87257910451019071729e-01 5.43508870065205229594e+00 -1.00354275785481728001e+00 4.99611906218624852727e+01 1.10339758851413516361e+00
9.87538766854796246086e-01 5.41997843518239097449e+00 -1.78102505444557990266e+00 5.01192065371876864788e+01 1.95292649854292732492e+00
9.87804470429575864898e-01 5.56644045833427547620e+00 -2.32568270945720856346e+00 6.64456585408287025984e+01 2.47103523456847229411e+00
9.88055017098393051356e-01 5.71225491390098216726e+00 -2.61073331752833048824e+00 8.45610688367287934852e+01 2.85856449911609855619e+00
9.88290403016850893536e-01 5.87036960961381737434e+00 -2.64571767848075900531e+00 1.04494876846093390554e+02 3.06462304534952334478e+00
9.88510624573179952357e-01 6.03024002954129034748e+00 -2.48148378589712548248e+00 1.26558605612023256981e+02 3.32251426163216256882e+00
9.88715678388292773526e-01 6.14276671986655831148e+00 -2.15413253799155901547e+00 1.49854814268780586417e+02 3.46791463137315814080e+00
9.88905561315836734160e-01 6.22468795580069933493e+00 -1.68346012899992403256e+00 1.70263639213512902870e+02 3.61044721119650002805e+00
9.89080270442241449302e-01 6.59709829561185223668e+00 -1.62452185574676732926e+00 1.82351897153609428415e+02 2.23907722455219149182e+00
9.89239803086764180051e-01 7.29403116632068027059e+00 -1.92680963214167388919e+00 1.99324539268539467685e+02 9.39844967069799253068e-01
9.89384156801530467717e-01 7.82111244968433538816e+00 -2.63325758715665569909e+00 2.16383002248064997275e+02 -2.43866534237342641456e-01
9.89513329371571881410e-01 7.78992221351882552227e+00 -2.02669392030592376841e+00 2.32385191547713020555e+02 1.04493893447165167032e+01
9.89627318814860101881e-01 7.23131362273268329943e+00 -9.92667476168009654813e-01 1.75443505556742309182e+02 1.87735695269382718564e+00
9.89726123382337119594e-01 6.60706280021344927178e+00 -3.77639490297185465018e-01 1.26082821676147830203e+02 -5.54221645710329813284e+00
9.89809741557942324164e-01 5.89855092571651251632e+00 -6.79119292747487057760e-01 8.43337382815297900152e+01 -1.17720451219371060603e+01
9.89878172058635374952e-01 5.66625691082830673651e+00 -1.07640437798078392184e+00 6.60887985155370074608e+01 1.16296687768110573735e+00
9.89931413834416518149e-01 5.63423591719459970761e+00 -1.67347229300664190887e+00 6.61977976611264011808e+01 1.79653660228533373910e+00
9.89969466068341796827e-01 5.60747553330367676239e+00 -2.26582363403145281566e+00 6.63727976588094179533e+01 2.42759282316502966736e+00
