00000000000000000000 4.71992336687323188471e+00 -1.34987402246618759527e+00 00000000000000000154 -4.66642646257028900433e-24
3.87796733008385127034e-03 4.72051075927040031388e+00 -1.34986967801931290190e+00 1.53999494206968336130e+02 1.56901386736170764648e-04
7.75587515650285035801e-03 4.72110827080780026677e+00 -1.34986227317692186745e+00 1.53998915447774436416e+02 3.59161674969260427768e-04
1.16336639765051742812e-02 4.72171590508483252080e+00 -1.34985180381541236549e+00 1.53998263672828130666e+02 6.06788420589926200122e-04
1.55112742891650307042e-02 4.72233366547644539679e+00 -1.34983826570702802883e+00 1.53997538834780925754e+02 8.99786278293226429378e-04
1.93886465962956576481e-02 4.72296155513042581475e+00 -1.34982165452016644736e+00 1.53996740888384380241e+02 1.23815696259967338716e-03
2.32657214033622598837e-02 4.72359957697409260646e+00 -1.34980196581470046624e+00 1.53995869790949257094e+02 1.62189952664723081345e-03
2.71424392203948837421e-02 4.72424773370436756892e+00 -1.34977919504752530422e+00 1.53994925501747559338e+02 2.05100999043845684880e-03
3.10187405629012494246e-02 4.72490602780491997237e+00 -1.34975333756566207022e+00 1.53993907983141610885e+02 2.52548176149239474164e-03
3.48945659527794757593e-02 4.72557446151209159524e+00 -1.34972438861601862214e+00 1.53992817198451433569e+02 3.04530499787038612738e-03
3.87698559192307112831e-02 4.72625303685144171340e+00 -1.34969234333472010157e+00 1.53991653114324918761e+02 3.61046726948535331991e-03
4.26445509996716889956e-02 4.72694175561894702753e+00 -1.34965719675256012877e+00 1.53990415699582911202e+02 4.22095319592439514184e-03
4.65185917406470347824e-02 4.72764061938702973009e+00 -1.34961894379383839926e+00 1.53989104925647865230e+02 4.87674450537727878496e-03
5.03919186987416417578e-02 4.72834962941185033003e+00 -1.34957757927126653641e+00 1.53987720760684027255e+02 5.57782035112070005006e-03
5.42644724414926629685e-02 4.72906878689881793321e+00 -1.34953309789865327772e+00 1.53986263186567214234e+02 6.32415647097090641987e-03
5.81361935483015249138e-02 4.72979809268077389106e+00 -1.34948549427534936207e+00 1.53984732178427265126e+02 7.11572618877559428391e-03
6.20070226113456635098e-02 4.73053754739502174687e+00 -1.34943476289371067089e+00 1.53983127715983982853e+02 7.95249991334606373683e-03
6.58769002364900102542e-02 4.73128715144144695870e+00 -1.34938089813617501100e+00 1.53981449780934269711e+02 8.83444531685268971688e-03
6.97457670441984506349e-02 4.73204690515865245004e+00 -1.34932389434478161583e+00 1.53979698368229634298e+02 9.76152288163650155850e-03
7.36135636704448592660e-02 4.73281680826971218323e+00 -1.34926374560593265173e+00 1.53977873450831651780e+02 1.07336996446035452119e-02
7.74802307676239754297e-02 4.73359686057583051166e+00 -1.34920044601911004456e+00 1.53975975023959790633e+02 1.17509320157907649201e-02
8.13457090054621884123e-02 4.73438706155668942444e+00 -1.34913398954363783488e+00 1.53974003079698690044e+02 1.28131755629837737476e-02
8.52099390719276428285e-02 4.73518741045908608811e+00 -1.34906437003374279904e+00 1.53971957612710951935e+02 1.39203827633834851391e-02
8.90728616741405659907e-02 4.73599790629807326781e+00 -1.34899158124043538898e+00 1.53969838620378823180e+02 1.50725028769101432324e-02
9.29344175392829291438e-02 4.73681854785931388818e+00 -1.34891561681464611233e+00 1.53967646103025174398e+02 1.62694817397308309770e-02
9.67945474155079421674e-02 4.73764933313140179649e+00 -1.34883646981905669371e+00 1.53965380027855218259e+02 1.75112928950910858028e-02
1.00653192072849326233e-01 4.73849026119109772992e+00 -1.34875413434054713946e+00 1.53963040449027857903e+02 1.87978347419448035827e-02
1.04510292304129906449e-01 4.73934132974697330809e+00 -1.34866860339912086886e+00 1.53960627351384118811e+02 2.01290639079645811149e-02
1.08365788925870357162e-01 4.74020253658896617566e+00 -1.34857987017858116374e+00 1.53958140742793943900e+02 2.15049167480709027545e-02
1.12219622779197156226e-01 4.74107387925913936755e+00 -1.34848792774740799949e+00 1.53955580633283034331e+02 2.29253271458780688574e-02
1.16071734730750303344e-01 4.74195535504869880583e+00 -1.34839276905537208684e+00 1.53952947034927149161e+02 2.43902267278589580946e-02
1.19922065673590871882e-01 4.74284696099415103987e+00 -1.34829438692852665582e+00 1.53950239961695672264e+02 2.58995451812746614595e-02
1.23770556528107589234e-01 4.74374869469739746108e+00 -1.34819277547526983341e+00 1.53947459481675139159e+02 2.74531206690275184079e-02
1.27617148242923722501e-01 4.74466055148985166312e+00 -1.34808792527169529762e+00 1.53944605536875258167e+02 2.90510066008485626221e-02
1.31461781795802923334e-01 4.74558252820554926643e+00 -1.34797982974492480679e+00 1.53941678183196160035e+02 3.06930649062628589652e-02
1.35304398194555003387e-01 4.74651462090938647265e+00 -1.34786848134855996584e+00 1.53938677446096903623e+02 3.23792097317994326255e-02
1.39144938477940960375e-01 4.74745682541440494617e+00 -1.34775387243663291592e+00 1.53935603353581001329e+02 3.41093517565570977790e-02
1.42983343716577865345e-01 4.74840913728096314372e+00 -1.34763599526762667402e+00 1.53932455936244792838e+02 3.58833979419520970877e-02
1.46819555013843056068e-01 4.74937155181597958631e+00 -1.34751484200994897655e+00 1.53929235227333151670e+02 3.77012511884395329353e-02
1.50653513506777553266e-01 4.75034406407232090430e+00 -1.34739040474946025761e+00 1.53925941262805821452e+02 3.95628098637314865038e-02
1.54485160366989643377e-01 4.75132666810458381690e+00 -1.34726267171110802856e+00 1.53922574034306251178e+02 4.14682082987839900623e-02
1.58314436801557489876e-01 4.75231935961976592608e+00 -1.34713164053780598550e+00 1.53919133657183465402e+02 4.34169715768040059833e-02
1.62141284053930911924e-01 4.75332213236293465997e+00 -1.34699730038089882100e+00 1.53915620141636367180e+02 4.54091555361660209611e-02
1.65965643404833329555e-01 4.75433498032827905888e+00 -1.34685964277860370508e+00 1.53912033532905923039e+02 4.74446543237893592071e-02
1.69787456173162598638e-01 4.75535789724583324301e+00 -1.34671865914885047211e+00 1.53908373878875408991e+02 4.95233599977489002963e-02
1.73606663716891373994e-01 4.75639087658040260465e+00 -1.34657434078460225280e+00 1.53904641230122734896e+02 5.16451628371182164257e-02
1.77423207433967000668e-01 4.75743391153121031323e+00 -1.34642667884764755115e+00 1.53900835640021369954e+02 5.38099517490534945408e-02
1.81237028763210711313e-01 4.75848699503188932169e+00 -1.34627566436069945333e+00 1.53896957164866705625e+02 5.60176147841002017302e-02
1.85048069185216018662e-01 4.75955011975068664754e+00 -1.34612128819527776535e+00 1.53893005864017283102e+02 5.82680399204045240680e-02
1.88856270223246969220e-01 4.76062327669425489063e+00 -1.34596355077006402112e+00 1.53888981710744133125e+02 6.05604985148355257074e-02
1.92661573444134981425e-01 4.76170646010635589818e+00 -1.34580242730531018935e+00 1.53884884905676386779e+02 6.28958543343507842094e-02
1.96463920459175961364e-01 4.76279966085350459082e+00 -1.34563791532527488037e+00 1.53880715453845539287e+02 6.52735434361480792997e-02
2.00263252925025725393e-01 4.76390287043788696053e+00 -1.34547000548900452799e+00 1.53876473421540879372e+02 6.76934287653076643965e-02
2.04059512544595450523e-01 4.76501608006880239543e+00 -1.34529868836902344320e+00 1.53872158877046587122e+02 7.01553691801923146043e-02
2.07852641067946264375e-01 4.76613928065679370860e+00 -1.34512395445668864191e+00 1.53867771890412882385e+02 7.26592191346303040156e-02
2.11642580293182863693e-01 4.76727246280713501392e+00 -1.34494579417083670592e+00 1.53863312533188349107e+02 7.52048281519011874163e-02
2.15429272067346772035e-01 4.76841561681158854213e+00 -1.34476419786784084920e+00 1.53858780878047070928e+02 7.77920402115478276661e-02
2.19212658287308292948e-01 4.76956873263820035902e+00 -1.34457915585482767895e+00 1.53854176998292359713e+02 8.04206929373205009481e-02
2.22992680900658574172e-01 4.77073179991878415507e+00 -1.34439065840711835520e+00 1.53849500967217096559e+02 8.30906165186269113354e-02
2.26769281906599701193e-01 4.77190482025787954257e+00 -1.34419867216709643110e+00 1.53844753641010100864e+02 8.58031320055692020565e-02
2.30542403356835262640e-01 4.77308776271106616207e+00 -1.34400322600014021646e+00 1.53839933827522060028e+02 8.85556007044066562095e-02
2.34311987356459305865e-01 4.77428062506464012671e+00 -1.34380429231778086852e+00 1.53835042183735339449e+02 9.13489587502266664476e-02
2.38077976064844459847e-01 4.77548339599678151046e+00 -1.34360186060808839414e+00 1.53830078809342779778e+02 9.41830487267045352029e-02
2.41840311696529752794e-01 4.77669606390729306611e+00 -1.34339592023259557507e+00 1.53825043808510486087e+02 9.70577119362634188615e-02
2.45598936522107014202e-01 4.77791861692181907273e+00 -1.34318646041881528674e+00 1.53819937290315749578e+02 9.99727889082826920442e-02
2.49353792869107054875e-01 4.77915104290246617325e+00 -1.34297347025095459294e+00 1.53814759369593303973e+02 1.02928120021382490945e-01
2.53104823122884181608e-01 4.78039332945729089630e+00 -1.34275693866225664941e+00 1.53809510167711039230e+02 1.05923546024500575546e-01
2.56851969727500406560e-01 4.78164546395561185221e+00 -1.34253685441457548677e+00 1.53804189813719546009e+02 1.08958909367253942158e-01
2.60595175186608463136e-01 4.78290743354852487812e+00 -1.34231320608638426961e+00 1.53798798445830641413e+02 1.12034054997112095253e-01
2.64334382064334627582e-01 4.78417918338479442042e+00 -1.34208602169515356373e+00 1.53793333560390067305e+02 1.15146319160439852824e-01
2.68069532986158931553e-01 4.78546076960847166504e+00 -1.34185522296745007864e+00 1.53787799720396407110e+02 1.18299766166462802519e-01
2.71800570639796568173e-01 4.78675214677961591292e+00 -1.34162082844934005266e+00 1.53782195066065241917e+02 1.21492314322822064776e-01
2.75527437776076689069e-01 4.78805330013221830399e+00 -1.34138282680706355521e+00 1.53776519708004769882e+02 1.24723767029292359476e-01
2.79250077209821145896e-01 4.78936421451438842922e+00 -1.34114120663464997385e+00 1.53770773756328395621e+02 1.27993923375224333272e-01
2.82968431820721455505e-01 4.79068487436958889703e+00 -1.34089595645926218381e+00 1.53764957319667502134e+02 1.31302577851024310229e-01
2.86682444554216209198e-01 4.79201526371616637334e+00 -1.34064706475331729685e+00 1.53759070504081790887e+02 1.34649519633502190441e-01
2.90392058422365262338e-01 4.79335536612178358951e+00 -1.34039451994338909557e+00 1.53753113411650048192e+02 1.38034532076782401333e-01
2.94097216504725145203e-01 4.79470516466944385314e+00 -1.34013831041856490423e+00 1.53747086138533376243e+02 1.41457392240236512482e-01
2.97797861949222197886e-01 4.79606464191970083277e+00 -1.33987842455032879485e+00 1.53740988772802211315e+02 1.44917869689455192095e-01
3.01493937973024594967e-01 4.79743377986122077061e+00 -1.33961485070783004048e+00 1.53734821391531369272e+02 1.48415725591752117873e-01
3.05185387863413981613e-01 4.79881268579377007200e+00 -1.33934751962738918252e+00 1.53728592031089135617e+02 1.51954357959429409153e-01
3.08872154978655832913e-01 4.80020112686754707454e+00 -1.33907651856883491703e+00 1.53722287215615239120e+02 1.55527255446801904171e-01
3.12554182748867592778e-01 4.80159918155872134093e+00 -1.33880179045448222119e+00 1.53715913208929833900e+02 1.59137028832358001784e-01
3.16231414676888089588e-01 4.80300683183192855807e+00 -1.33852332280432650968e+00 1.53709470189315453581e+02 1.62783459325413992769e-01
3.19903794339143177083e-01 4.80442405938450800562e+00 -1.33824110304621268774e+00 1.53702958344402787816e+02 1.66466325722161190281e-01
3.23571265386512540996e-01 4.80585084567185472082e+00 -1.33795511850609405435e+00 1.53696377873002631986e+02 1.70185405090472446910e-01
3.27233771545193397046e-01 4.80728717193402843577e+00 -1.33766535641271211432e+00 1.53689728987014461836e+02 1.73940472545329682941e-01
3.30891256617564633036e-01 4.80873301922870233227e+00 -1.33737180389199084019e+00 1.53683011913741552235e+02 1.77731301676987696325e-01
3.34543664483048841518e-01 4.81018836847685005154e+00 -1.33707444797408192549e+00 1.53676226899006650228e+02 1.81557664180787087238e-01
3.38190939098973242238e-01 4.81165320052036982190e+00 -1.33677327558093916871e+00 1.53669374211025456134e+02 1.85419330721177499921e-01
3.41833024501430049469e-01 4.81312749618669410978e+00 -1.33646827352016961399e+00 1.53662454144716406290e+02 1.89316071399668495179e-01
3.45469864806134951962e-01 4.81461123637511878570e+00 -1.33615942849820945604e+00 1.53655467027383139111e+02 1.93247655005582774645e-01
3.49101404209284427171e-01 4.81610404044345852270e+00 -1.33584676467351304296e+00 1.53648390379218255930e+02 1.97211480400597188867e-01
3.52727586988412222802e-01 4.81760651392656669145e+00 -1.33553020149981938047e+00 1.53641264042191323824e+02 2.01211543423762906357e-01
3.56348357503244450584e-01 4.81911835038581326529e+00 -1.33520975630192295647e+00 1.53634070277369346513e+02 2.05245658887916376800e-01
3.59963660196552959203e-01 4.82063952593727584883e+00 -1.33488541553319395305e+00 1.53626809224793930753e+02 2.09313581631709710873e-01
3.63573439595008318648e-01 4.82217001608928264034e+00 -1.33455716552499481509e+00 1.53619481015428874571e+02 2.13415066936106262441e-01
3.67177640310030473092e-01 4.82370979568778679436e+00 -1.33422499249405079880e+00 1.53612085768002486930e+02 2.17549870152133451029e-01
3.70776207038639005198e-01 4.82525883886949547019e+00 -1.33388888250904269483e+00 1.53604623586342199815e+02 2.21717748904191019887e-01
3.74369084564301513041e-01 4.82681711898006593486e+00 -1.33354882150252329609e+00 1.53597094554516104381e+02 2.25918462432803140993e-01
3.77956217757780987831e-01 4.82838460850310813299e+00 -1.33320479523983648207e+00 1.53589498732665049374e+02 2.30151773652916752377e-01
3.81537551577981803863e-01 4.82996127894413707082e+00 -1.33285678928080897343e+00 1.53581836150005045738e+02 2.34417451665340170752e-01
3.85113031072793543519e-01 4.83154710073004078907e+00 -1.33250478897356905428e+00 1.53574106798819258302e+02 2.38715272243784915052e-01
3.88682601379935599439e-01 4.83314268226182086607e+00 -1.33214891440123328614e+00 1.53566350904233473784e+02 2.43036518908177956444e-01
3.92246207727797613352e-01 4.83474687514932988108e+00 -1.33178891802092880248e+00 1.53558498009203987067e+02 2.47395625543736952245e-01
3.95803795436280247966e-01 4.83636016165068394201e+00 -1.33142489154497800641e+00 1.53550580459274868872e+02 2.51785648047673338290e-01
3.99355309917634848649e-01 4.83798251506960053092e+00 -1.33105682152837112575e+00 1.53542598551071989732e+02 2.56206264626526236672e-01
4.02900696677300329540e-01 4.83961390837703309131e+00 -1.33068469445815495966e+00 1.53534552600418720658e+02 2.60657141833305461276e-01
4.06439901314739726601e-01 4.84125431451754995038e+00 -1.33030849706449671999e+00 1.53526442946198272921e+02 2.65137934927307417077e-01
4.09972869524274474706e-01 4.84290370627681632243e+00 -1.32992821622460888342e+00 1.53518269952792508093e+02 2.69648281019024438354e-01
4.13499547095918296158e-01 4.84456205642044590576e+00 -1.32954383901626793651e+00 1.53510034016486685005e+02 2.74187799090700401461e-01
4.17019879916208535686e-01 4.84622933776179998233e+00 -1.32915535277101559686e+00 1.53501735570021764943e+02 2.78756086815046655314e-01
4.20533813969036496250e-01 4.84790552329624802042e+00 -1.32876274512812275752e+00 1.53493375091323798642e+02 2.83352717336822934602e-01
4.24041295336476609101e-01 4.84959058628453743012e+00 -1.32836600416940409097e+00 1.53484953109026236007e+02 2.87977230981706189272e-01
4.27542270199613438919e-01 4.85128450043479642062e+00 -1.32796511847824816321e+00 1.53476470214184189444e+02 2.92629131747268900199e-01
4.31036684839367689737e-01 4.85298724007386361734e+00 -1.32756007725918845352e+00 1.53467927071308338327e+02 2.97307880001454971630e-01
4.34524485637320267983e-01 4.85469735523577305969e+00 -1.32715006025186110783e+00 1.53459234882920071641e+02 3.02063743549158714163e-01
4.38005619076534846723e-01 4.85641734078627962390e+00 -1.32673648280174916181e+00 1.53450552789466001968e+02 3.06806633910830461875e-01
4.41480031742379597226e-01 4.85814600739805158014e+00 -1.32631867754939603010e+00 1.53441808427736333442e+02 3.11577222303670353654e-01
4.44947670323346589072e-01 4.85988331901906267518e+00 -1.32589662798373675301e+00 1.53433001954727444627e+02 3.16375308673960742301e-01
4.48408481611869302874e-01 4.86162923863559903737e+00 -1.32547031721825314676e+00 1.53424133503761368047e+02 3.21200712347527228552e-01
4.51862412505139754426e-01 4.86338372827767617679e+00 -1.32503972779241419033e+00 1.53415203185210827996e+02 3.26053284632013440358e-01
4.55309410005922676756e-01 4.86514674888871745395e+00 -1.32460484167558578683e+00 1.53406211078717262808e+02 3.30932908699145045262e-01
4.58749421223369369116e-01 4.86691826019030227002e+00 -1.32416564014807280891e+00 1.53397157225113602408e+02 3.35839507172844720095e-01
4.62182393373828603877e-01 4.86869822058772072637e+00 -1.32372210365331421933e+00 1.53388041620917761065e+02 3.40773051518484082489e-01
4.65608273781656922807e-01 4.87048658701167802576e+00 -1.32327421163785108327e+00 1.53378864208837740080e+02 3.45733572182645110260e-01
4.69027009880027045963e-01 4.87228331469136577425e+00 -1.32282194238971673173e+00 1.53369624863993294639e+02 3.50721168814055683782e-01
4.72438549211733671562e-01 4.87408835699152920284e+00 -1.32236527276615345450e+00 1.53360323384166093774e+02 3.55736027404876753444e-01
4.75842839429999664436e-01 4.87590371160738911271e+00 -1.32190632952409803380e+00 1.53351087739167411428e+02 3.60643791643087074927e-01
4.79239828299277970114e-01 4.87772567929453071400e+00 -1.32144126290796593004e+00 1.53341688836901653303e+02 3.65684156658747261393e-01
4.82629463696053917499e-01 4.87955589995506500145e+00 -1.32097181767366156357e+00 1.53332232324115665278e+02 3.70746638552845897419e-01
4.86011693609644690461e-01 4.88139433471722039570e+00 -1.32049798234940318764e+00 1.53322718643406233241e+02 3.75830687628947668344e-01
4.89386466142997689222e-01 4.88324094448552159520e+00 -1.32001974666246568724e+00 1.53313148264334955684e+02 3.80935677872245637143e-01
4.92753729513486060654e-01 4.88509569003736565662e+00 -1.31953710107062494039e+00 1.53303521689821820928e+02 3.86060936604688376139e-01
4.96113432053704617175e-01 4.88695853207001285057e+00 -1.31905003702267720200e+00 1.53293839459468699715e+02 3.91205728513387585021e-01
4.99465522212260704116e-01 4.88882943137431880132e+00 -1.31855854718942278048e+00 1.53284102160802802928e+02 3.96369241567252506009e-01
5.02809948554567842649e-01 4.89070834877780136196e+00 -1.31806262570312404669e+00 1.53274310426096064930e+02 4.01550572421928597677e-01
5.06146659763632045248e-01 4.89259524545410595664e+00 -1.31756226839791801275e+00 1.53264464952082988702e+02 4.06748711822863207033e-01
5.09475604640841184256e-01 4.89449008297369037024e+00 -1.31705747309789056310e+00 1.53254566503491730600e+02 4.11962527050329596623e-01
5.12796732106749808544e-01 4.89639282357316218963e+00 -1.31654823992189706772e+00 1.53244615930230054346e+02 4.17190743374505734753e-01
5.16109991201863405053e-01 4.89830343020660041731e+00 -1.31603457181670813192e+00 1.53234614170955126156e+02 4.22431911289206485360e-01
5.19415331087419551714e-01 4.90021912550465899017e+00 -1.31551117298871589334e+00 1.53224390827066116572e+02 4.28015007767230948321e-01
5.22712701046168959351e-01 4.90214480187054402194e+00 -1.31498755906337727595e+00 1.53214255261875251790e+02 4.33345264016767706128e-01
5.26002050483152849836e-01 4.90407813300061690143e+00 -1.31445932373708918028e+00 1.53204065349090456039e+02 4.38696267033245212996e-01
5.29283328926479668119e-01 4.90601906820474020776e+00 -1.31392644586132378848e+00 1.53193821357885184398e+02 4.44068067239036745608e-01
5.32556486028099573815e-01 4.90796755567237763529e+00 -1.31338890307657352174e+00 1.53183523533944793371e+02 4.49460791880666621356e-01
5.35821471564576490287e-01 4.90992354250308782326e+00 -1.31284667149955236454e+00 1.53173172101816277291e+02 4.54874664706204689946e-01
5.39078235437859709656e-01 4.91188697485238368046e+00 -1.31229972573330444519e+00 1.53162767274469700851e+02 4.60310005508879294123e-01
5.42326727676051723037e-01 4.91385779757589347128e+00 -1.31174803820741203708e+00 1.53152309231545018520e+02 4.65767271348245859297e-01
5.45566898434175162613e-01 4.91583595409917784025e+00 -1.31119157921892726115e+00 1.53141798111744662947e+02 4.71247054097633955028e-01
5.48798697994937745293e-01 4.91782138669509016893e+00 -1.31063031638194349426e+00 1.53131234030550103853e+02 4.76750114834017968413e-01
5.52022076769495328996e-01 4.91981403587559462665e+00 -1.31006421414327567376e+00 1.53120617044715118027e+02 4.82277422422760559950e-01
5.55236985298212415429e-01 4.92181384065505600489e+00 -1.30949323287208141409e+00 1.53109947161908252156e+02 4.87830176681225191615e-01
5.58443374251421431609e-01 4.92382073802906194970e+00 -1.30891732893292256357e+00 1.53099224319004775907e+02 4.93409853553458732645e-01
5.61641194430179235830e-01 4.92583466299238548203e+00 -1.30833645373865281591e+00 1.53088448377237483555e+02 4.99018230969366982652e-01
5.64830396767022624438e-01 4.92785823762452768193e+00 -1.30776329458173878884e+00 1.53077787534818497761e+02 5.03866050096126172342e-01
5.68010932326720507923e-01 4.92988652441997210474e+00 -1.30717475882257838649e+00 1.53066936580211660157e+02 5.09386688062565928803e-01
5.71182752307025198846e-01 4.93192171445250515660e+00 -1.30658152648949932306e+00 1.53056036844578784439e+02 5.14915376656006285039e-01
5.74345808039421146240e-01 4.93396377308207956247e+00 -1.30598356853883146300e+00 1.53045090282426713202e+02 5.20452722416000379546e-01
5.77500050989871893670e-01 4.93601261570654159527e+00 -1.30538091645911791261e+00 1.53034095805440045979e+02 5.25995576000206410683e-01
5.80645432759564483760e-01 4.93806818953723247745e+00 -1.30477356604579308730e+00 1.53023054350317181616e+02 5.31543016788414535156e-01
5.83781905085652308429e-01 4.94013043324919021160e+00 -1.30416152546313202087e+00 1.53011966379019213491e+02 5.37093364848296284109e-01
5.86909419841995516620e-01 4.94219928425108800951e+00 -1.30354480674978279175e+00 1.53000832329856166325e+02 5.42644710005603880809e-01
5.90027929039899312613e-01 4.94427467946650622821e+00 -1.30292342638374925023e+00 1.52989652666570691508e+02 5.48194877761876142586e-01
5.93137384828850811047e-01 4.94635655483720437786e+00 -1.30229740565871976443e+00 1.52978427848134828082e+02 5.53741406835403959796e-01
5.96237739497252783316e-01 4.94844484610119295098e+00 -1.30166677081543147310e+00 1.52967158377537856495e+02 5.59281542085887983795e-01
5.99328945473155960677e-01 4.95053948701967438950e+00 -1.30103155551136118184e+00 1.52955844692837786170e+02 5.64812082377228352748e-01
6.02410955324989116910e-01 4.95264041227539220102e+00 -1.30039180036038959365e+00 1.52944487347206006689e+02 5.70329410695840199885e-01
6.05483721762286153378e-01 4.95474755696440194441e+00 -1.29974755208569603404e+00 1.52933086977787326077e+02 5.75829547745698611116e-01
6.08547197636412851018e-01 4.95686198582826698100e+00 -1.29907326695196112532e+00 1.52921710637661107057e+02 5.82891505482823757411e-01
6.11601335941289292464e-01 4.95898155124737183286e+00 -1.29841570450818588611e+00 1.52910236572002958155e+02 5.88621155625606462536e-01
6.14646089814111729055e-01 4.96110715494381260271e+00 -1.29775299464136972816e+00 1.52898722439033917908e+02 5.94370701119267819124e-01
6.17681412536071339225e-01 4.96323886663590307933e+00 -1.29708500897058121026e+00 1.52887177396558030296e+02 6.00147021513654399527e-01
6.20707257533071432576e-01 4.96537621906565540542e+00 -1.29641223903285451868e+00 1.52875577572086058353e+02 6.05918630939641822408e-01
6.23723578376441656346e-01 4.96751954865769196346e+00 -1.29573411940046923085e+00 1.52863948658569654526e+02 6.11719481779907092722e-01
6.26730328783650536550e-01 4.96966865379885724963e+00 -1.29505078427711750599e+00 1.52852283265011919866e+02 6.17540230842443360615e-01
6.29727462619016020717e-01 4.97182352473618838218e+00 -1.29436206963896394129e+00 1.52840585866358026124e+02 6.23389993355189409030e-01
6.32714933894412689952e-01 4.97398393003286720671e+00 -1.29366827044310150896e+00 1.52828847390046036026e+02 6.29249541235729070721e-01
6.35692696769977860782e-01 4.97614992091067076529e+00 -1.29296924953851810614e+00 1.52817076202404450669e+02 6.35126377846366052538e-01
6.38660705554815355534e-01 4.97832152621991319563e+00 -1.29226424068360956632e+00 1.52805279238625359994e+02 6.41066789149763782696e-01
6.41618914707695386923e-01 4.98049865488301346517e+00 -1.29155350463846851916e+00 1.52793456260069319796e+02 6.47053711099992878708e-01
6.44567278837754553678e-01 4.98268092619707037016e+00 -1.29083813366920585608e+00 1.52781589409342956287e+02 6.53018860849115978517e-01
6.47505752705191617302e-01 4.98486865417654456678e+00 -1.29011655706412287081e+00 1.52769703212435672413e+02 6.59058138372621615808e-01
6.50434291221961835561e-01 4.98705299940234603184e+00 -1.28942336808389690361e+00 1.52757265081198426060e+02 6.63039655482201673031e-01
6.53352849452468964486e-01 4.98924595993969610674e+00 -1.28870750824816515667e+00 1.52745010725568221233e+02 6.68108649541147792128e-01
6.56261382614254484835e-01 4.99144629415026841457e+00 -1.28797623732111055084e+00 1.52732870365351942610e+02 6.73816397181410398076e-01
6.59159846078685274229e-01 4.99365184892451541288e+00 -1.28724086913836099910e+00 1.52720719145233658764e+02 6.79465359885870312517e-01
6.62048195371637282491e-01 4.99586244020471514915e+00 -1.28650016346065965145e+00 1.52708551302300861607e+02 6.85131035049914571822e-01
6.64926386174179318012e-01 4.99807738552817681921e+00 -1.28575496413054612965e+00 1.52696330899810050141e+02 6.90760680704957330533e-01
6.67794374323251838099e-01 5.00029679346802424789e+00 -1.28500504717176378122e+00 1.52684070517462004091e+02 6.96367388222395411468e-01
6.70652115812345961388e-01 5.00252043371238386271e+00 -1.28425022659038834405e+00 1.52671761982373539013e+02 7.01961859735566462426e-01
6.73499566792176929120e-01 5.00474833038061284185e+00 -1.28349086279637925045e+00 1.52659412924909162257e+02 7.07521316482944362392e-01
6.76336683571358565636e-01 5.00698010818235772490e+00 -1.28272763266329792309e+00 1.52647006593938726837e+02 7.13003542975259363423e-01
6.79163422617073186949e-01 5.00921340546383664361e+00 -1.28196000364034223828e+00 1.52634404260850260471e+02 7.18440192605500405065e-01
6.81979740555738733754e-01 5.01145597105602647048e+00 -1.28118571579892237544e+00 1.52622087033908030662e+02 7.23970844974412552908e-01
6.84785594173675460361e-01 5.01369947024816742243e+00 -1.28040839403862660717e+00 1.52609550782311686135e+02 7.29370983902440594981e-01
6.87580940417768404771e-01 5.01594666748935669176e+00 -1.27962680317726329449e+00 1.52596971252947327002e+02 7.34716451836047612645e-01
6.90365736396128082397e-01 5.01819766572517078629e+00 -1.27884047276228662859e+00 1.52584361146471451320e+02 7.40035642664449211381e-01
6.93139939378748737298e-01 5.02048978208262663969e+00 -1.27796589469002408457e+00 1.52573993812911083978e+02 7.50448973854043521747e-01
6.95903506798163817848e-01 5.02274337259753078655e+00 -1.27720705011856039413e+00 1.52561042639919719477e+02 7.53449083764306748456e-01
6.98656396250099120948e-01 5.02502048599277717500e+00 -1.27636106426010953463e+00 1.52549269545086531252e+02 7.61469097715469556142e-01
7.01398565494123937825e-01 5.02729069111128357150e+00 -1.27554605679479560187e+00 1.52536844559788818287e+02 7.67272471260008526173e-01
7.04129972454298314055e-01 5.02956484240104906291e+00 -1.27472381711588722553e+00 1.52524430448212712008e+02 7.73199722657643029322e-01
7.06850575219819421413e-01 5.03184238097428249148e+00 -1.27389687784835459183e+00 1.52512000475954891954e+02 7.79095516709078173001e-01
7.09560332045664265976e-01 5.03412271141866796142e+00 -1.27306270659937292855e+00 1.52499524673371809058e+02 7.85114189345342050608e-01
7.12259201353230508857e-01 5.03640850906334858195e+00 -1.27222399990916623658e+00 1.52487174040749010828e+02 7.91091348073240663297e-01
7.14947141730974067286e-01 5.03869821180310761832e+00 -1.27137959266799716040e+00 1.52474859925564516061e+02 7.97097624719287134454e-01
7.17624111935044939337e-01 5.04098691599755088788e+00 -1.27052967126370885964e+00 1.52462290257768813717e+02 8.03120289103282147813e-01
7.20290070889919697983e-01 5.04328259946229540134e+00 -1.26967592278131502503e+00 1.52449959618007738982e+02 8.09058232509228147933e-01
7.22944977689031653689e-01 5.04557861610794056162e+00 -1.26881769172009928326e+00 1.52437469643078799209e+02 8.14949847485840095374e-01
7.25588791595399018597e-01 5.04787970072682323774e+00 -1.26795265953136726544e+00 1.52425115928467988624e+02 8.20937666053031533941e-01
7.28221472042250406176e-01 5.05018311744805803443e+00 -1.26707646090013592577e+00 1.52412737955476643492e+02 8.27286919686110788774e-01
7.30842978633645223852e-01 5.05249047622735592000e+00 -1.26619388675102428898e+00 1.52400442530285857856e+02 8.33705882438617318364e-01
7.33453271145096175054e-01 5.05480292317169332961e+00 -1.26530613656500845465e+00 1.52388307259816286887e+02 8.40121880857280900479e-01
7.36052309524184211753e-01 5.05702546732787627803e+00 -1.26448951953378019297e+00 1.52370578490705128161e+02 8.41865633714403038823e-01
7.38640053891175041301e-01 5.05931764808367123720e+00 -1.26367455517496685147e+00 1.52356958673142145244e+02 8.43211663303046865536e-01
7.41216464539629305008e-01 5.06161730457919656345e+00 -1.26281990455565384934e+00 1.52343659543449177818e+02 8.46658523182618805158e-01
7.43781501937012756720e-01 5.06404162846450223157e+00 -1.26179322337550803290e+00 1.52337776628234422560e+02 8.60281780624726932771e-01
7.46335126725303221740e-01 5.06634858374033747452e+00 -1.26091301915085285401e+00 1.52324687385579579768e+02 8.64648927537783662522e-01
7.48877299721593336912e-01 5.06859154613464646388e+00 -1.26003575056912819896e+00 1.52307611856861171873e+02 8.68504333683588036763e-01
7.51407981918692846612e-01 5.07084949748844238115e+00 -1.25917045319891585109e+00 1.52291361496894751326e+02 8.71322158263837853731e-01
7.53927134485726568869e-01 5.07315587424545988426e+00 -1.25826859843391547500e+00 1.52277959438689265426e+02 8.76059451924261711753e-01
7.56434718768730363081e-01 5.07546813827190312907e+00 -1.25736139277913627765e+00 1.52264838426432163487e+02 8.80809230135635723435e-01
7.58930696291243989116e-01 5.07777383535514470481e+00 -1.25644793703799528828e+00 1.52251250815907127389e+02 8.85623161745228593134e-01
7.61415028754902523112e-01 5.08007094798569358574e+00 -1.25552728446388695005e+00 1.52237083053452039394e+02 8.90558580347741823857e-01
7.63887678040022333192e-01 5.08238850142766107609e+00 -1.25459479768168935543e+00 1.52224102060424655747e+02 8.95905733665840142699e-01
7.66348606206187388246e-01 5.08469423517250795896e+00 -1.25367487961410684072e+00 1.52210367976256719658e+02 9.00177069138997976161e-01
7.68797775492830681721e-01 5.08700650649002827919e+00 -1.25273865906696535433e+00 1.52196993465662444578e+02 9.05128610375490638695e-01
7.71235148319813990092e-01 5.08930883501106823275e+00 -1.25180637047634801817e+00 1.52182995381067286189e+02 9.09530624047908742291e-01
7.73660687288004522699e-01 5.09161077829397168415e+00 -1.25087166267038085721e+00 1.52168959784950516223e+02 9.13771975662271418450e-01
7.76074355179848351938e-01 5.09418992699754191733e+00 -1.24968187024925381223e+00 1.52171607375218854941e+02 9.33225231914162289826e-01
7.78476114959941845051e-01 5.09768937042855796449e+00 -1.25303658583667210102e+00 1.52231245171882079603e+02 6.77800282111243324046e-01
7.80865929775599765250e-01 5.09874140626061311821e+00 -1.24782047395582984528e+00 1.52140370769513651794e+02 9.39674159667742925350e-01
7.83243762957420930348e-01 5.10093394695223700808e+00 -1.24695765751444498370e+00 1.52119779641950032101e+02 9.38318194487401280313e-01
7.85609578019850984809e-01 5.10330119723638553353e+00 -1.24597285799481438673e+00 1.52109738107226576176e+02 9.44090571501234543383e-01
7.87963338661741508062e-01 5.10566423553280568370e+00 -1.24501208142918939892e+00 1.52099488638056755008e+02 9.48112079251331674179e-01
7.90305008766907790552e-01 5.10786963212093514386e+00 -1.24420308378157207230e+00 1.52079824493176943179e+02 9.42625004388050857784e-01
7.92634552404682946047e-01 5.10950703813398998676e+00 -1.24318508885234946248e+00 1.52025894786091214428e+02 9.49266307008484133689e-01
7.94951933830468693287e-01 5.11257710113194541179e+00 -1.24206813188367415357e+00 1.52058417875411294062e+02 9.62063124602831165610e-01
7.97257117486284361263e-01 5.11498374468658401071e+00 -1.24113572448800790760e+00 1.52051060533419359899e+02 9.63215094141288363794e-01
7.99550068001312008725e-01 5.11722895256021104160e+00 -1.24026888918162225828e+00 1.52034083137126060592e+02 9.60073625168586408662e-01
8.01830750192439767332e-01 5.11957737023564884993e+00 -1.23925803578230309121e+00 1.52023374376745465497e+02 9.65361081618616223565e-01
8.04099129064801410038e-01 5.12181831723747915674e+00 -1.23815460523399245574e+00 1.52006268665238764015e+02 9.75898979859122550629e-01
8.06355169812312477795e-01 5.12435962728619465167e+00 -1.23696272960225694959e+00 1.52007329640786565506e+02 9.91579874626018598072e-01
8.08598837818206295225e-01 5.12669270912582852873e+00 -1.23575553588855568954e+00 1.51995973146671843779e+02 1.00781959450930713729e+00
8.10830098655563102916e-01 5.12852917293242072105e+00 -1.23452188698183595861e+00 1.51954876171024807263e+02 1.02517854905895400286e+00
8.13048918087839522784e-01 5.13165151085072412940e+00 -1.23335555510698058335e+00 1.51991275592708518616e+02 1.03868527169857949310e+00
8.15255262069393138447e-01 5.13250464636200387503e+00 -1.23198053937603657637e+00 1.51891353976110139001e+02 1.06359044028023541628e+00
8.17449096746005965386e-01 5.13641425296296461056e+00 -1.23118317816892930416e+00 1.51975484721108870190e+02 1.05468346933850165570e+00
8.19630388455402592029e-01 5.13804684008819201324e+00 -1.23045424888334786750e+00 1.51923020649244421065e+02 1.04053278401963766875e+00
8.21799103727767876748e-01 5.13988649006034581390e+00 -1.22963140493342248938e+00 1.51883174677990581358e+02 1.03184836987269834552e+00
8.23955209286259315782e-01 5.14262566685921918008e+00 -1.22881662831464066876e+00 1.51897523208312378529e+02 1.02277616114446900930e+00
8.26098672047518967076e-01 5.14434495306262640213e+00 -1.22807561326444014682e+00 1.51850925402837873435e+02 1.00863746968273360061e+00
8.28229459122179711983e-01 5.14613158268826520469e+00 -1.22738664093284044476e+00 1.51808637330422754985e+02 9.91164540271080474199e-01
8.30347537815371183889e-01 5.14835154555847029911e+00 -1.22668146467326288906e+00 1.51792565090520213289e+02 9.74595453627777441596e-01
8.32452875627220700849e-01 5.14861527365467264161e+00 -1.22572657007246155203e+00 1.51659502409281600421e+02 9.71990196571130393721e-01
8.34545440253351977766e-01 5.15428249600383470153e+00 -1.22088084770364835308e+00 1.51848645881267827917e+02 1.20425582411719722664e+00
8.36625199585380951994e-01 5.15645288316487881985e+00 -1.22299319298686937074e+00 1.51831529828011866812e+02 1.01821180677432976402e+00
8.38692121711408611340e-01 5.15731562336958759829e+00 -1.22332671348693411417e+00 1.51735685616036818146e+02 9.38015078291174586589e-01
8.40746174916510269348e-01 5.16059165678089648566e+00 -1.21994537480902631721e+00 1.51783027674144904040e+02 1.08078600326010820787e+00
8.42787327683222509123e-01 5.15752944782577316118e+00 -1.22162662126597232337e+00 1.51453902002503838276e+02 9.18055096838432227457e-01
8.44815548692026907496e-01 5.16496571528035897103e+00 -1.21799819125273645071e+00 1.51750269799519202252e+02 1.07667097263937328044e+00
8.46830806821829651376e-01 5.16737343868196319363e+00 -1.21626914378950123918e+00 1.51747228985816661861e+02 1.11951361842455732187e+00
8.48833071150440821029e-01 5.17062510335468239475e+00 -1.21607971554740634801e+00 1.51795585380944629605e+02 1.07052888546012803239e+00
8.50822310955046900993e-01 5.17035365544685809880e+00 -1.21487838902926359452e+00 1.51633485811443932789e+02 1.08025504408622308183e+00
8.52798495712683735093e-01 5.17279235312764917865e+00 -1.21438454207849222399e+00 1.51633876360405679407e+02 1.04873075342189348014e+00
8.54761595100703930328e-01 5.17491014923817882476e+00 -1.21182341609931398807e+00 1.51614574738278435007e+02 1.14017148870903173297e+00
8.56711578997242706457e-01 5.17793305773306045126e+00 -1.21010962057505144784e+00 1.51649975361287914666e+02 1.18125406372323427107e+00
8.58648417481679637753e-01 5.18086582154930574973e+00 -1.21020010996221105692e+00 1.51681192405528321387e+02 1.11454411236659778339e+00
8.60572080835097841245e-01 5.18128936155805153163e+00 -1.21048420290470937211e+00 1.51563369311348054680e+02 1.03504064031591291872e+00
8.62482539540740500428e-01 5.19972378799358736501e+00 -1.21227404067486754791e+00 1.52520593110840792406e+02 8.73245648360985615710e-01
8.64379764284463170121e-01 5.19240122654142766123e+00 -1.21346982259607227839e+00 1.51941379079138670249e+02 7.36018043938915011992e-01
8.66263725955183860883e-01 5.18986474156429622440e+00 -1.20594228574840722779e+00 1.51645151970872092306e+02 1.12010049293181457308e+00
8.68134395645329126623e-01 5.19076896978586077580e+00 -1.19955463155341179871e+00 1.51554512916885073537e+02 1.43705634033394336058e+00
8.69991744651278930966e-01 5.19422363150041555002e+00 -1.20329547721816032535e+00 1.51621149300278972305e+02 1.15260829889547777860e+00
8.71835744473805518417e-01 5.19577187658051453667e+00 -1.20631962419018967658e+00 1.51574325212333576474e+02 9.09877559542388580915e-01
8.73666366818512285519e-01 5.19586116910989481710e+00 -1.20482192823147027383e+00 1.51439294840435934475e+02 9.35248667368431041425e-01
8.75483583596266101701e-01 5.19879095576223448916e+00 -1.19932198384769561628e+00 1.51471624535350429142e+02 1.19937133193625222738e+00
8.77287366923630518301e-01 5.20190873709493839527e+00 -1.19440558111758599047e+00 1.51515656986896402714e+02 1.42870732063401395529e+00
8.79077689123291206030e-01 5.20069974279833413533e+00 -1.20078052944620528031e+00 1.51309220607676365944e+02 9.85575631795442164140e-01
8.80854522724482724705e-01 5.20735331467846762621e+00 -1.19561005476294557326e+00 1.51564047498812129788e+02 1.23130742052148489662e+00
8.82617840463408520613e-01 5.21489173915690606975e+00 -1.19104085387717439914e+00 1.51872112050098365899e+02 1.44200355482794817519e+00
8.84367615283660701841e-01 5.20545837366424279935e+00 -1.19228357350299662976e+00 1.51177138002809414274e+02 1.29848724633595025146e+00
8.86103820336633374311e-01 5.21182346980445743156e+00 -1.19349603540578352856e+00 1.51419374460297916585e+02 1.16538132931829729877e+00
8.87826428981936643936e-01 5.21498282319357375769e+00 -1.19351028970084271918e+00 1.51471599397550136246e+02 1.10150675597682967677e+00
8.89535414787803402348e-01 5.21765578237136384843e+00 -1.19125333947460299022e+00 1.51494419799280422012e+02 1.17185408220693965120e+00
8.91230751531496778739e-01 5.22232620156784044241e+00 -1.18901114405471375335e+00 1.51636105146317220260e+02 1.24228727848059206096e+00
8.92912413199710819356e-01 5.22112455133706632182e+00 -1.18697974966290931143e+00 1.51430777019269044104e+02 1.29697369857022071216e+00
8.94580373988970722898e-01 5.22093513813732545970e+00 -1.18506947868184542294e+00 1.51286241014516406267e+02 1.34487219040421934757e+00
8.96234608306028635027e-01 5.23658558624581704777e+00 -1.18377518114047641795e+00 1.52080129751376119884e+02 1.36522545061565403479e+00
8.97875090768255890161e-01 5.24017229141615992205e+00 -1.15509417803315650453e+00 1.52140396585632259985e+02 3.00174993660586020283e+00
8.99501796204032810778e-01 5.19238046502013617101e+00 -1.13404681377739247061e+00 1.49171946184119946111e+02 4.12770495993889507957e+00
9.01114699653134842983e-01 5.28655357071946507830e+00 -1.12886839808784933403e+00 1.54610298565865520004e+02 4.47541355107310501182e+00
9.02713776367115805499e-01 5.61007875896034846619e+00 -1.14708121348256608663e+00 1.74412088288394926394e+02 3.62962283859578827006e+00
9.04299001809687252873e-01 5.24827171542541304206e+00 -1.16926804299275843846e+00 1.52113148744502041154e+02 1.90450366953352445698e+00
9.05870351657095174147e-01 5.35422672779039654500e+00 -1.13213251902540767979e+00 1.58282824298037837707e+02 4.15255128664344841383e+00
9.07427801798493138818e-01 5.78431501905582923229e+00 -1.12123551991344383438e+00 1.85156698950639167833e+02 5.26845167746414322352e+00
9.08971328336312445195e-01 6.87281801363276834138e+00 -1.17395492358207431671e+00 2.62986709916822064770e+02 2.40202321583802813620e+00
9.10500907586628160928e-01 8.13023600637108501132e+00 -1.55683925186410587749e+00 3.71659928340217277309e+02 -3.85759405050902559609e-01
9.12016516079523720251e-01 5.36787781624669779745e+00 -1.18516625360757110741e+00 1.58626536374063476842e+02 6.94908404321863959474e-01
9.13518130559449748063e-01 5.28837938969875320794e+00 -1.18716290401101054464e+00 1.53741587619839037870e+02 4.75261072165500286779e-01
9.15005727985581884809e-01 2.60520191262578526548e+00 -1.80529939035217679155e+00 3.94619180761200567531e+01 9.56850551225453815896e-01
9.16479285532173615358e-01 -2.33632769441630383511e+00 -3.52035517802630515405e+00 5.48001268007132580351e+01 -1.27070474868534177837e+00
9.17938780588907099478e-01 -2.13998769197250116036e+00 -2.36453284992296985934e+00 4.02850397782572855476e+01 -6.85886635975423319955e-01
9.19384190761239561418e-01 3.10559992167271525787e+00 -1.47823263839588747715e+00 5.31171708903997483731e+01 9.22059009621171044024e-01
9.20815493870747459049e-01 5.25353062736162890189e+00 -1.13236846466951268653e+00 1.51036201682971523041e+02 3.36076304984143314769e+00
9.22232667955466323129e-01 5.33379239849262898332e+00 -9.97583021523098412153e-01 1.55428689975478732777e+02 1.14155791892821376621e+01
9.23635691270227932037e-01 5.52791307178116753107e+00 -1.15818571252362612078e+00 1.67358976087041668279e+02 1.90533426061329858037e+00
9.25024542286994155837e-01 5.72266278849029319531e+00 -1.64837609649970273651e+00 1.81229135771592382298e+02 -7.55510377603007032832e+00
9.26399199695186803538e-01 5.26974308428150894912e+00 -1.24686317798271306678e+00 1.51559102413026380418e+02 -3.61545142147954168266e+00
9.27759642402015138885e-01 5.35581095284376740295e+00 -1.15467518234840049729e+00 1.56525860501695518678e+02 1.80076269835620506043e+00
9.29105849532799177304e-01 5.25220559524220753644e+00 -1.16134242868622972189e+00 1.50290186833150954726e+02 1.27351025328981304341e+00
9.30437800431290207293e-01 5.24075901807073041283e+00 -1.51416988090193527228e+00 1.51283400919855239408e+02 4.44016023374483370656e-01
9.31755474659987315000e-01 5.50748065106649686840e+00 -2.21413985720830508441e+00 1.71985625209998289620e+02 -4.82554018474580570519e-01
9.33058852000451910413e-01 5.61466776144909474056e+00 -1.12293216975518639345e+00 1.71843380753806115990e+02 3.70307987388391968153e+00
9.34347912453616813444e-01 8.27424080396621874911e+00 -9.89540472083025646199e-01 3.78411778515658909328e+02 1.87424393830917850323e+01
9.35622636240093785709e-01 9.11227249593061472410e+00 -2.25536985972370285225e+00 4.73185217448823550512e+02 3.26567437522057204546e+01
9.36883003800477065504e-01 5.28210584093919521820e+00 -1.16568972387859504103e+00 1.51383501705571347884e+02 6.60816582429530452458e-01
9.38128995795643128019e-01 5.29754195438418484798e+00 -1.15972715019143479687e+00 1.52178831996287300399e+02 9.57450083598602730284e-01
9.39360593107047781025e-01 5.31130266345518897708e+00 -1.10301033462102271443e+00 1.52830586990920920698e+02 4.24265896165750788782e+00
9.40577776837019263745e-01 5.79548247692167350920e+00 -1.23064075063436884072e+00 1.82615404651077767539e+02 -3.45259728090028605862e+00
9.41780528309048348135e-01 5.21651512982972498378e+00 -1.19591265176691607941e+00 1.47162032564682789371e+02 -1.35968513090054665682e+00
9.42968829068074665400e-01 5.58133368755660264071e+00 -1.17528965198460855213e+00 1.68858468815916410222e+02 -9.51797714744773148965e-02
9.44142660880770479004e-01 5.28390029151534434959e+00 -1.15168347905343737558e+00 1.50855443651202392630e+02 1.11523725716994848156e+00
9.45302005735819794729e-01 5.33797416239871580501e+00 -1.09945318890395005162e+00 1.53880265742191625122e+02 4.16993527740874370124e+00
9.46446845844195028263e-01 5.71801394536861806728e+00 -1.06236286871559304501e+00 1.76958273479672612893e+02 6.91430795199008141338e+00
9.47577163639429898012e-01 6.27201317993725826483e+00 -1.32464656613327136370e+00 2.15328817044662343960e+02 1.29343348224378207334e+01
9.48692941777889098276e-01 6.85052362738615183702e+00 -1.93902226232709273823e+00 2.62235598085177628036e+02 1.91189244750073896739e+01
9.49794163139034308685e-01 5.28726191237677412005e+00 -1.15413962131356417906e+00 1.50562708713557583451e+02 6.77951097440879224543e-01
9.50880810825686872967e-01 5.42758849993823666580e+00 -1.14195684994166590798e+00 1.58744753844009551358e+02 1.42638311817263763182e+00
9.51952868164287147046e-01 5.56331994347077163354e+00 -1.13110109432478278535e+00 1.66860549623329745828e+02 2.12562281221222049155e+00
9.53010318705150072383e-01 5.69302779939972403156e+00 -1.12046765255980496079e+00 1.74798863678828723778e+02 2.83619633456452024944e+00
9.54053146222718195801e-01 5.81944777328294815533e+00 -1.11040141436913009088e+00 1.82709540057932969148e+02 3.53581407276858250555e+00
9.55081334715809804337e-01 5.94094488162228184791e+00 -1.10080990539830425590e+00 1.90471542873955684172e+02 4.22530857447223162637e+00
9.56094868407865283721e-01 6.06011228422948189376e+00 -1.09166353363373924701e+00 1.98238394451356981563e+02 4.90641799812340817510e+00
9.57093731747188369852e-01 6.17440307073168082042e+00 -1.08297693623773305660e+00 2.05827175094179267489e+02 5.57224029779094731651e+00
9.58077909407185845936e-01 6.28029592350643017795e+00 -1.07466715749908736655e+00 2.12975559415819304832e+02 6.22093383997790194684e+00
9.59047386286601133421e-01 6.38232900958599902452e+00 -1.06677678444720802631e+00 2.19973648609244037289e+02 6.85250636174976701653e+00
9.60002147509747882914e-01 6.48019294979432114445e+00 -1.05926339387802825875e+00 2.26786349627610462676e+02 7.46713014420044540742e+00
9.60942178426736681729e-01 6.57454335836064451826e+00 -1.05198729162069160026e+00 2.33446838293506516493e+02 8.07403367932539417495e+00
9.61867464613700540177e-01 6.66656263040911944984e+00 -1.04495234261125902187e+00 2.40032518286339524138e+02 8.67308599124530488211e+00
9.62777991873016381064e-01 5.30541338149203500762e+00 -1.12443511453766897823e+00 1.50458001671863740967e+02 1.69626542472814634266e+00
9.63673746233522310334e-01 3.61798954323722199433e+00 -1.10870556540831133319e+00 6.85875902680715796578e+01 8.77668861511482156779e-01
9.64554713950732445227e-01 -1.50819700786314037089e+00 -4.89055924610311798517e+00 4.22905238594896246695e+01 -9.44846669299616914728e-01
9.65420881507047634607e-01 5.35082340244017906628e+00 -1.15187863501324661009e+00 1.52885036112153670729e+02 -2.83240418089518858347e-02
9.66272235611963070667e-01 5.41211018973443280800e+00 -1.20094191917698922545e+00 1.56420759102025783704e+02 -2.95220106469591048182e+00
9.67108763202271903836e-01 5.99827382069454539959e+00 -1.22983719294809445977e+00 1.92939381264018408046e+02 -4.96734532203739131972e+00
9.67930451442265749051e-01 7.58838506022242498261e+00 -1.20974895438099427913e+00 3.11676609555956986242e+02 -4.08271676368801283985e+00
9.68737287723931861372e-01 5.46731522292346738823e+00 -1.08412312139386801668e+00 1.59406559220039213187e+02 3.87181265744237101956e+00
9.69529259667146536827e-01 -1.96855327935729973454e+00 -8.67093150377814647634e-01 2.79652472439423505080e+01 -2.08244175545041848574e-01
9.70306355119864738512e-01 5.41255230127034892007e+00 -9.94143180751439148324e-01 1.55856849252177113385e+02 9.01859429740000884124e+00
9.71068562158306947119e-01 -4.04178652932125004327e+00 -1.53904836917060183765e+00 1.06615094231477300468e+02 -1.30655656003536124743e+00
9.71815869087142014671e-01 5.15139578873933157155e+00 -1.08178564328650983484e+00 1.40851854397723570855e+02 3.43545383264214798658e+00
9.72548264439666687586e-01 5.17111690533265999647e+00 -1.03172832729731123180e+00 1.41822834236057786939e+02 6.22838795451427618133e+00
9.73265736977981354983e-01 5.31513487172763010591e+00 -1.11192095018461190037e+00 1.50077743661874649206e+02 1.79983500180396438495e+00
9.73968275693162355289e-01 5.25588117897143902724e+00 -1.15071348775404591613e+00 1.46634301483949229805e+02 -5.10002871355059173020e-01
9.74655869805431618325e-01 6.90979404254007079089e+00 -1.49324542813786265150e+00 2.58512749862635473619e+02 -9.77216312457371394373e-01
9.75328508764321089330e-01 5.58409793536051246576e+00 -1.05738014730930451890e+00 1.65774106367904380477e+02 5.21060533151900617810e+00
9.75986182248835265618e-01 6.73683703626645780105e+00 -2.46823346939390164678e+00 2.55203010533866887499e+02 4.88747455863134838694e+00
9.76628880167609847440e-01 9.00754749178199887183e+00 -6.10086776669853225741e+00 3.96188722568876698915e+02 4.25586374338857353905e+00
9.77256592659065281836e-01 -2.13553023525404706007e+00 -2.31545088076393090759e+00 4.02887491579191490132e+01 -7.73981581743068969281e-01
9.77869310091559640341e-01 5.28106741066436402576e+00 -1.13683579313405247468e+00 1.47724934385507395973e+02 5.69863582524313683209e-02
9.78467023063535390470e-01 5.56224655269842926941e+00 -1.10881354596203562934e+00 1.64201209691563917659e+02 1.85952394497621842362e+00
9.79049722403663946757e-01 6.67329382744133958738e+00 -1.20705535167698974064e+00 2.38234062425223299897e+02 -4.47802420324980232635e+00
9.79617399170986558055e-01 6.46527569151035308437e+00 -1.50124800957231863130e+00 2.25409650729947088621e+02 -2.11575833395361012634e+00
9.80170044655051198035e-01 5.85367601491277866899e+00 -2.84766626890994478671e+00 2.00281668416169623015e+02 -6.65202886866266274168e-01
9.80707650376046569107e-01 5.12117298122980901809e+00 -4.71327590978507160457e+00 1.98189590129390040829e+02 7.01656975421143913607e-01
9.81230208084931665447e-01 4.31342071932217319130e+00 -7.00445608051870127753e+00 1.94155151647348844790e+02 2.02520555050465578262e+00
9.81737709763563226595e-01 6.09614460722118423064e+00 -9.33314770969653650923e-01 1.97386197097533226952e+02 1.36996966326882674281e+01
9.82230147624817750973e-01 5.46218935253779669381e+00 -1.29619026229085410051e+00 1.57816533162176426686e+02 -9.55871866271492187650e+00
9.82707514112711733034e-01 4.92714599754353166361e+00 -1.09843484485687747920e+00 1.27756965022536959964e+02 1.61711807891061742914e+00
9.83169801902517237480e-01 5.46991392764947281790e+00 -1.08107645675202390656e+00 1.58200664374983261951e+02 3.11632765613516005132e+00
9.83617003900874475875e-01 8.89501358965408428503e+00 -4.73925529808105761020e-01 4.24415696024122894414e+02 1.80310380597932873314e+00
9.84049113245900386460e-01 -2.95141845447473327724e+00 -7.84899981774271360280e+00 5.54167481397241203922e+02 -1.89378629282445243298e+00
9.84466123307294216360e-01 5.62297827789981052860e+00 -1.54786421458199718870e+00 1.66566683677432195054e+02 -2.52608716351457154303e+01
9.84868027686439440060e-01 6.06197393997341382743e+00 -1.94350128260199550567e+00 1.91224766298456302138e+02 -5.30480142130733867134e+01
9.85254820216501125962e-01 -1.59897520064165821196e+00 -9.28703752481892230719e+00 2.17806949690613294024e+02 -4.35005002617724212399e+00
9.85626494962521304544e-01 4.51757271461494536169e+00 -1.12720944755414387295e+00 1.06772542227538309589e+02 -3.32096116061627033567e-01
9.85983046221510006646e-01 6.33689756545483540151e+00 -9.62378777573939525602e-01 2.13245418463171660051e+02 1.19365383548524679469e+01
9.86324468522532193937e-01 4.36326967450702873919e+00 -7.83760132789780072926e+00 3.15200468901354668105e+02 2.36854425730039146458e+01
9.86650756626792246884e-01 4.53078409255751335394e+00 -1.04144718092520460750e+00 1.07256581093873222699e+02 3.77933790390980917095e+00
9.86961905527714344899e-01 6.54658725846705902285e+00 -1.19947153864867206430e+00 2.27909878343230928976e+02 -4.67184752556570703774e+00
9.87257910451019071729e-01 5.58946010643080448688e+00 -1.28424579747685796427e+00 1.64980189170843345892e+02 -9.33979953877350510538e+00
9.87538766854796246086e-01 -2.16514906435969756160e+00 -4.59961317465781505121e+00 7.19357918266718883160e+01 -1.91504230541586140113e+00
9.87804470429575864898e-01 5.37156169257601856515e+00 -8.97588617807924427083e-01 1.51629382883669336479e+02 1.33371965321851160269e+01
9.88055017098393051356e-01 5.46231272296502101682e+00 -9.89553732871224389633e-01 1.57167103388521155694e+02 8.17577041011439042961e+00
9.88290403016850893536e-01 6.14654926914935462179e+00 3.74296689067339316548e-01 1.93319384085173879839e+02 5.72456782722094246196e+01
9.88510624573179952357e-01 5.50103386247717196511e+00 -9.95620629607344542755e-01 1.59445744120298456892e+02 7.86248152762723062636e+00
9.88715678388292773526e-01 5.90626102247834872117e+00 -5.18247070388544561759e-01 1.80686872238491190501e+02 -2.28286867470092822430e+01
9.88905561315836734160e-01 6.09553828032899502887e+00 -1.27430620402516203704e+00 1.99400765766119889122e+02 1.18726744470773830642e+01
9.89080270442241449302e-01 6.32193191672750476329e+00 -6.13037444335614800650e-01 2.10396862232591303155e+02 3.55913108968914144725e+01
9.89239803086764180051e-01 -1.91460031318739076767e+00 -1.21570445090496148666e+00 2.80442843965172095011e+01 -2.93853587177665798169e-01
9.89384156801530467717e-01 -2.22190073468296667158e+00 -1.92785986291538513626e+00 4.00913210734280625047e+01 -6.98594770680697640941e-01
9.89513329371571881410e-01 2.75448916427913736982e+00 -2.69905547975520443416e+00 5.37546209526901819231e+01 1.74823438950296328187e+00
9.89627318814860101881e-01 5.97252027840834198713e+00 -1.08772190139573710077e+00 1.88773033096704665468e+02 2.59563305433557278690e+00
9.89726123382337119594e-01 5.38482129111222374007e+00 -7.28456606056325228771e-01 1.51544684560824293840e+02 2.30601520969466378119e+01
9.89809741557942324164e-01 4.61639679892885812507e+00 -1.03850191872780461821e+00 1.11238579368297578753e+02 3.86793807644982479133e+00
9.89878172058635374952e-01 4.43601310942195414810e+00 -2.53185273929488730005e+00 1.10242354621588020791e+02 1.05896824670390561351e+01
9.89931413834416518149e-01 4.34863151956936810905e+00 -4.49389028138611656971e+00 1.09328217417337882011e+02 1.13397882621994749996e+01
9.89969466068341796827e-01 3.97083582809704749295e+00 -6.60082220836885991133e+00 1.10571263465780660340e+02 1.13493290608930745833e+01
