00000000000000000000 3.60358956218802051197e+00 -1.91565498671696504696e-01 00000000000000000088 1.97077663731124330964e-22
2.58315720529896097890e-03 3.60585764490740112720e+00 -1.91564192600927912791e-01 8.79975094366462258222e+01 1.32671062072535077313e-04
5.16629682395841009074e-03 3.60813158684496260165e+00 -1.91562695410109035121e-01 8.79950023298218297896e+01 2.66767994446430532340e-04
7.74940126945856955221e-03 3.61041139826206114449e+00 -1.91561005948260115739e-01 8.79924786353066394895e+01 4.02291875933791199475e-04
1.03324529555191297475e-02 3.61269708943689638048e+00 -1.91559123058880037549e-01 8.79899383089544073755e+01 5.39243744256473521784e-04
1.29154342962189676997e-02 3.61498867066411300186e+00 -1.91557045579778428834e-01 8.79873813066763830193e+01 6.77624602594902405474e-04
1.54983277061159028382e-02 3.61728615225515159892e+00 -1.91554772343189794181e-01 8.79848075844606114515e+01 8.17435412179471796931e-04
1.80811156003663868475e-02 3.61958954453804171436e+00 -1.91552302175672595208e-01 8.79822170983644014086e+01 9.58677095257228655857e-04
2.06637803948452533631e-02 3.62189885785744225544e+00 -1.91549633898108362384e-01 8.79796098045189012282e+01 1.10135053340388016502e-03
2.32463045062654173611e-02 3.62421410257344822625e+00 -1.91546766325137646225e-01 8.79769856590736907265e+01 1.24545659302619437722e-03
2.58286703522975918945e-02 3.62653528906484234895e+00 -1.91543698266629647264e-01 8.79743446183576480735e+01 1.39099605205758049785e-03
2.84108603516900135033e-02 3.62886242772514844290e+00 -1.91540428525859951492e-01 8.79716866386896612084e+01 1.53796968664838044037e-03
3.09928569243880722150e-02 3.63119552896475461523e+00 -1.91536955900464128666e-01 8.79690116764846692377e+01 1.68637822299450641957e-03
3.35746424916540803229e-02 3.63353460321039767322e+00 -1.91533279182184712486e-01 8.79663196882314935010e+01 1.83622234767502633991e-03
3.61561994761869162640e-02 3.63587966090510716910e+00 -1.91529397156830066828e-01 8.79636106304930791566e+01 1.98750270777673862521e-03
3.87375103022416650278e-02 3.63823071250815388566e+00 -1.91525308604229449472e-01 8.79608844599065804459e+01 2.14021991115617487775e-03
4.13185573957493418318e-02 3.64058776849780940665e+00 -1.91521012299679493918e-01 8.79581411333211917736e+01 2.29437445423899457481e-03
4.38993231844364839578e-02 3.64295083936207753084e+00 -1.91516507009046960119e-01 8.79553806073497099760e+01 2.44996695807676813025e-03
4.64797900979448119774e-02 3.64531993561052880537e+00 -1.91511791494990951668e-01 8.79526028389477829705e+01 2.60699786406885488169e-03
4.90599405679508632216e-02 3.64769506776729413033e+00 -1.91506864513258739935e-01 8.79498077850760182628e+01 2.76546761192422978909e-03
5.16397570282855211676e-02 3.65007624637257199751e+00 -1.91501724813473578335e-01 8.79469954027767357729e+01 2.92537659953569749438e-03
5.42192219150537807471e-02 3.65246348198258896645e+00 -1.91496371139099147429e-01 8.79441656491752041802e+01 3.08672518265494565462e-03
5.67983176667541181382e-02 3.65485678516955569961e+00 -1.91490802227407719283e-01 8.79413184814807493694e+01 3.24951367452829160964e-03
5.93770267243982005634e-02 3.65725616652162299758e+00 -1.91485016809447267105e-01 8.79384538569882465708e+01 3.41374234548062196679e-03
6.19553315316303740423e-02 3.65966163664283561374e+00 -1.91479013610010434521e-01 8.79355717330792572284e+01 3.57941142242926150022e-03
6.45332145348472135948e-02 3.66207320614769216149e+00 -1.91472791344363124644e-01 8.79326720669608334902e+01 3.74652124587637877159e-03
6.71106581833170040552e-02 3.66449088567997893762e+00 -1.91466348729532581663e-01 8.79297548165855573643e+01 3.91507171929869179222e-03
6.96876449292992278250e-02 3.66691468588732982781e+00 -1.91459684469054453038e-01 8.79268199394173848304e+01 4.08506304839861139611e-03
7.22641572281641081377e-02 3.66934461743654383170e+00 -1.91452797262147200730e-01 8.79238673931804726180e+01 4.25649529323849501461e-03
7.48401775385119094608e-02 3.67178069100999016072e+00 -1.91445685801558740380e-01 8.79208971356885058412e+01 4.42936847079857670684e-03
7.74156883222925085164e-02 3.67422291730555805600e+00 -1.91438348773527888813e-01 8.79179091248455506502e+01 4.60368255484591357152e-03
7.99906720449247571336e-02 3.67667130704876798930e+00 -1.91430784890048694136e-01 8.79149033186466795087e+01 4.77943747662558458128e-03
8.25651111754157757128e-02 3.67912587094414478273e+00 -1.91422992759065324631e-01 8.79118796751799322919e+01 4.95663312156219889454e-03
8.51389881864804548561e-02 3.68158661974774359393e+00 -1.91414971079902657136e-01 8.79088381526252931053e+01 5.13526933400680445085e-03
8.77122855546606100541e-02 3.68405356421885654683e+00 -1.91406718512352108652e-01 8.79057787092566655929e+01 5.31534591402492428980e-03
9.02849857604444694381e-02 3.68652671513195917541e+00 -1.91398233709487136656e-01 8.79027013034424413718e+01 5.49686261819528135253e-03
9.28570712883857868336e-02 3.68900608327662160590e+00 -1.91389515317617969759e-01 8.78996058936456989841e+01 5.67981915970856322817e-03
9.54285246272232184905e-02 3.69149167947090806052e+00 -1.91380561985362795951e-01 8.78964924390801627396e+01 5.86421476534563709815e-03
9.79993282699994638918e-02 3.69398351451237472176e+00 -1.91371372330486011482e-01 8.78933608973308793111e+01 6.05004978507726626918e-03
1.00569464714180475950e-01 3.69648159924555885780e+00 -1.91361944985588949830e-01 8.78902112276420410808e+01 6.23732346923987299864e-03
1.03138916461774601818e-01 3.69898594452009854550e+00 -1.91352278569770828387e-01 8.78870433888839528436e+01 6.42603534377217573692e-03
1.05707666019451862471e-01 3.70149656120041736784e+00 -1.91342371695198798509e-01 8.78838573400290243853e+01 6.61618488868517731077e-03
1.08275695898662718819e-01 3.70401346016566490604e+00 -1.91332222967069143227e-01 8.78806530401533905206e+01 6.80777153777649586541e-03
1.10842988615757503945e-01 3.70653665230962658939e+00 -1.91321830983568086371e-01 8.78774304484375079483e+01 7.00079467837851857764e-03
1.13409526692105272483e-01 3.70906614854066196685e+00 -1.91311194335832296387e-01 8.78741895241678889761e+01 7.19525365104027331969e-03
1.15975292654212733257e-01 3.71160195978161544517e+00 -1.91300311607910444867e-01 8.78709302267378689066e+01 7.39114774922406368718e-03
1.18540269033843417845e-01 3.71414409696974967545e+00 -1.91289181376724654049e-01 8.78676525156492687074e+01 7.58847621896184543200e-03
1.21104438368136405058e-01 3.71669257105665851171e+00 -1.91277802212031444729e-01 8.78643563505133329272e+01 7.78723825849220088052e-03
1.23667783199725281329e-01 3.71924739300819462429e+00 -1.91266172676384932361e-01 8.78610416910524776313e+01 7.98743301784163133028e-03
1.26230286076857156630e-01 3.72180857380437979387e+00 -1.91254291325098274568e-01 8.78577084971011430525e+01 8.18905959842058939202e-03
1.28791929553511097506e-01 3.72437612443933740991e+00 -1.91242156706208588091e-01 8.78543567286078683765e+01 8.39211705249085816727e-03
1.31352696189517337277e-01 3.72695005589094918719e+00 -1.91229767337463996135e-01 8.78509863441648519711e+01 8.59660549916082226962e-03
1.33912568550675792345e-01 3.72953037923308361457e+00 -1.91217121791568356315e-01 8.78475973064725508266e+01 8.80252197974876193776e-03
1.36471529208874592376e-01 3.73211710547783814818e+00 -1.91204218576427553700e-01 8.78441895746715744053e+01 9.00986627475698631518e-03
1.39029560742209123969e-01 3.73471024567437392960e+00 -1.91191056210212928512e-01 8.78407631091559721881e+01 9.21863725399993394483e-03
1.41586645735100435939e-01 3.73730981088542613122e+00 -1.91177633203563318576e-01 8.78373178704364221403e+01 9.42883373908580749156e-03
1.44142766778413616846e-01 3.73991581218721735880e+00 -1.91163948059541843882e-01 8.78338538191420212797e+01 9.64045450321189198450e-03
1.46697906469576699884e-01 3.74252826066934796145e+00 -1.91149999273589971116e-01 8.78303709160208825324e+01 9.85349827108555724464e-03
1.49252047412698846118e-01 3.74514716743469078253e+00 -1.91135785333480828774e-01 8.78268691219412147575e+01 1.00679637187894299721e-02
1.51805172218688999575e-01 3.74777254359929212768e+00 -1.91121304719273521489e-01 8.78233483978925306701e+01 1.02838494736947182878e-02
1.54357263505374042722e-01 3.75040440029225941032e+00 -1.91106555903264418994e-01 8.78198087049864852816e+01 1.05011541143791124753e-02
1.56908303897617312783e-01 3.75304274865564835295e+00 -1.91091537349940193691e-01 8.78162500044580411895e+01 1.07198761705882619766e-02
1.59458276027436895994e-01 3.75568759984435374122e+00 -1.91076247515928387966e-01 8.78126722576663354403e+01 1.09400141231994312008e-02
1.62007162534123755337e-01 3.75833896502599484890e+00 -1.91060684849947870489e-01 8.78090754260958590294e+01 1.11615664042182746729e-02
1.64554946064359886027e-01 3.76099685538078087887e+00 -1.91044847792757016558e-01 8.78054594713564853237e+01 1.13845313968936254212e-02
1.67101609272336831813e-01 3.76366128210142081301e+00 -1.91028734777103748055e-01 8.78018243551859995932e+01 1.16089074356747652683e-02
1.69647134819873285361e-01 3.76633225639296043141e+00 -1.91012344227669439434e-01 8.77981700394489479322e+01 1.18346928065059513874e-02
1.72191505376533410265e-01 3.76900978954039356239e+00 -1.90995674618336441775e-01 8.77944964894317081416e+01 1.20618829623427414183e-02
1.74734703619744774494e-01 3.77169389265376153730e+00 -1.90978724256483961552e-01 8.77908036614536655406e+01 1.22904809995696574082e-02
1.77276712234916367095e-01 3.77438457702954988093e+00 -1.90961491588946791209e-01 8.77870915204491950590e+01 1.25204827919253129653e-02
1.79817513915556254078e-01 3.77708185392162487659e+00 -1.90943975008189936737e-01 8.77833600288356876717e+01 1.27518864042190822883e-02
1.82357091363389622884e-01 3.77978573459565936332e+00 -1.90926172898432638947e-01 8.77796091491675838370e+01 1.29846898489612526395e-02
1.84895427288476549288e-01 3.78249623032899995323e+00 -1.90908083635605102524e-01 8.77758388441375245748e+01 1.32188910860770655886e-02
1.87432504409329458994e-01 3.78521335241055290055e+00 -1.90889705587301700129e-01 8.77720490765784830955e+01 1.34544880225407371965e-02
1.89968305453031172103e-01 3.78793711214062378545e+00 -1.90871037112733565877e-01 8.77682398094637221675e+01 1.36914785121771461623e-02
1.92502813155352114904e-01 3.79066752083082869618e+00 -1.90852076562686295835e-01 8.77644110059104320953e+01 1.39298603551317005944e-02
1.95036010260868170052e-01 3.79340458980390904387e+00 -1.90832822279470626370e-01 8.77605626291786364845e+01 1.41696312977258112586e-02
1.97567879523077832848e-01 3.79614833039364185652e+00 -1.90813272596879801579e-01 8.77566946426749723287e+01 1.44107890318797803031e-02
2.00098403704520089175e-01 3.79889875394467102510e+00 -1.90793425840143859862e-01 8.77528070099527610637e+01 1.46533311948000757180e-02
2.02627565576891321975e-01 3.80165587181237452086e+00 -1.90773280325884114772e-01 8.77488996947139980875e+01 1.48972553685152286213e-02
2.05155347921162689584e-01 3.80441969536272894814e+00 -1.90752834362070355922e-01 8.77449726608111575388e+01 1.51425590793774818982e-02
2.07681733527697698349e-01 3.80719023597217720578e+00 -1.90732086247978771532e-01 8.77410258722493239247e+01 1.53892397974262559734e-02
2.10206705196368998090e-01 3.80996750502744863098e+00 -1.90711034274144125567e-01 8.77370592931863910735e+01 1.56372949360734959934e-02
2.12730245736675399604e-01 3.81275151392544264795e+00 -1.90689676722323481206e-01 8.77330728879361885220e+01 1.58867218512094704463e-02
2.15252337967859502799e-01 3.81554227394151412867e+00 -1.90668011741969539719e-01 8.77290666145743216475e+01 1.61375238371697683759e-02
2.17772964719024048064e-01 3.81833979672860124310e+00 -1.90646037818772068340e-01 8.77250404492117610289e+01 1.63896873706307899532e-02
2.20292108829248989288e-01 3.82114409360347284661e+00 -1.90623753104920579116e-01 8.77209943513059755560e+01 1.66432146321136495426e-02
2.22809753147708622389e-01 3.82395517600129952740e+00 -1.90601155845792374910e-01 8.77169282857687022670e+01 1.68981027819912164867e-02
2.25325880533787908933e-01 3.82677305536650713691e+00 -1.90578244277648467531e-01 8.77128422176695465851e+01 1.71543489260096472526e-02
2.27840473857199465879e-01 3.82959774315264667166e+00 -1.90555016627586004674e-01 8.77087361122392508150e+01 1.74119501148306370097e-02
2.30353515998100027984e-01 3.83242925082216867594e+00 -1.90531471113476597035e-01 8.77046099348686567510e+01 1.76709033442551018134e-02
2.32864989847207326523e-01 3.83526758984629045912e+00 -1.90507605943915636626e-01 8.77004636511120736486e+01 1.79312055549174474700e-02
2.35374878305916024335e-01 3.83811277170477627152e+00 -1.90483419318161650846e-01 8.76962972266869087434e+01 1.81928536324305542560e-02
2.37883164286414594546e-01 3.84096480788579253129e+00 -1.90458909426083039529e-01 8.76921106274766515298e+01 1.84558444071637461903e-02
2.40389830711801560925e-01 3.84382370988566446357e+00 -1.90434074448094597942e-01 8.76879038195295237301e+01 1.87201746544905824055e-02
2.42894860516201405165e-01 3.84668948920873976505e+00 -1.90408912555104253839e-01 8.76836767690626430749e+01 1.89858410945584164808e-02
2.45398236644881417856e-01 3.84956215736716478304e+00 -1.90383421908449146365e-01 8.76794294424614690797e+01 1.92528403925323159107e-02
2.47899942054367217192e-01 3.85244172588069666574e+00 -1.90357600659837006285e-01 8.76751618062817641430e+01 1.95211691585810698246e-02
2.50399959712559072589e-01 3.85532820627646621858e+00 -1.90331446951276933577e-01 8.76708738272489824794e+01 1.97908239483134303083e-02
2.52898272598847562165e-01 3.85822161008883490751e+00 -1.90304958915028160638e-01 8.76665654722627323281e+01 2.00618012624513633591e-02
2.55394863704230257184e-01 3.86112194885911108599e+00 -1.90278134673519838671e-01 8.76622367083938343058e+01 2.03340975477239449543e-02
2.57889716031426352583e-01 3.86402923413540477782e+00 -1.90250972339295915114e-01 8.76578875028892099408e+01 2.06077091967058270705e-02
2.60382812594993184874e-01 3.86694347771490365417e+00 -1.90223470266058958256e-01 8.76535178349566876932e+01 2.08826203590872609694e-02
2.62874136421441917388e-01 3.86986469071775918138e+00 -1.90195626089972591455e-01 8.76491276507722005817e+01 2.11588494745054492285e-02
2.65363670549352448358e-01 3.87279288491686957130e+00 -1.90167438106625924510e-01 8.76447169281132403285e+01 2.14363824304045977320e-02
2.67851398029489484731e-01 3.87572807188636181408e+00 -1.90138904389559881825e-01 8.76402856349907182221e+01 2.17152153469183512025e-02
2.70337301924917894347e-01 3.87867026320614760593e+00 -1.90110023002244638013e-01 8.76358337396020630194e+01 2.19953442841050762768e-02
2.72821365311117669528e-01 3.88161947046173372300e+00 -1.90080791998034959178e-01 8.76313612103344610205e+01 2.22767652411735607443e-02
2.75303571276099334764e-01 3.88457570524395157108e+00 -1.90051209420103756065e-01 8.76268680157643871098e+01 2.25594741565825519791e-02
2.77783902920519187862e-01 3.88753897914877866171e+00 -1.90021273301398174738e-01 8.76223541246616690614e+01 2.28434669072029444825e-02
2.80262343357794374565e-01 3.89050930377703663154e+00 -1.89990981664576924492e-01 8.76178195059880948747e+01 2.31287393082624144480e-02
2.82738875714217352542e-01 3.89348669073424691334e+00 -1.89960332521962788066e-01 8.76132641289033955445e+01 2.34152871125696479537e-02
2.85213483129071798672e-01 3.89647115163034341023e+00 -1.89929323875487832129e-01 8.76086879627648613678e+01 2.37031060100854167050e-02
2.87686148754746129352e-01 3.89946269807941758856e+00 -1.89897953716634426691e-01 8.76040909771283082819e+01 2.39921916276713449723e-02
2.90156855756849185735e-01 3.90246134169950620318e+00 -1.89866220026392695797e-01 8.75994731417519147953e+01 2.42825395280236722151e-02
2.92625587314324475674e-01 3.90546709411235415388e+00 -1.89834120775200149156e-01 8.75948344265982541401e+01 2.45741452094757444058e-02
2.95092326619564693235e-01 3.90847996694310895194e+00 -1.89801653922890972703e-01 8.75901748018340242652e+01 2.48670041052714459184e-02
2.97557056878526016153e-01 3.91149997182013686725e+00 -1.89768817418651869477e-01 8.75854942378352347987e+01 2.51611115825635597854e-02
3.00019761310842958402e-01 3.91452712037474004347e+00 -1.89735609200969934651e-01 8.75807927051880170666e+01 2.54564629417300472558e-02
3.02480423149941946015e-01 3.91756142424088560361e+00 -1.89702027197580253004e-01 8.75760701746904146603e+01 2.57530534157065574274e-02
3.04939025643155781076e-01 3.92060289505496850637e+00 -1.89668069325426097427e-01 8.75713266173556661442e+01 2.60508781687159157725e-02
3.07395552051837939178e-01 3.92365154401048865651e+00 -1.89633732984724884263e-01 8.75665619827954913035e+01 2.63499568386313907931e-02
3.09849985651476145243e-01 3.92670738356409465553e+00 -1.89599016998641956011e-01 8.75617762821087950442e+01 2.66502394286834698445e-02
3.12302309731806226889e-01 3.92977042497512751851e+00 -1.89563918816274351586e-01 8.75569694683766641674e+01 2.69517420050434455825e-02
3.14752507596926411892e-01 3.93284067988526997439e+00 -1.89528436309002568105e-01 8.75521415134125078339e+01 2.72544595405828579682e-02
3.17200562565410182359e-01 3.93591815993711424682e+00 -1.89492567336945721967e-01 8.75472923892493497533e+01 2.75583869458550338727e-02
3.19646457970420572181e-01 3.93900287677382054952e+00 -1.89456309748890605604e-01 8.75424220681394587018e+01 2.78635190691916001526e-02
3.22090177159823132236e-01 3.94209484203871163288e+00 -1.89419661382200760213e-01 8.75375305225511652907e+01 2.81698506977932743023e-02
3.24531703496299839262e-01 3.94519406737512090544e+00 -1.89382620062772621949e-01 8.75326177251781700761e+01 2.84773765564516785631e-02
3.26971020357461672479e-01 3.94830056442599230948e+00 -1.89345183604953448686e-01 8.75276836489370566596e+01 2.87860913081783853507e-02
3.29408111135962355931e-01 3.95141434483351172702e+00 -1.89307349811462355405e-01 8.75227282669666237780e+01 2.90959895546652642928e-02
3.31842959239611323685e-01 3.95453542023894089041e+00 -1.89269116473333220974e-01 8.75177515526371649912e+01 2.94070658355845594711e-02
3.34275548091486185420e-01 3.95766380228205205682e+00 -1.89230481369817876702e-01 8.75127534795407484580e+01 2.97193146299184508818e-02
3.36705861130046413265e-01 3.96079950260102320314e+00 -1.89191442268329790277e-01 8.75077340215039072291e+01 3.00327303551719618224e-02
3.39133881809245474326e-01 3.96394253283193709336e+00 -1.89151996924349918849e-01 8.75026931525816138446e+01 3.03473073685315841708e-02
3.41559593598643573831e-01 3.96709290460848595927e+00 -1.89112143081357236829e-01 8.74976308470611598977e+01 3.06630399667105826844e-02
3.43982979983520398282e-01 3.97025062956163665717e+00 -1.89071878470745385892e-01 8.74925470794647566208e+01 3.09799223865160691660e-02
3.46404024464987525533e-01 3.97341571931919457228e+00 -1.89031200811726113331e-01 8.74874418245470053535e+01 3.12979488059963312230e-02
3.48822710560100557320e-01 3.97658818550554515880e+00 -1.88990107811261465187e-01 8.74823150573017329634e+01 3.16171133441996987656e-02
3.51239021801971362802e-01 3.97976803974117032681e+00 -1.88948597163963755152e-01 8.74771667529577996447e+01 3.19374100624678913807e-02
3.53652941739880488647e-01 3.98295529436670348034e+00 -1.88906667451991278073e-01 8.74719969221588371511e+01 3.22587893240055476052e-02
3.56064453939388791959e-01 3.98614995965667606725e+00 -1.88864314683208855961e-01 8.74668054756823067919e+01 3.25813256598054060142e-02
3.58473541982449628307e-01 3.98935204784679298129e+00 -1.88821537296593094934e-01 8.74615924200259229337e+01 3.29049750440219279657e-02
3.60880189467520207103e-01 3.99256157054045823784e+00 -1.88778332939206011654e-01 8.74563577314872873103e+01 3.32297311816786011818e-02
3.63284380009673946166e-01 3.99577853933557269883e+00 -1.88734699245650727750e-01 8.74511013866226250002e+01 3.35555877073345221184e-02
3.65686097240711160961e-01 3.99900296582402914325e+00 -1.88690633837959864660e-01 8.74458233622431748699e+01 3.38825381868548200504e-02
3.68085324809271363655e-01 4.00223486159148222896e+00 -1.88646134325603592741e-01 8.74405236354256629738e+01 3.42105761132840552330e-02
3.70482046380943785824e-01 4.00547423821675607769e+00 -1.88601198305352324436e-01 8.74352021835048276444e+01 3.45396949098770514319e-02
3.72876245638379399949e-01 4.00872110727161423682e+00 -1.88555823361261226667e-01 8.74298589840844613263e+01 3.48698879270439923705e-02
3.75267906281401164570e-01 4.01197548032026407583e+00 -1.88510007064584511616e-01 8.74244940150355063224e+01 3.52011484428463305996e-02
3.77657012027115768227e-01 4.01523736891895044465e+00 -1.88463746973717261035e-01 8.74191072544988685422e+01 3.55334696619955328623e-02
3.80043546610023985632e-01 4.01850678461550447906e+00 -1.88417040634129173693e-01 8.74136986808863838405e+01 3.58668447153413227912e-02
3.82427493782131422417e-01 4.02178373894900698104e+00 -1.88369885578323098541e-01 8.74082682728875823841e+01 3.62012666580165121122e-02
3.84808837313059592944e-01 4.02506824344937097493e+00 -1.88322279325759955881e-01 8.74028160094729287266e+01 3.65367284693302804555e-02
3.87187560990155776874e-01 4.02836030963673596972e+00 -1.88274219382789959054e-01 8.73973418698883790512e+01 3.68732230522381132509e-02
3.89563648618604152496e-01 4.03165994902121749277e+00 -1.88225703242620279187e-01 8.73918458336670056497e+01 3.72107432310410865539e-02
3.91937084021535264711e-01 4.03496717310243191434e+00 -1.88176728385260033649e-01 8.73863278806306453816e+01 3.75492817502045411748e-02
3.94307851040136658760e-01 4.03828199336890936166e+00 -1.88127292277432744960e-01 8.73807879908861053764e+01 3.78888312746892969018e-02
3.96675933533762792305e-01 4.04160442129786279253e+00 -1.88077392372570012524e-01 8.73752261448391607246e+01 3.82293843863509494319e-02
3.99041315380044780969e-01 4.04493446726325878160e+00 -1.88027024635048001233e-01 8.73696422702079331657e+01 3.85710051084704255708e-02
4.01403980475000310424e-01 4.04827214474203600503e+00 -1.87976189229798668068e-01 8.73640364462565344184e+01 3.89135531312787413816e-02
4.03763912733143492950e-01 4.05161746421959012565e+00 -1.87924882278076660347e-01 8.73584086079376618272e+01 3.92570834014034017456e-02
4.06121096087593724810e-01 4.05497043711982474434e+00 -1.87873101175753093317e-01 8.73527587367202329460e+01 3.96015883415787930955e-02
4.08475514490185875882e-01 4.05833107485252853053e+00 -1.87820843304689399922e-01 8.73470868143671594908e+01 3.99470603063888929363e-02
4.10827151911578702936e-01 4.06169938881287251320e+00 -1.87768106032677850603e-01 8.73413928229380616131e+01 4.02934915810781307810e-02
4.13175992341364761717e-01 4.06507539038089671379e+00 -1.87714886713332473889e-01 8.73356767447919395408e+01 4.06408743827802107496e-02
4.15522019788178931243e-01 4.06845909092087687497e+00 -1.87661182685990440833e-01 8.73299385625843171965e+01 4.09892008612596156492e-02
4.17865218279807715263e-01 4.07185050178082086347e+00 -1.87606991275636958427e-01 8.73241782592714912425e+01 4.13384630984323930836e-02
4.20205571863297211443e-01 4.07524963429211872779e+00 -1.87552309792826665813e-01 8.73183958181219566086e+01 4.16886531080913544378e-02
4.22543064605062523853e-01 4.07865649976863764437e+00 -1.87497135533554931675e-01 8.73125912227017835221e+01 4.20397628379687790523e-02
4.24877680590995954191e-01 4.08207110950629381563e+00 -1.87441465779162763639e-01 8.73067644568833003405e+01 4.23917841702441400287e-02
4.27209403926575026489e-01 4.08549347478268032319e+00 -1.87385297796299449269e-01 8.73009155048569738256e+01 4.27447089191389309470e-02
4.29538218736971288969e-01 4.08892360685617095584e+00 -1.87328628836724575546e-01 8.72950443511183777900e+01 4.30985288363473911799e-02
4.31864109167158116698e-01 4.09236151696550187751e+00 -1.87271456137294317612e-01 8.72891509804784249127e+01 4.34532356074706430094e-02
4.34187059382018403220e-01 4.09580721632910016439e+00 -1.87213776919789048891e-01 8.72832353780621161832e+01 4.38088208561698902455e-02
4.36507053566452751792e-01 4.09926071614454023972e+00 -1.87155588390856553183e-01 8.72772975293136425989e+01 4.41652761426161444280e-02
4.38824075925487055994e-01 4.10272202758766013631e+00 -1.87096887741816431117e-01 8.72713374199855991264e+01 4.45225929687288884962e-02
4.41138110684379691762e-01 4.10619116181240784158e+00 -1.87037672148667427630e-01 8.72653550361639389621e+01 4.48807627735207312347e-02
4.43449142088729597599e-01 4.10966812994966268491e+00 -1.86977938771863361200e-01 8.72593503642437440249e+01 4.52397769396336024705e-02
4.45757154404582744966e-01 4.11315294488597693601e+00 -1.86917687360109024963e-01 8.72533234773121364469e+01 4.55995006344591530256e-02
4.48062131918540051956e-01 4.11664561439166831747e+00 -1.86856910190234870583e-01 8.72472742015822859685e+01 4.59601602239547435413e-02
4.50364058937863631638e-01 4.12014615109141590921e+00 -1.86795606670211306044e-01 8.72412026004555372083e+01 4.63216357413925444719e-02
4.52662919790584206137e-01 4.12365456602237934192e+00 -1.86733773903011879280e-01 8.72351086618309352616e+01 4.66839180728463865044e-02
4.54958698825607410487e-01 4.12717087019565642692e+00 -1.86671408976030767102e-01 8.72289923739428871841e+01 4.70469980278035646015e-02
4.57251380412820318533e-01 4.13069507459609841504e+00 -1.86608508961167263163e-01 8.72228537253876368140e+01 4.74108663306662819759e-02
4.59540948943198301890e-01 4.13422719018121753720e+00 -1.86545070914592325817e-01 8.72166927051062828014e+01 4.77755136276103095638e-02
4.61827388828911278296e-01 4.13776722788098805239e+00 -1.86481091876829763176e-01 8.72105093024118218636e+01 4.81409304781662619743e-02
4.64110684503429071768e-01 4.14131519859669072758e+00 -1.86416568872588755967e-01 8.72043035069705467777e+01 4.85071073588345946792e-02
4.66390820421628160553e-01 4.14487111320042345142e+00 -1.86351498910692886524e-01 8.71980753088155182695e+01 4.88740346620175347692e-02
4.68667781059897148310e-01 4.14843498253422104938e+00 -1.86285878984026931349e-01 8.71918246983422164931e+01 4.92417026940393381951e-02
4.70941550916242568370e-01 4.15200681740973553957e+00 -1.86219706069539997495e-01 8.71855516663318752535e+01 4.96101016704555072834e-02
4.73212114510394632472e-01 4.15558662860696692576e+00 -1.86152977128023477960e-01 8.71792562039286451636e+01 4.99792217222207318938e-02
4.75479456383912424400e-01 4.15917442687400296109e+00 -1.86085689104227874902e-01 8.71729383026672905999e+01 5.03490528854446117712e-02
4.77743561100288705035e-01 4.16277022292591336594e+00 -1.86017838926652745446e-01 8.71665979544592630646e+01 5.07195851069048089799e-02
4.80004413245055938653e-01 4.16637402744391760478e+00 -1.85949423507512395792e-01 8.71602351515936533133e+01 5.10908082411117570043e-02
4.82261997425890265312e-01 4.16998585107521435589e+00 -1.85880439742813596826e-01 8.71538498867700894834e+01 5.14627120418841565996e-02
4.84516298272717305107e-01 4.17360570443172740340e+00 -1.85810884512161933468e-01 8.71474421530797371815e+01 5.18352861670335271493e-02
4.86767300437815575442e-01 4.17723359808905492230e+00 -1.85740754678706737613e-01 8.71410119439969292898e+01 5.22085201762986367280e-02
4.89014988595922406311e-01 4.18086954258656984251e+00 -1.85670047089237316706e-01 8.71345592534275255048e+01 5.25824035220371563404e-02
4.91259347444337080013e-01 4.18451354564918442946e+00 -1.85598754199958249078e-01 8.71280839408554186321e+01 5.29571374321970225751e-02
4.93500361703025469673e-01 4.18816562292710425908e+00 -1.85526881003022975358e-01 8.71215862528521398644e+01 5.33323149810830121620e-02
4.95738016114724178163e-01 4.19182578238738923204e+00 -1.85454420420017362936e-01 8.71150660652615158597e+01 5.37081130315192750713e-02
4.97972295445044454976e-01 4.19549403440834733914e+00 -1.85381369222991559953e-01 8.71085233733724066951e+01 5.40845210089415245891e-02
5.00203184482575280434e-01 4.19917038932672781471e+00 -1.85307724166473508642e-01 8.71019581728708800483e+01 5.44615282637547007405e-02
5.02430668038987948698e-01 4.20285485743707276640e+00 -1.85233481987322146090e-01 8.70953704598551894378e+01 5.48391240735974436205e-02
5.04654730949138929930e-01 4.20654744899035293315e+00 -1.85158639404582964216e-01 8.70887602308171153709e+01 5.52172976454516628575e-02
5.06875358071172565921e-01 4.21024817419325625423e+00 -1.85083193119385092107e-01 8.70821274826555935533e+01 5.55960381157814334530e-02
5.09092534286625153506e-01 4.21395704320758479611e+00 -1.85007139814905186004e-01 8.70754722126960842843e+01 5.59753345473693181278e-02
5.11306244500527418140e-01 4.21767406614849260649e+00 -1.84930476156102169272e-01 8.70687944186546047831e+01 5.63551759372455107755e-02
5.13516473641507098513e-01 4.22139925308431429585e+00 -1.84853198789674766367e-01 8.70620940986793101501e+01 5.67355512138092502039e-02
5.15723206661891864222e-01 4.22513261403504358782e+00 -1.84775304343990365297e-01 8.70553712513276281015e+01 5.71164492352812316889e-02
5.17926428537812011399e-01 4.22887415897152330047e+00 -1.84696789428755364648e-01 8.70486258755783097740e+01 5.74978588007582155917e-02
5.20126124269301826075e-01 4.23262389781443904013e+00 -1.84617650635133384585e-01 8.70418579708348119084e+01 5.78797686394249694120e-02
5.22322278880402501855e-01 4.23638184043309173887e+00 -1.84537884535383472917e-01 8.70350675369187314345e+01 5.82621674231105571296e-02
5.24514877419263836344e-01 4.24014799664453256867e+00 -1.84457487682855220124e-01 8.70282545740813588964e+01 5.86450437614799285901e-02
5.26703904958246260648e-01 4.24392237621238255230e+00 -1.84376456611789307782e-01 8.70214190830007083832e+01 5.90283862066101477906e-02
5.28889346594021980685e-01 4.24770498884569924769e+00 -1.84294787837139789621e-01 8.70145610647818443795e+01 5.94121832565691204708e-02
5.31071187447676895665e-01 4.25149584419792780920e+00 -1.84212477854407419287e-01 8.70076805209617702985e+01 5.97964233583839627206e-02
5.33249412664811961449e-01 4.25529495186596040668e+00 -1.84129523139606288140e-01 8.70007774535203424193e+01 6.01810949045733650786e-02
5.35424007415643554708e-01 4.25910232559592039081e+00 -1.84045927239091633432e-01 8.69938520692608250329e+01 6.05658427820959660570e-02
5.37594956895105391403e-01 4.26291796698671188182e+00 -1.83961673294966876480e-01 8.69869039881703685069e+01 6.09512992906590181375e-02
5.39762246322948779920e-01 4.26674188919629049366e+00 -1.83876764033815809363e-01 8.69799333951451671965e+01 6.13371470074892677360e-02
5.41925860943843207274e-01 4.27057410159025252483e+00 -1.83791195863655221210e-01 8.69729402942734850512e+01 6.17233735733610719421e-02
5.44085786027477369409e-01 4.27441461347184059605e+00 -1.83704965173282303015e-01 8.69659246901006213193e+01 6.21099665356917712833e-02
5.46242006868658758201e-01 4.27826343408215059583e+00 -1.83618068332331352277e-01 8.69588865877001211402e+01 6.24969133406942725650e-02
5.48394508787414136641e-01 4.28212057259675304977e+00 -1.83530501690902597689e-01 8.69518259925726937354e+01 6.28842013459943033338e-02
5.50543277129089347888e-01 4.28598603812665501778e+00 -1.83442261579726484388e-01 8.69447429107558207306e+01 6.32718178075357684520e-02
5.52688297264449235335e-01 4.28985983971574569296e+00 -1.83353344310080240698e-01 8.69376373487640989879e+01 6.36597498782988518995e-02
5.54829554589777229623e-01 4.29374198634016224219e+00 -1.83263746173569025411e-01 8.69305093136235598195e+01 6.40479846136252500832e-02
5.56967034526974602571e-01 4.29763248690636867622e+00 -1.83173463442163536596e-01 8.69233588128443130927e+01 6.44365089640837884755e-02
5.59100722523659832142e-01 4.30153135025100663569e+00 -1.83082492368226906754e-01 8.69161858544803749282e+01 6.48253097689198282128e-02
5.61230604053267856379e-01 4.30543858513837740531e+00 -1.82990829184188324996e-01 8.69089904470750269638e+01 6.52143737664451217384e-02
5.63356664615148439168e-01 4.30935420025959015078e+00 -1.82898470102685811733e-01 8.69017725996884848882e+01 6.56036875818347686717e-02
5.65478889734665535194e-01 4.31327820423198726729e+00 -1.82805411316554838885e-01 8.68945323219397351977e+01 6.59932377223199223559e-02
5.67597264963295100593e-01 4.31721060559707581206e+00 -1.82711648998770792574e-01 8.68872696239768060877e+01 6.63830105746083254381e-02
5.69711775878724790978e-01 4.32115141281859127531e+00 -1.82617179302137611074e-01 8.68799845164544706222e+01 6.67729924144860875757e-02
5.71822408084950328799e-01 4.32510063428216273707e+00 -1.82521998359531756329e-01 8.68726770105909338326e+01 6.71631693897197928900e-02
5.73929147212374757281e-01 4.32905827829394684869e+00 -1.82426102283955865468e-01 8.68653471181750944652e+01 6.75535275119893002804e-02
5.76031978917906362092e-01 4.33302435307817468413e+00 -1.82329487168172599265e-01 8.68579948515223492223e+01 6.79440526691611063059e-02
5.78130888885055260751e-01 4.33699886677735690910e+00 -1.82232149085145261891e-01 8.68506202235604831685e+01 6.83347305985990555177e-02
5.80225862824032101450e-01 4.34098182042712554818e+00 -1.82134071551086268448e-01 8.68432229062518246110e+01 6.87261544462261508848e-02
5.82316886471844319395e-01 4.34497323518316935775e+00 -1.82035274166082977620e-01 8.68358035547802984411e+01 6.91171675616931852071e-02
5.84403945592394169495e-01 4.34897311266766806170e+00 -1.81935741737680539698e-01 8.68283618792118687679e+01 6.95082982498620577383e-02
5.86487025976574760655e-01 4.35298146066586699732e+00 -1.81835470239310681428e-01 8.68208978942268743140e+01 6.98995325775459974693e-02
5.88566113442367422337e-01 4.35699828687191725862e+00 -1.81734455622299145849e-01 8.68134116150585555260e+01 7.02908565455601930250e-02
5.90641193834937960894e-01 4.36102359888686752498e+00 -1.81632693815781509628e-01 8.68059030574777779066e+01 7.06822560872889527062e-02
5.92712253026733248973e-01 4.36505740421721721845e+00 -1.81530180726694689852e-01 8.67983722378069160186e+01 7.10737170635693249476e-02
5.94779276917577259809e-01 4.36909971027430898971e+00 -1.81426912239728177489e-01 8.67908191729747358067e+01 7.14652252596613551949e-02
5.96842251434767101514e-01 4.37315052437026086096e+00 -1.81322884216642804533e-01 8.67832438804054504544e+01 7.18567664126058963658e-02
5.98901162533168496260e-01 4.37720985371821669219e+00 -1.81218092496539473490e-01 8.67756463781179121497e+01 7.22483261927653330758e-02
6.00955996195312258656e-01 4.38127770543009464888e+00 -1.81112532895748495898e-01 8.67680266847050205570e+01 7.26398902037003746379e-02
6.03006738431488664709e-01 4.38535408651420599568e+00 -1.81006201207266820274e-01 8.67603848193078448503e+01 7.30314440038014878187e-02
6.05053375279843597134e-01 4.38943900387363861171e+00 -1.80899093200842547846e-01 8.67527208016284276937e+01 7.34229730967499438776e-02
6.07095892806472914316e-01 4.39353246430593102900e+00 -1.80791204623011958486e-01 8.67450346520060691091e+01 7.38144629242338257136e-02
6.09134277105518040507e-01 4.39763447449838906778e+00 -1.80682531196333928669e-01 8.67373263912840855028e+01 7.42058988973966493496e-02
6.11168514299259779676e-01 4.40174504102820396412e+00 -1.80573068619528986911e-01 8.67295960409102377753e+01 7.45972663846434513868e-02
6.13198590538213572643e-01 4.40586417036019373228e+00 -1.80462812567300789901e-01 8.67218436229239131308e+01 7.49885507147716456888e-02
6.15224492001223088877e-01 4.40999186884462712754e+00 -1.80351758690137198293e-01 8.67140691599479538354e+01 7.53797371810555894012e-02
6.17246204895555039549e-01 4.41412814271484243989e+00 -1.80239902613860553116e-01 8.67062726751724994756e+01 7.57708110575104204498e-02
6.19263715456992658304e-01 4.41827299808505902234e+00 -1.80127239939329497620e-01 8.66984541923493168269e+01 7.61617576077780189525e-02
6.21277009949929293064e-01 4.42242645121841171374e+00 -1.80013785533131770444e-01 8.66906142360741682751e+01 7.65516264114676492358e-02
6.23286074667462219878e-01 4.42658848867258303272e+00 -1.79899498607126728800e-01 8.66827518905375029590e+01 7.69421652165634961662e-02
6.25290895931486012671e-01 4.43075912537969696103e+00 -1.79784391986159641785e-01 8.66748676287106434302e+01 7.73325202051106247447e-02
6.27291460092785357894e-01 4.43493836697411936143e+00 -1.79668461196597462060e-01 8.66669614774688739089e+01 7.77226753114264312661e-02
6.29287753531128202233e-01 4.43912621896302450608e+00 -1.79551701741448715977e-01 8.66590334643834410144e+01 7.81126143537256012461e-02
6.31279762655358012147e-01 4.44332268670078001094e+00 -1.79434109096778537928e-01 8.66510836176603049807e+01 7.85023210474292132410e-02
6.33267473903487365661e-01 4.44752777547624145171e+00 -1.79315678724828481139e-01 8.66431119662106397072e+01 7.88917789790114232229e-02
6.35250873742789323728e-01 4.45174149037691879727e+00 -1.79196406054580259504e-01 8.66351185395708114356e+01 7.92809716254575524985e-02
6.37229948669889467716e-01 4.45596383637773119091e+00 -1.79076286494835229535e-01 8.66271033680695126122e+01 7.96698823225566038486e-02
6.39204685210858825073e-01 4.46019481831385444792e+00 -1.78955315430502442942e-01 8.66190664826870175830e+01 8.00584942880863403847e-02
6.41175069921305018639e-01 4.46443444087932128639e+00 -1.78833488222854164462e-01 8.66110079151056879709e+01 8.04467906040267216605e-02
6.43141089386463082889e-01 4.46868270862451311132e+00 -1.78710800209275239014e-01 8.66029276977075852528e+01 8.08347542232271398799e-02
6.45102730221288278578e-01 4.47293962595470784294e+00 -1.78587246703526408842e-01 8.65948258636258145771e+01 8.12223679511719365287e-02
6.47059979070545909785e-01 4.47720519712755482544e+00 -1.78462822995610920218e-01 8.65867024467451500414e+01 8.16096144470251499969e-02
6.49012822608903250376e-01 4.48147942624927608790e+00 -1.78337524351661447231e-01 8.65785574816427043743e+01 8.19964762235246558131e-02
6.50961247541019139007e-01 4.48576231727388474724e+00 -1.78211346014250315850e-01 8.65703910036772441572e+01 8.23829356266211898507e-02
6.52905240601636016606e-01 4.49005387400009592369e+00 -1.78084283202037924054e-01 8.65622030489677172227e+01 8.27689748471224090443e-02
6.54844788555668411156e-01 4.49435410006863822474e+00 -1.77956331109967280657e-01 8.65539936543938352997e+01 8.31545759057749772625e-02
6.56779878198294642111e-01 4.49866299896060350960e+00 -1.77827484909641092559e-01 8.65457628576487678629e+01 8.35397206296752681265e-02
6.58710496355045971306e-01 4.50298057399306639326e+00 -1.77697739748842203911e-01 8.65375106971607550577e+01 8.39243906700126163223e-02
6.60636629881896420002e-01 4.50730681342750649776e+00 -1.77567061608929072092e-01 8.65292364851097630662e+01 8.43099830626817259294e-02
6.62558265665352030815e-01 4.51164174830046160736e+00 -1.77435500591690553662e-01 8.65209416312042094432e+01 8.46938075886610047815e-02
6.64475390622540684760e-01 4.51598536807117145742e+00 -1.77303025559657240207e-01 8.65126255243634005865e+01 8.50771185418060099659e-02
6.66387991701300586023e-01 4.52033767535713248975e+00 -1.77169631529582177754e-01 8.65042882052221386857e+01 8.54598985593880144940e-02
6.68296055880269523897e-01 4.52469867260044900092e+00 -1.77035313491965690114e-01 8.64959297153017985238e+01 8.58421301958224997053e-02
6.70199570168973357553e-01 4.52906836206155904989e+00 -1.76900066410400097494e-01 8.64875500968524306700e+01 8.62237959490090993819e-02
6.72098521607914500819e-01 4.53344674581579987205e+00 -1.76763885221303512774e-01 8.64791493928352679177e+01 8.66048782682271867106e-02
6.73992897268660184906e-01 4.53783382575267424386e+00 -1.76626764833969607249e-01 8.64707276470391832390e+01 8.69853595469062407242e-02
6.75882684253930277052e-01 4.54222960356917493385e+00 -1.76488700129853848253e-01 8.64622849039096195156e+01 8.73652221519958110951e-02
6.77767869697685210184e-01 4.54663408077239683536e+00 -1.76349685963660296473e-01 8.64538212088326503135e+01 8.77444483668056857129e-02
6.79648440765214134629e-01 4.55104725866970127868e+00 -1.76209717161162737753e-01 8.64453366078149088025e+01 8.81230204913748121909e-02
6.81524384653221182440e-01 4.55546913837192768426e+00 -1.76068788521282104664e-01 8.64368311478015556304e+01 8.85009207373302492217e-02
6.83395688589913286037e-01 4.55989972078277183698e+00 -1.75926894813560025232e-01 8.64283048763226844358e+01 8.88781313452164933864e-02
6.85262339835087441742e-01 4.56433900660191227416e+00 -1.75784030779547323364e-01 8.64197578418118581567e+01 8.92546345129680701591e-02
6.87124325680216641032e-01 4.56878699632034201983e+00 -1.75640191132333117752e-01 8.64111900935478587371e+01 8.96304124140145236366e-02
6.88981633448537245101e-01 4.57324369021374099731e+00 -1.75495370555697222104e-01 8.64026016815029720419e+01 9.00054472336382499487e-02
6.90834250495134805092e-01 4.57770908834027334677e+00 -1.75349563703777355794e-01 8.63939926564100630912e+01 9.03797211808393119448e-02
6.92682164207029549274e-01 4.58218319054038758509e+00 -1.75202765201999677291e-01 8.63853630699295536033e+01 9.07532164389340118005e-02
6.94525362003264090660e-01 4.58666599642871464226e+00 -1.75054969645471236728e-01 8.63767129744337864850e+01 9.11259152390103827068e-02
6.96363831334987137822e-01 4.59115750539081890480e+00 -1.74906171598728565897e-01 8.63680424230313263934e+01 9.14977998679556703276e-02
6.98197559685539759222e-01 4.59565773805489108383e+00 -1.74756408863302376000e-01 8.63593525215871267164e+01 9.18667464088362972774e-02
7.00026534570540759361e-01 4.60016665283513148665e+00 -1.74605594145581938248e-01 8.63506413408107675878e+01 9.22367188160033157907e-02
7.01850743537971277775e-01 4.60468426771449834689e+00 -1.74453760949383612777e-01 8.63419098816940788765e+01 9.26057997225744888858e-02
7.03670174168260054159e-01 4.60921058115787474208e+00 -1.74300903766690162833e-01 8.63331582019689278695e+01 9.29739691655700056794e-02
7.05484814074367139192e-01 4.61374559138628992372e+00 -1.74147017061955011741e-01 8.63243863603386358818e+01 9.33412070683596606369e-02
7.07294650901869381698e-01 4.61828929637253793317e+00 -1.73992095273037106207e-01 8.63155944164642505712e+01 9.37074931910818476055e-02
7.09099672329043584362e-01 4.62284169383551901689e+00 -1.73836132810293086948e-01 8.63067824308916868858e+01 9.40728071709290569746e-02
7.10899866066950880672e-01 4.62740278124010107064e+00 -1.73679124057438460937e-01 8.62979504652516453689e+01 9.44371284768843466395e-02
7.12695219859520112671e-01 4.63197255578771915907e+00 -1.73521063371095018990e-01 8.62890985820103963988e+01 9.48004364275382427341e-02
7.14485721483631763817e-01 4.63655101441760386649e+00 -1.73361945080778817596e-01 8.62802268447425717568e+01 9.51627101888346538239e-02
7.16271358749200004468e-01 4.64113815379805938477e+00 -1.73201763489195331713e-01 8.62713353179220518996e+01 9.55239287557087118907e-02
7.18052119499257623936e-01 4.64573397032706747467e+00 -1.73040512872401158750e-01 8.62624240671711675077e+01 9.58840709414895547846e-02
7.19827991610036854730e-01 4.65033846011996132574e+00 -1.72878187478910178010e-01 8.62534931588819802073e+01 9.62431154173454400658e-02
7.21598962991052972349e-01 4.65495161901887843925e+00 -1.72714781532756322946e-01 8.62445426609050826983e+01 9.66010405615298356485e-02
7.23365021585186451780e-01 4.65957344256941308203e+00 -1.72550289228397268904e-01 8.62355726416391377143e+01 9.69578247026887940496e-02
7.25126155368765124010e-01 4.66420392603619937688e+00 -1.72384704737302607569e-01 8.62265831710269736732e+01 9.73134457981200268195e-02
7.26882352351645444344e-01 4.66884306438408636097e+00 -1.72218022202812209853e-01 8.62175743198732078554e+01 9.76678816801881399812e-02
7.28633600577295093004e-01 4.67349085227429039691e+00 -1.72050235741464302430e-01 8.62085461598980913323e+01 9.80211099890817144642e-02
7.30379888122873355272e-01 4.67814728407229729612e+00 -1.71881339446843833807e-01 8.61994987643694514645e+01 9.83731079840587940843e-02
7.32121203099313277995e-01 4.68281235382806571010e+00 -1.71711327385061535145e-01 8.61904322073845463592e+01 9.87238527600451387656e-02
7.33857533651401716668e-01 4.68748602447851858699e+00 -1.71540130513637756327e-01 8.61813450488796064519e+01 9.90764015387904789511e-02
7.35588867957860936819e-01 4.69216834762334489284e+00 -1.71367862307945456601e-01 8.61722402275093486423e+01 9.94248981641101814422e-02
7.37315194231428105986e-01 4.69685928860965606901e+00 -1.71194459695192507942e-01 8.61631164560695594901e+01 9.97721048730141751859e-02
7.39036500718936339993e-01 4.70155884016516800727e+00 -1.71019916575292946215e-01 8.61539738115853168665e+01 1.00118000858574057732e-01
7.40752775701394416963e-01 4.70626699468041387320e+00 -1.70844226817030792054e-01 8.61448123721583698398e+01 1.00462565323046218446e-01
7.42464007494066491333e-01 4.71098374419940491009e+00 -1.70667384258509108319e-01 8.61356322167847707760e+01 1.00805777454449865815e-01
7.44170184446551918889e-01 4.71570908042433778462e+00 -1.70489382708892134310e-01 8.61264334258647039633e+01 1.01147616342079443852e-01
7.45871294942864193622e-01 4.72044299469784256473e+00 -1.70310215945196213871e-01 8.61172160806167141800e+01 1.01488061131186510511e-01
7.47567327401510439699e-01 4.72518547800346322418e+00 -1.70129877714204125194e-01 8.61079802633898054864e+01 1.01827090929996130764e-01
7.49258270275569682184e-01 4.72993652095907002320e+00 -1.69948361731107222550e-01 8.60987260576335557971e+01 1.02164684875946626397e-01
7.50944112052772227983e-01 4.73469611381233335123e+00 -1.69765661681220397794e-01 8.60894535479746707551e+01 1.02500822052168275023e-01
7.52624841255577603505e-01 4.73946424642780161918e+00 -1.69581771216399640467e-01 8.60801628198860413477e+01 1.02835481662299707550e-01
7.54300446441252492313e-01 4.74424090829038380690e+00 -1.69396683958685484450e-01 8.60708539601659197160e+01 1.03168642854247871732e-01
7.55970916201949338920e-01 4.74902608849530860624e+00 -1.69210393498295003090e-01 8.60615270567580523675e+01 1.03500284818938040332e-01
7.57636239164782954170e-01 4.75381977573432124018e+00 -1.69022893391555378839e-01 8.60521821983932113653e+01 1.03830386891748560618e-01
7.59296403991909008013e-01 4.75862195830536638397e+00 -1.68834177165616938776e-01 8.60428194753876169898e+01 1.04158928325482874611e-01
7.60951399380600634892e-01 4.76343262408519763085e+00 -1.68644238311853045253e-01 8.60334389786277426992e+01 1.04485888612752542137e-01
7.62601214063325594239e-01 4.76825176051601484772e+00 -1.68453070291107093182e-01 8.60240408006225578674e+01 1.04811247228872292392e-01
7.64245836807822653824e-01 4.77307935469396316108e+00 -1.68260666531219044151e-01 8.60146250347227407929e+01 1.05134983762673286933e-01
7.65885256417178750254e-01 4.77791539320168112681e+00 -1.68067020425019308938e-01 8.60051917753987709148e+01 1.05457078021216607566e-01
7.67519461729904151071e-01 4.78275986220918092329e+00 -1.67872125332151650445e-01 8.59957411181387527677e+01 1.05777509930846211339e-01
7.69148441620009615249e-01 4.78761279613685353240e+00 -1.67676074027694549384e-01 8.59862755696121610072e+01 1.06091381719512559134e-01
7.70772184997081555302e-01 4.79247408814837783098e+00 -1.67478671141106594256e-01 8.59767906696472294925e+01 1.06407926003014241534e-01
7.72390680806357088350e-01 4.79734376703336362624e+00 -1.67280000159370362267e-01 8.59672886930466688682e+01 1.06722698600430501714e-01
7.74003918028800530493e-01 4.80222181718999685529e+00 -1.67080054401219729732e-01 8.59577697424743689680e+01 1.07035675429101806433e-01
7.75611885681177226637e-01 4.80710822254965997047e+00 -1.66878827157260045677e-01 8.59482339221492708248e+01 1.07346832300370398361e-01
7.77214572816129045663e-01 4.81200296656944015439e+00 -1.66676311694215567583e-01 8.59386813378673792840e+01 1.07656144715737825401e-01
7.78811968522248321278e-01 4.81690603221721858063e+00 -1.66472501250012838714e-01 8.59291120966634025535e+01 1.07963588112776967542e-01
7.80404061924152570029e-01 4.82181740196135510956e+00 -1.66267389036289375825e-01 8.59195263067062597884e+01 1.08269137747206242728e-01
7.81990842182558654194e-01 4.82673705778103645514e+00 -1.66060968241564410608e-01 8.59099240782189212950e+01 1.08572768546373807363e-01
7.83572298494356056509e-01 4.83166498113360098898e+00 -1.65853232024708752146e-01 8.59003055222856772843e+01 1.08874455432917724429e-01
7.85148420092680932036e-01 4.83660115296430515031e+00 -1.65644173522928345177e-01 8.58906707517584493417e+01 1.09174172942233110861e-01
7.86719196246989271870e-01 4.84154555369383032826e+00 -1.65433785847575010042e-01 8.58810198810724898522e+01 1.09471895435596516810e-01
7.88284616263129733760e-01 4.84649816320769577516e+00 -1.65222062086012061455e-01 8.58713530261642148389e+01 1.09767597016006870914e-01
7.89844669483416361722e-01 4.85145896084372374446e+00 -1.65008995301043570603e-01 8.58616703043000910611e+01 1.10061251564181242224e-01
7.91399345286702082802e-01 4.85642792539354495318e+00 -1.64794578532739488530e-01 8.58519718346056919245e+01 1.10352832659754568345e-01
7.92948633088449872375e-01 4.86140503508279753220e+00 -1.64578804798308470092e-01 8.58422577375521598242e+01 1.10642313595018831895e-01
7.94492522340805029657e-01 4.86639026757245574117e+00 -1.64361667092712215865e-01 8.58325281354926374888e+01 1.10929667356929800848e-01
7.96031002532667897320e-01 4.87138359993824465732e+00 -1.64143158388401877446e-01 8.58227831521255382086e+01 1.11214866648635668511e-01
7.97564063189764360651e-01 4.87638500867551893947e+00 -1.63923271639284495738e-01 8.58130229132240600620e+01 1.11497883707837350253e-01
7.99091693874717567958e-01 4.88139446967955592527e+00 -1.63701999776782181062e-01 8.58032475461591133126e+01 1.11778690511293118948e-01
8.00613884187118873825e-01 4.88641188953050065180e+00 -1.63479197310880647320e-01 8.57934537547422024772e+01 1.12064085667447743688e-01
8.02130623763599115428e-01 4.89143737304708015046e+00 -1.63255120131790110172e-01 8.57836481567453148500e+01 1.12341069712687716131e-01
8.03641902277898334539e-01 4.89647083208446609603e+00 -1.63029635193589483855e-01 8.57738277856631583518e+01 1.12615822878913515726e-01
8.05147709440937053849e-01 4.90151223998150076255e+00 -1.62802735233773199219e-01 8.57639927726066986224e+01 1.12888321440837102738e-01
8.06648035000885443857e-01 4.90656156940837107072e+00 -1.62574412958347874758e-01 8.57541432495031159533e+01 1.13158541933659512191e-01
8.08142868743233711015e-01 4.91161879238381615664e+00 -1.62344661053054006850e-01 8.57442793505014577704e+01 1.13426460620809813062e-01
8.09632200490861042574e-01 4.91668388024684777093e+00 -1.62113472173046974101e-01 8.57344012111328339643e+01 1.13692054018771235291e-01
8.11116020104105994726e-01 4.92175680365442858033e+00 -1.61880838949859995335e-01 8.57245089687684895807e+01 1.13955298573079760738e-01
8.12594317480834105183e-01 4.92683753255029532880e+00 -1.61646753985941499243e-01 8.57146027616567636187e+01 1.14216170944126810260e-01
8.14067082556508059277e-01 4.93192603618429714629e+00 -1.61411209859425475166e-01 8.57046827304747296239e+01 1.14474647798310832925e-01
8.15534305304254858449e-01 4.93702228306294976790e+00 -1.61174199119809319347e-01 8.56947490164804008828e+01 1.14730706035385168762e-01
8.16995975734935098167e-01 4.94212624098498132241e+00 -1.60935714296145643276e-01 8.56848017638915990801e+01 1.14984322415439557674e-01
8.18452083897210691532e-01 4.94723787698652817113e+00 -1.60695747889276346898e-01 8.56748411177925248694e+01 1.15235473957879155926e-01
8.19902619877612370836e-01 4.95235715733297343633e+00 -1.60454292370328072126e-01 8.56648672243645989965e+01 1.15484138041897513305e-01
8.21347573800607411165e-01 4.95748404754804639083e+00 -1.60211340193376877705e-01 8.56548802329843397274e+01 1.15730291813055205519e-01
8.22786935828667020942e-01 4.96261851233378337156e+00 -1.59966883779125657039e-01 8.56448802929056682842e+01 1.15973913005020926037e-01
8.24220696162332733259e-01 4.96776051561193288109e+00 -1.59720915526335799361e-01 8.56348675559923862011e+01 1.16214979412730734509e-01
8.25648845040284129482e-01 4.97291002050169961279e+00 -1.59473427812589552133e-01 8.56248421762999214479e+01 1.16453468881408186975e-01
8.27071372739403898322e-01 4.97806698922973378529e+00 -1.59224412984982993668e-01 8.56148043080360992008e+01 1.16689359837551562271e-01
8.28488269574845448417e-01 4.98323138331063208994e+00 -1.58973863366457024426e-01 8.56047541083421776875e+01 1.16922630807330618641e-01
8.29899525900098078424e-01 4.98840325899655656627e+00 -1.58721958442357619079e-01 8.55946965505840893229e+01 1.17143959167690658862e-01
8.31305132107052369150e-01 4.99358239442306750533e+00 -1.58468334170093455571e-01 8.55846226621864616391e+01 1.17371026030587868871e-01
8.32705078626066685921e-01 4.99876883526236248656e+00 -1.58213153607276585388e-01 8.55745369722736484164e+01 1.17595326619614706787e-01
8.34099355926031127417e-01 5.00396253951207370392e+00 -1.57956409123417212959e-01 8.55644396480828817175e+01 1.17816833705974163826e-01
8.35487954514433028841e-01 5.00916346430381231869e+00 -1.57698093085530011148e-01 8.55543308610814392523e+01 1.18035519415702130908e-01
8.36870864937421798935e-01 5.01437156580481069312e+00 -1.57438197841496513307e-01 8.55442107828544919812e+01 1.18251356077169758607e-01
8.38248077779872757809e-01 5.01958679925453488124e+00 -1.57176715729732713323e-01 8.55340795877466035790e+01 1.18464315793014834943e-01
8.39619583665451307830e-01 5.02480911893283632708e+00 -1.56913639080730055175e-01 8.55239374521016060271e+01 1.18674370401171278000e-01
8.40985373256677326559e-01 5.03003847817137561549e+00 -1.56648960221918903679e-01 8.55137845556804734315e+01 1.18881491282783732788e-01
8.42345437254987894349e-01 5.03527482928433389731e+00 -1.56382671465732980831e-01 8.55036210790575808005e+01 1.19085649990242459229e-01
8.43699766400801687283e-01 5.04051812358978601480e+00 -1.56114765122021770249e-01 8.54934472055685859004e+01 1.19286817684274834561e-01
8.45048351473580483528e-01 5.04576831138856896075e+00 -1.55845233498542928841e-01 8.54832631211505855617e+01 1.19484965157092712373e-01
8.46391183291893445251e-01 5.05102534192933827484e+00 -1.55574068897063599870e-01 8.54730690135043431610e+01 1.19680063073540274288e-01
8.47728252713479291103e-01 5.05628916340829448473e+00 -1.55301263615779755467e-01 8.54628650730113150757e+01 1.19872081907913138887e-01
8.49059550635307469513e-01 5.06155972295277223338e+00 -1.55026809957742234269e-01 8.54526514928641631741e+01 1.20060991576993056351e-01
8.50385067993641552420e-01 5.06683696658754723074e+00 -1.54750700224769083269e-01 8.54424284683434507315e+01 1.20246761797544635120e-01
8.51704795764099964472e-01 5.07212083922245149381e+00 -1.54472926720773617859e-01 8.54321961971842398498e+01 1.20429361980382010344e-01
8.53018724961718044497e-01 5.07741128464754343241e+00 -1.54193481756706135544e-01 8.54219548803418433636e+01 1.20608761047603235683e-01
8.54326846641008552652e-01 5.08270824547460797760e+00 -1.53912357644807207269e-01 8.54117047200795980189e+01 1.20784927773290362563e-01
8.55629151896023509849e-01 5.08801166316938857648e+00 -1.53629546709242420510e-01 8.54014459226371513978e+01 1.20957830330350304959e-01
8.56925631860413927754e-01 5.09332147799758683249e+00 -1.53345041286009647896e-01 8.53911786965864365584e+01 1.21127436353127670987e-01
8.58216277707490537985e-01 5.09863748515780557113e+00 -1.53058566596551037797e-01 8.53808959286689628243e+01 1.21307119259668028111e-01
8.59501080650284077223e-01 5.10395989585589315851e+00 -1.52770624519338121816e-01 8.53706117482147419651e+01 1.21471282335901320515e-01
8.60780031941604684143e-01 5.10928851574705866767e+00 -1.52480962841902656368e-01 8.53603197106660900317e+01 1.21632160787263507440e-01
8.62053122874101962481e-01 5.11462327998226662373e+00 -1.52189573771309011319e-01 8.53500200289769281881e+01 1.21789729894203141436e-01
8.63320344780323600808e-01 5.11996412244162968364e+00 -1.51896449532442995300e-01 8.53397129205227997772e+01 1.21943964514129726817e-01
8.64581689032775213555e-01 5.12531097560243598110e+00 -1.51601582335735146634e-01 8.53293986016357308699e+01 1.22094840762452833127e-01
8.65837147043978516692e-01 5.13066377064577050504e+00 -1.51304964420638204947e-01 8.53190772942233763843e+01 1.22242333950280668287e-01
8.67086710266529503421e-01 5.13602243734472807546e+00 -1.51006588027572358213e-01 8.53087492213705189670e+01 1.22386420065976303517e-01
8.68330370193157397019e-01 5.14138690405767029290e+00 -1.50706445422788631872e-01 8.52984146105496421342e+01 1.22527074642150332617e-01
8.69568118356782493450e-01 5.14675709776682666075e+00 -1.50404528859368391558e-01 8.52880736878814929014e+01 1.22664274725852645576e-01
8.70799946330572671727e-01 5.15213294394779275365e+00 -1.50100830636588744582e-01 8.52777266862306788653e+01 1.22797996188465374789e-01
8.72025845728002679813e-01 5.15751436657170803102e+00 -1.49795343044673429089e-01 8.52673738378375958291e+01 1.22928216440847656865e-01
8.73245808202909201690e-01 5.16290128814744253560e+00 -1.49488058412175217615e-01 8.52570153800409542555e+01 1.23054912227627363808e-01
8.74459825449549366105e-01 5.16829362961861349390e+00 -1.49178969081969786670e-01 8.52466515514672096288e+01 1.23178060933671215671e-01
8.75667889202656035685e-01 5.17369131037635288095e+00 -1.48868067417755323145e-01 8.52362825941229260707e+01 1.23297640389425172680e-01
8.76869991237495205461e-01 5.17909424822320740844e+00 -1.48555345815277101140e-01 8.52259087530428729451e+01 1.23413628423525656430e-01
8.78066123369920736863e-01 5.18450235927599312191e+00 -1.48240796676741504179e-01 8.52155302728487811237e+01 1.23526004268574768341e-01
8.79256277456431312167e-01 5.18991555808109694681e+00 -1.47924412458576987062e-01 8.52051474051624353478e+01 1.23634746319319685504e-01
8.80440445394225390530e-01 5.19533375744733483259e+00 -1.47606185630731828740e-01 8.51947604016651069969e+01 1.23739834292662290172e-01
8.81618619121255608917e-01 5.20075686848308382793e+00 -1.47286108704025586746e-01 8.51843695175952149157e+01 1.23841248005340381910e-01
8.82790790616284959391e-01 5.20618480057606891620e+00 -1.46964174228873173389e-01 8.51739750123580989793e+01 1.23938967592049226196e-01
8.83956951898940523904e-01 5.21161767008311471727e+00 -1.46640736911444774515e-01 8.51635879377254951805e+01 1.24014568810007302924e-01
8.85117095029768430337e-01 5.21705498512111187637e+00 -1.46315097070845556715e-01 8.51531880131933576195e+01 1.24103206712697103353e-01
8.86271212110287143204e-01 5.22249684030357830267e+00 -1.45987580233131825080e-01 8.51427853543407024972e+01 1.24187956453556513914e-01
8.87419295283041753564e-01 5.22794313779796482322e+00 -1.45658179314095553858e-01 8.51323802374642752966e+01 1.24268790129794387544e-01
8.88561336731657602783e-01 5.23339377788012072301e+00 -1.45326887294265877371e-01 8.51219729430658276215e+01 1.24345679668608155577e-01
8.89697328680893129160e-01 5.23884865894525297847e+00 -1.44993697238070429201e-01 8.51115637582880282253e+01 1.24418596046249010922e-01
8.90827263396692936581e-01 5.24430767731055524905e+00 -1.44658602251970858088e-01 8.51011529686947483242e+01 1.24487511557840727083e-01
8.91951133186240308071e-01 5.24977072734834404599e+00 -1.44321595539041558354e-01 8.50907408670494618264e+01 1.24552397284445476311e-01
8.93068930398010163429e-01 5.25523770138448398370e+00 -1.43982670375830595910e-01 8.50803277500921240062e+01 1.24613224455612695007e-01
8.94180647421820240517e-01 5.26070848964443449347e+00 -1.43641820126680419545e-01 8.50699139178052945454e+01 1.24669963918674742143e-01
8.95286276688883719821e-01 5.26618298012984453749e+00 -1.43299038224778130246e-01 8.50594996719282931963e+01 1.24722587249355851280e-01
8.96385810671860183696e-01 5.27166105889080682800e+00 -1.42954318213418141159e-01 8.50490853210381061444e+01 1.24771065105182182853e-01
8.97479241884907241733e-01 5.27714260955660563468e+00 -1.42607653720371430062e-01 8.50386711749683712469e+01 1.24815368512576893578e-01
8.98566562883731378975e-01 5.28262751363507554458e+00 -1.42259038496430040288e-01 8.50282575516287124628e+01 1.24855467266309361207e-01
8.99647766265638582084e-01 5.28811565025505103677e+00 -1.41908466370499530829e-01 8.50178447686592591026e+01 1.24891332417591302550e-01
9.00722844669584632449e-01 5.29360689628187319755e+00 -1.41555931307610571857e-01 8.50074331517194963226e+01 1.24922933611087721983e-01
9.01791790776225510307e-01 5.29910112612510975083e+00 -1.41201427370626159119e-01 8.49970230269152153824e+01 1.24950241265991107698e-01
9.02854597307967132735e-01 5.30459821183366120323e+00 -1.40844948759755006495e-01 8.49866147281411485892e+01 1.24973224875842420234e-01
9.03911257029014647557e-01 5.31009802297934374593e+00 -1.40486489808089948239e-01 8.49762085935404201109e+01 1.24991853496160779113e-01
9.04961762745422060306e-01 5.31560042656244924331e+00 -1.40126044966067592190e-01 8.49658049631314753469e+01 1.25006096827949053640e-01
9.06006107305140861996e-01 5.32110528706074248362e+00 -1.39763608839168967934e-01 8.49554041839432727556e+01 1.25015923619912566744e-01
9.07044283598068878938e-01 5.32661246632673979207e+00 -1.39399176181021211551e-01 8.49450066073344629558e+01 1.25021302322282118480e-01
9.08076284556099455614e-01 5.33212150832603626327e+00 -1.39032242901479391461e-01 8.49345959732534225850e+01 1.25047992213835945652e-01
9.09102103153167639960e-01 5.33763287132595731777e+00 -1.38663760630248100725e-01 8.49242043481897468382e+01 1.25046544186138225419e-01
9.10121732405300032376e-01 5.34314611997028343637e+00 -1.38293263802488908265e-01 8.49138168756460913755e+01 1.25040723325549579803e-01
9.11135165370661193052e-01 5.34866110493710511520e+00 -1.37920747600645487996e-01 8.49034339163568745334e+01 1.25030509339820877779e-01
9.12142395149601159510e-01 5.35417767398301691628e+00 -1.37546207372308187944e-01 8.48930558340638583559e+01 1.25015882589173926709e-01
9.13143414884702742107e-01 5.35969567193656359905e+00 -1.37169638644665109473e-01 8.48826829981958042026e+01 1.24996823760500183620e-01
9.14138217760827709313e-01 5.36521494063023496324e+00 -1.36791037130526066390e-01 8.48723157834144501521e+01 1.24973313966105906148e-01
9.15126797005163528098e-01 5.37073531870027842672e+00 -1.36410398722845771502e-01 8.48619545657636109581e+01 1.24945335172208862873e-01
9.16109145887269216146e-01 5.37625664194901808912e+00 -1.36027719547796077659e-01 8.48515997312057521640e+01 1.24912868865007728458e-01
9.17085257719121638154e-01 5.38177874272030631886e+00 -1.35642995908610675126e-01 8.48412516664758129536e+01 1.24875898147379316150e-01
9.18055125855160469861e-01 5.38730145020581385751e+00 -1.35256224347260034513e-01 8.48309107651769664926e+01 1.24834405770730197394e-01
9.19018743692333606177e-01 5.39282459021056048698e+00 -1.34867401602718484099e-01 8.48205774222189035072e+01 1.24788376611735571386e-01
9.19976104670142347253e-01 5.39834798530335913114e+00 -1.34476524702301314385e-01 8.48102520453033434933e+01 1.24737793508521932484e-01
9.20927202270686140473e-01 5.40387145439525706792e+00 -1.34083590855765988348e-01 8.47999350363350998805e+01 1.24682643179009663981e-01
9.21872030018706323240e-01 5.40939481307409764099e+00 -1.33688597587129365252e-01 8.47896268127792041014e+01 1.24622910060749811367e-01
9.22810581481630642919e-01 5.41491787315390737945e+00 -1.33291542637398896520e-01 8.47793277876783406555e+01 1.24558581807984750101e-01
9.23742850269617443715e-01 5.42044044296403093597e+00 -1.32892424064621761381e-01 8.47690383888114666888e+01 1.24489644815580322024e-01
9.24668830035598299233e-01 5.42596232695870561713e+00 -1.32491240190978715185e-01 8.47587590420393581780e+01 1.24416087460453197999e-01
9.25588514475321866293e-01 5.43148332580758985699e+00 -1.32087989645008230255e-01 8.47484901801441168345e+01 1.24337898610307556746e-01
9.26501897327396517490e-01 5.43700323631771542665e+00 -1.31682671361575520663e-01 8.47382322428580607721e+01 1.24255068296204015943e-01
9.27408972373333306827e-01 5.44252185131312415933e+00 -1.31275284617208443105e-01 8.47279856747582869048e+01 1.24167586513882294286e-01
9.28309733437587714100e-01 5.44803895956758132968e+00 -1.30865829007838135878e-01 8.47177509260280174885e+01 1.24075445132392450653e-01
9.29204174387602388485e-01 5.45355478687619665834e+00 -1.30454932159336955966e-01 8.47075522888847132208e+01 1.23945502785831815351e-01
9.30092289133848337812e-01 5.45906826881267015494e+00 -1.30041387327418017650e-01 8.46973446122058106766e+01 1.23841433598425837426e-01
9.30974071629866561928e-01 5.46457958818381683841e+00 -1.29625778032684157992e-01 8.46871503031910322079e+01 1.23732498184953909615e-01
9.31849515872309464015e-01 5.47008851690173081295e+00 -1.29208105590689348308e-01 8.46769698499206242559e+01 1.23618679164184480657e-01
9.32718615900981373734e-01 5.47559482249464846149e+00 -1.28788371749998103999e-01 8.46668037477346473452e+01 1.23499959397685904472e-01
9.33581365798879514450e-01 5.48109826776379183144e+00 -1.28366578648092116710e-01 8.46566524899032231133e+01 1.23376324704579626301e-01
9.34437759692233416153e-01 5.48659861105076451793e+00 -1.27942728936489474867e-01 8.46465165870951494753e+01 1.23247758324430536914e-01
9.35287791750546215752e-01 5.49209560579529032509e+00 -1.27516825690814239458e-01 8.46363965488928755576e+01 1.23114246477857416928e-01
9.36131456186633403860e-01 5.49758900073864875679e+00 -1.27088872530232627200e-01 8.46262929001028112452e+01 1.22975773156424134092e-01
9.36968747256662348732e-01 5.50307853947224678848e+00 -1.26658873511106412346e-01 8.46162061619349543662e+01 1.22832326645393091757e-01
9.37799659260191820209e-01 5.50856396081339827475e+00 -1.26226833308306390924e-01 8.46061368778974269844e+01 1.22683891167424813373e-01
9.38624186540210181384e-01 5.51404499818682936052e+00 -1.25792757072163641219e-01 8.45960855861773239894e+01 1.22530455359070047927e-01
9.39442323483174468457e-01 5.51952137985328139536e+00 -1.25356650560280169504e-01 8.45860528378559735074e+01 1.22372006556754481243e-01
9.40254064519048693427e-01 5.52499282863557095169e+00 -1.24918520093202506382e-01 8.45760391881000828107e+01 1.22208534281065595017e-01
9.41059404121340592475e-01 5.53045906200991854718e+00 -1.24478372660798738969e-01 8.45660452122761654437e+01 1.22040025013452263503e-01
9.41858336807141038882e-01 5.53591979176981752175e+00 -1.24036215830015228434e-01 8.45560714743569263874e+01 1.21866471545375290586e-01
9.42650857137159903232e-01 5.54137472417896503885e+00 -1.23592057923794199081e-01 8.45461185707439142334e+01 1.21687860322028953974e-01
9.43436959715763689971e-01 5.54682355923290959510e+00 -1.23145907813309488099e-01 8.45361870775470407580e+01 1.21504186474511916005e-01
9.44216639191012285792e-01 5.55226599154517685974e+00 -1.22697775239480250109e-01 8.45262776103079147560e+01 1.21315437866819905710e-01
9.44989890254695485972e-01 5.55770170924475870322e+00 -1.22247670577716280316e-01 8.45163907707860460050e+01 1.21121608690777426975e-01
9.45756707642368521505e-01 5.56313039441304368893e+00 -1.21795605010368748755e-01 8.45065271777989295288e+01 1.20922692049889410337e-01
9.46517086133388918512e-01 5.56855172280285870556e+00 -1.21341590520549588716e-01 8.44966874590789132071e+01 1.20718681801735797099e-01
9.47271020550951026173e-01 5.57396536376116991107e+00 -1.20885639935148239688e-01 8.44868722543961752081e+01 1.20509571927879241549e-01
9.48018505762121987956e-01 5.57937097993585862099e+00 -1.20427766910441394477e-01 8.44770822069679780952e+01 1.20295358949400327253e-01
9.48759536677876158528e-01 5.58476757964666870038e+00 -1.19967181998900551676e-01 8.44672817710255543489e+01 1.20119719330724267214e-01
9.49494108253130075781e-01 5.59015605745126986648e+00 -1.19505453487804960688e-01 8.44575411670562345989e+01 1.19898353034383509108e-01
9.50222215486776988769e-01 5.59553545410865815768e+00 -1.19041845644579744046e-01 8.44478275147007622081e+01 1.19672068907862264031e-01
9.50943853421720053376e-01 5.60090540448040652421e+00 -1.18576375776816997365e-01 8.44381414818610096518e+01 1.19440878087619856140e-01
9.51659017144907415364e-01 5.60626553611015943090e+00 -1.18109062222242350293e-01 8.44284837629783169177e+01 1.19204789229668969841e-01
9.52367701787364628885e-01 5.61161546876247996352e+00 -1.17639924299517056872e-01 8.44188550390178988891e+01 1.18963818263179754720e-01
9.53069902524227741125e-01 5.61695481492252213229e+00 -1.17168982529368914669e-01 8.44092560195046814897e+01 1.18717977750062736453e-01
9.53765614574776932066e-01 5.62228317912652464372e+00 -1.16696258519065704240e-01 8.43996874142026314303e+01 1.18467285203029501495e-01
9.54454833202468377884e-01 5.62760015798510337959e+00 -1.16221775097648541419e-01 8.43901499434288098200e+01 1.18211758174381273423e-01
9.55137553714966891505e-01 5.63290534026506151122e+00 -1.15745556354148321221e-01 8.43806443518057704978e+01 1.17951414851475325229e-01
9.55813771464177897030e-01 5.63819830610984595864e+00 -1.15267627597965147124e-01 8.43711713741546702749e+01 1.17686278363567764504e-01
9.56483481846278404959e-01 5.64347862759281948541e+00 -1.14788015539007748345e-01 8.43617317759189404569e+01 1.17416370068340977784e-01
9.57146680301749208652e-01 5.64874586779368126344e+00 -1.14306748174350200631e-01 8.43523263180344571310e+01 1.17141715886454042539e-01
9.57803362315405748539e-01 5.65399958149518777617e+00 -1.13823855045903588046e-01 8.43429557788814179276e+01 1.16862343713684493918e-01
9.58453523416427977111e-01 5.65923931419102910212e+00 -1.13339367084147518705e-01 8.43336209485001973007e+01 1.16578282884121295360e-01
9.59097159178392222323e-01 5.66446460240205507120e+00 -1.12853316809459328085e-01 8.43243226304048931752e+01 1.16289563775870005702e-01
9.59734265219300386462e-01 5.66967497334473691240e+00 -1.12365738318619803882e-01 8.43150616397190617590e+01 1.15996219924173055160e-01
9.60364837201609811146e-01 5.67486994470654426692e+00 -1.11876667353846187547e-01 8.43058388010328911832e+01 1.15698287454909412575e-01
9.60988870832263142319e-01 5.68004902447591053516e+00 -1.11386141363817026129e-01 8.42966549494536394604e+01 1.15395805129065442962e-01
9.61606361862717418099e-01 5.68521171093443467015e+00 -1.10894199603773960239e-01 8.42875109410288843037e+01 1.15088812445885535496e-01
9.62217306088972823552e-01 5.69035749217148190127e+00 -1.10400883133419683291e-01 8.42784076361739380445e+01 1.14777353196720152684e-01
9.62821699351601556494e-01 5.69548584592396256454e+00 -1.09906234872124100588e-01 8.42693459093762413659e+01 1.14461473238927732843e-01
9.63419537535776138171e-01 5.70059623995282205300e+00 -1.09410299870826982493e-01 8.42603266513990973863e+01 1.14141220883736058123e-01
9.64010816571297390887e-01 5.70568813100559335538e+00 -1.08913125086646286888e-01 8.42513507665783834000e+01 1.13816646858054371094e-01
9.64595532432621638463e-01 5.71076096517613507331e+00 -1.08414759653093065173e-01 8.42424191751901361158e+01 1.13487803952977195365e-01
9.65173681138889238973e-01 5.71581417746604536489e+00 -1.07915254859919568231e-01 8.42335328071677480466e+01 1.13154749869203194446e-01
9.65745258753950674979e-01 5.72084719147801923356e+00 -1.07414664261464787298e-01 8.42246925961248535941e+01 1.12817545435031835188e-01
9.66310261386393642979e-01 5.72586039085330522624e+00 -1.06914057414919494438e-01 8.42159564860579195056e+01 1.12418945303939851743e-01
9.66868685189569476712e-01 5.73085129772734891418e+00 -1.06411523184633052819e-01 8.42072153502114844059e+01 1.12070269494061222626e-01
9.67420526361620347622e-01 5.73582021195919811163e+00 -1.05908081002980672403e-01 8.41985235176591970685e+01 1.11717477570091663908e-01
9.67965781145503245675e-01 5.74076651076030586296e+00 -1.05403794399253583625e-01 8.41898820190415051457e+01 1.11360633991450588831e-01
9.68504445829016735736e-01 5.74568955907851020015e+00 -1.04898729736633153364e-01 8.41812918707464348245e+01 1.10999811554037916550e-01
9.69036516744826603720e-01 5.75058870932733245951e+00 -1.04392956006836651328e-01 8.41727541241138084160e+01 1.10635083087327446005e-01
9.69561990270489948429e-01 5.75546330111879811398e+00 -1.03886545062822077679e-01 8.41642698264672048936e+01 1.10266529732959056576e-01
9.70080862828479939530e-01 5.76031266170225286771e+00 -1.03379571856104274241e-01 8.41558400669961628182e+01 1.09894229657853975679e-01
9.70593130886211241659e-01 5.76513610504215634478e+00 -1.02872114321556379357e-01 8.41474659342738249279e+01 1.09518269757688982424e-01
9.71098790956062218882e-01 5.76993293202954404819e+00 -1.02364253606497937477e-01 8.41391485398877705393e+01 1.09138738755288081106e-01
9.71597839595400469825e-01 5.77470242992251669989e+00 -1.01856073993954021617e-01 8.41308890064018584098e+01 1.08755731783954048830e-01
9.72090273406605143158e-01 5.77944387290238204002e+00 -1.01347663435462642667e-01 8.41226884721583871851e+01 1.08369347690475181789e-01
9.72576089037090585343e-01 5.78415652102313337934e+00 -1.00839113126824392319e-01 8.41145480971919567992e+01 1.07979688583742475250e-01
9.73055283179328878163e-01 5.78883962069803281736e+00 -1.00330517947570876935e-01 8.41064690643803771763e+01 1.07586860919141991122e-01
9.73527852570872820337e-01 5.79349240400125253814e+00 -9.98219764379019158795e-02 8.40984525571387564469e+01 1.07190978122867874855e-01
9.73993793994377243806e-01 5.79811408898894686814e+00 -9.93135909662560822930e-02 8.40904997876228321729e+01 1.06792158038859566482e-01
9.74453104277621995344e-01 5.80270387953219213273e+00 -9.88054679235993577047e-02 8.40826119957447275510e+01 1.06390518222494401268e-01
9.74905780293532697733e-01 5.80726096451285567213e+00 -9.82977174726041569297e-02 8.40747904199124320712e+01 1.05986189635034935841e-01
9.75351818960202621156e-01 5.81178451859074929331e+00 -9.77904543198874903753e-02 8.40670363077870348434e+01 1.05579306671370137805e-01
9.75791217240913111297e-01 5.81627370183496594791e+00 -9.72837972415547813654e-02 8.40593509640206235645e+01 1.05170002143794988347e-01
9.76223972144155016650e-01 5.82072765888019727498e+00 -9.67778693114073190751e-02 8.40517356638963093474e+01 1.04758425328414256361e-01
9.76650080723648006398e-01 5.82514552023341813936e+00 -9.62727983115383573187e-02 8.40441917470919719335e+01 1.04344720217831865572e-01
9.77069540078361775670e-01 5.82952640077985506650e+00 -9.57687164813968011545e-02 8.40367205315362184592e+01 1.03929045652487922480e-01
9.77482347352534808316e-01 5.83386940065577253023e+00 -9.52657608613604045544e-02 8.40293233687253149355e+01 1.03511563001202663847e-01
9.77888499735694360915e-01 5.83817360467551793590e+00 -9.47640731555697696242e-02 8.40220016224602659349e+01 1.03092440719049480147e-01
9.78287994462675891683e-01 5.84243808361592087408e+00 -9.42638005933529171676e-02 8.40147566998870303223e+01 1.02671848989845965194e-01
9.78680828813640935060e-01 5.84666189191348184551e+00 -9.37650948557162133845e-02 8.40075899800214074276e+01 1.02249973225094881180e-01
9.79067000114096308572e-01 5.85084406981804239223e+00 -9.32681130832962029809e-02 8.40005028957218513597e+01 1.01826997768097324282e-01
9.79446505734912542529e-01 5.85498364260871451137e+00 -9.27730176601316153251e-02 8.39934968926492899755e+01 1.01403115540539698336e-01
9.79819343092340866441e-01 5.85907962029854001429e+00 -9.22799762576445858908e-02 8.39865734044102794087e+01 1.00978530782980108205e-01
9.80185509648031860763e-01 5.86313099889634514739e+00 -9.17891619775776795853e-02 8.39797339338065427228e+01 1.00553445831527921150e-01
9.80545002909051777173e-01 5.86713675977292048458e+00 -9.13007538846072747019e-02 8.39729799534009231365e+01 1.00128078347087576261e-01
9.80897820427900302143e-01 5.87109452755410732294e+00 -9.08138074320914284732e-02 8.39662284522351569649e+01 9.97700257422649422479e-02
9.81243959802526766190e-01 5.87500587705857846288e+00 -9.03307266606393349795e-02 8.39596458482484564456e+01 9.93474799617608816948e-02
9.81583418676346575182e-01 5.87886846588871669894e+00 -8.98506213033049422334e-02 8.39531531586610810791e+01 9.89253992148028254983e-02
9.81916194738257197550e-01 5.88268121962679835235e+00 -8.93736929674393554279e-02 8.39467519184329376003e+01 9.85040281218041435807e-02
9.82242285722654373536e-01 5.88644305129909373164e+00 -8.89001489987467918841e-02 8.39404437178346540804e+01 9.80836109022854285566e-02
9.82561689409446659127e-01 5.89015286115944292078e+00 -8.84302031090938162050e-02 8.39342301089348268306e+01 9.76644092485587644870e-02
9.82874403624071413255e-01 5.89380953723456624260e+00 -8.79640743166148625365e-02 8.39281126859719392996e+01 9.72466869080111651069e-02
9.83180426237509119680e-01 5.89741195626710013045e+00 -8.75019877451628930176e-02 8.39220930580947168664e+01 9.68307127469009987220e-02
9.83479755166297819891e-01 5.90095898395951223847e+00 -8.70441743090663022642e-02 8.39161728384838028205e+01 9.64167652850190376457e-02
9.83772388372547657021e-01 5.90444947533366537584e+00 -8.65908704093468345464e-02 8.39103536371192149090e+01 9.60051323825776015131e-02
9.84058323863954753641e-01 5.90788227693933176710e+00 -8.61423189877451450647e-02 8.39046371002285269469e+01 9.55961044537134985166e-02
9.84337559693814090345e-01 5.91125622574527564979e+00 -8.56987678544559178251e-02 8.38990248672610903213e+01 9.51899816737496184960e-02
9.84610093961033494558e-01 5.91457015095468907617e+00 -8.52604705401248247343e-02 8.38935185772754579148e+01 9.47870717495106901440e-02
9.84875924810146630151e-01 5.91782287521708738609e+00 -8.48276860242925118127e-02 8.38881198977787363447e+01 9.43876844997749014921e-02
9.85135050431324765796e-01 5.92101321490678511594e+00 -8.44006783948180600019e-02 8.38828304763241305864e+01 9.39921409561138981870e-02
9.85387469060390319697e-01 5.92413998179658651821e+00 -8.39797165062320244422e-02 8.38776519894111345366e+01 9.36007636522496466736e-02
9.85633178978827628747e-01 5.92720198426504119027e+00 -8.35650747671655563797e-02 8.38725860893833754517e+01 9.32138869852785351133e-02
9.85872178513795716093e-01 5.93019802764243664228e+00 -8.31570312424526891792e-02 8.38676344252742893559e+01 9.28318491224731923150e-02
9.86104466038138838258e-01 5.93312691728489127740e+00 -8.27558686242411134515e-02 8.38627986992668468247e+01 9.24549848988278910600e-02
9.86330039970398142479e-01 5.93598745731124122216e+00 -8.23618731501575274123e-02 8.38580805058897738036e+01 9.20836502845060328459e-02
9.86548898774822102808e-01 5.93877845563414030750e+00 -8.19753348719808178080e-02 8.38534815576838781226e+01 9.17181876766464815320e-02
9.86761040961377400293e-01 5.94149872182035654333e+00 -8.15965462645192457503e-02 8.38490034567457627190e+01 9.13589572290583046277e-02
9.86966465085758248854e-01 5.94414707202065439873e+00 -8.12258036312462072814e-02 8.38446478505029944017e+01 9.10063134902338310983e-02
9.87165169749397164445e-01 5.94672232857117055715e+00 -8.08634043083825831966e-02 8.38404163714031085419e+01 9.06606166393804507875e-02
9.87357153599473957861e-01 5.94922332239219020522e+00 -8.05096475204335054743e-02 8.38363106189706144278e+01 9.03222286989166511795e-02
9.87542415328925060614e-01 5.95164889498212623664e+00 -8.01648334628335401675e-02 8.38323321773577561089e+01 8.99915139888843723659e-02
9.87720953676452295689e-01 5.95399790021681685204e+00 -7.98292626602084554044e-02 8.38284826023318601074e+01 8.96688393720445897639e-02
9.87892767426531648312e-01 5.95626920699935524794e+00 -7.95032350608331911390e-02 8.38247634723326342510e+01 8.93545644612623451986e-02
9.88057855409421592618e-01 5.95846170045094414291e+00 -7.91870507156333253151e-02 8.38211762756603775415e+01 8.90490514322872517283e-02
9.88216216501170752196e-01 5.96057428465482974644e+00 -7.88810067570926559677e-02 8.38177225242998531485e+01 8.87526639221886126663e-02
9.88367849623625893685e-01 5.96260588472129615667e+00 -7.85853982915458992853e-02 8.38144036914393097959e+01 8.84657549840535267771e-02
9.88512753744439143233e-01 5.96455544856447783530e+00 -7.83005169802892253550e-02 8.38112211911356439487e+01 8.81886810224025430305e-02
9.88650927877074869876e-01 5.96642194979163065227e+00 -7.80266504003096911246e-02 8.38081764166017251227e+01 8.79217891664112044525e-02
9.88782371080816346876e-01 5.96820438992415258639e+00 -7.77640811057171560394e-02 8.38052707327298520568e+01 8.76654208877721830007e-02
9.88907082460772635102e-01 5.96990180002125203629e+00 -7.75130852324627112049e-02 8.38025054403527462910e+01 8.74199131387717598418e-02
9.89025061167884578239e-01 5.97151324436119335104e+00 -7.72739335258991605349e-02 8.37998818157670655182e+01 8.71855897165969562224e-02
9.89136306398929687766e-01 5.97303782107958181058e+00 -7.70468875926971080714e-02 8.37974010712740948748e+01 8.69627709879545324201e-02
9.89240817396528693273e-01 5.97447466575687169410e+00 -7.68322009262206173652e-02 8.37950643901371137190e+01 8.67517597753379721137e-02
9.89338593449150427439e-01 5.97582295276199459977e+00 -7.66301173234053972783e-02 8.37928728761755365895e+01 8.65528538682314996233e-02
9.89429633891116377953e-01 5.97708189777363063655e+00 -7.64408701026636216991e-02 8.37908275726478706247e+01 8.63663365865617038697e-02
9.89513938102605350444e-01 5.97825076043186776076e+00 -7.62646812309431265664e-02 8.37889294937049129430e+01 8.61924746506600863993e-02
9.89591505509657798356e-01 5.97932884545376097662e+00 -7.61017602651047064821e-02 8.37871795585101608594e+01 8.60315261625185234706e-02
9.89662335584179708725e-01 5.98031550566590563989e+00 -7.59523037789089638938e-02 8.37855786592944866698e+01 8.58837230615351887586e-02
9.89726427843945932850e-01 5.98121014286065122434e+00 -7.58164942079277981435e-02 8.37841275903327868946e+01 8.57492894612692374556e-02
9.89783781852604072071e-01 5.98201221008462447060e+00 -7.56944988125018147773e-02 8.37828270918706579096e+01 8.56284260839946659294e-02
9.89834397219676587198e-01 5.98272121375381793484e+00 -7.55864708013117281293e-02 8.37816778351176196793e+01 8.55213167698752191326e-02
9.89878273600564240198e-01 5.98333671327506433357e+00 -7.54925455629839869953e-02 8.37806803612991330965e+01 8.54281352706502544736e-02
9.89915410696548092595e-01 5.98385832577013054845e+00 -7.54128425762477933025e-02 8.37798352607967729000e+01 8.53490123381303450456e-02
9.89945808254791503877e-01 5.98428572313275619621e+00 -7.53474635197583925139e-02 8.37791429050275127111e+01 8.52840824703291616737e-02
9.89969466068341796827e-01 5.98461863681508443591e+00 -7.52964925797837136834e-02 8.37786036971797045680e+01 8.52334405932802102734e-02
