00000000000000000000 3.60358956218940518212e+00 -1.91565498725798311064e-01 00000000000000000088 -7.80100351548559471629e-27
2.58315720529896097890e-03 3.60661372437511662525e+00 -1.91563787995390200081e-01 8.79966833064303273204e+01 1.76387976772450076916e-04
5.16629682395841009074e-03 3.60964580482850871945e+00 -1.91561883950290140488e-01 8.79933526808996049340e+01 3.53663046288500368137e-04
7.74940126945856955221e-03 3.61268582054093689848e+00 -1.91559785229096557480e-01 8.79900080806265947331e+01 5.31825885370506277507e-04
1.03324529555191297475e-02 3.61573378855490190631e+00 -1.91557490463650614831e-01 8.79866494627625712610e+01 7.10877150025861475474e-04
1.29154342962189676997e-02 3.61878972596425452224e+00 -1.91554998279032412389e-01 8.79832767843953433839e+01 8.90817473852671855294e-04
1.54983277061159028382e-02 3.62185364991415559288e+00 -1.91552307293457568793e-01 8.79798900025411967363e+01 1.07164747106516127818e-03
1.80811156003663868475e-02 3.62492557760138112144e+00 -1.91549416118312360036e-01 8.79764890741540028785e+01 1.25336773291091080340e-03
2.06637803948452533631e-02 3.62800552627436179165e+00 -1.91546323358079279009e-01 8.79730739561208281430e+01 1.43597882924715778384e-03
2.32463045062654173611e-02 3.63109351323333218176e+00 -1.91543027610312055486e-01 8.79696446052634257740e+01 1.61948130794934970315e-03
2.58286703522975918945e-02 3.63418955583046177082e+00 -1.91539527465599018763e-01 8.79662009783385059336e+01 1.80387569464508551627e-03
2.84108603516900135033e-02 3.63729367146965465452e+00 -1.91535821507376136097e-01 8.79627430320221179727e+01 1.98916249984851679217e-03
3.09928569243880722150e-02 3.64040587760768685754e+00 -1.91531908312347592949e-01 8.79592707229587915663e+01 2.17534219650131113027e-03
3.35746424916540803229e-02 3.64352619175309078159e+00 -1.91527786449882247988e-01 8.79557840077012969004e+01 2.36241524732980646278e-03
3.61561994761869162640e-02 3.64665463146698787256e+00 -1.91523454482297961210e-01 8.79522828427452907363e+01 2.55038208905312936345e-03
3.87375103022416650278e-02 3.64979121436306375159e+00 -1.91518910964752958614e-01 8.79487671845219409761e+01 2.73924313566139068787e-03
4.13185573957493418318e-02 3.65293595810769611276e+00 -1.91514154445204032307e-01 8.79452369893981682480e+01 2.92899877828075357739e-03
4.38993231844364839578e-02 3.65608888039918156210e+00 -1.91509183568520396923e-01 8.79416922136771148644e+01 3.11964938674744087649e-03
4.64797900979448119774e-02 3.65924999905331294059e+00 -1.91503996658112574103e-01 8.79381328135969937421e+01 3.31119530278594807401e-03
4.90599405679508632216e-02 3.66241933187248891457e+00 -1.91498592345995977126e-01 8.79345587453331631878e+01 3.50363684986502738755e-03
5.16397570282855211676e-02 3.66559689673613942063e+00 -1.91492969151464409450e-01 8.79309699650465717014e+01 3.69697430069698034297e-03
5.42192219150537807471e-02 3.66878271157454971529e+00 -1.91487125585120071536e-01 8.79273664287143077445e+01 3.89120796728475212140e-03
5.67983176667541181382e-02 3.67197679437361879096e+00 -1.91481060151252380219e-01 8.79237480923552823242e+01 4.08633808330030167538e-03
5.93770267243982005634e-02 3.67517916317221127187e+00 -1.91474771346349548207e-01 8.79201149118953821926e+01 4.28236487429308962382e-03
6.19553315316303740423e-02 3.67838983606292302397e+00 -1.91468257659386381642e-01 8.79164668431985916186e+01 4.47928854149873528073e-03
6.45332145348472135948e-02 3.68160883119220416759e+00 -1.91461517571788003567e-01 8.79128038420671487074e+01 4.67710926165951917932e-03
6.71106581833170040552e-02 3.68483616676049807737e+00 -1.91454549557384695602e-01 8.79091258642419859370e+01 4.87582718683739896326e-03
6.96876449292992278250e-02 3.68807186102236261860e+00 -1.91447352082376093252e-01 8.79054328654029433210e+01 5.07544244421741057305e-03
7.22641572281641081377e-02 3.69131593228660959127e+00 -1.91439923605286527186e-01 8.79017248011692373666e+01 5.27595513591257690711e-03
7.48401775385119094608e-02 3.69456839891642641049e+00 -1.91432262576929274056e-01 8.78980016270996031835e+01 5.47736533875348933359e-03
7.74156883222925085164e-02 3.69782927932951333005e+00 -1.91424367440360426729e-01 8.78942632986928344963e+01 5.67967310407059035315e-03
7.99906720449247571336e-02 3.70109859199622803771e+00 -1.91416236629667307900e-01 8.78905097712915477359e+01 5.88287851459079729616e-03
8.25651111754157757128e-02 3.70437635544686427735e+00 -1.91407868574157397079e-01 8.78867410004303195592e+01 6.08698147856473904121e-03
8.51389881864804548561e-02 3.70766258826197514509e+00 -1.91399261692509231603e-01 8.78829569413587989857e+01 6.29198201172265474818e-03
8.77122855546606100541e-02 3.71095730907853926794e+00 -1.91390414396306496325e-01 8.78791575493357441928e+01 6.49788006345777043732e-03
9.02849857604444694381e-02 3.71426053658868626783e+00 -1.91381325089160059250e-01 8.78753427795610804196e+01 6.70467555703079583912e-03
9.28570712883857868336e-02 3.71757228953982421515e+00 -1.91371992166668974944e-01 8.78715125871761415510e+01 6.91236838940185657765e-03
9.54285246272232184905e-02 3.72089258673477152328e+00 -1.91362414016373577619e-01 8.78676669272639117025e+01 7.12095843106424607888e-03
9.79993282699994638918e-02 3.72422144703188529036e+00 -1.91352589017714597164e-01 8.78638057548494373350e+01 7.33044552587858774112e-03
1.00569464714180475950e-01 3.72755888934518919697e+00 -1.91342515541985974670e-01 8.78599290249001114717e+01 7.54082949090735359110e-03
1.03138916461774601818e-01 3.73090493264450318023e+00 -1.91332191952294672355e-01 8.78560366923259010719e+01 7.75211011625859085228e-03
1.05707666019451862471e-01 3.73425959595557310777e+00 -1.91321616603511240884e-01 8.78521287119797591458e+01 7.96428716492584079512e-03
1.08275695898662718819e-01 3.73762289836019689915e+00 -1.91310787842228324784e-01 8.78482050386577668633e+01 8.17736037263673380682e-03
1.10842988615757503945e-01 3.74099485899635375574e+00 -1.91299704006714199611e-01 8.78442656270995598788e+01 8.39132944770173451465e-03
1.13409526692105272483e-01 3.74437549705833427893e+00 -1.91288363426866364625e-01 8.78403104319885983386e+01 8.60619407087319203409e-03
1.15975292654212733257e-01 3.74776483180136832374e+00 -1.91276764427157047743e-01 8.78363394081716108985e+01 8.82195374977104602998e-03
1.18540269033843417845e-01 3.75116288252508356393e+00 -1.91264905315517319551e-01 8.78323525098474391370e+01 9.03860835700752776600e-03
1.21104438368136405058e-01 3.75456966859698226813e+00 -1.91252784398791758624e-01 8.78283496917039059326e+01 9.25615737620543409248e-03
1.23667783199725281329e-01 3.75798520943795155702e+00 -1.91240399972989610911e-01 8.78243309082065195526e+01 9.47460037377037718465e-03
1.26230286076857156630e-01 3.76140952452584054200e+00 -1.91227750325525747144e-01 8.78202961137668012270e+01 9.69393688735394054579e-03
1.28791929553511097506e-01 3.76484263339558689054e+00 -1.91214833735174477569e-01 8.78162452627426404206e+01 9.91416642565613043248e-03
1.31352696189517337277e-01 3.76828455563935094119e+00 -1.91201648472025614867e-01 8.78121783094386501034e+01 1.01352884682236622088e-02
1.33912568550675792345e-01 3.77173531090663916032e+00 -1.91188192797434430847e-01 8.78080952081066214987e+01 1.03573024652523510564e-02
1.36471529208874592376e-01 3.77519491890443648074e+00 -1.91174464963976192822e-01 8.78039959129459361975e+01 1.05802078373769484904e-02
1.39029560742209123969e-01 3.77866339939733020259e+00 -1.91160463215399950565e-01 8.77998803781039214300e+01 1.08040039754665993799e-02
1.41586645735100435939e-01 3.78214077220764322007e+00 -1.91146185786578881594e-01 8.77957485576762906021e+01 1.10286902404128032279e-02
1.44142766778413616846e-01 3.78562705721556058691e+00 -1.91131630903463634041e-01 8.77916004057075980427e+01 1.12542659629110333025e-02
1.46697906469576699884e-01 3.78912227435925341723e+00 -1.91116796783035419738e-01 8.77874358761916369076e+01 1.14807304432414016698e-02
1.49252047412698846118e-01 3.79262644363501522093e+00 -1.91101681633256748061e-01 8.77832549230720076139e+01 1.17080829510389106823e-02
1.51805172218688999575e-01 3.79613958509738091962e+00 -1.91086283653023686346e-01 8.77790575002423594242e+01 1.19363227250647817301e-02
1.54357263505374042722e-01 3.79966171885926318197e+00 -1.91070601032117814988e-01 8.77748435615470867788e+01 1.21654489729663729813e-02
1.56908303897617312783e-01 3.80319286508266385383e+00 -1.91054631944206687599e-01 8.77706130603236545085e+01 1.23954612090567579952e-02
1.59458276027436895994e-01 3.80673304401417578191e+00 -1.91038374572922942107e-01 8.77663659511249818479e+01 1.26263579833847828376e-02
1.62007162534123755337e-01 3.81028227593495483205e+00 -1.91021827074766892274e-01 8.77621021872783586559e+01 1.28581386833128766267e-02
1.64554946064359886027e-01 3.81384058119258462227e+00 -1.91004987602500203581e-01 8.77578217224309753419e+01 1.30908023930940038693e-02
1.67101609272336831813e-01 3.81740798019364291349e+00 -1.90987854299513204470e-01 8.77535245101823591085e+01 1.33243481651952235673e-02
1.69647134819873285361e-01 3.82098449340382506634e+00 -1.90970425299773094441e-01 8.77492105040848571207e+01 1.35587750201077057721e-02
1.72191505376533410265e-01 3.82457014134807327110e+00 -1.90952698727773706455e-01 8.77448796576442049400e+01 1.37940819461488863723e-02
1.74734703619744774494e-01 3.82816494461069511956e+00 -1.90934672698481744391e-01 8.77405319243196544221e+01 1.40302678992806489910e-02
1.77276712234916367095e-01 3.83176892383549194676e+00 -1.90916345317286212380e-01 8.77361672575247553141e+01 1.42673318029097884185e-02
1.79817513915556254078e-01 3.83538209972587784691e+00 -1.90897714679946650662e-01 8.77317856106275542061e+01 1.45052725477061664888e-02
1.82357091363389622884e-01 3.83900449304500801517e+00 -1.90878778872537541167e-01 8.77273869369512766525e+01 1.47440889914068982286e-02
1.84895427288476549288e-01 3.84263612461589731950e+00 -1.90859535971399013610e-01 8.77229711897745545457e+01 1.49837799586441128979e-02
1.87432504409329458994e-01 3.84627701532154064878e+00 -1.90839984043079696763e-01 8.77185383223319519175e+01 1.52243442407535446020e-02
1.89968305453031172103e-01 3.84992718610503947829e+00 -1.90820121144286064530e-01 8.77140882878145049517e+01 1.54657805955979426454e-02
1.92502813155352114904e-01 3.85358665796972177375e+00 -1.90799945321825425992e-01 8.77096210393701909425e+01 1.57080877473867140670e-02
1.95036010260868170052e-01 3.85725545197925745455e+00 -1.90779454612553078796e-01 8.77051365301041698785e+01 1.59512643865152778377e-02
1.97567879523077832848e-01 3.86093358927155305693e+00 -1.90758647054550867228e-01 8.77006347137500910094e+01 1.61953086227664862229e-02
2.00098403704520089175e-01 3.86462109100666495465e+00 -1.90737520644475466725e-01 8.76961155421278277800e+01 1.64402200577187899977e-02
2.02627565576891321975e-01 3.86831797844146807464e+00 -1.90716073398337127021e-01 8.76915789687750049097e+01 1.66859968246059128805e-02
2.05155347921162689584e-01 3.87202427288230666136e+00 -1.90694303312706425757e-01 8.76870249466354891865e+01 1.69326374729940123953e-02
2.07681733527697698349e-01 3.87573999569648108832e+00 -1.90672208373933727010e-01 8.76824534286134422700e+01 1.71801405172193784321e-02
2.10206705196368998090e-01 3.87946516831236021261e+00 -1.90649786558094946898e-01 8.76778643675739033370e+01 1.74285044361614169239e-02
2.12730245736675399604e-01 3.88319981221950927264e+00 -1.90627035830935598337e-01 8.76732577163434285694e+01 1.76777276730038790387e-02
2.15252337967859502799e-01 3.88694394896879602541e+00 -1.90603954147813225983e-01 8.76686334277104464263e+01 1.79278086350151757977e-02
2.17772964719024048064e-01 3.89069760017252042061e+00 -1.90580539453643532655e-01 8.76639914544261671381e+01 1.81787456933018010119e-02
2.20292108829248989288e-01 3.89446078750452162609e+00 -1.90556789682841204447e-01 8.76593317492048242912e+01 1.84305371825877924163e-02
2.22809753147708622389e-01 3.89823353270029571149e+00 -1.90532702759264871428e-01 8.76546542647243427382e+01 1.86831814009643312757e-02
2.25325880533787908933e-01 3.90201585755711644055e+00 -1.90508276596159487060e-01 8.76499589536272196710e+01 1.89366766096398346508e-02
2.27840473857199465879e-01 3.90580778393414318472e+00 -1.90483509096098097002e-01 8.76452457685206383076e+01 1.91910210327161379062e-02
2.30353515998100027984e-01 3.90960933375254215960e+00 -1.90458398150925051207e-01 8.76405146619776189709e+01 1.94462128568959613517e-02
2.32864989847207326523e-01 3.91342052899559478263e+00 -1.90432941641697217605e-01 8.76357655865373033066e+01 1.97022502312637591559e-02
2.35374878305916024335e-01 3.91724139170881002769e+00 -1.90407137438626999915e-01 8.76309984947055227167e+01 1.99591312670087152326e-02
2.37883164286414594546e-01 3.92107194400004344104e+00 -1.90380983401023301527e-01 8.76262133389558499630e+01 2.02168540371522841015e-02
2.40389830711801560925e-01 3.92491220803960638719e+00 -1.90354477377232267354e-01 8.76214100717300112819e+01 2.04754165762547520047e-02
2.42894860516201405165e-01 3.92876220606410697656e+00 -1.90327617263709225615e-01 8.76165886442831691738e+01 2.07348179189808246026e-02
2.45398236644881417856e-01 3.93262196035783961889e+00 -1.90300400763145111105e-01 8.76117490110929963976e+01 2.09950541342287591573e-02
2.47899942054367217192e-01 3.93649149328588121577e+00 -1.90272825754415592092e-01 8.76068911235306018170e+01 2.12561240214120782122e-02
2.50399959712559072589e-01 3.94037082726934784205e+00 -1.90244890041320668939e-01 8.76020149339114055920e+01 2.15180254637126859574e-02
2.52898272598847562165e-01 3.94425998479233630434e+00 -1.90216591416384028790e-01 8.75971203945216956299e+01 2.17807563051585981184e-02
2.55394863704230257184e-01 3.94815898840203827191e+00 -1.90187927660793731910e-01 8.75922074576190823336e+01 2.20443143504229915886e-02
2.57889716031426352583e-01 3.95206786070883842044e+00 -1.90158896544339123258e-01 8.75872760754333370414e+01 2.23086973645727354443e-02
2.60382812594993184874e-01 3.95598662438643255967e+00 -1.90129495825349215110e-01 8.75823262001673867871e+01 2.25739030728337002063e-02
2.62874136421441917388e-01 3.95991530217190446095e+00 -1.90099723250627516968e-01 8.75773577839970585046e+01 2.28399291604386191212e-02
2.65363670549352448358e-01 3.96385391686585553117e+00 -1.90069576555390473693e-01 8.75723707790726706435e+01 2.31067732723379999638e-02
2.67851398029489484731e-01 3.96780249133248608118e+00 -1.90039053463202572969e-01 8.75673651375192036994e+01 2.33744330130301568305e-02
2.70337301924917894347e-01 3.97176104849970501576e+00 -1.90008151685913423412e-01 8.75623408114370533895e+01 2.36429059462977195216e-02
2.72821365311117669528e-01 3.97572961135922398057e+00 -1.89976868923590724858e-01 8.75572977529027554056e+01 2.39121895950593528479e-02
2.75303571276099334764e-01 3.97970820296665861449e+00 -1.89945202864458456693e-01 8.75522359139699091202e+01 2.41822814410891442916e-02
2.77783902920519187862e-01 3.98369684644161736742e+00 -1.89913151184827017071e-01 8.75471552466692344296e+01 2.44531789248915130963e-02
2.80262343357794374565e-01 3.98769556496780186450e+00 -1.89880711549031466756e-01 8.75420557030096517792e+01 2.47248794454269262000e-02
2.82738875714217352542e-01 3.99170438179310904658e+00 -1.89847881609363056121e-01 8.75369372349795185073e+01 2.49973803599125021790e-02
2.85213483129071798672e-01 3.99572332022969645138e+00 -1.89814659005999808450e-01 8.75317997945458046161e+01 2.52706789837552660283e-02
2.87686148754746129352e-01 3.99975240365411011112e+00 -1.89781041366943986626e-01 8.75266433336566080925e+01 2.55447725901645390778e-02
2.90156855756849185735e-01 4.00379165554811411454e+00 -1.89747026347701658322e-01 8.75214678062294240135e+01 2.58196564731794225844e-02
2.92625587314324475674e-01 4.00784109934253862662e+00 -1.89712611478838527601e-01 8.75162731605298489512e+01 2.60953313721542512482e-02
2.95092326619564693235e-01 4.01190075864258766103e+00 -1.89677794385577386249e-01 8.75110593501590159349e+01 2.63717927682475226925e-02
2.97557056878526016153e-01 4.01597065708331424361e+00 -1.89642572646673696068e-01 8.75058263270003351408e+01 2.66490377570800691942e-02
3.00019761310842958402e-01 4.02005081836460842482e+00 -1.89606943828383445183e-01 8.75005740429221106069e+01 2.69270633902558252648e-02
3.02480423149941946015e-01 4.02414126625125945225e+00 -1.89570905484388069207e-01 8.74953024497781512991e+01 2.72058666752018618595e-02
3.04939025643155781076e-01 4.02824202457305347025e+00 -1.89534455155732250997e-01 8.74900114994086379738e+01 2.74854445748208692235e-02
3.07395552051837939178e-01 4.03235311722485878505e+00 -1.89497590370750479405e-01 8.74847011436412884677e+01 2.77657940072167860879e-02
3.09849985651476145243e-01 4.03647456816669336632e+00 -1.89460308645001185290e-01 8.74793713342917982345e+01 2.80469118454478513747e-02
3.12302309731806226889e-01 4.04060640142380922413e+00 -1.89422607481194715806e-01 8.74740220231646361526e+01 2.83287949172340638992e-02
3.14752507596926411892e-01 4.04474864108677323316e+00 -1.89384484369124334036e-01 8.74686531620542950805e+01 2.86114400046635040942e-02
3.17200562565410182359e-01 4.04890131131154884514e+00 -1.89345936785596857810e-01 8.74632647027463008271e+01 2.88948438438537298645e-02
3.19646457970420572181e-01 4.05306443631955204410e+00 -1.89306962194361522167e-01 8.74578565970173116284e+01 2.91790031247637880740e-02
3.22090177159823132236e-01 4.05723804039774282870e+00 -1.89267558046038342212e-01 8.74524287966369513470e+01 2.94639144907777109084e-02
3.24531703496299839262e-01 4.06142214789868827296e+00 -1.89227721778048918466e-01 8.74469812533681647437e+01 2.97495745384378992848e-02
3.26971020357461672479e-01 4.06561678324063535683e+00 -1.89187450814543051125e-01 8.74415139189684680332e+01 3.00359798171596532879e-02
3.29408111135962355931e-01 4.06982197090757313873e+00 -1.89146742566329295610e-01 8.74360267451905599501e+01 3.03231268288493074903e-02
3.31842959239611323685e-01 4.07403773544931180339e+00 -1.89105594430801410288e-01 8.74305196837837996782e+01 3.06110120275983818572e-02
3.34275548091486185420e-01 4.07826410142675044312e+00 -1.89064003733962898712e-01 8.74249926838189423961e+01 3.08996346439911820370e-02
3.36705861130046413265e-01 4.08250109362249613554e+00 -1.89021967952951869263e-01 8.74194457019730322145e+01 3.11889858263202299216e-02
3.39133881809245474326e-01 4.08674873673670013829e+00 -1.88979484394266372682e-01 8.74138786876716977758e+01 3.14790643327936825457e-02
3.41559593598643573831e-01 4.09100705558287991437e+00 -1.88936550400733399568e-01 8.74082915926512669103e+01 3.17698664318130583051e-02
3.43982979983520398282e-01 4.09527607504063784205e+00 -1.88893163301377814411e-01 8.74026843686479679718e+01 3.20613883434240840020e-02
3.46404024464987525533e-01 4.09955582005573937465e+00 -1.88849320411348525761e-01 8.73970569673998767257e+01 3.23536262389280612761e-02
3.48822710560100557320e-01 4.10384631564013879768e+00 -1.88805019031838411392e-01 8.73914093406469021375e+01 3.26465762407183793248e-02
3.51239021801971362802e-01 4.10814758687204939491e+00 -1.88760256450010155405e-01 8.73857414401326195730e+01 3.29402344220351209203e-02
3.53652941739880488647e-01 4.11245965889598430465e+00 -1.88715029938918782415e-01 8.73800532176048676547e+01 3.32345968065713426309e-02
3.56064453939388791959e-01 4.11678255692278227684e+00 -1.88669336757430972096e-01 8.73743446248161887979e+01 3.35296593684939261970e-02
3.58473541982449628307e-01 4.12111630622968228010e+00 -1.88623174150149786055e-01 8.73686156135259750499e+01 3.38254180319293787371e-02
3.60880189467520207103e-01 4.12546093216033860074e+00 -1.88576539347334204422e-01 8.73628661355006244094e+01 3.41218686708742793834e-02
3.63284380009673946166e-01 4.12981646012486347530e+00 -1.88529429564818745702e-01 8.73570961425146350621e+01 3.44190071089840315954e-02
3.65686097240711160961e-01 4.13418291559987238770e+00 -1.88481842003936417296e-01 8.73513055863520975208e+01 3.47168291191502012549e-02
3.68085324809271363655e-01 4.13856032412849650370e+00 -1.88433773851434144264e-01 8.73454944188069788424e+01 3.50153304235436488301e-02
3.70482046380943785824e-01 4.14294871132042885620e+00 -1.88385222279394054512e-01 8.73396625916846574000e+01 3.53145066931910694974e-02
3.72876245638379399949e-01 4.14734810285194654966e+00 -1.88336184445152432509e-01 8.73338100568030171189e+01 3.56143535478159398155e-02
3.75267906281401164570e-01 4.15175852446593296463e+00 -1.88286657491215259075e-01 8.73279367659931580192e+01 3.59148665556633939211e-02
3.77657012027115768227e-01 4.15618000197189196854e+00 -1.88236638545177359383e-01 8.73220426711004193976e+01 3.62160412332489453635e-02
3.80043546610023985632e-01 4.16061256132702528276e+00 -1.88186124811907773413e-01 8.73161277279511267579e+01 3.65178685370565747625e-02
3.82427493782131422417e-01 4.16505622832405997258e+00 -1.88135113217926919216e-01 8.73101918810794614956e+01 3.68203522337184688262e-02
3.84808837313059592944e-01 4.16951102904322556952e+00 -1.88083600926213401205e-01 8.73042350858412419257e+01 3.71234837447341897709e-02
3.87187560990155776874e-01 4.17397698956092533251e+00 -1.88031585004124979221e-01 8.72982572941614023421e+01 3.74272583655278837100e-02
3.89563648618604152496e-01 4.17845413602026383160e+00 -1.87979062503712102128e-01 8.72922584579849996089e+01 3.77316713374902246159e-02
3.91937084021535264711e-01 4.18294249463109135689e+00 -1.87926030461640219960e-01 8.72862385292804816572e+01 3.80367178474678296896e-02
3.94307851040136658760e-01 4.18744209166995862148e+00 -1.87872485899099606055e-01 8.72801974600386785141e+01 3.83423930276612506818e-02
3.96675933533762792305e-01 4.19195295348016205850e+00 -1.87818425821729306779e-01 8.72741352022760707996e+01 3.86486919550165300419e-02
3.99041315380044780969e-01 4.19647510647169497133e+00 -1.87763847219523771770e-01 8.72680517080339797076e+01 3.89556096511860655562e-02
4.01403980475000310424e-01 4.20100857712128572530e+00 -1.87708747066755582411e-01 8.72619469293819207678e+01 3.92631410819640203069e-02
4.03763912733143492950e-01 4.20555339197235955595e+00 -1.87653122321886328683e-01 8.72558208184175612132e+01 3.95712811570506223235e-02
4.06121096087593724810e-01 4.21010957763503590456e+00 -1.87596969927483481211e-01 8.72496733272685816019e+01 3.98800247296619073123e-02
4.08475514490185875882e-01 4.21467716078608400920e+00 -1.87540286810129075423e-01 8.72435044080927042387e+01 4.01893665963525617557e-02
4.10827151911578702936e-01 4.21925616816896020822e+00 -1.87483069880342051450e-01 8.72373140130816011606e+01 4.04993014962869643525e-02
4.13175992341364761717e-01 4.22384662659373510962e+00 -1.87425316032487160323e-01 8.72311020944602546479e+01 4.08098241111104279022e-02
4.15522019788178931243e-01 4.22844856293707760386e+00 -1.87367022144687228602e-01 8.72248686044886056834e+01 4.11209290646193312280e-02
4.17865218279807715263e-01 4.23306200414223265938e+00 -1.87308185078737005069e-01 8.72186134954633587313e+01 4.14326109222456634429e-02
4.20205571863297211443e-01 4.23768697721898401909e+00 -1.87248801680020421356e-01 8.72123367197196301959e+01 4.17448641905746736791e-02
4.22543064605062523853e-01 4.24232350924360446243e+00 -1.87188868777414807454e-01 8.72060382296314173800e+01 4.20576833171973848979e-02
4.24877680590995954191e-01 4.24697162724254617672e+00 -1.87128383041423290711e-01 8.71997179719119372976e+01 4.23710696313551252179e-02
4.27209403926575026489e-01 4.25163135864107388784e+00 -1.87067341531379022213e-01 8.71933759096161509206e+01 4.26850045511356981920e-02
4.29538218736971288969e-01 4.25630273061261732437e+00 -1.87005740901530992382e-01 8.71870119902411602197e+01 4.29994884431202026298e-02
4.31864109167158116698e-01 4.26098577049870996802e+00 -1.86943577913528891088e-01 8.71806261663208061918e+01 4.33145155305804177570e-02
4.34187059382018403220e-01 4.26568050570706436275e+00 -1.86880849312038022081e-01 8.71742183904328840072e+01 4.36300799774691286381e-02
4.36507053566452751792e-01 4.27038696371157744380e+00 -1.86817551824650984749e-01 8.71677886152037757483e+01 4.39461758878005245843e-02
4.38824075925487055994e-01 4.27510517205219375825e+00 -1.86753682161785700133e-01 8.71613367933070009030e+01 4.42627973058711751686e-02
4.41138110684379691762e-01 4.27983515833486727331e+00 -1.86689237016597842089e-01 8.71548628774662006435e+01 4.45799382156214993311e-02
4.43449142088729597599e-01 4.28457695023146545310e+00 -1.86624213064880417612e-01 8.71483668204559620563e+01 4.48975925405998704809e-02
4.45757154404582744966e-01 4.28933057547968488166e+00 -1.86558606964973172637e-01 8.71418485751032818598e+01 4.52157541435366239213e-02
4.48062131918540051956e-01 4.29409606188298376139e+00 -1.86492415357666557751e-01 8.71353080942902096240e+01 4.55344168260863810249e-02
4.50364058937863631638e-01 4.29887343731046023265e+00 -1.86425634866101336273e-01 8.71287453309539756674e+01 4.58535743286667477059e-02
4.52662919790584206137e-01 4.30366272969674579230e+00 -1.86358262095673521408e-01 8.71221602380882700345e+01 4.61732203302454013993e-02
4.54958698825607410487e-01 4.30846396704192979854e+00 -1.86290293633937092954e-01 8.71155527687462125641e+01 4.64933484479543093770e-02
4.57251380412820318533e-01 4.31327717741142446783e+00 -1.86221726050504604588e-01 8.71089228760407223717e+01 4.68139522370021321507e-02
4.59540948943198301890e-01 4.31810238893585651709e+00 -1.86152555896949234437e-01 8.71022705131465073691e+01 4.71350251903016881361e-02
4.61827388828911278296e-01 4.32293962981094459508e+00 -1.86082779706701922917e-01 8.70955956333013290305e+01 4.74565607384736590224e-02
4.64110684503429071768e-01 4.32778892829735717385e+00 -1.86012393994954144949e-01 8.70888981898072529475e+01 4.77785522494644579461e-02
4.66390820421628160553e-01 4.33265031272061751366e+00 -1.85941395258556796399e-01 8.70821781360340736455e+01 4.81009930283550074526e-02
4.68667781059897148310e-01 4.33752381163581723911e+00 -1.85869780189915650981e-01 8.70754354335274172172e+01 4.84238658138590530311e-02
4.70941550916242568370e-01 4.34240945319038029737e+00 -1.85797544849719387106e-01 8.70686700206826031945e+01 4.87471833750393948592e-02
4.73212114510394632472e-01 4.34730726604878991992e+00 -1.85724685868081690332e-01 8.70618818582239413217e+01 4.90709295571831669025e-02
4.75479456383912424400e-01 4.35221727879475395184e+00 -1.85651199667914879043e-01 8.70550708998187730003e+01 4.93950973899529854894e-02
4.77743561100288705035e-01 4.35713952007610760830e+00 -1.85577082653332142703e-01 8.70482370992116898378e+01 4.97196798365256154018e-02
4.80004413245055938653e-01 4.36207401860460208809e+00 -1.85502331209535048506e-01 8.70413804102244199612e+01 5.00446697937330167716e-02
4.82261997425890265312e-01 4.36702080315576868230e+00 -1.85426941702722530847e-01 8.70345007867594375739e+01 5.03700600912388787855e-02
4.84516298272717305107e-01 4.37197990256871271697e+00 -1.85350910479983421730e-01 8.70275981828005740226e+01 5.06958434914692862572e-02
4.86767300437815575442e-01 4.37695134574592348287e+00 -1.85274233869196613966e-01 8.70206725524149078410e+01 5.10220126890692307620e-02
4.89014988595922406311e-01 4.38193516165310104071e+00 -1.85196908178931057831e-01 8.70137238497556921857e+01 5.13485603105202151331e-02
4.91259347444337080013e-01 4.38693137931894572290e+00 -1.85118929698345230372e-01 8.70067520290636622349e+01 5.16754789135947661949e-02
4.93500361703025469673e-01 4.39194002783492720710e+00 -1.85040294697077389863e-01 8.69997570446683710088e+01 5.20027609872704132954e-02
4.95738016114724178163e-01 4.39696113635510243967e+00 -1.84960999425151900732e-01 8.69927388509913015469e+01 5.23303989508753231163e-02
4.97972295445044454976e-01 4.40199473409588115658e+00 -1.84881040112876093851e-01 8.69856974025477711621e+01 5.26583851537481828498e-02
5.00203184482575280434e-01 4.40704085033577452890e+00 -1.84800412970728911155e-01 8.69786326539477840925e+01 5.29867118750399143656e-02
5.02430668038987948698e-01 4.41209951441518288817e+00 -1.84719114189265148918e-01 8.69715445598993852627e+01 5.33153713229658765549e-02
5.04654730949138929930e-01 4.41717075573612483197e+00 -1.84637139939008959599e-01 8.69644330752095413573e+01 5.36443556344735270058e-02
5.06875358071172565921e-01 4.42225460376203205470e+00 -1.84554486370355763647e-01 8.69572981547890009324e+01 5.39736568744236325235e-02
5.09092534286625153506e-01 4.42735108801742249796e+00 -1.84471149613465640327e-01 8.69501397536507880659e+01 5.43032670352815993731e-02
5.11306244500527418140e-01 4.43246023785363885139e+00 -1.84387125457109779525e-01 8.69429578153654176731e+01 5.46331938448373563566e-02
5.13516473641507098513e-01 4.43758208335360304631e+00 -1.84302410590838933180e-01 8.69357523167236081463e+01 5.49633996001228225525e-02
5.15723206661891864222e-01 4.44271665401659543448e+00 -1.84217000799074576145e-01 8.69285232028539809335e+01 5.52938900747690018078e-02
5.17926428537812011399e-01 4.44786397960833035370e+00 -1.84130892129355627773e-01 8.69212704291843607507e+01 5.56246569976573748684e-02
5.20126124269301826075e-01 4.45302408995416421078e+00 -1.84044080608399190924e-01 8.69139939512563870494e+01 5.59556920256973969185e-02
5.22322278880402501855e-01 4.45819701493871800579e+00 -1.83956562241977178429e-01 8.69066937247243913589e+01 5.62869867441366383831e-02
5.24514877419263836344e-01 4.46338278450561176669e+00 -1.83868333014817225690e-01 8.68993697053610389958e+01 5.66185326656321874506e-02
5.26703904958246260648e-01 4.46858142865711283065e+00 -1.83779388890485922969e-01 8.68920218490585085647e+01 5.69503212302328032379e-02
5.28889346594021980685e-01 4.47379297745375392736e+00 -1.83689725811269716216e-01 8.68846501118293303989e+01 5.72823438054342812253e-02
5.31071187447676895665e-01 4.47901746101401077027e+00 -1.83599339698075125771e-01 8.68772544498101950694e+01 5.76145916851927702984e-02
5.33249412664811961449e-01 4.48425490951392102801e+00 -1.83508226450298655985e-01 8.68698348192636302656e+01 5.79470560905700968202e-02
5.35424007415643554708e-01 4.48950535318666421603e+00 -1.83416381945720408098e-01 8.68623911765783702776e+01 5.82797281689395735294e-02
5.37594956895105391403e-01 4.49476882232227392677e+00 -1.83323802040396915958e-01 8.68549234782765751106e+01 5.86125989935446789492e-02
5.39762246322948779920e-01 4.50004534726710669901e+00 -1.83230482568524671860e-01 8.68474316810097519692e+01 5.89456595641257019569e-02
5.41925860943843207274e-01 4.50533495842353293170e+00 -1.83136419342341011385e-01 8.68399157415662017456e+01 5.92789008059906516457e-02
5.44085786027477369409e-01 4.51063768624944749774e+00 -1.83041608152001933352e-01 8.68323756168702800551e+01 5.96123135699781481200e-02
5.46242006868658758201e-01 4.51595356125786917545e+00 -1.82946044765456755643e-01 8.68248112639859783712e+01 5.99458886326784887166e-02
5.48394508787414136641e-01 4.52128261401645392681e+00 -1.82849724928332985074e-01 8.68172226401180608946e+01 6.02796166961312787635e-02
5.50543277129089347888e-01 4.52662487544358871361e+00 -1.82752644791684570880e-01 8.68096097173095557764e+01 6.06134672400844495832e-02
5.52688297264449235335e-01 4.53198037566045819347e+00 -1.82654799255005939607e-01 8.68019724255865980922e+01 6.09474704078576262622e-02
5.54829554589777229623e-01 4.53734914565866187530e+00 -1.82556184376246183332e-01 8.67943107356115177708e+01 6.12815978989781351416e-02
5.56967034526974602571e-01 4.54273121622037390210e+00 -1.82456795811346522695e-01 8.67866246052095533514e+01 6.16158400760517255268e-02
5.59100722523659832142e-01 4.54812661818005814496e+00 -1.82356629193410058054e-01 8.67789139923623906725e+01 6.19501872221745394920e-02
5.61230604053267856379e-01 4.55353538242395128322e+00 -1.82255680132583752773e-01 8.67711788552110903083e+01 6.22846295407020536516e-02
5.63356664615148439168e-01 4.55895753988950591662e+00 -1.82153944215943275342e-01 8.67634191520578639256e+01 6.26191571547364544958e-02
5.65478889734665535194e-01 4.56439312156489407357e+00 -1.82051417007382088098e-01 8.67556348413710196610e+01 6.29537601064155821762e-02
5.67597264963295100593e-01 4.56984215848840413798e+00 -1.81948094047493291736e-01 8.67478258817862695196e+01 6.32884283566763766737e-02
5.69711775878724790978e-01 4.57530468174791593583e+00 -1.81843970853461711634e-01 8.67399922321113479029e+01 6.36231517842433119680e-02
5.71822408084950328799e-01 4.58078072248022039048e+00 -1.81739042918927701242e-01 8.67321338513251021141e+01 6.39579201862901236542e-02
5.73929147212374757281e-01 4.58627031187050526739e+00 -1.81633305713897574840e-01 8.67242506985845693634e+01 6.42927232765349854215e-02
5.76031978917906362092e-01 4.59177348115170325116e+00 -1.81526754684608548907e-01 8.67163427332263125891e+01 6.46275506857090648039e-02
5.78130888885055260751e-01 4.59729026160383735800e+00 -1.81419385253425491378e-01 8.67084099147688647236e+01 6.49623919603857236105e-02
5.80225862824032101450e-01 4.60282068455343296165e+00 -1.81311192818724792319e-01 8.67004522029182425058e+01 6.52972365624848033461e-02
5.82316886471844319395e-01 4.60836478137273353184e+00 -1.81202172754761831053e-01 8.66924695575658148528e+01 6.56320738695028854659e-02
5.84403945592394169495e-01 4.61392258347918371442e+00 -1.81092320411588125761e-01 8.66844619387994441695e+01 6.59668931723148693758e-02
5.86487025976574760655e-01 4.61949412233457312738e+00 -1.80981631114908919633e-01 8.66764293068989530866e+01 6.63016836759107164312e-02
5.88566113442367422337e-01 4.62507942944444039313e+00 -1.80870100165983954676e-01 8.66683716223452904615e+01 6.66364344979633316246e-02
5.90641193834937960894e-01 4.63067853592539169227e+00 -1.80757722192529751704e-01 8.66602888243048568029e+01 6.69711669011780613703e-02
5.92712253026733248973e-01 4.63629147417674936094e+00 -1.80644493663629196467e-01 8.66521809139420611245e+01 6.73058093893122294515e-02
5.94779276917577259809e-01 4.64191827544710822195e+00 -1.80530409228661786747e-01 8.66440478332503261072e+01 6.76403795068541563440e-02
5.96842251434767101514e-01 4.64755897140842311188e+00 -1.80415464088805571619e-01 8.66358895434953666381e+01 6.79748660733044685056e-02
5.98901162533168496260e-01 4.65321359377253784828e+00 -1.80299653420129157855e-01 8.66277060061600536756e+01 6.83092578219950813390e-02
6.00955996195312258656e-01 4.65888217429013273829e+00 -1.80182972373407801481e-01 8.66194971829371382910e+01 6.86435434028774271731e-02
6.03006738431488664709e-01 4.66456474475001314772e+00 -1.80065416074046164008e-01 8.66112630357391566349e+01 6.89777113799058122501e-02
6.05053375279843597134e-01 4.67026133697822043445e+00 -1.79946979621936009597e-01 8.66030035267010163125e+01 6.93117502317629891051e-02
6.07095892806472914316e-01 4.67597198283709936106e+00 -1.79827658091333580925e-01 8.65947186181811332517e+01 6.96456483514773377896e-02
6.09134277105518040507e-01 4.68169671422438593567e+00 -1.79707446530727038558e-01 8.65864082727649417848e+01 6.99793940466432312641e-02
6.11168514299259779676e-01 4.68743556307230768709e+00 -1.79586339962720775709e-01 8.65780724532700673990e+01 7.03129755387371657704e-02
6.13198590538213572643e-01 4.69318856134667594660e+00 -1.79464333383915791709e-01 8.65697111227521958199e+01 7.06463809626654837270e-02
6.15224492001223088877e-01 4.69895574104576052576e+00 -1.79341421764765474034e-01 8.65613242445011223936e+01 7.09795983674492564353e-02
6.17246204895555039549e-01 4.70473713419934913560e+00 -1.79217600049442427057e-01 8.65529117820472890799e+01 7.13126157165082791289e-02
6.19263715456992658304e-01 4.71053277286781657551e+00 -1.79092863155748543980e-01 8.65444736991701830675e+01 7.16454208856401597583e-02
6.21277009949929293064e-01 4.71634268914096121961e+00 -1.78967205974948612157e-01 8.65360099598962477785e+01 7.19780016649632509163e-02
6.23286074667462219878e-01 4.72216691513691522175e+00 -1.78840623371648355100e-01 8.65275205285010997613e+01 7.23103457584373804368e-02
6.25290895931486012671e-01 4.72800548300118261835e+00 -1.78713110183691070709e-01 8.65190053695206700013e+01 7.26424407827673118687e-02
6.27291460092785357894e-01 4.73385842547436830330e+00 -1.78584662107176855850e-01 8.65104644762675007996e+01 7.29742300567705060033e-02
6.29287753531128202233e-01 4.73972577368676617482e+00 -1.78455272264075009980e-01 8.65018977603603502757e+01 7.33057840155784540270e-02
6.31279762655358012147e-01 4.74560756036492570331e+00 -1.78324936200706662959e-01 8.64933052124800809679e+01 7.36370505913995637703e-02
6.33267473903487365661e-01 4.75150381775296004605e+00 -1.78193648647952118669e-01 8.64846867982710278966e+01 7.39680169821267663455e-02
6.35250873742789323728e-01 4.75741457811649670617e+00 -1.78061404309415582947e-01 8.64760424836576930829e+01 7.42986702918268654416e-02
6.37229948669889467716e-01 4.76333987374138523307e+00 -1.77928197861302345162e-01 8.64673722348467634902e+01 7.46289975304162828129e-02
6.39204685210858825073e-01 4.76927973693249107612e+00 -1.77794023952308172243e-01 8.64586760183347422526e+01 7.49589856128229647947e-02
6.41175069921305018639e-01 4.77523420001226384102e+00 -1.77658877203497184150e-01 8.64499538009064849575e+01 7.52886213587343200437e-02
6.43141089386463082889e-01 4.78120329531961285596e+00 -1.77522752208203737911e-01 8.64412055496501494645e+01 7.56178914911200261706e-02
6.45102730221288278578e-01 4.78718705520830400957e+00 -1.77385643531891123992e-01 8.64324312319496925738e+01 7.59467826369823462151e-02
6.47059979070545909785e-01 4.79318551204569143209e+00 -1.77247545712052312350e-01 8.64236308154960823913e+01 7.62752813259875567242e-02
6.49012822608903250376e-01 4.79919869821129818632e+00 -1.77108453258104370232e-01 8.64148042682922294944e+01 7.66033739894385473645e-02
6.50961247541019139007e-01 4.80522664609526373170e+00 -1.76968360651254041915e-01 8.64059515586533137821e+01 7.69310469607326630204e-02
6.52905240601636016606e-01 4.81126938809699566946e+00 -1.76827262344421393125e-01 8.63970726552184231650e+01 7.72582864729324525488e-02
6.54844788555668411156e-01 4.81732695662352572441e+00 -1.76685152762097397172e-01 8.63881675269498998659e+01 7.75850786595836533488e-02
6.56779878198294642111e-01 4.82339938408797674896e+00 -1.76542026300254228932e-01 8.63792361431393231896e+01 7.79114095531401734673e-02
6.58710496355045971306e-01 4.82948670290799508820e+00 -1.76397877326228191830e-01 8.63702784734139186185e+01 7.82372650845079842252e-02
6.60636629881896420002e-01 4.83558894482169865370e+00 -1.76252699085628072861e-01 8.63612944532997204306e+01 7.85626860224448164693e-02
6.62558265665352030815e-01 4.84170614353045714040e+00 -1.76106487941952161158e-01 8.63522841176759357040e+01 7.88875548830701017744e-02
6.64475390622540684760e-01 4.84783833084796089707e+00 -1.75959237199745405222e-01 8.63432474065540560559e+01 7.92119063415214486046e-02
6.66387991701300586023e-01 4.85398553919210140606e+00 -1.75810941109016904971e-01 8.63341842908949388402e+01 7.95357260024344980831e-02
6.68296055880269523897e-01 4.86014780097649978785e+00 -1.75661593890441863897e-01 8.63250947420072378691e+01 7.98589993737049558264e-02
6.70199570168973357553e-01 4.86632514860894715980e+00 -1.75511189735266887046e-01 8.63159787315659485785e+01 8.01817118653217197899e-02
6.72098521607914500819e-01 4.87251761448933073950e+00 -1.75359722805144419011e-01 8.63068362316070363249e+01 8.05038487917335149335e-02
6.73992897268660184906e-01 4.87872523100793653583e+00 -1.75207187232100020102e-01 8.62976672145431109584e+01 8.08253953676208863888e-02
6.75882684253930277052e-01 4.88494803054310544610e+00 -1.75053577118297887250e-01 8.62884716531491022806e+01 8.11463367138968993952e-02
6.77767869697685210184e-01 4.89118604545976332076e+00 -1.74898886536067915687e-01 8.62792495205938791969e+01 8.14666578505959387835e-02
6.79648440765214134629e-01 4.89743930810702376988e+00 -1.74743109527688733618e-01 8.62700007904271757297e+01 8.17863437019952649321e-02
6.81524384653221182440e-01 4.90370785081609827927e+00 -1.74586240105302964443e-01 8.62607254365851616740e+01 8.21053790953301110278e-02
6.83395688589913286037e-01 4.90999170589837063972e+00 -1.74428272250821636558e-01 8.62514234334061171694e+01 8.24237487599530221916e-02
6.85262339835087441742e-01 4.91629090564309301215e+00 -1.74269199915809636092e-01 8.62420947556289831937e+01 8.27414373276145198588e-02
6.87124325680216641032e-01 4.92260548231517258699e+00 -1.74109017021364748112e-01 8.62327393784005238331e+01 8.30584293330511314046e-02
6.88981633448537245101e-01 4.92893546815264471661e+00 -1.73947717457954370568e-01 8.62233572772671550410e+01 8.33747092168426184866e-02
6.90834250495134805092e-01 4.93528089536506886503e+00 -1.73785295085456203967e-01 8.62139484282178756303e+01 8.36902613181138427256e-02
6.92682164207029549274e-01 4.94164179613020682069e+00 -1.73621743732861905096e-01 8.62045128076420041907e+01 8.40050698841142973183e-02
6.94525362003264090660e-01 4.94801820353693688759e+00 -1.73457058736063568505e-01 8.61950504404604203046e+01 8.43190411418665436427e-02
6.96363831334987137822e-01 4.95441014792066081185e+00 -1.73291230970057968941e-01 8.61855612137273396911e+01 8.46323056531604611674e-02
6.98197559685539759222e-01 4.96081766219250575034e+00 -1.73124255546466210287e-01 8.61760451479907914063e+01 8.49447777018543376260e-02
7.00026534570540759361e-01 4.96724077838180466671e+00 -1.72956126172415347586e-01 8.61665022214837250658e+01 8.52564410301797637182e-02
7.01850743537971277775e-01 4.97367952847397987171e+00 -1.72786836523947801014e-01 8.61569324128987403810e+01 8.55672792733236237117e-02
7.03670174168260054159e-01 4.98013394440793621953e+00 -1.72616380245944112115e-01 8.61473357013997542708e+01 8.58772759586641648566e-02
7.05484814074367139192e-01 4.98660405807340367801e+00 -1.72444750952094300045e-01 8.61377120666338385035e+01 8.61864145025267730515e-02
7.07294650901869381698e-01 4.99308990130762886395e+00 -1.72271942224661273046e-01 8.61280614887131434898e+01 8.64946782176855971658e-02
7.09099672329043584362e-01 4.99959150589301692946e+00 -1.72097947614578167252e-01 8.61183839482487627492e+01 8.68020503039489410568e-02
7.10899866066950880672e-01 5.00610890355402382568e+00 -1.71922760641305016893e-01 8.61086794263495676205e+01 8.71085138511771550629e-02
7.12695219859520112671e-01 5.01264212595405123096e+00 -1.71746374792749595395e-01 8.60989479046245378413e+01 8.74140518390768839208e-02
7.14485721483631763817e-01 5.01919120469237078908e+00 -1.71568783525209267449e-01 8.60891893651900090845e+01 8.77186471360732328284e-02
7.16271358749200004468e-01 5.02575617130146756750e+00 -1.71389980263398300497e-01 8.60794037907024431888e+01 8.80222824940339182431e-02
7.18052119499257623936e-01 5.03233705724265689696e+00 -1.71209958400150741298e-01 8.60695911643057911533e+01 8.83249405594751513249e-02
7.19827991610036854730e-01 5.03893389390430801456e+00 -1.71028711296695973276e-01 8.60597514697165308917e+01 8.86266038559918589712e-02
7.21598962991052972349e-01 5.04554671259732323563e+00 -1.70846232282325177776e-01 8.60498846911718828778e+01 8.89272547976123622915e-02
7.23365021585186451780e-01 5.05217554455226913745e+00 -1.70662514654505631517e-01 8.60399908134666588921e+01 8.92268756796438938794e-02
7.25126155368765124010e-01 5.05882041972248952533e+00 -1.70477549716610915498e-01 8.60300697606171809184e+01 8.95255490128452346976e-02
7.26882352351645444344e-01 5.06548137140708920612e+00 -1.70291334395152954562e-01 8.60201216336496656822e+01 8.98230680903730344111e-02
7.28633600577295093004e-01 5.07215842950977613413e+00 -1.70103860134499768053e-01 8.60101463643922699021e+01 9.01195046574136682249e-02
7.30379888122873355272e-01 5.07885162490126340629e+00 -1.69915120101269967456e-01 8.60001439398128297853e+01 9.04148406883036603876e-02
7.32121203099313277995e-01 5.08556098835334857711e+00 -1.69725107429762434030e-01 8.59901143474651377119e+01 9.07090580499333443143e-02
7.33857533651401716668e-01 5.09228655053543111109e+00 -1.69533815221985517674e-01 8.59800575755194955718e+01 9.10021384981405667691e-02
7.35588867957860936819e-01 5.09902834200927745911e+00 -1.69341236547370627141e-01 8.59699736127082161374e+01 9.12940636900356483618e-02
7.37315194231428105986e-01 5.10578639322635297049e+00 -1.69147364443018477509e-01 8.59598624484072786345e+01 9.15848151697130630211e-02
7.39036500718936339993e-01 5.11256073452241110999e+00 -1.68952191913405019852e-01 8.59497240725826543439e+01 9.18743743815379487749e-02
7.40752775701394416963e-01 5.11935139611378975388e+00 -1.68755711930481000493e-01 8.59395584758282353732e+01 9.21627226636237417701e-02
7.42464007494066491333e-01 5.12615840809334777362e+00 -1.68557917433715592770e-01 8.59293656493911583993e+01 9.24498412444048206504e-02
7.44170184446551918889e-01 5.13298180042507024012e+00 -1.68358801329852897366e-01 8.59191455851333643068e+01 9.27357112541004335871e-02
7.45871294942864193622e-01 5.13982160294037715431e+00 -1.68158356493088273487e-01 8.59088982755863668217e+01 9.30203137149874653700e-02
7.47567327401510439699e-01 5.14667784533295247229e+00 -1.67956575764950294394e-01 8.58986237139350805592e+01 9.33036295469897442034e-02
7.49258270275569682184e-01 5.15355055715419396734e+00 -1.67753451954318566486e-01 8.58883218940391657270e+01 9.35856395665380369486e-02
7.50944112052772227983e-01 5.16043976780809199312e+00 -1.67548977837391116497e-01 8.58779928104306833347e+01 9.38663244883737590829e-02
7.52624841255577603505e-01 5.16734550654629298805e+00 -1.67343146157650640715e-01 8.58676364583268849628e+01 9.41456649275855678161e-02
7.54300446441252492313e-01 5.17426780400947006200e+00 -1.67135952167727780404e-01 8.58572529140435136696e+01 9.44235100276093197724e-02
7.55970916201949338920e-01 5.18120668622501678868e+00 -1.66927383758705166761e-01 8.58468420232742346343e+01 9.47000875149129339725e-02
7.57636239164782954170e-01 5.18816218333681522523e+00 -1.66717435854941281592e-01 8.58364038550730157340e+01 9.49752599982877643292e-02
7.59296403991909008013e-01 5.19513432393756513505e+00 -1.66506101072943196728e-01 8.58259384076423401666e+01 9.52490074990516299991e-02
7.60951399380600634892e-01 5.20212313644112889222e+00 -1.66293371996904165711e-01 8.58154456799341858186e+01 9.55213099240554835978e-02
7.62601214063325594239e-01 5.20912864907679029614e+00 -1.66079241178781422672e-01 8.58049256716588786276e+01 9.57921470638648381302e-02
7.64245836807822653824e-01 5.21615088988364306033e+00 -1.65863701138399100010e-01 8.57943783833086257573e+01 9.60614985900858642243e-02
7.65885256417178750254e-01 5.22318988670442774236e+00 -1.65646744363499215380e-01 8.57838038161584393038e+01 9.63293440556568097977e-02
7.67519461729904151071e-01 5.23024566717880112776e+00 -1.65428363309669396175e-01 8.57732019722454310795e+01 9.65956629019213697251e-02
7.69148441620009615249e-01 5.23731825873914313974e+00 -1.65208550400847309358e-01 8.57625728544873595638e+01 9.68604344363854924405e-02
7.70772184997081555302e-01 5.24440768860161821152e+00 -1.64987298028865941868e-01 8.57519164665617239507e+01 9.71236378602956806905e-02
7.72390680806357088350e-01 5.25151398376115086108e+00 -1.64764598553946511883e-01 8.57412328129966425649e+01 9.73852522477021420588e-02
7.74003918028800530493e-01 5.25863717098471017408e+00 -1.64540444304708599610e-01 8.57305218991813688945e+01 9.76452565500923325148e-02
7.75611885681177226637e-01 5.26577727680389173770e+00 -1.64314827578231570371e-01 8.57197837313484853894e+01 9.79036295984876681064e-02
7.77214572816129045663e-01 5.27293432750859292213e+00 -1.64087740640291218641e-01 8.57090183166218935185e+01 9.81603500973005776986e-02
7.78811968522248321278e-01 5.28010834913892868059e+00 -1.63859175725320826977e-01 8.56982256629806613546e+01 9.84153966326137830123e-02
7.80404061924152570029e-01 5.28729936747958895182e+00 -1.63629125036957118189e-01 8.56874057793604464450e+01 9.86687476509369304489e-02
7.81990842182558654194e-01 5.29450740599819535959e+00 -1.63397577412077416037e-01 8.56765585674359613222e+01 9.89205560740908651507e-02
7.83572298494356056509e-01 5.30173249379934485859e+00 -1.63164531279093999450e-01 8.56656842410265255694e+01 9.91704712134211935348e-02
7.85148420092680932036e-01 5.30897465401912249661e+00 -1.62929975755298661610e-01 8.56547827153207208539e+01 9.94186277313502397845e-02
7.86719196246989271870e-01 5.31623391133598044433e+00 -1.62693902917031035793e-01 8.56438540027958055134e+01 9.96650038175950075958e-02
7.88284616263129733760e-01 5.32351029013258525424e+00 -1.62456304810110141457e-01 8.56328981168938838664e+01 9.99095775517609835381e-02
7.89844669483416361722e-01 5.33080381448733131577e+00 -1.62217173450006219015e-01 8.56219150720317827563e+01 1.00152326904820329623e-01
7.91399345286702082802e-01 5.33811450816527610641e+00 -1.61976500821857244405e-01 8.56109048835905923625e+01 1.00393229749384138572e-01
7.92948633088449872375e-01 5.34544239461036685412e+00 -1.61734278880988679994e-01 8.55998675679848304299e+01 1.00632263844308816880e-01
7.94492522340805029657e-01 5.35278749693516253672e+00 -1.61490499552817662332e-01 8.55888031426102600108e+01 1.00869406852135343189e-01
7.96031002532667897320e-01 5.36014983791315646755e+00 -1.61245154733384188361e-01 8.55777116259400116860e+01 1.01104636324633720412e-01
7.97564063189764360651e-01 5.36752943996765896628e+00 -1.60998236289370960650e-01 8.55665930374513976631e+01 1.01337929715400398845e-01
7.99091693874717567958e-01 5.37492632516308699309e+00 -1.60749736058337672207e-01 8.55554473976916654010e+01 1.01569264382544224845e-01
8.00613884187118873825e-01 5.38234051519533718277e+00 -1.60499645849279531928e-01 8.55442747283075419773e+01 1.01798617574773153649e-01
8.02130623763599115428e-01 5.38977203138143057259e+00 -1.60247957442719413113e-01 8.55330750520488294342e+01 1.02025966442810325785e-01
8.03641902277898334539e-01 5.39722089464779930523e+00 -1.59994662590734082475e-01 8.55218483927131529754e+01 1.02251288055171307700e-01
8.05147709440937053849e-01 5.40468712552189867182e+00 -1.59739753017790919731e-01 8.55105947752804382844e+01 1.02474559372266071922e-01
8.06648035000885443857e-01 5.41217074660428831834e+00 -1.59483224390229189060e-01 8.54993143586858508343e+01 1.02695546574897003667e-01
8.08142868743233711015e-01 5.41967177288771306820e+00 -1.59225060940284657285e-01 8.54880069207289636779e+01 1.02914623561883675218e-01
8.09632200490861042574e-01 5.42719022591848521131e+00 -1.58965257781926966318e-01 8.54766726084305759059e+01 1.03131577834591328657e-01
8.11116020104105994726e-01 5.43472612448366998450e+00 -1.58703806584125223234e-01 8.54653114516525107547e+01 1.03346385734567849934e-01
8.12594317480834105183e-01 5.44227948694684382502e+00 -1.58440698943131341725e-01 8.54539234815130015477e+01 1.03559023453696039119e-01
8.14067082556508059277e-01 5.44985033120223505421e+00 -1.58175926429970831188e-01 8.54425087303567920571e+01 1.03769467076512758585e-01
8.15534305304254858449e-01 5.45743867466305410119e+00 -1.57909480591190365395e-01 8.54310672318201937969e+01 1.03977692565520571377e-01
8.16995975734935098167e-01 5.46504453424904124148e+00 -1.57641352949247415260e-01 8.54195990208700379753e+01 1.04183675766739647361e-01
8.18452083897210691532e-01 5.47266792637220866879e+00 -1.57371535002932161351e-01 8.54081041337631745591e+01 1.04387392414189358880e-01
8.19902619877612370836e-01 5.48030886692378782499e+00 -1.57100018227952054062e-01 8.53965826080884085059e+01 1.04588818127399230118e-01
8.21347573800607411165e-01 5.48796737126073175261e+00 -1.56826794077439518604e-01 8.53850344828019416354e+01 1.04787928414100700580e-01
8.22786935828667020942e-01 5.49564345419253363900e+00 -1.56551853982900279760e-01 8.53734597982987537534e+01 1.04984698650725419289e-01
8.24220696162332733259e-01 5.50333712996511259519e+00 -1.56275189354450005919e-01 8.53618585963452574106e+01 1.05179104101804143934e-01
8.25648845040284129482e-01 5.51104841224663832833e+00 -1.55996791581352933775e-01 8.53502309201355870982e+01 1.05371119925211031987e-01
8.27071372739403898322e-01 5.51877731411321814647e+00 -1.55716652033205726902e-01 8.53385768143608913761e+01 1.05560721143886995788e-01
8.28488269574845448417e-01 5.52652384803251894851e+00 -1.55434762060238595982e-01 8.53268963251875618425e+01 1.05747882666307441157e-01
8.29899525900098078424e-01 5.53428802278161313666e+00 -1.55151108225255990325e-01 8.53151893335212179181e+01 1.05932836568482707795e-01
8.31305132107052369150e-01 5.54206985532892293378e+00 -1.54865690840680109153e-01 8.53034562019199711358e+01 1.06115072348904354582e-01
8.32705078626066685921e-01 5.54986935347919718708e+00 -1.54578496914573398913e-01 8.52916968322378750145e+01 1.06294795701346062033e-01
8.34099355926031127417e-01 5.55768652709837684966e+00 -1.54289517721146240969e-01 8.52799112765224833765e+01 1.06471981411395799633e-01
8.35487954514433028841e-01 5.56552138536204399344e+00 -1.53998744519081659510e-01 8.52680995885164918491e+01 1.06646604153390972547e-01
8.36870864937421798935e-01 5.57337393673580194786e+00 -1.53706168551993149762e-01 8.52562618235969011948e+01 1.06818638512401933860e-01
8.38248077779872757809e-01 5.58124418895411178454e+00 -1.53411781048794576554e-01 8.52443980386556887652e+01 1.06988059012714284424e-01
8.39619583665451307830e-01 5.58913214900670851648e+00 -1.53115573225604484353e-01 8.52325082924179042720e+01 1.07154840066414902555e-01
8.40985373256677326559e-01 5.59703782311456432552e+00 -1.52817536285818733610e-01 8.52205926452180761999e+01 1.07318956021619588137e-01
8.42345437254987894349e-01 5.60496121671202551795e+00 -1.52517661421501860008e-01 8.52086511591400750376e+01 1.07480381142245270953e-01
8.43699766400801687283e-01 5.61290233442724240120e+00 -1.52215939814507511540e-01 8.51966838980921750135e+01 1.07639089604447360515e-01
8.45048351473580483528e-01 5.62086118005788026863e+00 -1.51912362636807435345e-01 8.51846909276533779121e+01 1.07795055537619352548e-01
8.46391183291893445251e-01 5.62883775655494922319e+00 -1.51606921052856280507e-01 8.51726723153938820587e+01 1.07948252958198556706e-01
8.47728252713479291103e-01 5.63683206599449526664e+00 -1.51299606219058940804e-01 8.51606281305608234788e+01 1.08098655861829040514e-01
8.49059550635307469513e-01 5.64484410956063520359e+00 -1.50990409286455268267e-01 8.51485584444189669284e+01 1.08246238144489012600e-01
8.50385067993641552420e-01 5.65287388751964581246e+00 -1.50679321401252008794e-01 8.51364633301321447334e+01 1.08390973642050969517e-01
8.51704795764099964472e-01 5.66092139919507975065e+00 -1.50366333705668320242e-01 8.51243428627346787607e+01 1.08532836155870615613e-01
8.53018724961718044497e-01 5.66898664725312961821e+00 -1.50051443747141660667e-01 8.51121973585607065615e+01 1.08671446625161496891e-01
8.54326846641008552652e-01 5.67706962095888467701e+00 -1.49734630564019283172e-01 8.51000264469482203822e+01 1.08807444525678850833e-01
8.55629151896023509849e-01 5.68517032051908621781e+00 -1.49415891066971034951e-01 8.50878304229048580964e+01 1.08940486127010890960e-01
8.56925631860413927754e-01 5.69328874124950257141e+00 -1.49095216405642966295e-01 8.50756093700488662535e+01 1.09070544565433344419e-01
8.58216277707490537985e-01 5.70142487739709302730e+00 -1.48772597733892841809e-01 8.50633633741785928351e+01 1.09197592892753617133e-01
8.59501080650284077223e-01 5.70957872211216965752e+00 -1.48448026211641936900e-01 8.50510925233057548667e+01 1.09321604063868302315e-01
8.60780031941604684143e-01 5.71775026741855540990e+00 -1.48121493005635040952e-01 8.50387969076186891471e+01 1.09442550987779566030e-01
8.62053122874101962481e-01 5.72593950418665809110e+00 -1.47792989292262588741e-01 8.50264766196502250750e+01 1.09560406468499307864e-01
8.63320344780323600808e-01 5.73414642210173042258e+00 -1.47462506258565689832e-01 8.50141317542226317983e+01 1.09675143249406664703e-01
8.64581689032775213555e-01 5.74237100963705238144e+00 -1.47130035105305062570e-01 8.50017624087122953824e+01 1.09786733947584327908e-01
8.65837147043978516692e-01 5.75061325401502365651e+00 -1.46795567046805519595e-01 8.49893686826863898887e+01 1.09895151169218954768e-01
8.67086710266529503421e-01 5.75887314117994275620e+00 -1.46459093314585009349e-01 8.49769506782407830769e+01 1.10000367420725345124e-01
8.68330370193157397019e-01 5.76715065576558671978e+00 -1.46120605159416744323e-01 8.49645085000977076106e+01 1.10102355109981203674e-01
8.69568118356782493450e-01 5.77544578105666861489e+00 -1.45780093852320824510e-01 8.49520422554115128833e+01 1.10201086610868539961e-01
8.70799946330572671727e-01 5.78375849895842542026e+00 -1.45437550688214178862e-01 8.49395520540847286384e+01 1.10296534185025246755e-01
8.72025845728002679813e-01 5.79208878995809772761e+00 -1.45092966987472121732e-01 8.49270380086823593047e+01 1.10388670023493978833e-01
8.73245808202909201690e-01 5.80043662761806455563e+00 -1.44746326352249848890e-01 8.49144999234855362147e+01 1.10477902492645926880e-01
8.74459825449549366105e-01 5.80880199977297539959e+00 -1.44397634802893776174e-01 8.49019385013896936698e+01 1.10563379779123047153e-01
8.75667889202656035685e-01 5.81718487752834700899e+00 -1.44046876764035408636e-01 8.48893535850066172088e+01 1.10645466783763371521e-01
8.76869991237495205461e-01 5.82558523531211758240e+00 -1.43694043673747301471e-01 8.48767452977119063462e+01 1.10724135950662244676e-01
8.78066123369920736863e-01 5.83400304593442520229e+00 -1.43339127006956140731e-01 8.48641137655925064109e+01 1.10799359740027358878e-01
8.79256277456431312167e-01 5.84243828055127600862e+00 -1.42982118279217279566e-01 8.48514591178535795279e+01 1.10871110578000378610e-01
8.80440445394225390530e-01 5.85089090862351124400e+00 -1.42623009107516907079e-01 8.48387814868127065893e+01 1.10939360901154734917e-01
8.81618619121255608917e-01 5.85936089785104741168e+00 -1.42261790981786845345e-01 8.48260810076342721686e+01 1.11004083060345606904e-01
8.82790790616284959391e-01 5.86784821415561719249e+00 -1.41898455612575774554e-01 8.48133578187554633132e+01 1.11065249517722897110e-01
8.83956951898940523904e-01 5.87635282161654259880e+00 -1.41532994706360437664e-01 8.48006120618425995872e+01 1.11122832690830147806e-01
8.85117095029768430337e-01 5.88487468242246336558e+00 -1.41165400024769710496e-01 8.47878438816747888040e+01 1.11176805040388015922e-01
8.86271212110287143204e-01 5.89341375682761636767e+00 -1.40795663389061048720e-01 8.47750534265814366108e+01 1.11227139017723922199e-01
8.87419295283041753564e-01 5.90197000309497443737e+00 -1.40423776682991330311e-01 8.47622408482097853266e+01 1.11273807107901384628e-01
8.88561336731657602783e-01 5.91054337744466895543e+00 -1.40049731856715625744e-01 8.47494063016806933319e+01 1.11316781823314170374e-01
8.89697328680893129160e-01 5.91913383399757364600e+00 -1.39673520929738753660e-01 8.47365499455556800967e+01 1.11356035758638852173e-01
8.90827263396692936581e-01 5.92774132472481340983e+00 -1.39295135996746644036e-01 8.47236719422388659950e+01 1.11391541489691575650e-01
8.91951133186240308071e-01 5.93636580637149879891e+00 -1.38914578556960405242e-01 8.47107728659638183899e+01 1.11422732320338446765e-01
8.93068930398010163429e-01 5.94500721325248804305e+00 -1.38531823213901894576e-01 8.46978521177221637117e+01 1.11450600618874379188e-01
8.94180647421820240517e-01 5.95366549679698042752e+00 -1.38146870736680082992e-01 8.46849102370806861018e+01 1.11474632637684450964e-01
8.95286276688883719821e-01 5.96234059977050634416e+00 -1.37759713566917518790e-01 8.46719474019484152905e+01 1.11494800670747795657e-01
8.96385810671860183696e-01 5.97103246248445351796e+00 -1.37370344244159642288e-01 8.46589637945870663316e+01 1.11511076973585115946e-01
8.97479241884907241733e-01 5.97974102272381724532e+00 -1.36978755409090990902e-01 8.46459596013734341113e+01 1.11523433864168755592e-01
8.98566562883731378975e-01 5.98846621567548975662e+00 -1.36584939808609334699e-01 8.46329350127095665357e+01 1.11531843726744905876e-01
8.99647766265638582084e-01 5.99720797386690929187e+00 -1.36188890302163773116e-01 8.46198902236610877026e+01 1.11536278955834566862e-01
9.00722844669584632449e-01 6.00596622708140515101e+00 -1.35790599865578370808e-01 8.46068254333543592338e+01 1.11536712052372033455e-01
9.01791790776225510307e-01 6.01474090229981062095e+00 -1.35390061599679090154e-01 8.45937408460470550153e+01 1.11533115457350950894e-01
9.02854597307967132735e-01 6.02353192360100297975e+00 -1.34987268731273729605e-01 8.45806366699135736553e+01 1.11525461835975558955e-01
9.03911257029014647557e-01 6.03233921210452272987e+00 -1.34582214624282020532e-01 8.45675131184520978422e+01 1.11513723789524787922e-01
9.04961762745422060306e-01 6.04116268587491411779e+00 -1.34174892782591925755e-01 8.45543704097745916215e+01 1.11497874056769016859e-01
9.06006107305140861996e-01 6.05000225984043371596e+00 -1.33765296857593196656e-01 8.45412087668939307150e+01 1.11477885458090814064e-01
9.07044283598068878938e-01 6.05885784570927743431e+00 -1.33353420655148102725e-01 8.45280284180202698963e+01 1.11453730886185126137e-01
9.08076284556099455614e-01 6.06772934386273998797e+00 -1.32939248088851103002e-01 8.45148291141079965882e+01 1.11425981782831293176e-01
9.09102103153167639960e-01 6.07661667441227759667e+00 -1.32522792339024975128e-01 8.45016120027304822315e+01 1.11393478909366877572e-01
9.10121732405300032376e-01 6.08551973164725090726e+00 -1.32104038616781882531e-01 8.44883768952532534513e+01 1.11356736089868263440e-01
9.11135165370661193052e-01 6.09443841346224157718e+00 -1.31682981408131699608e-01 8.44751240411794270813e+01 1.11315727191434288290e-01
9.12142395149601159510e-01 6.10337261403711828223e+00 -1.31259615385504263552e-01 8.44618536946746303329e+01 1.11270426504465641537e-01
9.13143414884702742107e-01 6.11232222376659883878e+00 -1.30833935424483543963e-01 8.44485661167236969504e+01 1.11220808252244590664e-01
9.14138217760827709313e-01 6.12128712912100425569e+00 -1.30405936604214067742e-01 8.44352615733422879885e+01 1.11166847079429906286e-01
9.15126797005163528098e-01 6.13026721256615836353e+00 -1.29975614223337698760e-01 8.44219403375625745412e+01 1.11108517643583662449e-01
9.16109145887269216146e-01 6.13926235241405660048e+00 -1.29542963801819982494e-01 8.44086026874424391053e+01 1.11045795057233373515e-01
9.17085257719121638154e-01 6.14827242277563268402e+00 -1.29107981147035755232e-01 8.43952489085261987611e+01 1.10978654498752632440e-01
9.18055125855160469861e-01 6.15729729327797681293e+00 -1.28670662161587540107e-01 8.43818792919907281203e+01 1.10907071474116908361e-01
9.19018743692333606177e-01 6.16633682915268899194e+00 -1.28231003149405220487e-01 8.43684941361541689275e+01 1.10831021739478188803e-01
9.19976104670142347253e-01 6.17539089097368876224e+00 -1.27789000631062826807e-01 8.43550937462532601785e+01 1.10750481336457595738e-01
9.20927202270686140473e-01 6.18445933454702245768e+00 -1.27344651402152092556e-01 8.43416784340911078743e+01 1.10665426656555640483e-01
9.21872030018706323240e-01 6.19354201078214039455e+00 -1.26897952545505454669e-01 8.43282485187445303154e+01 1.10575834401253181305e-01
9.22810581481630642919e-01 6.20263876554812210173e+00 -1.26448901442462763312e-01 8.43148043266226778769e+01 1.10481681622352667649e-01
9.23742850269617443715e-01 6.21174944972118936448e+00 -1.25997507578934936356e-01 8.43013468283759692667e+01 1.10382217817798972126e-01
9.24668830035598299233e-01 6.22087387940837643896e+00 -1.25543746598023503447e-01 8.42878751658025890947e+01 1.10278799617015282886e-01
9.25588514475321866293e-01 6.23001189362241802883e+00 -1.25087627548886970441e-01 8.42743902593556271086e+01 1.10170746481375814163e-01
9.26501897327396517490e-01 6.23916331658913669855e+00 -1.24629149147799919706e-01 8.42608924685981435232e+01 1.10058036013693405497e-01
9.27408972373333306827e-01 6.24832796668984169486e+00 -1.24168310469950068931e-01 8.42473821599415515493e+01 1.09940646524718591004e-01
9.28309733437587714100e-01 6.25750565631810040657e+00 -1.23705110970490222977e-01 8.42338597086257578894e+01 1.09818556651737661567e-01
9.29204174387602388485e-01 6.26669619171224834275e+00 -1.23239550501864511545e-01 8.42203254995550310014e+01 1.09691745232783646746e-01
9.30092289133848337812e-01 6.27589937273977138688e+00 -1.22771629320808345343e-01 8.42067799254732420877e+01 1.09560191849477614467e-01
9.30974071629866561928e-01 6.28511499274685014882e+00 -1.22301348114825861324e-01 8.41932233896277324448e+01 1.09423876208453688119e-01
9.31849515872309464015e-01 6.29434283832636776168e+00 -1.21828708009550520930e-01 8.41796563036877500963e+01 1.09282778735392993585e-01
9.32718615900981373734e-01 6.30358268914423724993e+00 -1.21353710592403546409e-01 8.41660790897643096287e+01 1.09136880205075850747e-01
9.33581365798879514450e-01 6.31283431772188841080e+00 -1.20876357928345071202e-01 8.41524921800883589640e+01 1.08986161896648267589e-01
9.34437759692233416153e-01 6.32209748921310055181e+00 -1.20396652577572052523e-01 8.41388960167694932579e+01 1.08830605669421542903e-01
9.35287791750546215752e-01 6.33137196119459400023e+00 -1.19914597617147025699e-01 8.41252910528981772131e+01 1.08670193839944431713e-01
9.36131456186633403860e-01 6.34065748342550250527e+00 -1.19430196657725154474e-01 8.41116777521415599495e+01 1.08504909409007269105e-01
9.36968747256662348732e-01 6.34995379761921441286e+00 -1.18943453867404055901e-01 8.40980565896348934984e+01 1.08334735888215322186e-01
9.37799659260191820209e-01 6.35926062448906836977e+00 -1.18454360551240617250e-01 8.40844272231016134356e+01 1.08160523090097132615e-01
9.38624186540210181384e-01 6.36857771292877750113e+00 -1.17962947601964698863e-01 8.40707917157599098346e+01 1.07980613099886588180e-01
9.39442323483174468457e-01 6.37790476758954394398e+00 -1.17469208788280460309e-01 8.40571498327167176967e+01 1.07795777002426415581e-01
9.40254064519048693427e-01 6.38724149531177420869e+00 -1.16973150648898141513e-01 8.40435020946797948227e+01 1.07606001947506191296e-01
9.41059404121340592475e-01 6.39658759375259755586e+00 -1.16474780491046342457e-01 8.40298490370211936806e+01 1.07411275568126143853e-01
9.41858336807141038882e-01 6.40594275085768494193e+00 -1.15974106286535968979e-01 8.40161912076268180272e+01 1.07211586406936704163e-01
9.42650857137159903232e-01 6.41530664462226507538e+00 -1.15471136730464704612e-01 8.40025291679711898496e+01 1.07006923854197577572e-01
9.43436959715763689971e-01 6.42467894276860995717e+00 -1.14965881266694880392e-01 8.39888634926426078664e+01 1.06797278317657354241e-01
9.44216639191012285792e-01 6.43405930245287382974e+00 -1.14458350120837049069e-01 8.39751947715156745744e+01 1.06582640983107795885e-01
9.44989890254695485972e-01 6.44344736990088939876e+00 -1.13948554324880130251e-01 8.39615236079606290787e+01 1.06363004171063618708e-01
9.45756707642368521505e-01 6.45284278009492329176e+00 -1.13436505752888272536e-01 8.39478506211883939159e+01 1.06138361061871674962e-01
9.46517086133388918512e-01 6.46224515642338737109e+00 -1.12922217153002463208e-01 8.39341764469429563178e+01 1.05908705728614258024e-01
9.47271020550951026173e-01 6.47165411025371373199e+00 -1.12405702169213028707e-01 8.39205017338531007454e+01 1.05674033909137307652e-01
9.48018505762121987956e-01 6.48106924064325884416e+00 -1.11886975393457016592e-01 8.39068271498930613461e+01 1.05434341897597427806e-01
9.48759536677876158528e-01 6.49049013388731488305e+00 -1.11366052388047406807e-01 8.38931533788085772585e+01 1.05189627440868627151e-01
9.49494108253130075781e-01 6.49991636312938059206e+00 -1.10842949727524633929e-01 8.38794811216258580089e+01 1.04939889457284399321e-01
9.50222215486776988769e-01 6.50934748794135575878e+00 -1.10317685034135082311e-01 8.38658110970896473191e+01 1.04685128269664709522e-01
9.50943853421720053376e-01 6.51878307085252117759e+00 -1.09790293098433244801e-01 8.38521452112786960242e+01 1.04424252780338233659e-01
9.51659017144907415364e-01 6.52822261083567756401e+00 -1.09260763121682799581e-01 8.38384820091873592673e+01 1.04159344248207469397e-01
9.52367701787364628885e-01 6.53766563947491530229e+00 -1.08729130818558089588e-01 8.38248233228293457842e+01 1.03889411397250636115e-01
9.53069902524227741125e-01 6.54711165759378044271e+00 -1.08195418430369283413e-01 8.38111699487989199042e+01 1.03614459391219909667e-01
9.53765614574776932066e-01 6.55656015020160776174e+00 -1.07659649472674090465e-01 8.37975227054307651997e+01 1.03334494768091145200e-01
9.54454833202468377884e-01 6.56601058572353402099e+00 -1.07121848743687200778e-01 8.37838824317586698953e+01 1.03049525693169052865e-01
9.55137553714966891505e-01 6.57546241583221924287e+00 -1.06582042428340739715e-01 8.37702499891601917170e+01 1.02759561892614550982e-01
9.55813771464177897030e-01 6.58491507467438363932e+00 -1.06040258114294072556e-01 8.37566262622643051827e+01 1.02464614727019509566e-01
9.56483481846278404959e-01 6.59436797833847165862e+00 -1.05496524849764183873e-01 8.37430121580392778924e+01 1.02164697484945679595e-01
9.57146680301749208652e-01 6.60382052431105659451e+00 -1.04950873206453798581e-01 8.37294086094449170332e+01 1.01859824886616406880e-01
9.57803362315405748539e-01 6.61327209081058509099e+00 -1.04403335322772614080e-01 8.37158165718516755760e+01 1.01550014062947377425e-01
9.58453523416427977111e-01 6.62272203621941191187e+00 -1.03853944975263373651e-01 8.37022370278554603829e+01 1.01235283751603039049e-01
9.59097159178392222323e-01 6.63216969840076053799e+00 -1.03302737631450841649e-01 8.36886709854564116995e+01 1.00915654905040980127e-01
9.59734265219300386462e-01 6.64161439407633302778e+00 -1.02749750520983659796e-01 8.36751194821181911720e+01 1.00591150196142217754e-01
9.60364837201609811146e-01 6.65105541806824529516e+00 -1.02195022688333428396e-01 8.36615835807185419526e+01 1.00261794942587911805e-01
9.60988870832263142319e-01 6.66049204264024918842e+00 -1.01638595069882514688e-01 8.36480643742640523897e+01 9.99276165165689511660e-02
9.61606361862717418099e-01 6.66992349734091760638e+00 -1.01080494108469587378e-01 8.36345615639150565812e+01 9.95898316579783282609e-02
9.62217306088972823552e-01 6.67934904395316664250e+00 -1.00520796181707422479e-01 8.36210790003395629810e+01 9.92462084698159940910e-02
9.62821699351601556494e-01 6.68876786482008167667e+00 -9.99595331984138996129e-02 8.36076165782595666087e+01 9.88978684119667800223e-02
9.63419537535776138171e-01 6.69817913429997968677e+00 -9.93967543642290535244e-02 8.35941755150375342964e+01 9.85448494034149996557e-02
9.64010816571297390887e-01 6.70758200030325646424e+00 -9.88325111321531474262e-02 8.35807570611367935953e+01 9.81871921882446208052e-02
9.64595532432621638463e-01 6.71697558318303045155e+00 -9.82668573292613534154e-02 8.35673624998599393621e+01 9.78249409133739172839e-02
9.65173681138889238973e-01 6.72635897525351289516e+00 -9.76998491825460391169e-02 8.35539931530786361691e+01 9.74581419961122324969e-02
9.65745258753950674979e-01 6.73573123959579334041e+00 -9.71315454447230913759e-02 8.35406503783684115660e+01 9.70868451231019363723e-02
9.66310261386393642979e-01 6.74509140916362071039e+00 -9.65620074685327595132e-02 8.35273355694962162943e+01 9.67111036274626578724e-02
9.66868685189569476712e-01 6.75443848587822603946e+00 -9.59912993150177640267e-02 8.35140501624452724627e+01 9.63309735179211645839e-02
9.67420526361620347622e-01 6.76377143955894588601e+00 -9.54194878348860325845e-02 8.35007956312418144762e+01 9.59465146673928737098e-02
9.67965781145503245675e-01 6.77308920691150717630e+00 -9.48466427697831349075e-02 8.34875734902577875118e+01 9.55577907880141991237e-02
9.68504445829016735736e-01 6.78239069054946330795e+00 -9.42728368724207177465e-02 8.34743853013206376090e+01 9.51648682227724251881e-02
9.69036516744826603720e-01 6.79167475779105345168e+00 -9.36981459825603352209e-02 8.34612326658885876896e+01 9.47678182170546834495e-02
9.69561990270489948429e-01 6.80094023962748206458e+00 -9.31226491557737706684e-02 8.34481172325375410992e+01 9.43667155193441686833e-02
9.70080862828479939530e-01 6.81018592956073209876e+00 -9.25464287690459797009e-02 8.34350406967072046882e+01 9.39616389145420116691e-02
9.70593130886211241659e-01 6.81941058242002018375e+00 -9.19695706299144127849e-02 8.34220048009784278520e+01 9.35526717326339712910e-02
9.71098790956062218882e-01 6.82861291325506059025e+00 -9.13921640736624907309e-02 8.34090113397477495027e+01 9.31399011205626958798e-02
9.71597839595400469825e-01 6.83779162022708497659e+00 -9.08143201752591305853e-02 8.33960640921491318522e+01 9.27220146959311791734e-02
9.72090273406605143158e-01 6.84694528840918881230e+00 -9.02361011862682083073e-02 8.33831612672965718502e+01 9.23018002275853982619e-02
9.72576089037090585343e-01 6.85607252809293044038e+00 -8.96576245114833747518e-02 8.33703065819087640875e+01 9.18780641575057399617e-02
9.73055283179328878163e-01 6.86517188235246234029e+00 -8.90789949531201330490e-02 8.33575020447114951594e+01 9.14509123292978204356e-02
9.73527852570872820337e-01 6.87424184801351501051e+00 -8.85003214922948089338e-02 8.33447497207451846180e+01 9.10204557038249012502e-02
9.73993793994377243806e-01 6.88328087429649926321e+00 -8.79217174136045775956e-02 8.33320517321163833913e+01 9.05868112198379843436e-02
9.74453104277621995344e-01 6.89228736152594123610e+00 -8.73433004649661892671e-02 8.33194102657647874821e+01 9.01501000527233087301e-02
9.74905780293532697733e-01 6.90125965962754150951e+00 -8.67651929637332508527e-02 8.33068275654562455657e+01 8.97104502515009560870e-02
9.75351818960202621156e-01 6.91019606685618903441e+00 -8.61875219641653755875e-02 8.32943059437404542678e+01 8.92679947292504688550e-02
9.75791217240913111297e-01 6.91909482826567145963e+00 -8.56104193750390207729e-02 8.32818477738307620939e+01 8.88228732716296320859e-02
9.76223972144155016650e-01 6.92795413439110152609e+00 -8.50340221220133030133e-02 8.32694554995807720843e+01 8.83752311446689559071e-02
9.76650080723648006398e-01 6.93677211978659791214e+00 -8.44584722310571106574e-02 8.32571316309727507132e+01 8.79252204187774277777e-02
9.77069540078361775670e-01 6.94554686151862732402e+00 -8.38839171610704509296e-02 8.32448787506447445139e+01 8.74729994057737714197e-02
9.77482347352534808316e-01 6.95427637792122066429e+00 -8.33105096765926200764e-02 8.32326995125462190117e+01 8.70187332271502161918e-02
9.77888499735694360915e-01 6.96295862706460244596e+00 -8.27384081686327044203e-02 8.32205966447724279078e+01 8.65625938603109823521e-02
9.78287994462675891683e-01 6.97159150541178718186e+00 -8.21677767575105244546e-02 8.32085729523638093497e+01 8.61047599982858180567e-02
9.78680828813640935060e-01 6.98017284639102708610e+00 -8.15987854214317021029e-02 8.31966313137643709297e+01 8.56454182252156387412e-02
9.79067000114096308572e-01 6.98870041911308437221e+00 -8.10316101448337183788e-02 8.31847746868832018663e+01 8.51847623971503237206e-02
9.79446505734912542529e-01 6.99717192709126400985e+00 -8.04664330570076941074e-02 8.31730061120424863930e+01 8.47229935394353123046e-02
9.79819343092340866441e-01 7.00558497868740293057e+00 -7.99034247560660298992e-02 8.31613262296604176527e+01 8.42618528171258790449e-02
9.80185509648031860763e-01 7.01393719685660954610e+00 -7.93428144702692794699e-02 8.31497430008883640085e+01 8.37986020490832095309e-02
9.80545002909051777173e-01 7.02222605470679273054e+00 -7.87847868174039733802e-02 8.31382574197568118279e+01 8.33348957466265582994e-02
9.80897820427900302143e-01 7.03044898141902940836e+00 -7.82295496867480427694e-02 8.31268728578369433535e+01 8.28709673612420955058e-02
9.81243959802526766190e-01 7.03860333500082813174e+00 -7.76773178697769267620e-02 8.31155927766591560157e+01 8.24070582318954525380e-02
9.81583418676346575182e-01 7.04668640148011959923e+00 -7.71283128258975353431e-02 8.31044207205643630232e+01 8.19434187555581339257e-02
9.81916194738257197550e-01 7.05469539416612168026e+00 -7.65827629844847423968e-02 8.30933603213013469713e+01 8.14803077922810620182e-02
9.82242285722654373536e-01 7.06262745314767581561e+00 -7.60409037662527070855e-02 8.30824153027424756601e+01 8.10179926912687059515e-02
9.82561689409446659127e-01 7.07047964481966584316e+00 -7.55029776371190231021e-02 8.30715894753672046136e+01 8.05567496657075554634e-02
9.82874403624071413255e-01 7.07824896169014472491e+00 -7.49692341537548101460e-02 8.30608867398690193795e+01 8.00968635399490758164e-02
9.83180426237509119680e-01 7.08593232230338720967e+00 -7.44399299814395842834e-02 8.30503110831996167462e+01 7.96386283115535775767e-02
9.83479755166297819891e-01 7.09352657151523136037e+00 -7.39153289101874833023e-02 8.30398665867715379818e+01 7.91823461419964985675e-02
9.83772388372547657021e-01 7.10102848076595716265e+00 -7.33957018178676978692e-02 8.30295574120879962265e+01 7.87283289976885430894e-02
9.84058323863954753641e-01 7.10843474892948812283e+00 -7.28813265940046473013e-02 8.30193878149031547764e+01 7.82768967433783990906e-02
9.84337559693814090345e-01 7.11574200318600258441e+00 -7.23724882828874482854e-02 8.30093621359977049678e+01 7.78283780047986234463e-02
9.84610093961033494558e-01 7.12294680020753379068e+00 -7.18694786441193556037e-02 8.29994847892718325966e+01 7.73831112935909615214e-02
9.84875924810146630151e-01 7.13004562807337727293e+00 -7.13725962828231225155e-02 8.29897602890699204181e+01 7.69414412691919596954e-02
9.85135050431324765796e-01 7.13703490786623184761e+00 -7.08821463839867382806e-02 8.29801932116499045833e+01 7.65037230855493410875e-02
9.85387469060390319697e-01 7.14391099633727044704e+00 -7.03984405573313126725e-02 8.29707882211787364213e+01 7.60703184771092111305e-02
9.85633178978827628747e-01 7.15067018853427605052e+00 -6.99217965864324525471e-02 8.29615500525796676357e+01 7.56415968650287484643e-02
9.85872178513795716093e-01 7.15730872094090919688e+00 -6.94525381360322630053e-02 8.29524835005900769147e+01 7.52179366282538230948e-02
9.86104466038138838258e-01 7.16382277535748013264e+00 -6.89909944693663651494e-02 8.29435934355193609235e+01 7.47997214052755349245e-02
9.86330039970398142479e-01 7.17020848286521861326e+00 -6.85375000518327753829e-02 8.29348847793172723186e+01 7.43873426119192604489e-02
9.86548898774822102808e-01 7.17646195934644381964e+00 -6.80924101913527313190e-02 8.29263655763217570893e+01 7.39796288185057687725e-02
9.86761040961377400293e-01 7.18257918919967686122e+00 -6.76560371185161019136e-02 8.29180348900531072331e+01 7.35800444125571662113e-02
9.86966465085758248854e-01 7.18855621089644181154e+00 -6.72287436344953526213e-02 8.29099006783184080405e+01 7.31875024296098630749e-02
9.87165169749397164445e-01 7.19438900504755540766e+00 -6.68108804541226314333e-02 8.29019680424633094162e+01 7.28024141263283047776e-02
9.87357153599473957861e-01 7.20007353025216190190e+00 -6.64028009223200516020e-02 8.28942420927902219319e+01 7.24251956074251218576e-02
9.87542415328925060614e-01 7.20560573074402554994e+00 -6.60048603585399878968e-02 8.28867279584765412892e+01 7.20562653457058888140e-02
9.87720953676452295689e-01 7.21098154440345151528e+00 -6.56174153307163277038e-02 8.28794307751085739255e+01 7.16960429644386415537e-02
9.87892767426531648312e-01 7.21619691129023355103e+00 -6.52408228514593097058e-02 8.28723556652892199281e+01 7.13449502390233747384e-02
9.88057855409421592618e-01 7.22124778296687264145e+00 -6.48754395685037787977e-02 8.28655077408700293518e+01 7.10034072972102886512e-02
9.88216216501170752196e-01 7.22613013208542920296e+00 -6.45216208440704819260e-02 8.28588920744183354827e+01 7.06718344430201095285e-02
9.88367849623625893685e-01 7.23083996283104557534e+00 -6.41797198370844673709e-02 8.28525137031284089062e+01 7.03506487134805957862e-02
9.88512753744439143233e-01 7.23537332151828493920e+00 -6.38500864895779063346e-02 8.28463775956523988953e+01 7.00402649690643891445e-02
9.88650927877074869876e-01 7.23972630808956640891e+00 -6.35330664803793881967e-02 8.28404886663802955127e+01 6.97410912766880108915e-02
9.88782371080816346876e-01 7.24389508761113631863e+00 -6.32290002941494760913e-02 8.28348517306151137518e+01 6.94535316212024217419e-02
9.88907082460772635102e-01 7.24787590230879086306e+00 -6.29382218606073517986e-02 8.28294715056718899859e+01 6.91779821398227634521e-02
9.89025061167884578239e-01 7.25166508412311472398e+00 -6.26610576066291141695e-02 8.28243526057884622560e+01 6.89148287436391338012e-02
9.89136306398929687766e-01 7.25525906699911082853e+00 -6.23978252116368647950e-02 8.28194994980016758745e+01 6.86644493265122224379e-02
9.89240817396528693273e-01 7.25865439985086435826e+00 -6.21488324603631375753e-02 8.28149165098629538306e+01 6.84272092405095594403e-02
9.89338593449150427439e-01 7.26184775936008275465e+00 -6.19143760535356829644e-02 8.28106078121909945366e+01 6.82034601652741351296e-02
9.89429633891116377953e-01 7.26483596263055897424e+00 -6.16947404036172417086e-02 8.28065773887645661944e+01 6.79935405941705234278e-02
9.89513938102605350444e-01 7.26761597999178565743e+00 -6.14901964805199194308e-02 8.28028290351732181307e+01 6.77977723623153366583e-02
9.89591505509657798356e-01 7.27018494736736986539e+00 -6.13010006460549192187e-02 8.27993663355113085345e+01 6.76164603498456834307e-02
9.89662335584179708725e-01 7.27254017846984268658e+00 -6.11273935373170609897e-02 8.27961926566485999501e+01 6.74498903653134723735e-02
9.89726427843945932850e-01 7.27467917630715099619e+00 -6.09695989694488821309e-02 8.27933111164595061382e+01 6.72983291142491557579e-02
9.89783781852604072071e-01 7.27659964446669160765e+00 -6.08278229155885113988e-02 8.27907245884554328086e+01 6.71620217028579269414e-02
9.89834397219676587198e-01 7.27829949751181537465e+00 -6.07022525346238572830e-02 8.27884356828043337373e+01 6.70411904180011619658e-02
9.89878273600564240198e-01 7.27977687059774325462e+00 -6.05930552555764695422e-02 8.27864467267520183213e+01 6.69360351484690474511e-02
9.89915410696548092595e-01 7.28103012838357432912e+00 -6.05003779727889823281e-02 8.27847597640725183510e+01 6.68467307702362151245e-02
9.89945808254791503877e-01 7.28205787291014328133e+00 -6.04243463169746169994e-02 8.27833765479886096728e+01 6.67734260355334757753e-02
9.89969466068341796827e-01 7.28285895023316420804e+00 -6.03650639969561877973e-02 8.27822985139363964890e+01 6.67162453212501727062e-02
