00000000000000000000 -3.60358956218940518212e+00 -1.91565498725798172286e-01 00000000000000000088 3.27921435616926846413e-26
2.58315720529896097890e-03 -3.60095027828887159771e+00 -1.91566816197651229592e-01 8.80028883878957373099e+01 1.53364344142676423512e-04
5.16629682395841009074e-03 -3.59831778298747018141e+00 -1.91567944033195380893e-01 8.80057615333977736327e+01 3.05554899080150372051e-04
7.74940126945856955221e-03 -3.59569206306503819093e+00 -1.91568883486393892746e-01 8.80086194815377638179e+01 4.56572707416410584775e-04
1.03324529555191297475e-02 -3.59307310533406765174e+00 -1.91569635805142746143e-01 8.80114622773396888533e+01 6.06418840583207484699e-04
1.29154342962189676997e-02 -3.59046089663979417494e+00 -1.91570202231314989927e-01 8.80142899658248438755e+01 7.55094400744612832127e-04
1.54983277061159028382e-02 -3.58785542386005351645e+00 -1.91570584000763211030e-01 8.80171025920062248815e+01 9.02600518732216182752e-04
1.80811156003663868475e-02 -3.58525667390529179102e+00 -1.91570782343374490519e-01 8.80199002008906887795e+01 1.04893835489513467460e-03
2.06637803948452533631e-02 -3.58266463371852639241e+00 -1.91570798483102322507e-01 8.80226828374782144238e+01 1.19410909885991987217e-03
2.32463045062654173611e-02 -3.58007929027530913402e+00 -1.91570633638006249111e-01 8.80254505467617036629e+01 1.33811396955983751347e-03
2.58286703522975918945e-02 -3.57750063058315470599e+00 -1.91570289020045581019e-01 8.80282033737007196805e+01 1.48095420349793338577e-03
2.84108603516900135033e-02 -3.57492864168310076067e+00 -1.91569765835830740919e-01 8.80309413632985382492e+01 1.62263108935533609430e-03
3.09928569243880722150e-02 -3.57236331064770995525e+00 -1.91569065285780465446e-01 8.80336645605069634257e+01 1.76314592540225269050e-03
3.35746424916540803229e-02 -3.56980462458213221311e+00 -1.91568188564650548900e-01 8.80363730102792771959e+01 1.90250004329756356239e-03
3.61561994761869162640e-02 -3.56725257062382672402e+00 -1.91567136861460235453e-01 8.80390667575581318260e+01 2.04069480274193500516e-03
3.87375103022416650278e-02 -3.56470713594251842338e+00 -1.91565911359524193580e-01 8.80417458472751945919e+01 2.17773159134867708153e-03
4.13185573957493418318e-02 -3.56216830774015313921e+00 -1.91564513236486322345e-01 8.80444103243505793444e+01 2.31361182452727949174e-03
4.38993231844364839578e-02 -3.55963607325086117683e+00 -1.91562943664355639362e-01 8.80470602336926191356e+01 2.44833694538353031575e-03
4.64797900979448119774e-02 -3.55711041973982844411e+00 -1.91561203808979035879e-01 8.80496956201444334056e+01 2.58190839751807049013e-03
4.90599405679508632216e-02 -3.55459133450696107559e+00 -1.91559294831977811047e-01 8.80523165286641784633e+01 2.71432771729780567341e-03
5.16397570282855211676e-02 -3.55207880488194138735e+00 -1.91557217888266795303e-01 8.80549230040858788016e+01 2.84559641165589745360e-03
5.42192219150537807471e-02 -3.54957281822711046004e+00 -1.91554974127586152832e-01 8.80575150912615640664e+01 2.97571603080035856914e-03
5.67983176667541181382e-02 -3.54707336193676070479e+00 -1.91552564694193377948e-01 8.80600928350282856627e+01 3.10468815152802925239e-03
5.93770267243982005634e-02 -3.54458042343708523703e+00 -1.91549990726893687443e-01 8.80626562802077899050e+01 3.23251437706085185952e-03
6.19553315316303740423e-02 -3.54209399018614279342e+00 -1.91547253359071439904e-01 8.80652054716059495831e+01 3.35919633689359857856e-03
6.45332145348472135948e-02 -3.53961404967380088848e+00 -1.91544353718722526470e-01 8.80677404540123376364e+01 3.48473568663914710572e-03
6.71106581833170040552e-02 -3.53714058942169629063e+00 -1.91541292928483486424e-01 8.80702612721997439849e+01 3.60913410788115535111e-03
6.96876449292992278250e-02 -3.53467359698319238959e+00 -1.91538072105664231026e-01 8.80727679709238486794e+01 3.73239330803091422586e-03
7.22641572281641081377e-02 -3.53221305994332768208e+00 -1.91534692362277852995e-01 8.80752605949225682025e+01 3.85451502018853420228e-03
7.48401775385119094608e-02 -3.52975896591679783043e+00 -1.91531154803929737351e-01 8.80777391888197485059e+01 3.97550094747367750714e-03
7.74156883222925085164e-02 -3.52731130255506419857e+00 -1.91527460533987142766e-01 8.80802037974728619929e+01 4.09535296413297052881e-03
7.99906720449247571336e-02 -3.52487005753645687989e+00 -1.91523610647908959503e-01 8.80826544654930501110e+01 4.21407283823079480134e-03
8.25651111754157757128e-02 -3.52243521857220143190e+00 -1.91519606236794176501e-01 8.80850912375405812327e+01 4.33166240256510626239e-03
8.51389881864804548561e-02 -3.52000677340496448409e+00 -1.91515448386591180530e-01 8.80875141582555016839e+01 4.44812351463555119557e-03
8.77122855546606100541e-02 -3.51758470980879645040e+00 -1.91511138178126261167e-01 8.80899232722571383647e+01 4.56345805648148816064e-03
9.02849857604444694381e-02 -3.51516901563709760481e+00 -1.91506676589675184363e-01 8.80923186241448092915e+01 4.67766793213362629816e-03
9.28570712883857868336e-02 -3.51275967863299021232e+00 -1.91502064885437583985e-01 8.80947002584928213764e+01 4.79075507692082371708e-03
9.54285246272232184905e-02 -3.51035668671003264762e+00 -1.91497304034984078269e-01 8.80970682198567516252e+01 4.90272144325071268511e-03
9.79993282699994638918e-02 -3.50796002776735083017e+00 -1.91492395098949441667e-01 8.80994225527685870247e+01 5.01356900973723949855e-03
1.00569464714180475950e-01 -3.50556968973520932664e+00 -1.91487339132992845370e-01 8.81017633017373782423e+01 5.12329977874809508465e-03
1.03138916461774601818e-01 -3.50318566057498115285e+00 -1.91482137187825002256e-01 8.81040905112488701434e+01 5.23191577625052150341e-03
1.05707666019451862471e-01 -3.50080792827908071629e+00 -1.91476790309237338006e-01 8.81064042257649902012e+01 5.33941905166470873190e-03
1.08275695898662718819e-01 -3.49843648086843028722e+00 -1.91471299536510874972e-01 8.81087044896020046281e+01 5.44581159893287557183e-03
1.10842988615757503945e-01 -3.49607130640171348546e+00 -1.91465665908486654123e-01 8.81109913473831767305e+01 5.55109565021809012175e-03
1.13409526692105272483e-01 -3.49371239296222180215e+00 -1.91459890455083547867e-01 8.81132648434003158400e+01 5.65527326191141935935e-03
1.15975292654212733257e-01 -3.49135972866604626930e+00 -1.91453974202677762451e-01 8.81155250220145944695e+01 5.75834657477456920982e-03
1.18540269033843417845e-01 -3.48901330166007772604e+00 -1.91447918172863662534e-01 8.81177719275611934791e+01 5.86031775213238532302e-03
1.21104438368136405058e-01 -3.48667310012195441615e+00 -1.91441723382481165938e-01 8.81200056043487620627e+01 5.96118897971687541210e-03
1.23667783199725281329e-01 -3.48433911226001313821e+00 -1.91435390843642000425e-01 8.81222260966591193210e+01 6.06096246550958100280e-03
1.26230286076857156630e-01 -3.48201132631324128397e+00 -1.91428921563758180913e-01 8.81244334487467142480e+01 6.15964043958375749577e-03
1.28791929553511097506e-01 -3.47968973055121910676e+00 -1.91422316545566517654e-01 8.81266277048383557258e+01 6.25722515395117119541e-03
1.31352696189517337277e-01 -3.47737431327408064163e+00 -1.91415576787158481231e-01 8.81288089091327009328e+01 6.35371888240252730151e-03
1.33912568550675792345e-01 -3.47506506281245330925e+00 -1.91408703282004183377e-01 8.81309771057998716515e+01 6.44912392035654289529e-03
1.36471529208874592376e-01 -3.47276196752740995422e+00 -1.91401697018979854992e-01 8.81331323389811132074e+01 6.54344258470506041914e-03
1.39029560742209123969e-01 -3.47046501581042532436e+00 -1.91394558982394241697e-01 8.81352746527883397221e+01 6.63667721366053599275e-03
1.41586645735100435939e-01 -3.46817419608331123371e+00 -1.91387290152015360212e-01 8.81374040913037646305e+01 6.72883016660535265840e-03
1.44142766778413616846e-01 -3.46588949679818147942e+00 -1.91379891503094562433e-01 8.81395206985795027776e+01 6.81990382393741351175e-03
1.46697906469576699884e-01 -3.46361090643738744888e+00 -1.91372364006395928593e-01 8.81416245186371725140e+01 6.90990058692614057129e-03
1.49252047412698846118e-01 -3.46133841351028648248e+00 -1.91364708625904128558e-01 8.81437155953123578911e+01 6.99882276508700593154e-03
1.51805172218688999575e-01 -3.45907200656529489891e+00 -1.91356926327638399155e-01 8.81457939728434212157e+01 7.08667300309423053156e-03
1.54357263505374042722e-01 -3.45681167417253565333e+00 -1.91349018067119763797e-01 8.81478596950290551604e+01 7.17345367021497443832e-03
1.56908303897617312783e-01 -3.45455740493480689679e+00 -1.91340984797397251072e-01 8.81499128057642735712e+01 7.25916724908582441239e-03
1.59458276027436895994e-01 -3.45230918748489212788e+00 -1.91332827467157629009e-01 8.81519533489117037561e+01 7.34381624239453974223e-03
1.62007162534123755337e-01 -3.45006701048551223110e+00 -1.91324547020747387505e-01 8.81539813683011175272e+01 7.42740317273285922256e-03
1.64554946064359886027e-01 -3.44783086262926730114e+00 -1.91316144398201604115e-01 8.81559969077290617179e+01 7.50993058244016267050e-03
1.67101609272336831813e-01 -3.44560073263859045767e+00 -1.91307620535264649719e-01 8.81580000109585029122e+01 7.59140103345798053502e-03
1.69647134819873285361e-01 -3.44337660926569277819e+00 -1.91298976363418610225e-01 8.81599907217184579622e+01 7.67181710717523921567e-03
1.72191505376533410265e-01 -3.44115848129251356013e+00 -1.91290212809905157965e-01 8.81619690837036245057e+01 7.75118140428159973360e-03
1.74734703619744774494e-01 -3.43894633753066925053e+00 -1.91281330797750309669e-01 8.81639351405740541168e+01 7.82949654461715348341e-03
1.77276712234916367095e-01 -3.43674016682139882306e+00 -1.91272331245789295462e-01 8.81658889359547117692e+01 7.90676516702457782282e-03
1.79817513915556254078e-01 -3.43453995803551359600e+00 -1.91263215068690511922e-01 8.81678305134352484629e+01 7.98298992919983449457e-03
1.82357091363389622884e-01 -3.43234570007334616193e+00 -1.91253983176979031056e-01 8.81697599165694754220e+01 8.05817350754788573608e-03
1.84895427288476549288e-01 -3.43015738186469887339e+00 -1.91244636477060525603e-01 8.81716771888751793540e+01 8.13231859703339617085e-03
1.87432504409329458994e-01 -3.42797499236878833173e+00 -1.91235175871245777213e-01 8.81735823738336534916e+01 8.20542791103472980707e-03
1.89968305453031172103e-01 -3.42579852057419698141e+00 -1.91225602257771909454e-01 8.81754755148894560079e+01 8.27750418119927756921e-03
1.92502813155352114904e-01 -3.42362795549882115154e+00 -1.91215916530828977660e-01 8.81773566554499410586e+01 8.34855015730052128775e-03
1.95036010260868170052e-01 -3.42146328618639294916e+00 -1.91206119577814054322e-01 8.81792258387184801904e+01 8.41856847255774941308e-03
1.97567879523077832848e-01 -3.41930450171957334149e+00 -1.91196212289979600163e-01 8.81810831083335244784e+01 8.48756216000675321742e-03
2.00098403704520089175e-01 -3.41715159120093447953e+00 -1.91186195547122655958e-01 8.81829285074454531923e+01 8.55553390693925171206e-03
2.02627565576891321975e-01 -3.41500454376509177123e+00 -1.91176070227461997186e-01 8.81847620793092374925e+01 8.62248653380672837321e-03
2.05155347921162689584e-01 -3.41286334857571604928e+00 -1.91165837205283323241e-01 8.81865838671410813276e+01 8.68842287843048927121e-03
2.07681733527697698349e-01 -3.41072799482547717176e+00 -1.91155497350960212888e-01 8.81883939141179240551e+01 8.75334579585902022858e-03
2.10206705196368998090e-01 -3.40859847173599028736e+00 -1.91145051530976967102e-01 8.81901922633772272775e+01 8.81725815822107655828e-03
2.12730245736675399604e-01 -3.40647476855776965010e+00 -1.91134500607952118045e-01 8.81919789580165485177e+01 8.88016285458380523476e-03
2.15252337967859502799e-01 -3.40435687457017088775e+00 -1.91123845440659301254e-01 8.81937540410933422663e+01 8.94206279080923989444e-03
2.17772964719024048064e-01 -3.40224477908134259607e+00 -1.91113086884050376035e-01 8.81955175556245336566e+01 9.00296088941345516721e-03
2.20292108829248989288e-01 -3.40013847142817038360e+00 -1.91102225789276797263e-01 8.81972695445862484576e+01 9.06286008942102684627e-03
2.22809753147708622389e-01 -3.39803794097623068637e+00 -1.91091263003711292479e-01 8.81990100509134720141e+01 9.12176334622955865827e-03
2.25325880533787908933e-01 -3.39594317711973214813e+00 -1.91080199370970787998e-01 8.82007391174997366079e+01 9.17967363146064349588e-03
2.27840473857199465879e-01 -3.39385416939350204046e+00 -1.91069035632989769891e-01 8.82024567872021094672e+01 9.23659392795098295459e-03
2.30353515998100027984e-01 -3.39177090702941086420e+00 -1.91057772821125793072e-01 8.82041631028200043829e+01 9.29252724904076204959e-03
2.32864989847207326523e-01 -3.38969337961482874988e+00 -1.91046411670667576344e-01 8.82058581071257492567e+01 9.34747660939611382802e-03
2.35374878305916024335e-01 -3.38762157665799490402e+00 -1.91034953010424946029e-01 8.82075418428439945728e+01 9.40144504415305060085e-03
2.37883164286414594546e-01 -3.38555548769551784005e+00 -1.91023397665558924974e-01 8.82092143526564456124e+01 9.45443560398011827173e-03
2.40389830711801560925e-01 -3.38349510229233407799e+00 -1.91011746457601938598e-01 8.82108756792013934955e+01 9.50645135493741015587e-03
2.42894860516201405165e-01 -3.38144041003874651352e+00 -1.91000000201866276806e-01 8.82125258649323171767e+01 9.55749525132361908708e-03
2.45398236644881417856e-01 -3.37939140056159992298e+00 -1.90988159717570354923e-01 8.82141649526638218504e+01 9.60757062668789706128e-03
2.47899942054367217192e-01 -3.37734806350792826635e+00 -1.90976225813180688906e-01 8.82157929847778774501e+01 9.65668048033642076322e-03
2.50399959712559072589e-01 -3.37531038855543696897e+00 -1.90964199295921954747e-01 8.82174100037364752325e+01 9.70482793832011698953e-03
2.52898272598847562165e-01 -3.37327836540989745018e+00 -1.90952080969493676044e-01 8.82190160519567427855e+01 9.75201614137962725926e-03
2.55394863704230257184e-01 -3.37125198380509383256e+00 -1.90939871634090430064e-01 8.82206111718107592878e+01 9.79824824480747189059e-03
2.57889716031426352583e-01 -3.36923123350276787491e+00 -1.90927572086423691378e-01 8.82221954056252002374e+01 9.84352741831768032754e-03
2.60382812594993184874e-01 -3.36721610429257633967e+00 -1.90915183119739234607e-01 8.82237687956811527101e+01 9.88785684590361146906e-03
2.62874136421441917388e-01 -3.36520658599202793226e+00 -1.90902705523840282575e-01 8.82253313842135895584e+01 9.93123972570788757230e-03
2.65363670549352448358e-01 -3.36320266844644155668e+00 -1.90890140085105602941e-01 8.82268832134114120436e+01 9.97367926988228063745e-03
2.67851398029489484731e-01 -3.36120434152889080437e+00 -1.90877487586508076678e-01 8.82284243254169240345e+01 1.00151787044584217323e-02
2.70337301924917894347e-01 -3.35921159514014933123e+00 -1.90864748807638512362e-01 8.82299547623256188444e+01 1.00557412692128742004e-02
2.72821365311117669528e-01 -3.35722441920864511644e+00 -1.90851924524720079068e-01 8.82314745661859802794e+01 1.00953702175286628290e-02
2.75303571276099334764e-01 -3.35524280369040717176e+00 -1.90839015510631843098e-01 8.82329837789990421015e+01 1.01340688162681567819e-02
2.77783902920519187862e-01 -3.35326673856901313897e+00 -1.90826022534925893170e-01 8.82344824427182885529e+01 1.01718403456354470477e-02
2.80262343357794374565e-01 -3.35129621385553910784e+00 -1.90812946363847713016e-01 8.82359705992492706628e+01 1.02086880990510647099e-02
2.82738875714217352542e-01 -3.34933121958850987809e+00 -1.90799787760354222499e-01 8.82374482904493646629e+01 1.02446153830098845433e-02
2.85213483129071798672e-01 -3.34737174583384344828e+00 -1.90786547484135010633e-01 8.82389155581275161921e+01 1.02796255169591219114e-02
2.87686148754746129352e-01 -3.34541778268480527458e+00 -1.90773226291627878703e-01 8.82403724440439418686e+01 1.03137218331616521694e-02
2.90156855756849185735e-01 -3.34346932026195409193e+00 -1.90759824936040683907e-01 8.82418189899099019158e+01 1.03469076765655958877e-02
2.92625587314324475674e-01 -3.34152634871097609093e+00 -1.90746344165245024227e-01 8.82432552372843872490e+01 1.03791863014802039633e-02
2.95092326619564693235e-01 -3.33958885821086015611e+00 -1.90732784730047844057e-01 8.82446812279742260898e+01 1.04105612725134879376e-02
2.97557056878526016153e-01 -3.33765683896184350843e+00 -1.90719147372168884580e-01 8.82460970034497051984e+01 1.04410358792279590878e-02
3.00019761310842958402e-01 -3.33573028119315084794e+00 -1.90705432832074778249e-01 8.82475026052233886276e+01 1.04706135159145750924e-02
3.02480423149941946015e-01 -3.33380917516105190757e+00 -1.90691641847094389695e-01 8.82488980747576903241e+01 1.04992975888986983524e-02
3.04939025643155781076e-01 -3.33189351114880372151e+00 -1.90677775151435219270e-01 8.82502834534643341158e+01 1.05270915164050824636e-02
3.07395552051837939178e-01 -3.32998327946660266363e+00 -1.90663833476201943773e-01 8.82516587827043395009e+01 1.05539987284338707130e-02
3.09849985651476145243e-01 -3.32807847045153870624e+00 -1.90649817549415456774e-01 8.82530241037876237442e+01 1.05800226666316280616e-02
3.12302309731806226889e-01 -3.32617907446753724443e+00 -1.90635728096029993806e-01 8.82543794579728597682e+01 1.06051667841648641910e-02
3.14752507596926411892e-01 -3.32428508190531379896e+00 -1.90621565837950923683e-01 8.82557248864671208821e+01 1.06294345455911418141e-02
3.17200562565410182359e-01 -3.32239648318232427826e+00 -1.90607331494051068788e-01 8.82570604304256391970e+01 1.06528294267331045259e-02
3.19646457970420572181e-01 -3.32051326874271568457e+00 -1.90593025780191244190e-01 8.82583861309517345717e+01 1.06753549145522808744e-02
3.22090177159823132236e-01 -3.31863542905726882637e+00 -1.90578649409235995060e-01 8.82597020290962746003e+01 1.06970145070238286528e-02
3.24531703496299839262e-01 -3.31676295462336057085e+00 -1.90564203091068640195e-01 8.82610081658577172448e+01 1.07178117130088332298e-02
3.26971020357461672479e-01 -3.31489583596490433592e+00 -1.90549687532613920560e-01 8.82623045821816560874e+01 1.07377500521314978021e-02
3.29408111135962355931e-01 -3.31303406363230523723e+00 -1.90535103437849684394e-01 8.82635913189607350660e+01 1.07568330546534713515e-02
3.31842959239611323685e-01 -3.31117762838138807169e+00 -1.90520451432736215303e-01 8.82648684170442123786e+01 1.07750642566196413313e-02
3.34275548091486185420e-01 -3.30932652046432185244e+00 -1.90505732366641727937e-01 8.82661359171984543082e+01 1.07924472186755621844e-02
3.36705861130046413265e-01 -3.30748073068298742427e+00 -1.90490946858835996647e-01 8.82673938601651855151e+01 1.08089854975044336038e-02
3.39133881809245474326e-01 -3.30564024969211445182e+00 -1.90476095600414674358e-01 8.82686422865667168480e+01 1.08246826023306440961e-02
3.41559593598643573831e-01 -3.30380506817600316793e+00 -1.90461179283336196066e-01 8.82698812371329637472e+01 1.08395422331564426910e-02
3.43982979983520398282e-01 -3.30197517684193053711e+00 -1.90446198593111848396e-01 8.82711107523827820387e+01 1.08535679248351855930e-02
3.46404024464987525533e-01 -3.30015056642436022116e+00 -1.90431154213589914903e-01 8.82723308728309632443e+01 1.08667632785804206541e-02
3.48822710560100557320e-01 -3.29833122768385056389e+00 -1.90416046825809509579e-01 8.82735416389374307755e+01 1.08791319052552928198e-02
3.51239021801971362802e-01 -3.29651715140701462303e+00 -1.90400877108014232597e-01 8.82747430911070125603e+01 1.08906774252549645721e-02
3.53652941739880488647e-01 -3.29470832840646155049e+00 -1.90385645735671238388e-01 8.82759352696891284040e+01 1.09014034683764561573e-02
3.56064453939388791959e-01 -3.29290474952075173931e+00 -1.90370353381485141187e-01 8.82771182149776194592e+01 1.09113136737055936576e-02
3.58473541982449628307e-01 -3.29110640561435374707e+00 -1.90355000715414779400e-01 8.82782919672105919062e+01 1.09204116894920655323e-02
3.60880189467520207103e-01 -3.28931328757758834058e+00 -1.90339588404687509726e-01 8.82794565665700332602e+01 1.09287011730312046826e-02
3.63284380009673946166e-01 -3.28752538632658364293e+00 -1.90324117113819996083e-01 8.82806120531817981600e+01 1.09361857905442907968e-02
3.65686097240711160961e-01 -3.28574269280322983633e+00 -1.90308587504626508524e-01 8.82817584671151962539e+01 1.09428692170592586214e-02
3.68085324809271363655e-01 -3.28396519797512409511e+00 -1.90293000236240406053e-01 8.82828958483828500903e+01 1.09487551362883739348e-02
3.70482046380943785824e-01 -3.28219289283553150582e+00 -1.90277355965126959703e-01 8.82840242369405387990e+01 1.09538472405159605094e-02
3.72876245638379399949e-01 -3.28042576840333222066e+00 -1.90261655345100505476e-01 8.82851436726868996629e+01 1.09581492304745842237e-02
3.75267906281401164570e-01 -3.27866381572297438396e+00 -1.90245899027337822540e-01 8.82862541954632007446e+01 1.09616648152296922158e-02
3.77657012027115768227e-01 -3.27690702586442794697e+00 -1.90230087660394647786e-01 8.82873558450531987774e+01 1.09643977120601355396e-02
3.80043546610023985632e-01 -3.27515538992313803845e+00 -1.90214221890219303823e-01 8.82884486611828833702e+01 1.09663516463445256943e-02
3.82427493782131422417e-01 -3.27340889901947251772e+00 -1.90198302359544962892e-01 8.82895326834959490725e+01 1.09675303210344070315e-02
3.84808837313059592944e-01 -3.27166754430064132819e+00 -1.90182329710346903484e-01 8.82906079516486670400e+01 1.09679375353802666809e-02
3.87187560990155776874e-01 -3.26993131693776506452e+00 -1.90166304580273226588e-01 8.82916745051701639113e+01 1.09675770104998848709e-02
3.89563648618604152496e-01 -3.26820020812771661056e+00 -1.90150227604995752939e-01 8.82927323835533002239e+01 1.09664525029811565221e-02
3.91937084021535264711e-01 -3.26647420909260421951e+00 -1.90134099417657048692e-01 8.82937816262320893657e+01 1.09645677769230290993e-02
3.94307851040136658760e-01 -3.26475331107973021361e+00 -1.90117920648880361911e-01 8.82948222725815554668e+01 1.09619266038297035609e-02
3.96675933533762792305e-01 -3.26303750536154435480e+00 -1.90101691926786470210e-01 8.82958543619175060257e+01 1.09585327624878384883e-02
3.99041315380044780969e-01 -3.26132678323559677125e+00 -1.90085413877007475270e-01 8.82968779334962619032e+01 1.09543900388558244213e-02
4.01403980475000310424e-01 -3.25962113602448999572e+00 -1.90069087122702318204e-01 8.82978930265146289003e+01 1.09495022259512748974e-02
4.03763912733143492950e-01 -3.25792055507583633300e+00 -1.90052712284567354439e-01 8.82988996801094998546e+01 1.09438731237341945607e-02
4.06121096087593724810e-01 -3.25622503176221211874e+00 -1.90036289980856920590e-01 8.82998979333577977968e+01 1.09375065389926019038e-02
4.08475514490185875882e-01 -3.25453455748110798140e+00 -1.90019820827389357421e-01 8.83008878252761917338e+01 1.09304062852353025409e-02
4.10827151911578702936e-01 -3.25284912365488665387e+00 -1.90003305437568020819e-01 8.83018693948209687505e+01 1.09225761825733728994e-02
4.13175992341364761717e-01 -3.25116872196937922723e+00 -1.89986744390612027900e-01 8.83028426809012501053e+01 1.09140200547899000189e-02
4.15522019788178931243e-01 -3.24949334342812923282e+00 -1.89970138362453355718e-01 8.83038077223253026204e+01 1.09047417406774958121e-02
4.17865218279807715263e-01 -3.24782297975787503930e+00 -1.89953487924089198247e-01 8.83047645578799773602e+01 1.08947450765149705249e-02
4.20205571863297211443e-01 -3.24615762248001615831e+00 -1.89936793679405524493e-01 8.83057132262778878840e+01 1.08840339077119121342e-02
4.22543064605062523853e-01 -3.24449726314059638810e+00 -1.89920056229939154813e-01 8.83066537661702142259e+01 1.08726120857225490995e-02
4.24877680590995954191e-01 -3.24284189331025807235e+00 -1.89903276174891777472e-01 8.83075862161466176303e+01 1.08604834679397778407e-02
4.27209403926575026489e-01 -3.24119150458419991168e+00 -1.89886454111142105594e-01 8.83085106147348852801e+01 1.08476519175773229720e-02
4.29538218736971288969e-01 -3.23954608858213477518e+00 -1.89869590633260976187e-01 8.83094270004009445074e+01 1.08341213035699681505e-02
4.31864109167158116698e-01 -3.23790563694823863017e+00 -1.89852686333523257289e-01 8.83103354115484222575e+01 1.08198955004507827576e-02
4.34187059382018403220e-01 -3.23627014135111457094e+00 -1.89835741801920893090e-01 8.83112358865187303536e+01 1.08049783882545307606e-02
4.36507053566452751792e-01 -3.23463959348373863989e+00 -1.89818757626177697651e-01 8.83121284635906533822e+01 1.07893738524017616942e-02
4.38824075925487055994e-01 -3.23301398506342607675e+00 -1.89801734391760540399e-01 8.83130131809803202714e+01 1.07730857835885620449e-02
4.41138110684379691762e-01 -3.23139330783177980422e+00 -1.89784672681892030432e-01 8.83138900768408916520e+01 1.07561180776867149761e-02
4.43449142088729597599e-01 -3.22977755355465179221e+00 -1.89767573077564616346e-01 8.83147591892624888033e+01 1.07384746356244155374e-02
4.45757154404582744966e-01 -3.22816671402210042530e+00 -1.89750436157551050087e-01 8.83156205562719236468e+01 1.07201593632916276216e-02
4.48062131918540051956e-01 -3.22656078104833676790e+00 -1.89733262498420734987e-01 8.83164742158325708488e+01 1.07011761714189274075e-02
4.50364058937863631638e-01 -3.22495974647169703076e+00 -1.89716052674548052437e-01 8.83173202058441404461e+01 1.06815289754806416050e-02
4.52662919790584206137e-01 -3.22336360215458839207e+00 -1.89698807258126184161e-01 8.83181585641425499489e+01 1.06612216955845728189e-02
4.54958698825607410487e-01 -3.22177233998344680899e+00 -1.89681526819182044719e-01 8.83189893284996969669e+01 1.06402582563673887839e-02
4.57251380412820318533e-01 -3.22018595186870193459e+00 -1.89664211925584635932e-01 8.83198125366233171007e+01 1.06186425868847675313e-02
4.59540948943198301890e-01 -3.21860442974472560351e+00 -1.89646863143058758139e-01 8.83206282261567423575e+01 1.05963786205092516668e-02
4.61827388828911278296e-01 -3.21702776556979497258e+00 -1.89629481035198027561e-01 8.83214364346788443072e+01 1.05734702948260331223e-02
4.64110684503429071768e-01 -3.21545595132604411504e+00 -1.89612066163474979330e-01 8.83222371997036788116e+01 1.05499215515224772921e-02
4.66390820421628160553e-01 -3.21388897901943426660e+00 -1.89594619087255111811e-01 8.83230305586805428675e+01 1.05257363362896254333e-02
4.68667781059897148310e-01 -3.21232684067969520569e+00 -1.89577140363806212475e-01 8.83238165489935340702e+01 1.05009185987146522190e-02
4.70941550916242568370e-01 -3.21076952836029638760e+00 -1.89559630548313096110e-01 8.83245952079616074570e+01 1.04754722921762896681e-02
4.73212114510394632472e-01 -3.20921703413839942698e+00 -1.89542090193886597627e-01 8.83253665728382770794e+01 1.04494013737447544177e-02
4.75479456383912424400e-01 -3.20766935011482079432e+00 -1.89524519851576395135e-01 8.83261306808114881051e+01 1.04227098040722467726e-02
4.77743561100288705035e-01 -3.20612646841398163389e+00 -1.89506920070380169285e-01 8.83268875690033752335e+01 1.03954015472970656003e-02
4.80004413245055938653e-01 -3.20458838147549629483e+00 -1.89489291427524103595e-01 8.83276372744863493836e+01 1.03674805709535675091e-02
4.82261997425890265312e-01 -3.20305508089804735761e+00 -1.89471634414950074188e-01 8.83283798342188362085e+01 1.03389508461345421692e-02
4.84516298272717305107e-01 -3.20152655915812456300e+00 -1.89453949598825666101e-01 8.83291152851403040813e+01 1.03098163465155413798e-02
4.86767300437815575442e-01 -3.20000280847418228092e+00 -1.89436237520091671493e-01 8.83298436641081678999e+01 1.02800810491423533222e-02
4.89014988595922406311e-01 -3.19848382108808504398e+00 -1.89418498717693589706e-01 8.83305650079133215513e+01 1.02497489340319224843e-02
4.91259347444337080013e-01 -3.19696958926505780951e+00 -1.89400733728598558159e-01 8.83312793532797968510e+01 1.02188239840753612719e-02
4.93500361703025469673e-01 -3.19546010529365220876e+00 -1.89382943087801153270e-01 8.83319867368647066996e+01 1.01873101849285167125e-02
4.95738016114724178163e-01 -3.19395536148570569068e+00 -1.89365127328335991486e-01 8.83326871952580887637e+01 1.01552115249216243220e-02
4.97972295445044454976e-01 -3.19245535017629666896e+00 -1.89347286981289969487e-01 8.83333807649826638908e+01 1.01225319949514291212e-02
5.00203184482575280434e-01 -3.19096006372371387982e+00 -1.89329422575809314111e-01 8.83340674824938218990e+01 1.00892755883902028591e-02
5.02430668038987948698e-01 -3.18946949450940486770e+00 -1.89311534639116957335e-01 8.83347473841791810401e+01 1.00554463009750790631e-02
5.04654730949138929930e-01 -3.18798363493794711943e+00 -1.89293623696512619548e-01 8.83354205063587585300e+01 1.00210481307163937204e-02
5.06875358071172565921e-01 -3.18650247743700143488e+00 -1.89275690271393709496e-01 8.83360868852845584343e+01 9.98608507779792133052e-03
5.09092534286625153506e-01 -3.18502601445449640138e+00 -1.89257734881374400926e-01 8.83367465570054974933e+01 9.95056095614406388439e-03
5.11306244500527418140e-01 -3.18355423846953256017e+00 -1.89239758053588641440e-01 8.83373995578986495048e+01 9.91448013462856679590e-03
5.13516473641507098513e-01 -3.18208714197618336428e+00 -1.89221760302124897279e-01 8.83380459238844508718e+01 9.87784644237608804029e-03
5.15723206661891864222e-01 -3.18062471749406272536e+00 -1.89203742142851821795e-01 8.83386856909416025019e+01 9.84066388724496622642e-03
5.17926428537812011399e-01 -3.17916695756568179476e+00 -1.89185704089785106108e-01 8.83393188949800389764e+01 9.80293647877373414135e-03
5.20126124269301826075e-01 -3.17771385475639789320e+00 -1.89167646655095611496e-01 8.83399455718408290750e+01 9.76466822808515731713e-03
5.22322278880402501855e-01 -3.17626540165438830954e+00 -1.89149570349113449463e-01 8.83405657572960052448e+01 9.72586314779347316239e-03
5.24514877419263836344e-01 -3.17482159087060855640e+00 -1.89131475680346688995e-01 8.83411794870483930708e+01 9.68652525190026418567e-03
5.26703904958246260648e-01 -3.17338241503874485261e+00 -1.89113363155486685629e-01 8.83417867967313981126e+01 9.64665855570398002305e-03
5.28889346594021980685e-01 -3.17194786681519635962e+00 -1.89095233279416907735e-01 8.83423877219090485369e+01 9.60626707570331507535e-03
5.31071187447676895665e-01 -3.17051793887902011448e+00 -1.89077086555221846043e-01 8.83429822980755119488e+01 9.56535482950036236582e-03
5.33249412664811961449e-01 -3.16909262393189639084e+00 -1.89058923484202084930e-01 8.83435705606552232894e+01 9.52392583570211767596e-03
5.35424007415643554708e-01 -3.16767191469810382998e+00 -1.89040744565875856731e-01 8.83441525450027143052e+01 9.48198411383719200196e-03
5.37594956895105391403e-01 -3.16625580426767427866e+00 -1.89022550417226792296e-01 8.83447282864202065866e+01 9.43953368778968800179e-03
5.39762246322948779920e-01 -3.16484428473494627809e+00 -1.89004341308735168692e-01 8.83452978200863441316e+01 9.39657857206268459782e-03
5.41925860943843207274e-01 -3.16343734922374153484e+00 -1.88986117841741824153e-01 8.83458611811621210563e+01 9.35312279141196391274e-03
5.44085786027477369409e-01 -3.16203499054831294046e+00 -1.88967880508786850724e-01 8.83464184047205094430e+01 9.30917036808089071176e-03
5.46242006868658758201e-01 -3.16063720154531813122e+00 -1.88949629800677920688e-01 8.83469695257637397390e+01 9.26472532474888720022e-03
5.48394508787414136641e-01 -3.15924397507378662553e+00 -1.88931366206505330085e-01 8.83475145792231160158e+01 9.21979168445108757113e-03
5.50543277129089347888e-01 -3.15785530401507497089e+00 -1.88913090213643053428e-01 8.83480535999589449148e+01 9.17437347048503243352e-03
5.52688297264449235335e-01 -3.15647118127283832223e+00 -1.88894802307761788818e-01 8.83485866227602230083e+01 9.12847470630681959158e-03
5.54829554589777229623e-01 -3.15509159977299180611e+00 -1.88876502972838422600e-01 8.83491136823447078541e+01 9.08209941545015143893e-03
5.56967034526974602571e-01 -3.15371655246367899039e+00 -1.88858192691158305321e-01 8.83496348133586479889e+01 9.03525162143504687040e-03
5.59100722523659832142e-01 -3.15234603231522569899e+00 -1.88839871943334652871e-01 8.83501500503765271333e+01 8.98793534766345429687e-03
5.61230604053267856379e-01 -3.15098003232011603103e+00 -1.88821541208306797888e-01 8.83506594279011636672e+01 8.94015461734489792767e-03
5.63356664615148439168e-01 -3.14961854549295550143e+00 -1.88803200963353845498e-01 8.83511629803633553593e+01 8.89191345339319753893e-03
5.65478889734665535194e-01 -3.14826156487042840837e+00 -1.88784851684102084057e-01 8.83516607421217941010e+01 8.84321587834301613140e-03
5.67597264963295100593e-01 -3.14690908351127385245e+00 -1.88766493844534810620e-01 8.83521527474630090637e+01 8.79406591425243265581e-03
5.69711775878724790978e-01 -3.14556109449623999552e+00 -1.88748127916995772635e-01 8.83526390306010398490e+01 8.74446758262311697740e-03
5.71822408084950328799e-01 -3.14421759092805785940e+00 -1.88729754372203711865e-01 8.83531196256774791209e+01 8.69442490429893008463e-03
5.73929147212374757281e-01 -3.14287856593140801920e+00 -1.88711373679251920299e-01 8.83535945667611741783e+01 8.64394189938708437659e-03
5.76031978917906362092e-01 -3.14154401265287930300e+00 -1.88692986305627197208e-01 8.83540638878482127438e+01 8.59302258716312244990e-03
5.78130888885055260751e-01 -3.14021392426093814976e+00 -1.88674592717211042636e-01 8.83545276228616245362e+01 8.54167098597993085241e-03
5.80225862824032101450e-01 -3.13888829394589974342e+00 -1.88656193378281489270e-01 8.83549858056514239024e+01 8.48989111318915710969e-03
5.82316886471844319395e-01 -3.13756711491988315998e+00 -1.88637788751537138765e-01 8.83554384699942687575e+01 8.43768698503946992795e-03
5.84403945592394169495e-01 -3.13625038078682205622e+00 -1.88619379512449419911e-01 8.83558856496117215329e+01 8.38506262306172242549e-03
5.86487025976574760655e-01 -3.13493808407349705547e+00 -1.88600965710550877441e-01 8.83563273780976743410e+01 8.33202202878395060959e-03
5.88566113442367422337e-01 -3.13363021841618394348e+00 -1.88582548000599037330e-01 8.83567636890258256699e+01 8.27856922049098609140e-03
5.90641193834937960894e-01 -3.13232677711388740605e+00 -1.88564126839068119112e-01 8.83571946158784271574e+01 8.22470820917314653087e-03
5.92712253026733248973e-01 -3.13102775348727302429e+00 -1.88545702680878224378e-01 8.83576201920638339971e+01 8.17044300429687134213e-03
5.94779276917577259809e-01 -3.12973314087860421395e+00 -1.88527275979409464357e-01 8.83580404509160928228e+01 8.11577761370274944341e-03
5.96842251434767101514e-01 -3.12844293265173067908e+00 -1.88508847186507594307e-01 8.83584554256951832940e+01 8.06071604353011776645e-03
5.98901162533168496260e-01 -3.12715712219204711175e+00 -1.88490416752491340979e-01 8.83588651495866201913e+01 8.00526229812434202138e-03
6.00955996195312258656e-01 -3.12587570290646077353e+00 -1.88471985126154678580e-01 8.83592696557013539405e+01 7.94942037995763697844e-03
6.03006738431488664709e-01 -3.12459866822336351788e+00 -1.88453552754786479717e-01 8.83596689770757279803e+01 7.89319428954060944847e-03
6.05053375279843597134e-01 -3.12332601159259626300e+00 -1.88435120084164270393e-01 8.83600631466711945450e+01 7.83658802533645018618e-03
6.07095892806472914316e-01 -3.12205772648542456693e+00 -1.88416687558559226012e-01 8.83604521973743430863e+01 7.77960558367673301466e-03
6.09134277105518040507e-01 -3.12079380639449244228e+00 -1.88398255620766591489e-01 8.83608361619966160561e+01 7.72225095867937628286e-03
6.11168514299259779676e-01 -3.11953424483380903354e+00 -1.88379824712079424476e-01 8.83612150732742236414e+01 7.66452814215898715205e-03
6.13198590538213572643e-01 -3.11827903533414874104e+00 -1.88361395265172620883e-01 8.83615889636472360280e+01 7.60644077764088821780e-03
6.15224492001223088877e-01 -3.11702817146102661994e+00 -1.88342967732335331288e-01 8.83619578661316751322e+01 7.54799352687325012662e-03
6.17246204895555039549e-01 -3.11578164678799263143e+00 -1.88324542543635564673e-01 8.83623218130269236781e+01 7.48919004467664059521e-03
6.19263715456992658304e-01 -3.11453945491417227842e+00 -1.88306120134495325047e-01 8.83626808367668559185e+01 7.43003431280795691161e-03
6.21277009949929293064e-01 -3.11330158945989543540e+00 -1.88287700938880808721e-01 8.83630349697095169859e+01 7.37053031031309219961e-03
6.23286074667462219878e-01 -3.11206804406666615037e+00 -1.88269285389309565248e-01 8.83633842441368670961e+01 7.31068201343593182528e-03
6.25290895931486012671e-01 -3.11083881278177853957e+00 -1.88250874247816613050e-01 8.83637286922726161720e+01 7.25049340463965533155e-03
6.27291460092785357894e-01 -3.10961388852943754202e+00 -1.88232467307963613479e-01 8.83640683462107574542e+01 7.18996843689504675640e-03
6.29287753531128202233e-01 -3.10839326538923588217e+00 -1.88214065304618344276e-01 8.83644032380218078515e+01 7.12911108593451778997e-03
6.31279762655358012147e-01 -3.10717693708702968891e+00 -1.88195668664648985136e-01 8.83647333996821231494e+01 7.06792531599459081249e-03
6.33267473903487365661e-01 -3.10596489736969560980e+00 -1.88177277813502741299e-01 8.83650588630913063071e+01 7.00641508810552395697e-03
6.35250873742789323728e-01 -3.10475714000510594204e+00 -1.88158893175227021066e-01 8.83653796600722216681e+01 6.94458436001190067277e-03
6.37229948669889467716e-01 -3.10355365878209310537e+00 -1.88140515172456751491e-01 8.83656958223706823219e+01 6.88243708609145073835e-03
6.39204685210858825073e-01 -3.10235444751043276668e+00 -1.88122144226434889758e-01 8.83660073816553222059e+01 6.81997721727659999419e-03
6.41175069921305018639e-01 -3.10115950002079809877e+00 -1.88103780757016253444e-01 8.83663143695175818948e+01 6.75720870097417519728e-03
6.43141089386463082889e-01 -3.09996881016474867820e+00 -1.88085425182660859189e-01 8.83666168174714812267e+01 6.69413548098206530323e-03
6.45102730221288278578e-01 -3.09878237181468652039e+00 -1.88067077920456710016e-01 8.83669147569534771947e+01 6.63076149741768320484e-03
6.47059979070545909785e-01 -3.09760017886384053654e+00 -1.88048739386112051530e-01 8.83672082193224355251e+01 6.56709068663314295827e-03
6.49012822608903250376e-01 -3.09642222522623411507e+00 -1.88030409993969555016e-01 8.83674972358594033039e+01 6.50312698114054090620e-03
6.50961247541019139007e-01 -3.09524850483665447953e+00 -1.88012090157001460211e-01 8.83677818377674384465e+01 6.43887430952819975888e-03
6.52905240601636016606e-01 -3.09407901165063137228e+00 -1.87993780286825645787e-01 8.83680620561716665406e+01 6.37433659639123021551e-03
6.54844788555668411156e-01 -3.09291373964440019506e+00 -1.87975480793707488969e-01 8.83683379221189255759e+01 6.30951776224387885644e-03
6.56779878198294642111e-01 -3.09175268281488957456e+00 -1.87957192086554591981e-01 8.83686094665777375212e+01 6.24442172345069258094e-03
6.58710496355045971306e-01 -3.09059583555173800207e+00 -1.87938915002956896672e-01 8.83688767204550060796e+01 6.17905240237186497571e-03
6.60636629881896420002e-01 -3.08944319115616616855e+00 -1.87920649121098487511e-01 8.83691397145291830384e+01 6.11341368717324869231e-03
6.62558265665352030815e-01 -3.08829474405146431337e+00 -1.87902395245779535449e-01 8.83693984795493889806e+01 6.04750949077269110699e-03
6.64475390622540684760e-01 -3.08715048831696137199e+00 -1.87884153780659562960e-01 8.83696530461695743952e+01 5.98134371215239182135e-03
6.66387991701300586023e-01 -3.08601041805252318539e+00 -1.87865925128074984229e-01 8.83699034449647768952e+01 5.91492024576368343597e-03
6.68296055880269523897e-01 -3.08487452737854495055e+00 -1.87847709689044822801e-01 8.83701497064308938434e+01 5.84824298144313164949e-03
6.70199570168973357553e-01 -3.08374281043591125240e+00 -1.87829507863273320600e-01 8.83703918609845828769e+01 5.78131580433806704922e-03
6.72098521607914500819e-01 -3.08261526138597874436e+00 -1.87811320049160623835e-01 8.83706299389631766417e+01 5.71414259483979912468e-03
6.73992897268660184906e-01 -3.08149187441054106529e+00 -1.87793146643802588702e-01 8.83708639706245406842e+01 5.64672722849808312456e-03
6.75882684253930277052e-01 -3.08037264371181684908e+00 -1.87774988042998719484e-01 8.83710939861468318668e+01 5.57907357595326461319e-03
6.77767869697685210184e-01 -3.07925756351241153297e+00 -1.87756844641245340677e-01 8.83713200156285978437e+01 5.51118550286139666228e-03
6.79648440765214134629e-01 -3.07814662805529781764e+00 -1.87738716831757496140e-01 8.83715420890884217897e+01 5.44306686981613219167e-03
6.81524384653221182440e-01 -3.07703983160379479500e+00 -1.87720605006461843667e-01 8.83717602364649224000e+01 5.37472153227817016352e-03
6.83395688589913286037e-01 -3.07593716844153242107e+00 -1.87702509555998930946e-01 8.83719744876165975711e+01 5.30615334050609302463e-03
6.85262339835087441742e-01 -3.07483863287244307827e+00 -1.87684430869734020231e-01 8.83721848723216538701e+01 5.23736613947431428606e-03
6.87124325680216641032e-01 -3.07374421922072338376e+00 -1.87666369335758365100e-01 8.83723914202779923244e+01 5.16836376880248915544e-03
6.88981633448537245101e-01 -3.07265392217781574402e+00 -1.87648325893638445727e-01 8.83725941611187408853e+01 5.09915007372925641743e-03
6.90834250495134805092e-01 -3.07156773541724437138e+00 -1.87630299863049299081e-01 8.83727931243494850833e+01 5.02972886168626034248e-03
6.92682164207029549274e-01 -3.07048565366709036439e+00 -1.87612292143707837244e-01 8.83729883394415480780e+01 4.96010396607756993276e-03
6.94525362003264090660e-01 -3.06940767133227820906e+00 -1.87594303118746225101e-01 8.83731798357700313318e+01 4.89027920439569219191e-03
6.96363831334987137822e-01 -3.06833378283787538976e+00 -1.87576333170059950106e-01 8.83733676426289491701e+01 4.82025838841813446950e-03
6.98197559685539759222e-01 -3.06726398262907062886e+00 -1.87558382678289697898e-01 8.83735517892312572030e+01 4.75004532414262121282e-03
7.00026534570540759361e-01 -3.06619826517114635323e+00 -1.87540452022826292788e-01 8.83737323047086817951e+01 4.67964381171209493210e-03
7.01850743537971277775e-01 -3.06513662494946403925e+00 -1.87522541581825907819e-01 8.83739092181114500590e+01 4.60905764534209026750e-03
7.03670174168260054159e-01 -3.06407905646943179434e+00 -1.87504651732208260650e-01 8.83740825584083893318e+01 4.53829061325283517753e-03
7.05484814074367139192e-01 -3.06302555425648570520e+00 -1.87486782849643873750e-01 8.83742523544866003249e+01 4.46734649760389002787e-03
7.07294650901869381698e-01 -3.06197611285606896558e+00 -1.87468935308592127287e-01 8.83744186351514855460e+01 4.39622907441468598055e-03
7.09099672329043584362e-01 -3.06093072683360745145e+00 -1.87451109482276195850e-01 8.83745814291265361362e+01 4.32494211350346446227e-03
7.10899866066950880672e-01 -3.05988939077449639825e+00 -1.87433305742685740736e-01 8.83747407650532466050e+01 4.25348937841441964575e-03
7.12695219859520112671e-01 -3.05885209928406487379e+00 -1.87415524460594423717e-01 8.83748966714910153541e+01 4.18187462634727041139e-03
7.14485721483631763817e-01 -3.05781884698756112329e+00 -1.87397766005563876091e-01 8.83750491769168746714e+01 4.11010160809346849348e-03
7.16271358749200004468e-01 -3.05678962882521698674e+00 -1.87380031436137239886e-01 8.83751983094722248779e+01 4.03817360319082014480e-03
7.18052119499257623936e-01 -3.05576443886792548099e+00 -1.87362319787331949028e-01 8.83753440979662485688e+01 3.96609526177018733434e-03
7.19827991610036854730e-01 -3.05474327209800655680e+00 -1.87344632069710498312e-01 8.83754865703845950975e+01 3.89386986685829076735e-03
7.21598962991052972349e-01 -3.05372612322002279228e+00 -1.87326968648108910243e-01 8.83756257548741928076e+01 3.82150114290949732138e-03
7.23365021585186451780e-01 -3.05271298695832049575e+00 -1.87309329886154979361e-01 8.83757616794989218079e+01 3.74899280762717697704e-03
7.25126155368765124010e-01 -3.05170385805703681115e+00 -1.87291716146281372879e-01 8.83758943722397418696e+01 3.67634857189789174617e-03
7.26882352351645444344e-01 -3.05069873128007440499e+00 -1.87274127789724992299e-01 8.83760238609945787402e+01 3.60357213972655561138e-03
7.28633600577295093004e-01 -3.04969760141107260054e+00 -1.87256565176521894145e-01 8.83761501735780115041e+01 3.53066720816562918533e-03
7.30379888122873355272e-01 -3.04870046325340338100e+00 -1.87239028665523776773e-01 8.83762733377213294261e+01 3.45763746725355610931e-03
7.32121203099313277995e-01 -3.04770731163013319787e+00 -1.87221518614399534686e-01 8.83763933810723045781e+01 3.38448659994667819251e-03
7.33857533651401716668e-01 -3.04671814138401630956e+00 -1.87204035379618938251e-01 8.83765103311950923626e+01 3.31121828205299109302e-03
7.35588867957860936819e-01 -3.04573294737747302108e+00 -1.87186579316474227541e-01 8.83766242155701888805e+01 3.23783618217065530948e-03
7.37315194231428105986e-01 -3.04475172449257103224e+00 -1.87169150779067899881e-01 8.83767350615941325032e+01 3.16434396161520848506e-03
7.39036500718936339993e-01 -3.04377446786587313454e+00 -1.87151750934477834054e-01 8.83768428965942405284e+01 3.09074528471698414117e-03
7.40752775701394416963e-01 -3.04280117193779009455e+00 -1.87134378561961300935e-01 8.83769477477703304658e+01 3.01704377805812017088e-03
7.42464007494066491333e-01 -3.04183183189291117543e+00 -1.87117034773560869665e-01 8.83770496422808804482e+01 2.94324309041431309009e-03
7.44170184446551918889e-01 -3.04086644269147754471e+00 -1.87099719918802753771e-01 8.83771486071859015965e+01 2.86934685334819901056e-03
7.45871294942864193622e-01 -3.03990499931326452199e+00 -1.87082434346064030439e-01 8.83772446694609215001e+01 2.79535869083005327623e-03
7.47567327401510439699e-01 -3.03894749675757669394e+00 -1.87065178402539555869e-01 8.83773378559970268498e+01 2.72128221917022948897e-03
7.49258270275569682184e-01 -3.03799393004322082490e+00 -1.87047952434263087262e-01 8.83774281936005081661e+01 2.64712104694834679530e-03
7.50944112052772227983e-01 -3.03704429420848098786e+00 -1.87030756786106006073e-01 8.83775157089928455889e+01 2.57287877496099144300e-03
7.52624841255577603505e-01 -3.03609858431112433763e+00 -1.87013591801781897672e-01 8.83776004288106378226e+01 2.49855899615541348149e-03
7.54300446441252492313e-01 -3.03515679542836780413e+00 -1.86996457823843414969e-01 8.83776823796054600280e+01 2.42416529556471879378e-03
7.55970916201949338920e-01 -3.03421892265686032886e+00 -1.86979355193678614677e-01 8.83777615878436506591e+01 2.34970125025145588904e-03
7.57636239164782954170e-01 -3.03328496111267087443e+00 -1.86962284251534244239e-01 8.83778380799062830420e+01 2.27517042923948593913e-03
7.59296403991909008013e-01 -3.03235490608317004302e+00 -1.86945246263766240435e-01 8.83779118821037599218e+01 2.20057640226401602865e-03
7.60951399380600634892e-01 -3.03142875239922160446e+00 -1.86928239776525756399e-01 8.83779830206175063267e+01 2.12592270510513197540e-03
7.62601214063325594239e-01 -3.03050649540395555803e+00 -1.86911265994526482048e-01 8.83780515215861441902e+01 2.05121289053552960727e-03
7.64245836807822653824e-01 -3.02958813029066531541e+00 -1.86894325253531584652e-01 8.83781174110484357698e+01 1.97645049482873119695e-03
7.65885256417178750254e-01 -3.02867365227195239896e+00 -1.86877417888166752480e-01 8.83781807149572671278e+01 1.90163904592210129818e-03
7.67519461729904151071e-01 -3.02776305657974331709e+00 -1.86860544231901598566e-01 8.83782414591795770775e+01 1.82678206335382402499e-03
7.69148441620009615249e-01 -3.02685633846524027035e+00 -1.86843704617068867568e-01 8.83782996694961155981e+01 1.75188305819952644740e-03
7.70772184997081555302e-01 -3.02595349319893491824e+00 -1.86826899374852528624e-01 8.83783553716014864676e+01 1.67694553301917024905e-03
7.72390680806357088350e-01 -3.02505451607056796703e+00 -1.86810128835297906136e-01 8.83784085911039340999e+01 1.60197298179428401083e-03
7.74003918028800530493e-01 -3.02415940238913760751e+00 -1.86793393327315926378e-01 8.83784593535251730145e+01 1.52696888987037386089e-03
7.75611885681177226637e-01 -3.02326814748287597823e+00 -1.86776693178672181794e-01 8.83785076843003878366e+01 1.45193673389415705936e-03
7.77214572816129045663e-01 -3.02238074675409329473e+00 -1.86760029745960759451e-01 8.83785536087935099658e+01 1.37687998856254184554e-03
7.78811968522248321278e-01 -3.02149719542916983528e+00 -1.86743401363768019019e-01 8.83785971522361819552e+01 1.30180209987481925946e-03
7.80404061924152570029e-01 -3.02061748897515380818e+00 -1.86726809321081071991e-01 8.83786383398178259085e+01 1.22670652436587574070e-03
7.81990842182558654194e-01 -3.01974162279668112419e+00 -1.86710253941262588340e-01 8.83786771966260999989e+01 1.15159670332542931996e-03
7.83572298494356056509e-01 -3.01886959231755014343e+00 -1.86693735546535982683e-01 8.83787137476616209142e+01 1.07647606906269115157e-03
7.85148420092680932036e-01 -3.01800139298066927296e+00 -1.86677254457988023306e-01 8.83787480178376370077e+01 1.00134804484217966071e-03
7.86719196246989271870e-01 -3.01713702024807961521e+00 -1.86660810995593423600e-01 8.83787800319799998761e+01 9.26216044828677550690e-04
7.88284616263129733760e-01 -3.01627646960091677641e+00 -1.86644405478177149993e-01 8.83788098148270648835e+01 8.51083474037802700622e-04
7.89844669483416361722e-01 -3.01541973653942108058e+00 -1.86628038223450393174e-01 8.83788373910296627400e+01 7.75953728274999133402e-04
7.91399345286702082802e-01 -3.01456681658292069415e+00 -1.86611709547983950497e-01 8.83788627851507442301e+01 7.00830194071704395964e-04
7.92948633088449872375e-01 -3.01371770526981030969e+00 -1.86595419767239284470e-01 8.83788860216654938995e+01 6.25716248646584561124e-04
7.94492522340805029657e-01 -3.01287239806773454731e+00 -1.86579170380969133758e-01 8.83789071249788804607e+01 5.50615264705427132595e-04
7.96031002532667897320e-01 -3.01203089068615437185e+00 -1.86562959409251633014e-01 8.83789261193556399121e+01 4.75530591349299926966e-04
7.97564063189764360651e-01 -3.01119317867169744574e+00 -1.86546788275827268855e-01 8.83789430290234037102e+01 4.00465581969550914535e-04
7.99091693874717567958e-01 -3.01035925763841261116e+00 -1.86530657291761686745e-01 8.83789578781047566736e+01 3.25423575941970850359e-04
8.00613884187118873825e-01 -3.00952912321935839302e+00 -1.86514566767014194903e-01 8.83789706906339631587e+01 2.50407903055203169985e-04
8.02130623763599115428e-01 -3.00870277106656214272e+00 -1.86498517010417697026e-01 8.83789814905566402103e+01 1.75421883437068358959e-04
8.03641902277898334539e-01 -3.00788019685102758771e+00 -1.86482508329671226033e-01 8.83789903017297717724e+01 1.00468827519753175527e-04
8.05147709440937053849e-01 -3.00706139626272195287e+00 -1.86466541031371113579e-01 8.83789971479216376338e+01 2.55520359739564851111e-05
8.06648035000885443857e-01 -3.00624636501056885507e+00 -1.86450615420995585714e-01 8.83790020528116144760e+01 -4.93252003366401327962e-05
8.08142868743233711015e-01 -3.00543509862509683472e+00 -1.86434733041432765255e-01 8.83790050400097157990e+01 -1.24159598127128245138e-04
8.09632200490861042574e-01 -3.00462759319009453662e+00 -1.86418891799587344016e-01 8.83790061329794411904e+01 -1.98947890552529768528e-04
8.11116020104105994726e-01 -3.00382384432474758285e+00 -1.86403093159353411279e-01 8.83790053551511363139e+01 -2.73686814504232379421e-04
8.12594317480834105183e-01 -3.00302384781309861239e+00 -1.86387337421819621053e-01 8.83790027298475706630e+01 -3.48373118884923789907e-04
8.14067082556508059277e-01 -3.00222759945804185122e+00 -1.86371624886973508151e-01 8.83789982803019995572e+01 -4.23003562667329099586e-04
8.15534305304254858449e-01 -3.00143509508137551478e+00 -1.86355955853686444668e-01 8.83789920296582636183e+01 -4.97574914952163055090e-04
8.16995975734935098167e-01 -3.00064633052374274413e+00 -1.86340330619696542547e-01 8.83789840009703908663e+01 -5.72083955012389947480e-04
8.18452083897210691532e-01 -2.99986130164465469861e+00 -1.86324749481665552509e-01 8.83789742172027814604e+01 -6.46527472344815318413e-04
8.19902619877612370836e-01 -2.99908000432247368039e+00 -1.86309212735102064373e-01 8.83789627012298382169e+01 -7.20902266728547930219e-04
8.21347573800607411165e-01 -2.99830243410004859683e+00 -1.86293721993999877862e-01 8.83789494755788069824e+01 -7.95205716018284811120e-04
8.22786935828667020942e-01 -2.99752858752799689057e+00 -1.86278274997485338016e-01 8.83789345634527165885e+01 -8.69433520280501049952e-04
8.24220696162332733259e-01 -2.99675846025247949456e+00 -1.86262873276287155289e-01 8.83789179872042325314e+01 -9.43583063356054135493e-04
8.25648845040284129482e-01 -2.99599204822646836277e+00 -1.86247517121547911945e-01 8.83788997693471429784e+01 -1.01765118662852692769e-03
8.27071372739403898322e-01 -2.99522934742170932054e+00 -1.86232206823306017940e-01 8.83788799323048408496e+01 -1.09163474201324768413e-03
8.28488269574845448417e-01 -2.99447035382873627540e+00 -1.86216942670458296405e-01 8.83788584984100964448e+01 -1.16553059199645436990e-03
8.29899525900098078424e-01 -2.99371506345685123307e+00 -1.86201724950831620786e-01 8.83788354899051427083e+01 -1.23933560969575031277e-03
8.31305132107052369150e-01 -2.99296347233414294919e+00 -1.86186553951132593987e-01 8.83788109289413625902e+01 -1.31304667889794632850e-03
8.32705078626066685921e-01 -2.99221557602783549967e+00 -1.86171431335189596634e-01 8.83787848376058633448e+01 -1.38666069636682841304e-03
8.34099355926031127417e-01 -2.99147137147480668418e+00 -1.86156354718143512983e-01 8.83787572378173962306e+01 -1.46017456261370980747e-03
8.35487954514433028841e-01 -2.99073085435787744402e+00 -1.86141325678251257081e-01 8.83787281514788247705e+01 -1.53358519618164912054e-03
8.36870864937421798935e-01 -2.98999402077935139133e+00 -1.86126344497802603817e-01 8.83786976003773787625e+01 -1.60688952403331762435e-03
8.38248077779872757809e-01 -2.98926086686019898409e+00 -1.86111411458006081876e-01 8.83786656062090258956e+01 -1.68008448403688596777e-03
8.39619583665451307830e-01 -2.98853138874014723214e+00 -1.86096526838922970981e-01 8.83786321905783012198e+01 -1.75316702502580101276e-03
8.40985373256677326559e-01 -2.98780558257760331387e+00 -1.86081690919543657481e-01 8.83785973749981792480e+01 -1.82613410683890912099e-03
8.42345437254987894349e-01 -2.98708344454971141957e+00 -1.86066903977754161126e-01 8.83785611808900455344e+01 -1.89898270036970885644e-03
8.43699766400801687283e-01 -2.98636497018812985260e+00 -1.86052167748607250042e-01 8.83785236296155005675e+01 -1.97170979168434252343e-03
8.45048351473580483528e-01 -2.98565015692750312937e+00 -1.86037479680920547764e-01 8.83784847423513895137e+01 -2.04431236544507172539e-03
8.46391183291893445251e-01 -2.98493900043325677274e+00 -1.86022841421295215270e-01 8.83784445402727385499e+01 -2.11678743029012359292e-03
8.47728252713479291103e-01 -2.98423149695635414602e+00 -1.86008253243174520586e-01 8.83784030444332984189e+01 -2.18913200177853249986e-03
8.49059550635307469513e-01 -2.98352764276640858299e+00 -1.85993715418902583192e-01 8.83783602757946908923e+01 -2.26134310674987615980e-03
8.50385067993641552420e-01 -2.98282743415170470413e+00 -1.85979228219736419936e-01 8.83783162552261956080e+01 -2.33341778338115807614e-03
8.51704795764099964472e-01 -2.98213086741920108125e+00 -1.85964791915814747769e-01 8.83782710035048069130e+01 -2.40535308120933769699e-03
8.53018724961718044497e-01 -2.98143793809162005459e+00 -1.85950408256632365722e-01 8.83782245413515283872e+01 -2.47714606686481918565e-03
8.54326846641008552652e-01 -2.98074864399542827087e+00 -1.85936074638462484065e-01 8.83781768892887100719e+01 -2.54879380103477728992e-03
8.55629151896023509849e-01 -2.98006298080077947077e+00 -1.85921792722435974543e-01 8.83781280678487348723e+01 -2.62029337358737684713e-03
8.56925631860413927754e-01 -2.97938094488815785610e+00 -1.85907562774219242696e-01 8.83780780974380348880e+01 -2.69164187998771099741e-03
8.58216277707490537985e-01 -2.97870253265668250009e+00 -1.85893385058443688651e-01 8.83780269983700037528e+01 -2.76283642729610937061e-03
8.59501080650284077223e-01 -2.97802774052410024197e+00 -1.85879259838571370134e-01 8.83779747908651529542e+01 -2.83387413420493851010e-03
8.60780031941604684143e-01 -2.97735656492682432273e+00 -1.85865187377070889552e-01 8.83779214950508276161e+01 -2.90475213109226380881e-03
8.62053122874101962481e-01 -2.97668900132270808356e+00 -1.85851169463255444514e-01 8.83778671310042938103e+01 -2.97546756669252220398e-03
8.63320344780323600808e-01 -2.97602504803433953739e+00 -1.85837203389954047639e-01 8.83778117185843115067e+01 -3.04601758097602275457e-03
8.64581689032775213555e-01 -2.97536470068656777599e+00 -1.85823290858125766967e-01 8.83777552776774513177e+01 -3.11639934668619554212e-03
8.65837147043978516692e-01 -2.97470795578904789735e+00 -1.85809432125667001179e-01 8.83776978280375828945e+01 -3.18661004132179438708e-03
8.67086710266529503421e-01 -2.97405480987006587412e+00 -1.85795627449433981004e-01 8.83776393893248553013e+01 -3.25664685427336144524e-03
8.68330370193157397019e-01 -2.97340525947654965577e+00 -1.85781877085212876466e-01 8.83775799811058107025e+01 -3.32650698686723497385e-03
8.69568118356782493450e-01 -2.97275930117403142106e+00 -1.85768181287746220187e-01 8.83775196228530290909e+01 -3.39618765240445570977e-03
8.70799946330572671727e-01 -2.97211693027957846169e+00 -1.85754541906955727981e-01 8.83774583339978931917e+01 -3.46568608287836773738e-03
8.72025845728002679813e-01 -2.97147814575448032670e+00 -1.85740956089670755658e-01 8.83773961337250995030e+01 -3.53499950128809570932e-03
8.73245808202909201690e-01 -2.97084294311011021250e+00 -1.85727425598197409817e-01 8.83773330412728626015e+01 -3.60412516453535117927e-03
8.74459825449549366105e-01 -2.97021131898504764379e+00 -1.85713950682721729013e-01 8.83772690757374590476e+01 -3.67306033419993868336e-03
8.75667889202656035685e-01 -2.96958327003652700071e+00 -1.85700531592385614799e-01 8.83772042561208337474e+01 -3.74180228403896619413e-03
8.76869991237495205461e-01 -2.96895879294041620255e+00 -1.85687168575330324716e-01 8.83771386013304294238e+01 -3.81034830002954880840e-03
8.78066123369920736863e-01 -2.96833788294520761752e+00 -1.85673863474018457920e-01 8.83770721302389290486e+01 -3.87869568693347942928e-03
8.79256277456431312167e-01 -2.96772053945958758092e+00 -1.85660613425774584373e-01 8.83770048614513257235e+01 -3.94684174084344516209e-03
8.80440445394225390530e-01 -2.96710675794486533619e+00 -1.85647420189105460953e-01 8.83769368136452300178e+01 -4.01478379219905034958e-03
8.81618619121255608917e-01 -2.96649653514977940105e+00 -1.85634284007514943626e-01 8.83768680053493369542e+01 -4.08251917620228339800e-03
8.82790790616284959391e-01 -2.96588986784176489309e+00 -1.85621205123603555398e-01 8.83767984549973562025e+01 -4.15004524047457318964e-03
8.83956951898940523904e-01 -2.96528675280691711436e+00 -1.85608183778953633736e-01 8.83767281809280120797e+01 -4.21735934509187559982e-03
8.85117095029768430337e-01 -2.96468718515700047078e+00 -1.85595221821395317541e-01 8.83766572014541083036e+01 -4.28445886785352135495e-03
8.86271212110287143204e-01 -2.96409116487635815318e+00 -1.85582316351427606405e-01 8.83765855345927633380e+01 -4.35134118141492984289e-03
8.87419295283041753564e-01 -2.96349868731518473197e+00 -1.85569469137988524166e-01 8.83765131984594916048e+01 -4.41800369019879849569e-03
8.88561336731657602783e-01 -2.96290974933231865407e+00 -1.85556680418073188799e-01 8.83764402110118680866e+01 -4.48444380441800731496e-03
8.89697328680893129160e-01 -2.96232434780532516427e+00 -1.85543950427737774911e-01 8.83763665901118997681e+01 -4.55065894693951807776e-03
8.90827263396692936581e-01 -2.96174247784017641294e+00 -1.85531280956920674452e-01 8.83762923536001210323e+01 -4.61664655786055491693e-03
8.91951133186240308071e-01 -2.96116413969481095947e+00 -1.85518669198490970818e-01 8.83762175190068148822e+01 -4.68240407398479163703e-03
8.93068930398010163429e-01 -2.96058932872461433305e+00 -1.85506116869394110935e-01 8.83761421039737200545e+01 -4.74792896269634560197e-03
8.94180647421820240517e-01 -2.96001804187985007033e+00 -1.85493624201070433921e-01 8.83760661259797615230e+01 -4.81321869773457689662e-03
8.95286276688883719821e-01 -2.95945027612952316076e+00 -1.85481191424126362621e-01 8.83759896024078273058e+01 -4.87827076567234722837e-03
8.96385810671860183696e-01 -2.95888602652213172917e+00 -1.85468820282396751331e-01 8.83759125506255855953e+01 -4.94308266887206245593e-03
8.97479241884907241733e-01 -2.95832529368655761104e+00 -1.85456508036311501497e-01 8.83758349876706148507e+01 -5.00765191091248878380e-03
8.98566562883731378975e-01 -2.95776807293718935199e+00 -1.85444256363681753141e-01 8.83757569307100823153e+01 -5.07197602225269768977e-03
8.99647766265638582084e-01 -2.95721436131565118544e+00 -1.85432065490514497164e-01 8.83756783967419181636e+01 -5.13605254105157192634e-03
9.00722844669584632449e-01 -2.95666415588243625123e+00 -1.85419935642038402612e-01 8.83755994026674898123e+01 -5.19987901848231737212e-03
9.01791790776225510307e-01 -2.95611745156891858599e+00 -1.85407868521228369474e-01 8.83755199653814145222e+01 -5.26345301878937237017e-03
9.02854597307967132735e-01 -2.95557424948756786165e+00 -1.85395861443517689926e-01 8.83754401014220718480e+01 -5.32677211550799424578e-03
9.03911257029014647557e-01 -2.95503454485823491282e+00 -1.85383916054750630398e-01 8.83753598274816170033e+01 -5.38983390198358690293e-03
9.04961762745422060306e-01 -2.95449833481409518399e+00 -1.85372032575689904554e-01 8.83752791600746689937e+01 -5.45263598166723009036e-03
9.06006107305140861996e-01 -2.95396561650716238390e+00 -1.85360211226322041389e-01 8.83751981156187298438e+01 -5.51517597119746509626e-03
9.07044283598068878938e-01 -2.95343638468011038256e+00 -1.85348453665659579359e-01 8.83751167105357779974e+01 -5.57745149579437406867e-03
9.08076284556099455614e-01 -2.95291064106431688785e+00 -1.85336757266976737135e-01 8.83750349608573770865e+01 -5.63946020301098714655e-03
9.09102103153167639960e-01 -2.95238838072106402066e+00 -1.85325123644398043199e-01 8.83749528828009545123e+01 -5.70119974845046274120e-03
9.10121732405300032376e-01 -2.95186960087510019690e+00 -1.85313553013557619220e-01 8.83748704923954591095e+01 -5.76266780170088185886e-03
9.11135165370661193052e-01 -2.95135429629584233879e+00 -1.85302046950836796224e-01 8.83747878056770872490e+01 -5.82386203919369078996e-03
9.12142395149601159510e-01 -2.95084246887178025531e+00 -1.85290602972581347485e-01 8.83747048382816586809e+01 -5.88478016496367644511e-03
9.13143414884702742107e-01 -2.95033411369782117006e+00 -1.85279222618277172874e-01 8.83746216060398666059e+01 -5.94541988648978128595e-03
9.14138217760827709313e-01 -2.94982922807153968847e+00 -1.85267906099267715136e-01 8.83745381245903303125e+01 -6.00577892683848771349e-03
9.15126797005163528098e-01 -2.94932780930960314336e+00 -1.85256653626503231536e-01 8.83744544094739410411e+01 -6.06585502255816994693e-03
9.16109145887269216146e-01 -2.94882985184325496775e+00 -1.85245466710835804403e-01 8.83743704762559616483e+01 -6.12564590823632456468e-03
9.17085257719121638154e-01 -2.94833535846281691306e+00 -1.85234342960998610295e-01 8.83742863400505029858e+01 -6.18514937121175580742e-03
9.18055125855160469861e-01 -2.94784432397065243592e+00 -1.85223283871715854731e-01 8.83742020162145109907e+01 -6.24436317908530404835e-03
9.19018743692333606177e-01 -2.94735674575644912565e+00 -1.85212289649923061985e-01 8.83741175198970267957e+01 -6.30328512251442617254e-03
9.19976104670142347253e-01 -2.94687261816092416211e+00 -1.85201361713501322370e-01 8.83740328662787248959e+01 -6.36191298512640314444e-03
9.20927202270686140473e-01 -2.94639194435340945333e+00 -1.85190497828713163120e-01 8.83739480700663904145e+01 -6.42024461790929260735e-03
9.21872030018706323240e-01 -2.94591471906503299394e+00 -1.85179699411625209304e-01 8.83738631462310451070e+01 -6.47827783868738880241e-03
9.22810581481630642919e-01 -2.94544093975853860101e+00 -1.85168966665458178955e-01 8.83737781095282741717e+01 -6.53601049273643507076e-03
9.23742850269617443715e-01 -2.94497060062211613030e+00 -1.85158300903866562814e-01 8.83736929747551869241e+01 -6.59344041123180110708e-03
9.24668830035598299233e-01 -2.94450370532182770233e+00 -1.85147700069201781581e-01 8.83736077562055868384e+01 -6.65056551288966280727e-03
9.25588514475321866293e-01 -2.94404024846175227381e+00 -1.85137165491715605103e-01 8.83735224684651115012e+01 -6.70738366460073287545e-03
9.26501897327396517490e-01 -2.94358022440128630492e+00 -1.85126698403520778546e-01 8.83734371260319591102e+01 -6.76389273904532805498e-03
9.27408972373333306827e-01 -2.94312363663584353191e+00 -1.85116296896088189383e-01 8.83733517429089090456e+01 -6.82009069589738312761e-03
9.28309733437587714100e-01 -2.94267047993181973808e+00 -1.85105962221670306000e-01 8.83732663333824461915e+01 -6.87597544374600293249e-03
9.29204174387602388485e-01 -2.94222075187975784516e+00 -1.85095694576818514676e-01 8.83731809115164708146e+01 -6.93154492452672642971e-03
9.30092289133848337812e-01 -2.94177444657453168730e+00 -1.85085495065340693843e-01 8.83730954914274207113e+01 -6.98679705549757733979e-03
9.30974071629866561928e-01 -2.94133156821486752008e+00 -1.85075361982216995971e-01 8.83730100864231502555e+01 -7.04173050777010672840e-03
9.31849515872309464015e-01 -2.94089211135117922780e+00 -1.85065296504052706483e-01 8.83729247109454121301e+01 -7.09634197407571151728e-03
9.32718615900981373734e-01 -2.94045607015647281202e+00 -1.85055299635647402257e-01 8.83728393785454215958e+01 -7.15063003804155584986e-03
9.33581365798879514450e-01 -2.94002344883067756598e+00 -1.85045369838800655149e-01 8.83727541025040608247e+01 -7.20459278065618304032e-03
9.34437759692233416153e-01 -2.93959424199675067868e+00 -1.85035508185991570684e-01 8.83726688964256936742e+01 -7.25822819753237959139e-03
9.35287791750546215752e-01 -2.93916844737354532313e+00 -1.85025714868436857996e-01 8.83725837736786985488e+01 -7.31153432867671058959e-03
9.36131456186633403860e-01 -2.93874605873833028014e+00 -1.85015990717405653943e-01 8.83724987477028776084e+01 -7.36450917056380091608e-03
9.36968747256662348732e-01 -2.93832708125986874492e+00 -1.85006334515807918661e-01 8.83724138313438629666e+01 -7.41715089120223089458e-03
9.37799659260191820209e-01 -2.93791150921130084228e+00 -1.84996747189086652163e-01 8.83723290378245138754e+01 -7.46945752873178284159e-03
9.38624186540210181384e-01 -2.93749933635682580757e+00 -1.84987229455805840539e-01 8.83722443802889330300e+01 -7.52142711631492710822e-03
9.39442323483174468457e-01 -2.93709056804436707822e+00 -1.84977780298878957677e-01 8.83721598712757554495e+01 -7.57305787496538075632e-03
9.40254064519048693427e-01 -2.93668519854410314807e+00 -1.84968400547055156213e-01 8.83720755237112030045e+01 -7.62434788069759131202e-03
9.41059404121340592475e-01 -2.93628322155923449088e+00 -1.84959090791043334612e-01 8.83719913504447731611e+01 -7.67529520175480508420e-03
9.41858336807141038882e-01 -2.93588464270811355661e+00 -1.84949850240242519295e-01 8.83719073637040111180e+01 -7.72589811577640596385e-03
9.42650857137159903232e-01 -2.93548945621496404357e+00 -1.84940679615706787819e-01 8.83718235761194961242e+01 -7.77615473533776850601e-03
9.43436959715763689971e-01 -2.93509765567191527325e+00 -1.84931579359575687382e-01 8.83717400002470583331e+01 -7.82606316179832589564e-03
9.44216639191012285792e-01 -2.93470924706284863603e+00 -1.84922548944862014109e-01 8.83716566479993161920e+01 -7.87562173368287765651e-03
9.44989890254695485972e-01 -2.93432422452101970833e+00 -1.84913588969164377485e-01 8.83715735317120163472e+01 -7.92482859850682924696e-03
9.45756707642368521505e-01 -2.93394258147461206576e+00 -1.84904699698016428133e-01 8.83714906636485864055e+01 -7.97368188837450572737e-03
9.46517086133388918512e-01 -2.93356432437386427381e+00 -1.84895880918682975480e-01 8.83714080554023269087e+01 -8.02218000770144566702e-03
9.47271020550951026173e-01 -2.93318944721350893801e+00 -1.84887133083459942462e-01 8.83713257190152887688e+01 -8.07032113700956871272e-03
9.48018505762121987956e-01 -2.93281794320031075074e+00 -1.84878456243994876429e-01 8.83712436664598754987e+01 -8.11810343615584559251e-03
9.48759536677876158528e-01 -2.93244981936036097636e+00 -1.84869850569707172561e-01 8.83711619090055364723e+01 -8.16552538156947206593e-03
9.49494108253130075781e-01 -2.93208506494904241890e+00 -1.84861316216915316790e-01 8.83710804586013267681e+01 -8.21258508068535737767e-03
9.50222215486776988769e-01 -2.93172368653569304087e+00 -1.84852853337828582081e-01 8.83709993263316562206e+01 -8.25928102826170573714e-03
9.50943853421720053376e-01 -2.93136567819582616323e+00 -1.84844462210258075885e-01 8.83709185237358667564e+01 -8.30561146937282453184e-03
9.51659017144907415364e-01 -2.93101103311906197035e+00 -1.84836142628635791141e-01 8.83708380622865945497e+01 -8.35157462186679466765e-03
9.52367701787364628885e-01 -2.93065975862198024871e+00 -1.84827895224734278790e-01 8.83707579527375202133e+01 -8.39716906179466086868e-03
9.53069902524227741125e-01 -2.93031184377876163794e+00 -1.84819719662887571587e-01 8.83706782065447384866e+01 -8.44239294004819895711e-03
9.53765614574776932066e-01 -2.92996729558655033543e+00 -1.84811616591581351354e-01 8.83705988342711918904e+01 -8.48724485586706441087e-03
9.54454833202468377884e-01 -2.92962610805573397954e+00 -1.84803586058246316348e-01 8.83705198469569950248e+01 -8.53172311328972976519e-03
9.55137553714966891505e-01 -2.92928827418790538317e+00 -1.84795627500715736735e-01 8.83704412555791520845e+01 -8.57582597975525481870e-03
9.55813771464177897030e-01 -2.92895380191599263853e+00 -1.84787742194187698530e-01 8.83703630703626430432e+01 -8.61955214808739038357e-03
9.56483481846278404959e-01 -2.92862267981225876667e+00 -1.84779929122060232460e-01 8.83702853022797825133e+01 -8.66289979615759812848e-03
9.57146680301749208652e-01 -2.92829491561813615164e+00 -1.84772189626680155561e-01 8.83702079613598101560e+01 -8.70586764561625224557e-03
9.57803362315405748539e-01 -2.92797050312909501457e+00 -1.84764523439990918652e-01 8.83701310581471233263e+01 -8.74845405218809338277e-03
9.58453523416427977111e-01 -2.92764943497805951722e+00 -1.84756929495347221870e-01 8.83700546031270164349e+01 -8.79065732153133660987e-03
9.59097159178392222323e-01 -2.92733172005983410813e+00 -1.84749409982688045373e-01 8.83699786059831069451e+01 -8.83247628583235661059e-03
9.59734265219300386462e-01 -2.92701734609920860564e+00 -1.84741962919708457846e-01 8.83699030772133369283e+01 -8.87390912757393332533e-03
9.60364837201609811146e-01 -2.92670632192814528239e+00 -1.84734590642861018495e-01 8.83698280263006950008e+01 -8.91495471505977105098e-03
9.60988870832263142319e-01 -2.92639863537189803822e+00 -1.84727290999238152880e-01 8.83697534635368384670e+01 -8.95561125218612835708e-03
9.61606361862717418099e-01 -2.92609429526698638924e+00 -1.84720066510835251306e-01 8.83696793982015833535e+01 -8.99587764692435024050e-03
9.62217306088972823552e-01 -2.92579328947344663447e+00 -1.84712914813608408693e-01 8.83696058403822348737e+01 -9.03575212111464368125e-03
9.62821699351601556494e-01 -2.92549562689642739244e+00 -1.84705838657325871477e-01 8.83695327991532337819e+01 -9.07523362608415699870e-03
9.63419537535776138171e-01 -2.92520129536777195867e+00 -1.84698835422891977087e-01 8.83694602843992527141e+01 -9.11432039798835101629e-03
9.64010816571297390887e-01 -2.92491030392328132947e+00 -1.84691908133766374833e-01 8.83693883049870976265e+01 -9.15301143538887855555e-03
9.64595532432621638463e-01 -2.92462264030550533889e+00 -1.84685053867805537564e-01 8.83693168706004570367e+01 -9.19130498491058101074e-03
9.65173681138889238973e-01 -2.92433831374128105907e+00 -1.84678275972984140552e-01 8.83692459898965552156e+01 -9.22920009648388155188e-03
9.65745258753950674979e-01 -2.92405731182369788002e+00 -1.84671571169775283749e-01 8.83691756723595887024e+01 -9.26669502299773059639e-03
9.66310261386393642979e-01 -2.92377964403049617204e+00 -1.84664943188889374426e-01 8.83691059264351963520e+01 -9.30378887032776158428e-03
9.66868685189569476712e-01 -2.92350529774577916342e+00 -1.84658388331918749126e-01 8.83690367614096317084e+01 -9.34047989298734254726e-03
9.67420526361620347622e-01 -2.92323428275787211561e+00 -1.84651910777711147915e-01 8.83689681855150013234e+01 -9.37676725779737832434e-03
9.67965781145503245675e-01 -2.92296658618155813514e+00 -1.84645506339032927645e-01 8.83689002078409799879e+01 -9.41264921575599503023e-03
9.68504445829016735736e-01 -2.92270221817623454541e+00 -1.84639179718164958555e-01 8.83688328364045361241e+01 -9.44812500021340907763e-03
9.69036516744826603720e-01 -2.92244116552714938706e+00 -1.84632926158595722654e-01 8.83687660800998173727e+01 -9.48319285288945837409e-03
9.69561990270489948429e-01 -2.92218343296499982742e+00 -1.84626748387399258755e-01 8.83686999469710912081e+01 -9.51785181483157279037e-03
9.70080862828479939530e-01 -2.92192902446476798772e+00 -1.84620648741237541879e-01 8.83686344449863838690e+01 -9.55210090721149256143e-03
9.70593130886211241659e-01 -2.92167792742154919239e+00 -1.84614622526953570114e-01 8.83685695827101227451e+01 -9.58593842937823653605e-03
9.71098790956062218882e-01 -2.92143015196277699985e+00 -1.84608675022002483024e-01 8.83685053676531993005e+01 -9.61936372333519786049e-03
9.71597839595400469825e-01 -2.92118568501463338194e+00 -1.84602800797818933365e-01 8.83684418081874980544e+01 -9.65237506690157232025e-03
9.72090273406605143158e-01 -2.92094453727518921227e+00 -1.84597005921000423267e-01 8.83683789116035569577e+01 -9.68497188818598017668e-03
9.72576089037090585343e-01 -2.92070669514095593300e+00 -1.84591284108397701846e-01 8.83683166860811581955e+01 -9.71715243539311539223e-03
9.73055283179328878163e-01 -2.92047216368992268443e+00 -1.84585638835423976323e-01 8.83682551389404977726e+01 -9.74891590456228480932e-03
9.73527852570872820337e-01 -2.92024094748238294272e+00 -1.84580073353762724730e-01 8.83681942774175581690e+01 -9.78026148591272341537e-03
9.73993793994377243806e-01 -2.92001303318890315097e+00 -1.84574581113950114686e-01 8.83681341093705441381e+01 -9.81118746018023145383e-03
9.74453104277621995344e-01 -2.91978842580837749665e+00 -1.84569165705047721904e-01 8.83680746418159941413e+01 -9.84169307441057177044e-03
9.74905780293532697733e-01 -2.91956712994472677991e+00 -1.84563830603030498700e-01 8.83680158816826235579e+01 -9.87177757838435948612e-03
9.75351818960202621156e-01 -2.91934913238697868465e+00 -1.84558568824384233720e-01 8.83679578365107118998e+01 -9.90143927292796294237e-03
9.75791217240913111297e-01 -2.91913443813639394975e+00 -1.84553384158989364217e-01 8.83679005130106531851e+01 -9.93067746272953237596e-03
9.76223972144155016650e-01 -2.91892305190399659054e+00 -1.84548280390824132047e-01 8.83678439178021477574e+01 -9.95949146335179183454e-03
9.76650080723648006398e-01 -2.91871496046187184348e+00 -1.84543249928091263046e-01 8.83677880581100083646e+01 -9.98787958311259278787e-03
9.77069540078361775670e-01 -2.91851016888455960796e+00 -1.84538296850879413036e-01 8.83677329403365092730e+01 -1.00158411909872947093e-02
9.77482347352534808316e-01 -2.91830868204499260798e+00 -1.84533425341524837116e-01 8.83676785707911562895e+01 -1.00433756748088739291e-02
9.77888499735694360915e-01 -2.91811048658180238746e+00 -1.84528627014434121190e-01 8.83676249563847306945e+01 -1.00704813373687380312e-02
9.78287994462675891683e-01 -2.91791558770296122205e+00 -1.84523906334527199036e-01 8.83675721032100938146e+01 -1.00971576187250926954e-02
9.78680828813640935060e-01 -2.91772399049154618211e+00 -1.84519267981120893563e-01 8.83675200172657469011e+01 -1.01234039858795390326e-02
9.79067000114096308572e-01 -2.91753568135123542149e+00 -1.84514702572719069273e-01 8.83674687051489655687e+01 -1.01492187222709268762e-02
9.79446505734912542529e-01 -2.91735066567630019208e+00 -1.84510215061701149386e-01 8.83674181726423313421e+01 -1.01746013462329764482e-02
9.79819343092340866441e-01 -2.91716894245595037560e+00 -1.84505805519341675724e-01 8.83673684256642104629e+01 -1.01995509774308341228e-02
9.80185509648031860763e-01 -2.91699051680493059990e+00 -1.84501478988397887848e-01 8.83673194698048121154e+01 -1.02240671667984343168e-02
9.80545002909051777173e-01 -2.91681537531775481042e+00 -1.84497225379087664843e-01 8.83672713112289613946e+01 -1.02481482169907815727e-02
9.80897820427900302143e-01 -2.91664352338107724094e+00 -1.84493049973115441631e-01 8.83672239553118856747e+01 -1.02717937277424994913e-02
9.81243959802526766190e-01 -2.91647496640142200874e+00 -1.84488958536710628833e-01 8.83671774073329459043e+01 -1.02950033444801289373e-02
9.81583418676346575182e-01 -2.91630969056260980210e+00 -1.84484939520467905449e-01 8.83671316731412019863e+01 -1.03177753197025833670e-02
9.81916194738257197550e-01 -2.91614770152945768089e+00 -1.84480998928867351294e-01 8.83670867578014451738e+01 -1.03401093473990228488e-02
9.82242285722654373536e-01 -2.91598899841731862281e+00 -1.84477136825769882922e-01 8.83670426665030959157e+01 -1.03620046552417438557e-02
9.82561689409446659127e-01 -2.91583358036021822457e+00 -1.84473353273534979024e-01 8.83669994043312669874e+01 -1.03834604863550662018e-02
9.82874403624071413255e-01 -2.91568145272469170237e+00 -1.84469654450814729563e-01 8.83669569760576223416e+01 -1.04044765878971122441e-02
9.83180426237509119680e-01 -2.91553260207775233326e+00 -1.84466027996996795313e-01 8.83669153869817165514e+01 -1.04250512430719699530e-02
9.83479755166297819891e-01 -2.91538703400731114002e+00 -1.84462480292588049124e-01 8.83668746416614965256e+01 -1.04451842449794565781e-02
9.83772388372547657021e-01 -2.91524474771832542430e+00 -1.84459011395079364171e-01 8.83668347447646311821e+01 -1.04648748986472320266e-02
9.84058323863954753641e-01 -2.91510574873859651390e+00 -1.84455628216912609352e-01 8.83667957006549613652e+01 -1.04841230602355384854e-02
9.84337559693814090345e-01 -2.91497002353714096401e+00 -1.84452316909605174011e-01 8.83667575141945036421e+01 -1.05029269806355424893e-02
9.84610093961033494558e-01 -2.91483757784959118808e+00 -1.84449084586722905632e-01 8.83667201895337086626e+01 -1.05212865617606912694e-02
9.84875924810146630151e-01 -2.91470841095260091436e+00 -1.84445931299641541212e-01 8.83666837309223609509e+01 -1.05392011706061695941e-02
9.85135050431324765796e-01 -2.91458252214093782584e+00 -1.84442857099250817621e-01 8.83666481425056957733e+01 -1.05566701897495014706e-02
9.85387469060390319697e-01 -2.91445991694317463327e+00 -1.84439869476069967513e-01 8.83666134281409512141e+01 -1.05736935881371729717e-02
9.85633178978827628747e-01 -2.91434058210169855130e+00 -1.84436953391556857085e-01 8.83665795921348973252e+01 -1.05902696230824548002e-02
9.85872178513795716093e-01 -2.91422452334184534095e+00 -1.84434116543961967860e-01 8.83665466381317230571e+01 -1.06063983096244627419e-02
9.86104466038138838258e-01 -2.91411174002905504210e+00 -1.84431358977612508410e-01 8.83665145698582250589e+01 -1.06220790924188221438e-02
9.86330039970398142479e-01 -2.91400223154677240345e+00 -1.84428680735980371486e-01 8.83664833909365796671e+01 -1.06373114317034420800e-02
9.86548898774822102808e-01 -2.91389600337788712281e+00 -1.84426089794202607841e-01 8.83664531047177206347e+01 -1.06520954029400097968e-02
9.86761040961377400293e-01 -2.91379304262228000511e+00 -1.84423570082814264337e-01 8.83664237149504003810e+01 -1.06664292811088599888e-02
9.86966465085758248854e-01 -2.91369335495842429751e+00 -1.84421129820980300718e-01 8.83663952247730577483e+01 -1.06803131900624088263e-02
9.87165169749397164445e-01 -2.91359693984115653009e+00 -1.84418769047221209334e-01 8.83663676373889046545e+01 -1.06937466523566865328e-02
9.87357153599473957861e-01 -2.91350380276374743005e+00 -1.84416496253279826867e-01 8.83663409557440502340e+01 -1.07067298372500226827e-02
9.87542415328925060614e-01 -2.91341393100838530472e+00 -1.84414294253701288584e-01 8.83663151831389939161e+01 -1.07192610148502034256e-02
9.87720953676452295689e-01 -2.91332733027371126866e+00 -1.84412171851913470055e-01 8.83662903223080036241e+01 -1.07313404071351821412e-02
9.87892767426531648312e-01 -2.91324400008653228156e+00 -1.84410129083875662381e-01 8.83662663760351279052e+01 -1.07429675992247557204e-02
9.88057855409421592618e-01 -2.91316394585505822334e+00 -1.84408174655061180003e-01 8.83662433468600454489e+01 -1.07541428343004910606e-02
9.88216216501170752196e-01 -2.91308715523438888084e+00 -1.84406290858176002967e-01 8.83662212376369211597e+01 -1.07648644168766866730e-02
9.88367849623625893685e-01 -2.91301363385107103809e+00 -1.84404486799382649753e-01 8.83662000506947009626e+01 -1.07751326485479234640e-02
9.88512753744439143233e-01 -2.91294338710213285282e+00 -1.84402771474548782260e-01 8.83661797882682407135e+01 -1.07849478366546652763e-02
9.88650927877074869876e-01 -2.91287640281288373600e+00 -1.84401126502823836661e-01 8.83661604528761159827e+01 -1.07943082928557004818e-02
9.88782371080816346876e-01 -2.91281268661413772492e+00 -1.84399561378759485608e-01 8.83661420465437004168e+01 -1.08032143891516781153e-02
9.88907082460772635102e-01 -2.91275224381608888180e+00 -1.84398085084141016843e-01 8.83661245711983553974e+01 -1.08116664773192754090e-02
9.89025061167884578239e-01 -2.91269506256762644725e+00 -1.84396679176478311968e-01 8.83661080290280125382e+01 -1.08196629158918006253e-02
9.89136306398929687766e-01 -2.91264115409373580690e+00 -1.84395362513562977025e-01 8.83660924216362246852e+01 -1.08272048049001413245e-02
9.89240817396528693273e-01 -2.91259050654585971429e+00 -1.84394115894952997925e-01 8.83660777509860650980e+01 -1.08342904873254940873e-02
9.89338593449150427439e-01 -2.91254313117614804796e+00 -1.84392958767682857424e-01 8.83660640184846926104e+01 -1.08409211307209790709e-02
9.89429633891116377953e-01 -2.91249901622772888743e+00 -1.84391871536154078326e-01 8.83660512258733632507e+01 -1.08470950860225893997e-02
9.89513938102605350444e-01 -2.91245817289357189495e+00 -1.84390873857318393636e-01 8.83660393743590617532e+01 -1.08528135638890563253e-02
9.89591505509657798356e-01 -2.91242058959419614084e+00 -1.84389946145268462940e-01 8.83660284654655470149e+01 -1.08580749491985033284e-02
9.89662335584179708725e-01 -2.91238627737775379600e+00 -1.84389107852421157974e-01 8.83660185001950395645e+01 -1.08628804691387487874e-02
9.89726427843945932850e-01 -2.91235523048529598711e+00 -1.84388349549385599513e-01 8.83660094797587731819e+01 -1.08672292728280977386e-02
9.89783781852604072071e-01 -2.91232744306479807150e+00 -1.84387660898394950548e-01 8.83660014052486673108e+01 -1.08711204679705197157e-02
9.89834397219676587198e-01 -2.91230292618754527112e+00 -1.84387061890127185171e-01 8.83659942773656155168e+01 -1.08745553615642899514e-02
9.89878273600564240198e-01 -2.91228167414991423456e+00 -1.84386542757795340863e-01 8.83659880969980235932e+01 -1.08775331293230470564e-02
9.89915410696548092595e-01 -2.91226368682408143229e+00 -1.84386103456885580565e-01 8.83659828648295615494e+01 -1.08800536657807315338e-02
9.89945808254791503877e-01 -2.91224896410278732972e+00 -1.84385743946138991323e-01 8.83659785814386253833e+01 -1.08821168814724946600e-02
9.89969466068341796827e-01 -2.91223750027404504337e+00 -1.84385453747472227715e-01 8.83659752473860038435e+01 -1.08837219549899315990e-02
