00000000000000000000 -3.56966043085558037973e+00 -9.61739775744742120267e-01 00000000000000000088 1.00753392018040564483e-22
2.58315720529896097890e-03 -3.56773935294920763184e+00 -9.61749476633895317157e-01 8.80020410072674508228e+01 5.48008138031426351652e-04
5.16629682395841009074e-03 -3.56582344401463657846e+00 -9.61758217680032001518e-01 8.80040658330942875409e+01 1.08789088775510032862e-03
7.74940126945856955221e-03 -3.56391269631948315322e+00 -9.61766003813417480472e-01 8.80060745199258889215e+01 1.61965448260433463566e-03
1.03324529555191297475e-02 -3.56200710213155957717e+00 -9.61772839940504553624e-01 8.80080671102835339070e+01 2.14330537682807598446e-03
1.29154342962189676997e-02 -3.56010665371895074216e+00 -9.61778730944040427531e-01 8.80100436467641173977e+01 2.65885024171649527250e-03
1.54983277061159028382e-02 -3.55821134335008038008e+00 -9.61783681683292646092e-01 8.80120041720383170514e+01 3.16629596743387038693e-03
1.80811156003663868475e-02 -3.55632116329400105315e+00 -9.61787696993804730461e-01 8.80139487288600150805e+01 3.66564964360335723143e-03
2.06637803948452533631e-02 -3.55443610581991542574e+00 -9.61790781688521612125e-01 8.80158773600386297176e+01 4.15691860566315494335e-03
2.32463045062654173611e-02 -3.55255616319788503077e+00 -9.61792940556841391420e-01 8.80177901084685316846e+01 4.64011038064703409955e-03
2.58286703522975918945e-02 -3.55068132769856692477e+00 -9.61794178365345975301e-01 8.80196870171115790527e+01 5.11523271517936532066e-03
2.84108603516900135033e-02 -3.54881159159335402009e+00 -9.61794499857848594893e-01 8.80215681289996609848e+01 5.58229356880759943621e-03
3.09928569243880722150e-02 -3.54694694715443770150e+00 -9.61793909755535469941e-01 8.80234334872332766508e+01 6.04130111352849021727e-03
3.35746424916540803229e-02 -3.54508738665567424420e+00 -9.61792412756281467345e-01 8.80252831350187108228e+01 6.49226369307069357123e-03
3.61561994761869162640e-02 -3.54323290237016585991e+00 -9.61790013537412669109e-01 8.80271171155472131886e+01 6.93518994753634931971e-03
3.87375103022416650278e-02 -3.54138348657345503057e+00 -9.61786716752581316570e-01 8.80289354721449228691e+01 7.37008865495002510326e-03
4.13185573957493418318e-02 -3.53953913154179788947e+00 -9.61782527033773981806e-01 8.80307382481851021794e+01 7.79696882110077291866e-03
4.38993231844364839578e-02 -3.53769982955262740631e+00 -9.61777448991068317774e-01 8.80325254871064828421e+01 8.21583965868220682249e-03
4.64797900979448119774e-02 -3.53586557288461156290e+00 -9.61771487212750075813e-01 8.80342972324122428063e+01 8.62671058644392564629e-03
4.90599405679508632216e-02 -3.53403635381773151281e+00 -9.61764646265484079990e-01 8.80360535276692104389e+01 9.02959122838774622122e-03
5.16397570282855211676e-02 -3.53221216463333043123e+00 -9.61756930694436351637e-01 8.80377944165067134463e+01 9.42449141297437356646e-03
5.42192219150537807471e-02 -3.53039299761417346701e+00 -9.61748345023431649992e-01 8.80395199426157404332e+01 9.81142117239143692065e-03
5.67983176667541181382e-02 -3.52857884504720642482e+00 -9.61738893753386614449e-01 8.80412301498772649211e+01 1.01903906595362473558e-02
5.93770267243982005634e-02 -3.52676969921425920163e+00 -9.61728581368373358629e-01 8.80429250819112354520e+01 1.05614104324855077183e-02
6.19553315316303740423e-02 -3.52496555240461306724e+00 -9.61717412327845355691e-01 8.80446047826780784362e+01 1.09244910724342995934e-02
6.45332145348472135948e-02 -3.52316639690751554070e+00 -9.61705391071551618509e-01 8.80462692961145876325e+01 1.12796434124962270673e-02
6.71106581833170040552e-02 -3.52137222501397451069e+00 -9.61692522018582574006e-01 8.80479186662161339427e+01 1.16268784843190052525e-02
6.96876449292992278250e-02 -3.51958302901679864760e+00 -9.61678809567504289113e-01 8.80495529370359975019e+01 1.19662075171880384616e-02
7.22641572281641081377e-02 -3.51779880121067067833e+00 -9.61664258096508905993e-01 8.80511721526845292374e+01 1.22976419371409167319e-02
7.48401775385119094608e-02 -3.51601953389219179513e+00 -9.61648871963538098839e-01 8.80527763573282555853e+01 1.26211933660752180508e-02
7.74156883222925085164e-02 -3.51424521935993539046e+00 -9.61632655506430844561e-01 8.80543655951892247913e+01 1.29368736208721399339e-02
7.99906720449247571336e-02 -3.51247584991738026616e+00 -9.61615613042111405662e-01 8.80559399106821416581e+01 1.32446946668058201935e-02
8.25651111754157757128e-02 -3.51071141786258689166e+00 -9.61597748870134716448e-01 8.80574993479150123221e+01 1.35446687812507161885e-02
8.51389881864804548561e-02 -3.50895191550250062917e+00 -9.61579067268141685076e-01 8.80590439513735248056e+01 1.38368083270781292576e-02
8.77122855546606100541e-02 -3.50719733514421738718e+00 -9.61559572494884440275e-01 8.80605737654981481910e+01 1.41211258906005950042e-02
9.02849857604444694381e-02 -3.50544766909708593872e+00 -9.61539268789679102412e-01 8.80620888347817185604e+01 1.43976342483891350810e-02
9.28570712883857868336e-02 -3.50370290967275765937e+00 -9.61518160372545893644e-01 8.80635892037687000311e+01 1.46663463663616062266e-02
9.54285246272232184905e-02 -3.50196304918522427485e+00 -9.61496251444344696147e-01 8.80650749170544884237e+01 1.49272753988690630444e-02
9.79993282699994638918e-02 -3.50022807995088758304e+00 -9.61473546186896510513e-01 8.80665460192847007193e+01 1.51804346878010778393e-02
1.00569464714180475950e-01 -3.49849799428858210248e+00 -9.61450048763143216846e-01 8.80680025551544929385e+01 1.54258377616693764106e-02
1.03138916461774601818e-01 -3.49677278451963946537e+00 -9.61425763317248605055e-01 8.80694445694078495990e+01 1.56634983346993980624e-02
1.05707666019451862471e-01 -3.49505244296792527692e+00 -9.61400693974750586435e-01 8.80708721068369300156e+01 1.58934303059353916610e-02
1.08275695898662718819e-01 -3.49333696244348335114e+00 -9.61374844988212795549e-01 8.80722852122896284754e+01 1.61156477597846313488e-02
1.10842988615757503945e-01 -3.49162633431825275565e+00 -9.61348220164139344313e-01 8.80736839308298158358e+01 1.63301649442744792329e-02
1.13409526692105272483e-01 -3.48992055139465584546e+00 -9.61320823710101413084e-01 8.80750683070663882290e+01 1.65369963340592784906e-02
1.15975292654212733257e-01 -3.48821960601029035232e+00 -9.61292659678197547457e-01 8.80764383861289132938e+01 1.67361565468111157806e-02
1.18540269033843417845e-01 -3.48652349050241650019e+00 -9.61263732102782153532e-01 8.80777942130428641576e+01 1.69276603917219853335e-02
1.21104438368136405058e-01 -3.48483219721109138689e+00 -9.61234045000355474819e-01 8.80791358328781512910e+01 1.71115228573253362609e-02
1.23667783199725281329e-01 -3.48314571847921827796e+00 -9.61203602369712917231e-01 8.80804632907485824944e+01 1.72877591105635372570e-02
1.26230286076857156630e-01 -3.48146404665257813704e+00 -9.61172408192046856534e-01 8.80817766318111381452e+01 1.74563844959008847291e-02
1.28791929553511097506e-01 -3.47978717407987625521e+00 -9.61140466431098405842e-01 8.80830759012654311846e+01 1.76174145344088796394e-02
1.31352696189517337277e-01 -3.47811509311277688994e+00 -9.61107781033271657556e-01 8.80843611443530249971e+01 1.77708649228444544310e-02
1.33912568550675792345e-01 -3.47644779610593390728e+00 -9.61074355927773127384e-01 8.80856324063568933980e+01 1.79167515327685808457e-02
1.36471529208874592376e-01 -3.47478527541704584891e+00 -9.61040195026727217531e-01 8.80868897326006674575e+01 1.80550904096202016746e-02
1.39029560742209123969e-01 -3.47312752340687724839e+00 -9.61005302225305002572e-01 8.80881331684481949651e+01 1.81858977718131926971e-02
1.41586645735100435939e-01 -3.47147453244257597760e+00 -9.60969681402417674754e-01 8.80893627594606556386e+01 1.83091900365015304575e-02
1.44142766778413616846e-01 -3.46982629488537419604e+00 -9.60933336418734795892e-01 8.80905785508022205477e+01 1.84249837179246388208e-02
1.46697906469576699884e-01 -3.46818280310811788425e+00 -9.60896271119791256510e-01 8.80917805880816189301e+01 1.85332955698635816477e-02
1.49252047412698846118e-01 -3.46654404948423477961e+00 -9.60858489334233567547e-01 8.80929689168184921755e+01 1.86341424937585820043e-02
1.51805172218688999575e-01 -3.46491002639038736532e+00 -9.60819994874379634808e-01 8.80941435825698988538e+01 1.87275415595144663350e-02
1.54357263505374042722e-01 -3.46328072620652438474e+00 -9.60780791536360090355e-01 8.80953046309296183836e+01 1.88135100045955967751e-02
1.56908303897617312783e-01 -3.46165614131590393399e+00 -9.60740883100231979341e-01 8.80964521075275968087e+01 1.88920652331316350769e-02
1.59458276027436895994e-01 -3.46003626410512143963e+00 -9.60700273330104659308e-01 8.80975860580294209967e+01 1.89632248150045715218e-02
1.62007162534123755337e-01 -3.45842108696414829438e+00 -9.60658965974262146759e-01 8.80987065281357502045e+01 1.90270064849448090893e-02
1.64554946064359886027e-01 -3.45681060228635272935e+00 -9.60616964765296343920e-01 8.80998135635816908007e+01 1.90834281416391859931e-02
1.67101609272336831813e-01 -3.45520480246854777562e+00 -9.60574273420219060249e-01 8.81009072101363699403e+01 1.91325078468107430407e-02
1.69647134819873285361e-01 -3.45360367991099792562e+00 -9.60530895640587356610e-01 8.81019875136022392326e+01 1.91742638243345801807e-02
1.72191505376533410265e-01 -3.45200722701745821297e+00 -9.60486835112630443767e-01 8.81030545198146768371e+01 1.92087144593222937383e-02
1.74734703619744774494e-01 -3.45041543619520174602e+00 -9.60442095507364701490e-01 8.81041082746413053428e+01 1.92358782972216271756e-02
1.77276712234916367095e-01 -3.44882829985782146665e+00 -9.60396680481928166628e-01 8.81051488241148348379e+01 1.92557741009717689473e-02
1.79817513915556254078e-01 -3.44724581041472033505e+00 -9.60350593675105446145e-01 8.81061762139259485593e+01 1.92684206290358490954e-02
1.82357091363389622884e-01 -3.44566796028620236925e+00 -9.60303838714027913070e-01 8.81071904901474738381e+01 1.92738369512675325468e-02
1.84895427288476549288e-01 -3.44409474189390119037e+00 -9.60256419210099632089e-01 8.81081916987716766698e+01 1.92720422457135880101e-02
1.87432504409329458994e-01 -3.44252614766309283922e+00 -9.60208338760116353328e-01 8.81091798858205947909e+01 1.92630558462964229793e-02
1.89968305453031172103e-01 -3.44096217002274284980e+00 -9.60159600946399960364e-01 8.81101550973454834548e+01 1.92468972418891708098e-02
1.92502813155352114904e-01 -3.43940280140550669330e+00 -9.60110209336894726562e-01 8.81111173794263322634e+01 1.92235860754421949981e-02
1.95036010260868170052e-01 -3.43784803424777285485e+00 -9.60060167485314419622e-01 8.81120667781713677869e+01 1.91931421430520700311e-02
1.97567879523077832848e-01 -3.43629786098967038299e+00 -9.60009478931240112232e-01 8.81130033397164993403e+01 1.91555853931011238478e-02
2.00098403704520089175e-01 -3.43475227407510752542e+00 -9.59958147200249856112e-01 8.81139271102248784473e+01 1.91109359253363066122e-02
2.02627565576891321975e-01 -3.43321126595178549579e+00 -9.59906175804035921573e-01 8.81148381358863730384e+01 1.90592139899621454413e-02
2.05155347921162689584e-01 -3.43167482907122156632e+00 -9.59853568240520593768e-01 8.81157364629170984927e+01 1.90004399867745622787e-02
2.07681733527697698349e-01 -3.43014295588877349275e+00 -9.59800327993970858742e-01 8.81166221375589202580e+01 1.89346344642354960652e-02
2.10206705196368998090e-01 -3.42861563886365461329e+00 -9.59746458535129298717e-01 8.81174952060789280495e+01 1.88618181185997643712e-02
2.12730245736675399604e-01 -3.42709287045896759949e+00 -9.59691963321309793322e-01 8.81183557147689953126e+01 1.87820117929869689899e-02
2.15252337967859502799e-01 -3.42557464314170889708e+00 -9.59636845796540960407e-01 8.81192037099454097415e+01 1.86952364765183773332e-02
2.17772964719024048064e-01 -3.42406094938280425310e+00 -9.59581109391659192731e-01 8.81200392379481058924e+01 1.86015133033993126932e-02
2.20292108829248989288e-01 -3.42255178165711537730e+00 -9.59524757524435223388e-01 8.81208623451405372862e+01 1.85008635520249146988e-02
2.22809753147708622389e-01 -3.42104713244661917670e+00 -9.59467793602089336069e-01 8.81216730780603967332e+01 1.83933087590009702872e-02
2.25325880533787908933e-01 -3.41954699422833430233e+00 -9.59410221012200858937e-01 8.81224714828383213217e+01 1.82788702768742726545e-02
2.27840473857199465879e-01 -3.41805135949177962829e+00 -9.59352043136112331290e-01 8.81232576060352243985e+01 1.81575699104912086090e-02
2.30353515998100027984e-01 -3.41656022072778409182e+00 -9.59293263340490809377e-01 8.81240314941038036523e+01 1.80294295063864462580e-02
2.32864989847207326523e-01 -3.41507357043121562157e+00 -9.59233884979529105586e-01 8.81247931935177746254e+01 1.78944710508447020481e-02
2.35374878305916024335e-01 -3.41359140110099934518e+00 -9.59173911395028611082e-01 8.81255427507715438651e+01 1.77527166690111953828e-02
2.37883164286414594546e-01 -3.41211370524012735927e+00 -9.59113345916555171122e-01 8.81262802123797399645e+01 1.76041886239822545357e-02
2.40389830711801560925e-01 -3.41064047535568404257e+00 -9.59052191861512581816e-01 8.81270056248766735507e+01 1.74489093159434574543e-02
2.42894860516201405165e-01 -3.40917170449888295991e+00 -9.58990452912447888245e-01 8.81277190348296812772e+01 1.72869012825410985068e-02
2.45398236644881417856e-01 -3.40770738410969631360e+00 -9.58928131626580082525e-01 8.81284204887844424547e+01 1.71181871929031795276e-02
2.47899942054367217192e-01 -3.40624750724266966984e+00 -9.58865231645188331733e-01 8.81291100333452988025e+01 1.69427898542707892904e-02
2.50399959712559072589e-01 -3.40479206642139820005e+00 -9.58801756238258029441e-01 8.81297877151213384650e+01 1.67607322061868839469e-02
2.52898272598847562165e-01 -3.40334105417362531298e+00 -9.58737708664185839247e-01 8.81304535807392426250e+01 1.65720373208051094394e-02
2.55394863704230257184e-01 -3.40189446303130038629e+00 -9.58673092169912255400e-01 8.81311076768428875994e+01 1.63767284019921653682e-02
2.57889716031426352583e-01 -3.40045228553055478571e+00 -9.58607909991012308026e-01 8.81317500500928190377e+01 1.61748287844599089591e-02
2.60382812594993184874e-01 -3.39901451421174272127e+00 -9.58542165351826680464e-01 8.81323807471660245483e+01 1.59663619328538897157e-02
2.62874136421441917388e-01 -3.39758114161944568821e+00 -9.58475861465573619746e-01 8.81329998147553368426e+01 1.57513514408601576489e-02
2.65363670549352448358e-01 -3.39615216030248623369e+00 -9.58409001534434645819e-01 8.81336072995691637288e+01 1.55298210303511461522e-02
2.67851398029489484731e-01 -3.39472756281394705269e+00 -9.58341588749700434846e-01 8.81342032483309338886e+01 1.53017945504408357793e-02
2.70337301924917894347e-01 -3.39330734171117853748e+00 -9.58273626291856417403e-01 8.81347877077788552924e+01 1.50672959766372932533e-02
2.72821365311117669528e-01 -3.39189148955581787348e+00 -9.58205117330710010037e-01 8.81353607246653183438e+01 1.48263494099377338836e-02
2.75303571276099334764e-01 -3.39047999891379392423e+00 -9.58136065025478655954e-01 8.81359223457566827165e+01 1.45789790759534489822e-02
2.77783902920519187862e-01 -3.38907286235536009400e+00 -9.58066472524932710719e-01 8.81364726178327373418e+01 1.43252093239767206573e-02
2.80262343357794374565e-01 -3.38767007245962403772e+00 -9.57996342972970316154e-01 8.81370115879045386009e+01 1.40650648899435723460e-02
2.82738875714217352542e-01 -3.38627162179700880174e+00 -9.57925679487460768335e-01 8.81375393023705271389e+01 1.37985698743618590695e-02
2.85213483129071798672e-01 -3.38487750295478040385e+00 -9.57854485191304449998e-01 8.81380558082410630050e+01 1.35257492260629341024e-02
2.87686148754746129352e-01 -3.38348770852056945913e+00 -9.57782763192497443860e-01 8.81385611523463410322e+01 1.32466277807098773561e-02
2.90156855756849185735e-01 -3.38210223108636842682e+00 -9.57710516589128646459e-01 8.81390553815280668459e+01 1.29612304932866864715e-02
2.92625587314324475674e-01 -3.38072106324856802573e+00 -9.57637748469467697809e-01 8.81395385426391158035e+01 1.26695824371809446368e-02
2.95092326619564693235e-01 -3.37934419760795545784e+00 -9.57564461912089104345e-01 8.81400106825432203550e+01 1.23717088033231201877e-02
2.97557056878526016153e-01 -3.37797162676972684281e+00 -9.57490659985966385825e-01 8.81404718481144158204e+01 1.20676348992674233734e-02
3.00019761310842958402e-01 -3.37660334334350054064e+00 -9.57416345750600639164e-01 8.81409220862368414373e+01 1.17573861483604436007e-02
3.02480423149941946015e-01 -3.37523933994333225073e+00 -9.57341522256100141419e-01 8.81413614438042856136e+01 1.14409880887944934852e-02
3.04939025643155781076e-01 -3.37387960918772167318e+00 -9.57266192543307692375e-01 8.81417899677198022346e+01 1.11184663727660493909e-02
3.07395552051837939178e-01 -3.37252414369962671969e+00 -9.57190359643903643239e-01 8.81422077048954548673e+01 1.07898467655741462506e-02
3.09849985651476145243e-01 -3.37117293610647639213e+00 -9.57114026580510035558e-01 8.81426147022517341156e+01 1.04551551447447758914e-02
3.12302309731806226889e-01 -3.36982597904016945023e+00 -9.57037196366798625924e-01 8.81430110067174155120e+01 1.01144174991241383998e-02
3.14752507596926411892e-01 -3.36848326513710993879e+00 -9.56959872007591139109e-01 8.81433966652290479260e+01 9.76765992802199056744e-03
3.17200562565410182359e-01 -3.36714478703819342087e+00 -9.56882056498975730463e-01 8.81437717247306977697e+01 9.41490864031942556456e-03
3.19646457970420572181e-01 -3.36581053738882696180e+00 -9.56803752828407017006e-01 8.81441362321734942498e+01 9.05618995357100262100e-03
3.22090177159823132236e-01 -3.36448050883895177776e+00 -9.56724963974819653245e-01 8.81444902345153167289e+01 8.69153029314112188231e-03
3.24531703496299839262e-01 -3.36315469404303568624e+00 -9.56645692908706712920e-01 8.81448337787204678762e+01 8.32095619131300798244e-03
3.26971020357461672479e-01 -3.36183308566008864915e+00 -9.56565942592261464483e-01 8.81451669117593041847e+01 7.94449428639054135159e-03
3.29408111135962355931e-01 -3.36051567635368320097e+00 -9.56485715979462081116e-01 8.81454896806078238569e+01 7.56217132183312473054e-03
3.31842959239611323685e-01 -3.35920245879195356054e+00 -9.56405016016169340354e-01 8.81458021322474110093e+01 7.17401414539051325570e-03
3.34275548091486185420e-01 -3.35789342564761295051e+00 -9.56323845640255076894e-01 8.81461043136644377682e+01 6.78004970817071544315e-03
3.36705861130046413265e-01 -3.35658856960186646745e+00 -9.56242207789619880209e-01 8.81463962720369949011e+01 6.38030544395381139094e-03
3.39133881809245474326e-01 -3.35528788332925476112e+00 -9.56160105371420043774e-01 8.81466780540077650130e+01 5.97480778926925623629e-03
3.41559593598643573831e-01 -3.35399135951978433212e+00 -9.56077541307289835437e-01 8.81469497067438823024e+01 5.56358434275326663165e-03
3.43982979983520398282e-01 -3.35269899137768057074e+00 -9.55994519179186319491e-01 8.81472112772649865065e+01 5.14666245378654369641e-03
3.46404024464987525533e-01 -3.35141077057082625856e+00 -9.55911040565061487229e-01 8.81474628125449726213e+01 4.72406959092539630030e-03
3.48822710560100557320e-01 -3.35012669031372611883e+00 -9.55827109004139363613e-01 8.81477043596092357802e+01 4.29583330093661133753e-03
3.51239021801971362802e-01 -3.34884674331139020609e+00 -9.55742727381175827261e-01 8.81479359654698981785e+01 3.86198123437528090945e-03
3.53652941739880488647e-01 -3.34757092227349106750e+00 -9.55657898573749053917e-01 8.81481576771412136395e+01 3.42254113815687295921e-03
3.56064453939388791959e-01 -3.34629921991436196649e+00 -9.55572625452366319898e-01 8.81483695416395107713e+01 2.97754085469376485532e-03
3.58473541982449628307e-01 -3.34503162895303018942e+00 -9.55486910880546935765e-01 8.81485716059827240088e+01 2.52700832099048578600e-03
3.60880189467520207103e-01 -3.34376814211320683157e+00 -9.55400757714950810140e-01 8.81487639171901804502e+01 2.07097156777476905029e-03
3.63284380009673946166e-01 -3.34250875212330944564e+00 -9.55314168805456387368e-01 8.81489465222820314239e+01 1.60945871863249967068e-03
3.65686097240711160961e-01 -3.34125345171645715681e+00 -9.55227146995279885466e-01 8.81491194682792666981e+01 1.14249798909508352811e-03
3.68085324809271363655e-01 -3.34000223363051196301e+00 -9.55139695121060006144e-01 8.81492828022031318369e+01 6.70117685808519262212e-04
3.70482046380943785824e-01 -3.33875509060804187556e+00 -9.55051816012964627234e-01 8.81494365710748155607e+01 1.92346205604312361567e-04
3.72876245638379399949e-01 -3.33751201539638575611e+00 -9.54963512494798050234e-01 8.81495808219153218488e+01 -2.90787965335577512204e-04
3.75267906281401164570e-01 -3.33627300074762755955e+00 -9.54874787384094814158e-01 8.81497156017450151921e+01 -7.79256252387702298169e-04
3.77657012027115768227e-01 -3.33503803941861587390e+00 -9.54785643492209956662e-01 8.81498409575832369001e+01 -1.27302999333390272005e-03
3.80043546610023985632e-01 -3.33380712417098212796e+00 -9.54696083624441027560e-01 8.81499569364481345701e+01 -1.77208043927772930515e-03
3.82427493782131422417e-01 -3.33258024777113925907e+00 -9.54606110580107913854e-01 8.81500635853562641842e+01 -2.27637875548540331155e-03
3.84808837313059592944e-01 -3.33135740299031501976e+00 -9.54515727152657311727e-01 8.81501609513222632586e+01 -2.78589602228155805430e-03
3.87187560990155776874e-01 -3.33013858260452355609e+00 -9.54424936129758205716e-01 8.81502490813586234708e+01 -3.30060323592813948182e-03
3.89563648618604152496e-01 -3.32892377939462491554e+00 -9.54333740293416776801e-01 8.81503280224752643335e+01 -3.82047130947956196587e-03
3.91937084021535264711e-01 -3.32771298614630994805e+00 -9.54242142420047123608e-01 8.81503978216792773992e+01 -4.34547107369074540190e-03
3.94307851040136658760e-01 -3.32650619565010385870e+00 -9.54150145280597161701e-01 8.81504585259746704651e+01 -4.87557327785815685511e-03
3.96675933533762792305e-01 -3.32530340070140129072e+00 -9.54057751640615459010e-01 8.81505101823619696688e+01 -5.41074859074191540087e-03
3.99041315380044780969e-01 -3.32410459410298919636e+00 -9.53964964271341475666e-01 8.81505528379586991150e+01 -5.95096707834767962159e-03
4.01403980475000310424e-01 -3.32290976865522402761e+00 -9.53871785906973967961e-01 8.81505865395284615715e+01 -6.49620024822988254704e-03
4.03763912733143492950e-01 -3.32171891717042910841e+00 -9.53778219307525820803e-01 8.81506113341690564766e+01 -7.04641805432006107512e-03
4.06121096087593724810e-01 -3.32053203246355144174e+00 -9.53684267218007031275e-01 8.81506272688642553703e+01 -7.60159085155822939611e-03
4.08475514490185875882e-01 -3.31934910735445942720e+00 -9.53589932378530402701e-01 8.81506343905928275717e+01 -8.16168891867477888646e-03
4.10827151911578702936e-01 -3.31817013466794685783e+00 -9.53495217524404581333e-01 8.81506327463282417511e+01 -8.72668245907260060890e-03
4.13175992341364761717e-01 -3.31699510723376889132e+00 -9.53400125386232866198e-01 8.81506223830384953999e+01 -9.29654160167863938269e-03
4.15522019788178931243e-01 -3.31582401788661496056e+00 -9.53304658690007911126e-01 8.81506033476855179742e+01 -9.87123640184466716319e-03
4.17865218279807715263e-01 -3.31465685946617227842e+00 -9.53208820157212088908e-01 8.81505756872251993173e+01 -1.04507368422150272863e-02
4.20205571863297211443e-01 -3.31349362481709119876e+00 -9.53112612504901535182e-01 8.81505394486069064897e+01 -1.10350128335768172400e-02
4.22543064605062523853e-01 -3.31233430678903362221e+00 -9.53016038445801738632e-01 8.81504946787731995528e+01 -1.16240342157589004318e-02
4.24877680590995954191e-01 -3.31117889860207981201e+00 -9.52919101712991323261e-01 8.81504414246868179816e+01 -1.22177707829666717249e-02
4.27209403926575026489e-01 -3.31002739237003451578e+00 -9.52821803001070666284e-01 8.81503797332229481754e+01 -1.28161921875868129589e-02
4.29538218736971288969e-01 -3.30887978133665638936e+00 -9.52724145996459936825e-01 8.81503096513277313306e+01 -1.34192680854347285574e-02
4.31864109167158116698e-01 -3.30773605837164819121e+00 -9.52626133395522489700e-01 8.81502312259136715511e+01 -1.40269680411779194829e-02
4.34187059382018403220e-01 -3.30659621634980949167e+00 -9.52527767890766097203e-01 8.81501445038848885360e+01 -1.46392615528766287941e-02
4.36507053566452751792e-01 -3.30546024815101047167e+00 -9.52429052170928991394e-01 8.81500495321370181045e+01 -1.52561180528548671204e-02
4.38824075925487055994e-01 -3.30432814666021679173e+00 -9.52329988921073455899e-01 8.81499463575567432372e+01 -1.58775069085749648279e-02
4.41138110684379691762e-01 -3.30319990476750646735e+00 -9.52230580822692629361e-01 8.81498350270216377567e+01 -1.65033974234736757758e-02
4.43449142088729597599e-01 -3.30207551536808585624e+00 -9.52130830553762907975e-01 8.81497155873997542130e+01 -1.71337588378959390645e-02
4.45757154404582744966e-01 -3.30095497136232474134e+00 -9.52030740788896823190e-01 8.81495880855494817752e+01 -1.77685603299039679426e-02
4.48062131918540051956e-01 -3.29983826565571858325e+00 -9.51930314199370353201e-01 8.81494525683190630616e+01 -1.84077710161772330200e-02
4.50364058937863631638e-01 -3.29872539115897289719e+00 -9.51829553453259369356e-01 8.81493090825464236104e+01 -1.90513599528814546458e-02
4.52662919790584206137e-01 -3.29761634078796772584e+00 -9.51728461215505472381e-01 8.81491576750588592404e+01 -1.96992961365256361028e-02
4.54958698825607410487e-01 -3.29651110746379849559e+00 -9.51627040148022240729e-01 8.81489983926727376229e+01 -2.03515485048545892444e-02
4.57251380412820318533e-01 -3.29540968411279644457e+00 -9.51525292909776831962e-01 8.81488312821931287999e+01 -2.10080859376686225615e-02
4.59540948943198301890e-01 -3.29431206366645934480e+00 -9.51423222168033100310e-01 8.81486563904105793199e+01 -2.16688767257397531252e-02
4.61827388828911278296e-01 -3.29321823906177124641e+00 -9.51320830554720942018e-01 8.81484737641139304287e+01 -2.23338906563455494303e-02
4.64110684503429071768e-01 -3.29212820324077215517e+00 -9.51218120730816463215e-01 8.81482834500690159985e+01 -2.30030959489229934467e-02
4.66390820421628160553e-01 -3.29104194915086312179e+00 -9.51115095344405081512e-01 8.81480854950331433884e+01 -2.36764612600991533609e-02
4.68667781059897148310e-01 -3.28995946974479158698e+00 -9.51011757041061112083e-01 8.81478799457508586102e+01 -2.43539551929510440786e-02
4.70941550916242568370e-01 -3.28888075798062029520e+00 -9.50908108463954349077e-01 8.81476668489537331652e+01 -2.50355462978011714115e-02
4.73212114510394632472e-01 -3.28780580682178102947e+00 -9.50804152253920564775e-01 8.81474462513601224600e+01 -2.57212030731358391733e-02
4.75479456383912424400e-01 -3.28673460923706928227e+00 -9.50699891049559542289e-01 8.81472181996746968480e+01 -2.64108939664366645927e-02
4.77743561100288705035e-01 -3.28566715820068644405e+00 -9.50595327487334551542e-01 8.81469827405883279425e+01 -2.71045873750830924875e-02
4.80004413245055938653e-01 -3.28460344669225401404e+00 -9.50490464201618645568e-01 8.81467399207776765024e+01 -2.78022516471742031641e-02
4.82261997425890265312e-01 -3.28354346769681937346e+00 -9.50385303824836102926e-01 8.81464897869049650581e+01 -2.85038550824320904842e-02
4.84516298272717305107e-01 -3.28248721420490463530e+00 -9.50279848987499842217e-01 8.81462323856176652725e+01 -2.92093659330481050795e-02
4.86767300437815575442e-01 -3.28143467921249065711e+00 -9.50174102318311453175e-01 8.81459677635481568814e+01 -2.99187524045330804912e-02
4.89014988595922406311e-01 -3.28038585572108098987e+00 -9.50068066444282433025e-01 8.81456959673135571620e+01 -3.06319826566130021250e-02
4.91259347444337080013e-01 -3.27934073679932369672e+00 -9.49961745375357824450e-01 8.81454170435708448395e+01 -3.13490248522144965282e-02
4.93500361703025469673e-01 -3.27829931529965312720e+00 -9.49855139013435323392e-01 8.81451310387980271344e+01 -3.20698469668503280405e-02
4.95738016114724178163e-01 -3.27726158433605263554e+00 -9.49748251318828118350e-01 8.81448379996164419481e+01 -3.27944170750054872499e-02
4.97972295445044454976e-01 -3.27622753693211787862e+00 -9.49641084912440480714e-01 8.81445379725788882297e+01 -3.35227031618076029562e-02
5.00203184482575280434e-01 -3.27519716611707512044e+00 -9.49533642413878165023e-01 8.81442310042212255894e+01 -3.42546731708833901431e-02
5.02430668038987948698e-01 -3.27417046492575458672e+00 -9.49425926441508694076e-01 8.81439171410622464009e+01 -3.49902950052500549827e-02
5.04654730949138929930e-01 -3.27314742639866373963e+00 -9.49317939612576378039e-01 8.81435964296033489518e+01 -3.57295365281291091297e-02
5.06875358071172565921e-01 -3.27212804358201347910e+00 -9.49209684543253939815e-01 8.81432689163281679612e+01 -3.64723655638477251006e-02
5.09092534286625153506e-01 -3.27111230952767861879e+00 -9.49101163848738105244e-01 8.81429346477023472062e+01 -3.72187498986788906086e-02
5.11306244500527418140e-01 -3.27010021729329203310e+00 -9.48992380143344527177e-01 8.81425936701731842504e+01 -3.79686572817105397193e-02
5.13516473641507098513e-01 -3.26909175994225931206e+00 -9.48883336040544200785e-01 8.81422460301694599139e+01 -3.87220554256894056167e-02
5.15723206661891864222e-01 -3.26808693054374499454e+00 -9.48774034153100020994e-01 8.81418917741008556277e+01 -3.94789120079000674379e-02
5.17926428537812011399e-01 -3.26708572217275827754e+00 -9.48664477093109193007e-01 8.81415309483580386996e+01 -4.02391946709918374436e-02
5.20126124269301826075e-01 -3.26608812791010461041e+00 -9.48554667472095935921e-01 8.81411635993120228250e+01 -4.10028710238922941556e-02
5.22322278880402501855e-01 -3.26509414084249982579e+00 -9.48444607901084091317e-01 8.81407897733140970331e+01 -4.17699086425884213991e-02
5.24514877419263836344e-01 -3.26410375405987940312e+00 -9.48334301001726331926e-01 8.81404095165697185621e+01 -4.25402745465954454374e-02
5.26703904958246260648e-01 -3.26311696066588474707e+00 -9.48223749362983592270e-01 8.81400228756330363922e+01 -4.33139372603600913969e-02
5.28889346594021980685e-01 -3.26213375376250391824e+00 -9.48112955605176610518e-01 8.81396298966757285598e+01 -4.40908637767394584461e-02
5.31071187447676895665e-01 -3.26115412646016533671e+00 -9.48001922338128855117e-01 8.81392306259667606128e+01 -4.48710215485602012531e-02
5.33249412664811961449e-01 -3.26017807187533925628e+00 -9.47890652171549219496e-01 8.81388251097536397083e+01 -4.56543780000295551513e-02
5.35424007415643554708e-01 -3.25920558313051555999e+00 -9.47779147715136049968e-01 8.81384133942622440827e+01 -4.64409005275695160875e-02
5.37594956895105391403e-01 -3.25823665335426504441e+00 -9.47667411578610896505e-01 8.81379955256965814669e+01 -4.72305565007073296924e-02
5.39762246322948779920e-01 -3.25727127568125007784e+00 -9.47555446371829868113e-01 8.81375715502382917066e+01 -4.80233132628723191626e-02
5.41925860943843207274e-01 -3.25630944325227700276e+00 -9.47443254704845472247e-01 8.81371415140464335991e+01 -4.88191381322915576857e-02
5.44085786027477369409e-01 -3.25535114921429391543e+00 -9.47330839187968676285e-01 8.81367054632572717310e+01 -4.96179984028266296558e-02
5.46242006868658758201e-01 -3.25439638672049191825e+00 -9.47218202431856171053e-01 8.81362634439837648870e+01 -5.04198613448357882416e-02
5.48394508787414136641e-01 -3.25344514845732613040e+00 -9.47105348786734690947e-01 8.81358155024310576664e+01 -5.12246942753645101432e-02
5.50543277129089347888e-01 -3.25249742846562561738e+00 -9.46992277434483553655e-01 8.81353616844410083786e+01 -5.20324642818248417342e-02
5.52688297264449235335e-01 -3.25155321951085207743e+00 -9.46878992677558928293e-01 8.81349020361636661391e+01 -5.28431386380154230475e-02
5.54829554589777229623e-01 -3.25061251477110069175e+00 -9.46765497128601252186e-01 8.81344366036160664635e+01 -5.36566845287078375559e-02
5.56967034526974602571e-01 -3.24967530743083621303e+00 -9.46651793400942742629e-01 8.81339654327904753472e+01 -5.44730691194164062807e-02
5.59100722523659832142e-01 -3.24874159068094359171e+00 -9.46537884108695326546e-01 8.81334885696540766276e+01 -5.52922595572185732182e-02
5.61230604053267856379e-01 -3.24781135771869733375e+00 -9.46423771866802709951e-01 8.81330060601486167116e+01 -5.61142229716213442048e-02
5.63356664615148439168e-01 -3.24688460174786364121e+00 -9.46309459291113985735e-01 8.81325179501901345702e+01 -5.69389264754267682145e-02
5.65478889734665535194e-01 -3.24596131597871329078e+00 -9.46194948998473783774e-01 8.81320242856685638344e+01 -5.77663371655257468218e-02
5.67597264963295100593e-01 -3.24504149362804072965e+00 -9.46080243606764681452e-01 8.81315251124474485778e+01 -5.85964221237812582510e-02
5.69711775878724790978e-01 -3.24412512791922758026e+00 -9.45965345734975593395e-01 8.81310204763636590997e+01 -5.94291484178661941207e-02
5.71822408084950328799e-01 -3.24321221208228349653e+00 -9.45850258003283927977e-01 8.81305104232269798104e+01 -6.02644831021065530141e-02
5.73929147212374757281e-01 -3.24230273935384261108e+00 -9.45734983033136078490e-01 8.81299949988198676465e+01 -6.11023932182978499195e-02
5.76031978917906362092e-01 -3.24139670297727144899e+00 -9.45619523447262966265e-01 8.81294742488970257455e+01 -6.19428457966042095295e-02
5.78130888885055260751e-01 -3.24049409620261474885e+00 -9.45503881869828810558e-01 8.81289482191852329152e+01 -6.27858078563472421507e-02
5.80225862824032101450e-01 -3.23959491228674290042e+00 -9.45388060926380613402e-01 8.81284169553827609889e+01 -6.36312464068559818786e-02
5.82316886471844319395e-01 -3.23869914449329909800e+00 -9.45272063244040228192e-01 8.81278805031592895602e+01 -6.44791284483229171220e-02
5.84403945592394169495e-01 -3.23780678609280503366e+00 -9.45155891451488261445e-01 8.81273389081554228142e+01 -6.53294209726561631024e-02
5.86487025976574760655e-01 -3.23691783036265334772e+00 -9.45039548179032129482e-01 8.81267922159824195205e+01 -6.61820909642444749066e-02
5.88566113442367422337e-01 -3.23603227058720532838e+00 -9.44923036058704313156e-01 8.81262404722218377628e+01 -6.70371054008989247786e-02
5.90641193834937960894e-01 -3.23515010005775272006e+00 -9.44806357724308543133e-01 8.81256837224251512453e+01 -6.78944312546060912972e-02
5.92712253026733248973e-01 -3.23427131206758433635e+00 -9.44689515821675485086e-01 8.81251220118740405951e+01 -6.87540350101208258549e-02
5.94779276917577259809e-01 -3.23339589878835198533e+00 -9.44572514900296700269e-01 8.81245553867259161507e+01 -6.96158846376436768466e-02
5.96842251434767101514e-01 -3.23252385570573519402e+00 -9.44455353784001361284e-01 8.81239838918223910014e+01 -7.04799464951152143666e-02
5.98901162533168496260e-01 -3.23165517509917066263e+00 -9.44338037005854613604e-01 8.81234075727812751211e+01 -7.13461876141258388717e-02
6.00955996195312258656e-01 -3.23078985029531295936e+00 -9.44220567209171246503e-01 8.81228264749986180959e+01 -7.22145749500851252822e-02
6.03006738431488664709e-01 -3.22992787462806552057e+00 -9.44102947039352602410e-01 8.81222406438383956129e+01 -7.30850754576063688095e-02
6.05053375279843597134e-01 -3.22906924143860685206e+00 -9.43985179144000707829e-01 8.81216501246320831342e+01 -7.39576560913265956820e-02
6.07095892806472914316e-01 -3.22821394407544648431e+00 -9.43867266172941921099e-01 8.81210549626783148369e+01 -7.48322838067393275585e-02
6.09134277105518040507e-01 -3.22736197589448670087e+00 -9.43749210778291214297e-01 8.81204552032425567631e+01 -7.57089255610341460567e-02
6.11168514299259779676e-01 -3.22651333025903541696e+00 -9.43631015614523005475e-01 8.81198508915566804944e+01 -7.65875483138974688657e-02
6.13198590538213572643e-01 -3.22566800053991409314e+00 -9.43512683338490032448e-01 8.81192420728187641998e+01 -7.74681190283771359262e-02
6.15224492001223088877e-01 -3.22482598011541199412e+00 -9.43394216609514613125e-01 8.81186287921924673583e+01 -7.83506046716597875923e-02
6.17246204895555039549e-01 -3.22398726237145050177e+00 -9.43275618089444489733e-01 8.81180110948069597043e+01 -7.92349722159442493297e-02
6.19263715456992658304e-01 -3.22315184070152227491e+00 -9.43156890442656159479e-01 8.81173890257563243722e+01 -8.01211886392299843518e-02
6.21277009949929293064e-01 -3.22231970850681381791e+00 -9.43038036336193097320e-01 8.81167626300993163113e+01 -8.10092209261482065763e-02
6.23286074667462219878e-01 -3.22149085919623479057e+00 -9.42919058439733337451e-01 8.81161319528589643824e+01 -8.18990360687795321271e-02
6.25290895931486012671e-01 -3.22066528618648284521e+00 -9.42799959425674627411e-01 8.81154970390222018750e+01 -8.27906010674906434055e-02
6.27291460092785357894e-01 -3.21984298290202497483e+00 -9.42680741969220692411e-01 8.81148579335394543932e+01 -8.36838829317370774818e-02
6.29287753531128202233e-01 -3.21902394277526493482e+00 -9.42561408748373685818e-01 8.81142146813243272163e+01 -8.45788486808769224279e-02
6.31279762655358012147e-01 -3.21820815924650149853e+00 -9.42441962444024672330e-01 8.81135673272531789735e+01 -8.54754653450102847012e-02
6.33267473903487365661e-01 -3.21739562576402837735e+00 -9.42322405739970725413e-01 8.81129159161647805831e+01 -8.63736999657548354392e-02
6.35250873742789323728e-01 -3.21658633578415997789e+00 -9.42202741323003523100e-01 8.81122604928598605056e+01 -8.72735195971039434681e-02
6.37229948669889467716e-01 -3.21578028058474973960e+00 -9.42082973848801574768e-01 8.81116011024424352627e+01 -8.81748913372720072301e-02
6.39204685210858825073e-01 -3.21497745784825594839e+00 -9.41963102084584558149e-01 8.81109377889718388133e+01 -8.90777821953504383989e-02
6.41175069921305018639e-01 -3.21417785902447317170e+00 -9.41843130680715678871e-01 8.81102705974559512470e+01 -8.99821593070686681637e-02
6.43141089386463082889e-01 -3.21338147760219783322e+00 -9.41723062335803162703e-01 8.81095995725397642673e+01 -9.08879897838558853396e-02
6.45102730221288278578e-01 -3.21258830707856501974e+00 -9.41602899751662669736e-01 8.81089247588283370760e+01 -9.17952407535454900644e-02
6.47059979070545909785e-01 -3.21179834095907246194e+00 -9.41482645633322734469e-01 8.81082462008863274150e+01 -9.27038793611972972153e-02
6.49012822608903250376e-01 -3.21101157275762405519e+00 -9.41362302689054630811e-01 8.81075639432377499816e+01 -9.36138727698510447750e-02
6.50961247541019139007e-01 -3.21022799599664399040e+00 -9.41241873630467074108e-01 8.81068780303654790487e+01 -9.45251881614008471200e-02
6.52905240601636016606e-01 -3.20944760420705543780e+00 -9.41121361172484238722e-01 8.81061885067108505609e+01 -9.54377927373341039541e-02
6.54844788555668411156e-01 -3.20867039092842665227e+00 -9.41000768033434242810e-01 8.81054954166733068632e+01 -9.63516537195601707744e-02
6.56779878198294642111e-01 -3.20789634970895365385e+00 -9.40880096935049370366e-01 8.81047988046099277426e+01 -9.72667383512307581750e-02
6.58710496355045971306e-01 -3.20712547410556725325e+00 -9.40759350602550004083e-01 8.81040987148350893676e+01 -9.81830138974683908071e-02
6.60636629881896420002e-01 -3.20635775768395836494e+00 -9.40638531764651952827e-01 8.81033951916199811194e+01 -9.91004476462769012812e-02
6.62558265665352030815e-01 -3.20559319401864684096e+00 -9.40517643153612192819e-01 8.81026882791922645310e+01 -1.00019006909207300304e-01
6.64475390622540684760e-01 -3.20483177669309116098e+00 -9.40396687505257289352e-01 8.81019780217356043295e+01 -1.00938659022247689823e-01
6.66387991701300586023e-01 -3.20407349929212648121e+00 -9.40275667568402973018e-01 8.81012644630336296814e+01 -1.01859370906554572156e-01
6.68296055880269523897e-01 -3.20331835543188603310e+00 -9.40154586067921349546e-01 8.81005476478747908686e+01 -1.02781110806102263244e-01
6.70199570168973357553e-01 -3.20256633871564488913e+00 -9.40033445759495989158e-01 8.80998276199692611499e+01 -1.03703845716953096945e-01
6.72098521607914500819e-01 -3.20181743948610764150e+00 -9.39912251064649262311e-01 8.80991044238143956591e+01 -1.04627543012106263842e-01
6.73992897268660184906e-01 -3.20107165771320767433e+00 -9.39791001348244225966e-01 8.80983781024042400531e+01 -1.05552170276646664626e-01
6.75882684253930277052e-01 -3.20032898396235454541e+00 -9.39669701076541019624e-01 8.80976487001199188853e+01 -1.06477694960609908792e-01
6.77767869697685210184e-01 -3.19958941188086587459e+00 -9.39548353010602577129e-01 8.80969162608253952840e+01 -1.07404084592722645630e-01
6.79648440765214134629e-01 -3.19885293512555746176e+00 -9.39426959915246162502e-01 8.80961808283372249662e+01 -1.08331306732378382374e-01
6.81524384653221182440e-01 -3.19811954736263537313e+00 -9.39305524559165605503e-01 8.80954424464241867554e+01 -1.09259328970457356145e-01
6.83395688589913286037e-01 -3.19738924226789666960e+00 -9.39184049714898661065e-01 8.80947011588067283583e+01 -1.10188118930079514968e-01
6.85262339835087441742e-01 -3.19666201352669077096e+00 -9.39062538158875304006e-01 8.80939570091566395149e+01 -1.11117644267382881251e-01
6.87124325680216641032e-01 -3.19593785483411929604e+00 -9.38940992671415619597e-01 8.80932100410964977755e+01 -1.12047872672319040466e-01
6.88981633448537245101e-01 -3.19521675989492948133e+00 -9.38819416036841825068e-01 8.80924602981993842832e+01 -1.12978771869381530712e-01
6.90834250495134805092e-01 -3.19449872242376908815e+00 -9.38697811043372687401e-01 8.80917078239882442858e+01 -1.13910309618448904456e-01
6.92682164207029549274e-01 -3.19378373614506605449e+00 -9.38576180483257083154e-01 8.80909526619355318644e+01 -1.14842453715450265594e-01
6.94525362003264090660e-01 -3.19307179479326475047e+00 -9.38454527152749684582e-01 8.80901948554627978183e+01 -1.15775171993223610634e-01
6.96363831334987137822e-01 -3.19236289211270163335e+00 -9.38332853852164805453e-01 8.80894344479401638637e+01 -1.16708432322268809700e-01
6.98197559685539759222e-01 -3.19165702185790944867e+00 -9.38211163385810564819e-01 8.80886714826857968319e+01 -1.17642202611429075310e-01
7.00026534570540759361e-01 -3.19095417779344003861e+00 -9.38089458562144984377e-01 8.80879060029656386632e+01 -1.18576450808763791955e-01
7.01850743537971277775e-01 -3.19025434931347895429e+00 -9.37967743236777673488e-01 8.80871380526381955178e+01 -1.19511144664811289062e-01
7.03670174168260054159e-01 -3.18955753870993019561e+00 -9.37846018016553428787e-01 8.80863676735995539957e+01 -1.20446252644780052443e-01
7.05484814074367139192e-01 -3.18886373564378189371e+00 -9.37724286872746670696e-01 8.80855949095742403188e+01 -1.21381742616364460274e-01
7.07294650901869381698e-01 -3.18817293392103584537e+00 -9.37602552629150043373e-01 8.80848198036140814793e+01 -1.22317582691624127111e-01
7.09099672329043584362e-01 -3.18748512735816058594e+00 -9.37480818113613945108e-01 8.80840423987161216246e+01 -1.23253741025604962589e-01
7.10899866066950880672e-01 -3.18680030978221662252e+00 -9.37359086158153220758e-01 8.80832627378223094183e+01 -1.24190185816964920873e-01
7.12695219859520112671e-01 -3.18611847503091638600e+00 -9.37237359598942942895e-01 8.80824808638189153953e+01 -1.25126885308848662115e-01
7.14485721483631763817e-01 -3.18543961695271393708e+00 -9.37115641276267896664e-01 8.80816968195360345817e+01 -1.26063807789573656404e-01
7.16271358749200004468e-01 -3.18476372940682717072e+00 -9.36993934034628050966e-01 8.80809106477471885910e+01 -1.27000921593330401427e-01
7.18052119499257623936e-01 -3.18409080626338036879e+00 -9.36872240722656624001e-01 8.80801223911687429791e+01 -1.27938195101016533028e-01
7.19827991610036854730e-01 -3.18342084140336689657e+00 -9.36750564193234214194e-01 8.80793320924595235510e+01 -1.28875596740900238979e-01
7.21598962991052972349e-01 -3.18275382871880507807e+00 -9.36628907303373892113e-01 8.80785397942202052946e+01 -1.29813094989388089218e-01
7.23365021585186451780e-01 -3.18208976211278971036e+00 -9.36507272914355315407e-01 8.80777455389929144758e+01 -1.30750658371778072375e-01
7.25126155368765124010e-01 -3.18142863549955201563e+00 -9.36385663891628916566e-01 8.80769493692606317836e+01 -1.31688255462925507544e-01
7.26882352351645444344e-01 -3.18077044280450493829e+00 -9.36264083104895838972e-01 8.80761513274468228474e+01 -1.32625854888054173220e-01
7.28633600577295093004e-01 -3.18011517237213636733e+00 -9.36142533373239049688e-01 8.80753514567063859886e+01 -1.33563424806927316668e-01
7.30379888122873355272e-01 -3.17946282904889798715e+00 -9.36021017448038894493e-01 8.80745497977839875148e+01 -1.34500934918051900935e-01
7.32121203099313277995e-01 -3.17881340148219893038e+00 -9.35899538368869743366e-01 8.80737463936866902259e+01 -1.35438353543229278442e-01
7.33857533651401716668e-01 -3.17816688364358812535e+00 -9.35778099020763587390e-01 8.80729412865942578037e+01 -1.36375649515973695891e-01
7.35588867957860936819e-01 -3.17752326951617858342e+00 -9.35656702292908204477e-01 8.80721345186243382841e+01 -1.37312791723720989401e-01
7.37315194231428105986e-01 -3.17688255309486633493e+00 -9.35535351078686128190e-01 8.80713261318317819359e+01 -1.38249749108578151580e-01
7.39036500718936339993e-01 -3.17624472838627092131e+00 -9.35414048275666321075e-01 8.80705161682083854657e+01 -1.39186490668007395444e-01
7.40752775701394416963e-01 -3.17560978940881177834e+00 -9.35292796785539004567e-01 8.80697046696820677880e+01 -1.40122985455548548783e-01
7.42464007494066491333e-01 -3.17497773019286189111e+00 -9.35171599514173168544e-01 8.80688916781166852843e+01 -1.41059202581488379868e-01
7.44170184446551918889e-01 -3.17434854478077443929e+00 -9.35050459371689957067e-01 8.80680772353112075734e+01 -1.41995111213657571048e-01
7.45871294942864193622e-01 -3.17372222722689256713e+00 -9.34929379272241622978e-01 8.80672613829993480294e+01 -1.42930680578022717420e-01
7.47567327401510439699e-01 -3.17309877158685216259e+00 -9.34808362143017879120e-01 8.80664441623433305040e+01 -1.43865879548482455963e-01
7.49258270275569682184e-01 -3.17247817196052528388e+00 -9.34687410889307179751e-01 8.80656256159356871649e+01 -1.44800678273454302980e-01
7.50944112052772227983e-01 -3.17186042242838839300e+00 -9.34566528446179156653e-01 8.80648057848248981827e+01 -1.45735045764037701721e-01
7.52624841255577603505e-01 -3.17124551031800772094e+00 -9.34445715987195391072e-01 8.80639847113696561109e+01 -1.46668950553605237364e-01
7.54300446441252492313e-01 -3.17063344300361160677e+00 -9.34324979570017477570e-01 8.80631624352002830847e+01 -1.47602363939143943483e-01
7.55970916201949338920e-01 -3.17002420813003116251e+00 -9.34204320733370896512e-01 8.80623389985216249443e+01 -1.48535254666428112591e-01
7.57636239164782954170e-01 -3.16941779983911731122e+00 -9.34083742418275075892e-01 8.80615144425947420359e+01 -1.49467592387865472192e-01
7.59296403991909008013e-01 -3.16881421228536908075e+00 -9.33963247569827070826e-01 8.80606888086110757285e+01 -1.50399346819602236502e-01
7.60951399380600634892e-01 -3.16821343963609169947e+00 -9.33842839137012381556e-01 8.80598621376918515580e+01 -1.51330487742120212147e-01
7.62601214063325594239e-01 -3.16761547607141746852e+00 -9.33722520072933548363e-01 8.80590344708874965818e+01 -1.52260985001016480034e-01
7.64245836807822653824e-01 -3.16702031578429643588e+00 -9.33602293334486299514e-01 8.80582058491770709452e+01 -1.53190808507547959749e-01
7.65885256417178750254e-01 -3.16642795298064871901e+00 -9.33482161882629668526e-01 8.80573763134678699771e+01 -1.54119928239408815474e-01
7.67519461729904151071e-01 -3.16583838187945421083e+00 -9.33362128682184266637e-01 8.80565459045946283823e+01 -1.55048314241383822232e-01
7.69148441620009615249e-01 -3.16525159671266820283e+00 -9.33242196701956849836e-01 8.80557146633191223373e+01 -1.55975936625944194835e-01
7.70772184997081555302e-01 -3.16466759172544520595e+00 -9.33122368914538369289e-01 8.80548826303294873696e+01 -1.56902765573964125823e-01
7.72390680806357088350e-01 -3.16408636117601771431e+00 -9.33002648296358261248e-01 8.80540498462397778212e+01 -1.57828771335337764148e-01
7.74003918028800530493e-01 -3.16350789160946410661e+00 -9.32883033678078676942e-01 8.80532163524770226104e+01 -1.58753922733152114111e-01
7.75611885681177226637e-01 -3.16293219250852564173e+00 -9.32763535753284189767e-01 8.80523821877187771179e+01 -1.59678193015950958822e-01
7.77214572816129045663e-01 -3.16235925071066725778e+00 -9.32644153903451234022e-01 8.80515473932452721328e+01 -1.60601551274335674346e-01
7.78811968522248321278e-01 -3.16178906052986263830e+00 -9.32524891117693655040e-01 8.80507120093674444661e+01 -1.61523968040579307681e-01
7.80404061924152570029e-01 -3.16122161629393483295e+00 -9.32405750388858756139e-01 8.80498760763190659873e+01 -1.62445413919286407722e-01
7.81990842182558654194e-01 -3.16065691234426893175e+00 -9.32286734713322018386e-01 8.80490396342563315102e+01 -1.63365859587959877386e-01
7.83572298494356056509e-01 -3.16009494303605587007e+00 -9.32167847091161516637e-01 8.80482027232571766717e+01 -1.64285275797641294737e-01
7.85148420092680932036e-01 -3.15953570273829287274e+00 -9.32049090525851275935e-01 8.80473653833206242325e+01 -1.65203633373584068966e-01
7.86719196246989271870e-01 -3.15897918583389758496e+00 -9.31930468024570246577e-01 8.80465276543663151188e+01 -1.66120903215859982982e-01
7.88284616263129733760e-01 -3.15842538671950956441e+00 -9.31811982597702259667e-01 8.80456895762338973555e+01 -1.67037056299930430914e-01
7.89844669483416361722e-01 -3.15787429980585221401e+00 -9.31693637259330409428e-01 8.80448511886823581563e+01 -1.67952063677345581061e-01
7.91399345286702082802e-01 -3.15732591149659125307e+00 -9.31575428573540142985e-01 8.80440125321507451872e+01 -1.68865894450161702078e-01
7.92948633088449872375e-01 -3.15678023209451241726e+00 -9.31457371700639136236e-01 8.80431736446679735764e+01 -1.69778523707811490606e-01
7.94492522340805029657e-01 -3.15623724823306872622e+00 -9.31339463922067234414e-01 8.80423345665427916629e+01 -1.70689920866573308089e-01
7.96031002532667897320e-01 -3.15569695438293429390e+00 -9.31221708262488956365e-01 8.80414953372046795721e+01 -1.71600057288113866383e-01
7.97564063189764360651e-01 -3.15515934502920769589e+00 -9.31104107749678111539e-01 8.80406559959993728626e+01 -1.72508904413270436340e-01
7.99091693874717567958e-01 -3.15462441467143772655e+00 -9.30986665414388236961e-01 8.80398165821883651461e+01 -1.73416433762548866104e-01
8.00613884187118873825e-01 -3.15409215782365492942e+00 -9.30869384290607282395e-01 8.80389771349482543883e+01 -1.74322616936802871068e-01
8.02130623763599115428e-01 -3.15356256901440046292e+00 -9.30752267415442591236e-01 8.80381376933701176313e+01 -1.75227425617810739222e-01
8.03641902277898334539e-01 -3.15303564278670522825e+00 -9.30635317828670260987e-01 8.80372982964589141375e+01 -1.76130831568804546716e-01
8.05147709440937053849e-01 -3.15251137369825373824e+00 -9.30518538573069320385e-01 8.80364589831328885339e+01 -1.77032806635101874759e-01
8.06648035000885443857e-01 -3.15198975632119626766e+00 -9.30401932694254640843e-01 8.80356197922229455344e+01 -1.77933322744639493829e-01
8.08142868743233711015e-01 -3.15147077730010272134e+00 -9.30285493427817078427e-01 8.80347807629025140841e+01 -1.78832349139834034801e-01
8.09632200490861042574e-01 -3.15095444710014449541e+00 -9.30169242443995680780e-01 8.80339419328603156600e+01 -1.79729863243913129400e-01
8.11116020104105994726e-01 -3.15044075246177657235e+00 -9.30053173923196419004e-01 8.80331033411794834365e+01 -1.80625834666993223543e-01
8.12594317480834105183e-01 -3.14992968802171535714e+00 -9.29937290919007675249e-01 8.80322650263337180832e+01 -1.81520235673358620865e-01
8.14067082556508059277e-01 -3.14942124843140280888e+00 -9.29821596487530377395e-01 8.80314270267062255471e+01 -1.82413038612828565244e-01
8.15534305304254858449e-01 -3.14891542835753712737e+00 -9.29706093687512447055e-01 8.80305893805890207204e+01 -1.83304215921316071558e-01
8.16995975734935098167e-01 -3.14841222248179430920e+00 -9.29590785579701983643e-01 8.80297521261823305849e+01 -1.84193740121344595728e-01
8.18452083897210691532e-01 -3.14791162550083702953e+00 -9.29475675227341646689e-01 8.80289153015940115665e+01 -1.85081583822617995461e-01
8.19902619877612370836e-01 -3.14741363212646696468e+00 -9.29360765695629420513e-01 8.80280789448388532037e+01 -1.85967719722531704685e-01
8.21347573800607411165e-01 -3.14691823708533480186e+00 -9.29246060051932665225e-01 8.80272430938379812915e+01 -1.86852120606734228847e-01
8.22786935828667020942e-01 -3.14642542801732005842e+00 -9.29131547955277414808e-01 8.80264077863025988790e+01 -1.87734755824209897934e-01
8.24220696162332733259e-01 -3.14593521409272547373e+00 -9.29017258057208028532e-01 8.80255730600112826778e+01 -1.88615605146613268817e-01
8.25648845040284129482e-01 -3.14544758284611525312e+00 -9.28903181186207849152e-01 8.80247389526441423868e+01 -1.89494638336286630453e-01
8.27071372739403898322e-01 -3.14496252907244722152e+00 -9.28789320414928787351e-01 8.80239055017391365254e+01 -1.90371828537510445756e-01
8.28488269574845448417e-01 -3.14448004758213528476e+00 -9.28675678817615146698e-01 8.80230727447371776861e+01 -1.91247148985544623834e-01
8.29899525900098078424e-01 -3.14400013320115068183e+00 -9.28562259470289919072e-01 8.80222407189816777873e+01 -1.92120573007116240971e-01
8.31305132107052369150e-01 -3.14352278077056368488e+00 -9.28449065450054011883e-01 8.80214094617177806867e+01 -1.92992074020775672416e-01
8.32705078626066685921e-01 -3.14304798513267424909e+00 -9.28336099843013018429e-01 8.80205790094307900517e+01 -1.93861625190588665602e-01
8.34099355926031127417e-01 -3.14257574118734517299e+00 -9.28223365714263004556e-01 8.80197494004692373437e+01 -1.94729200802548074734e-01
8.35487954514433028841e-01 -3.14210603826417278484e+00 -9.28110849285327721425e-01 8.80189206702983852892e+01 -1.95594770010079688216e-01
8.36870864937421798935e-01 -3.14163888285009074153e+00 -9.27998585928238695075e-01 8.80180928571658398596e+01 -1.96458314757764318514e-01
8.38248077779872757809e-01 -3.14117426392833332116e+00 -9.27886563224117999482e-01 8.80172659972203774714e+01 -1.97319804980461199762e-01
8.39619583665451307830e-01 -3.14071217644235911592e+00 -9.27774784255145146261e-01 8.80164401271015037764e+01 -1.98179214659619129524e-01
8.40985373256677326559e-01 -3.14025261535111965827e+00 -9.27663252104172220136e-01 8.80156152833458520490e+01 -1.99036517872070134461e-01
8.42345437254987894349e-01 -3.13979557562914024516e+00 -9.27551969854592872622e-01 8.80147915023866431738e+01 -1.99891688790562210842e-01
8.43699766400801687283e-01 -3.13934105226631166019e+00 -9.27440940590076978722e-01 8.80139688205528756271e+01 -2.00744701684110016249e-01
8.45048351473580483528e-01 -3.13888904026813442272e+00 -9.27330167394733284603e-01 8.80131472740687996748e+01 -2.01595530918587478864e-01
8.46391183291893445251e-01 -3.13843953465505798306e+00 -9.27219653352139405733e-01 8.80123268990531784084e+01 -2.02444150956888418991e-01
8.47728252713479291103e-01 -3.13799252775113890479e+00 -9.27109380191192600229e-01 8.80115077294987173673e+01 -2.03290531352418007982e-01
8.49059550635307469513e-01 -3.13754802097908891412e+00 -9.26999392038968195173e-01 8.80106898049329515743e+01 -2.04134656507465206410e-01
8.50385067993641552420e-01 -3.13710600589947663508e+00 -9.26889672215032156544e-01 8.80098731595066396949e+01 -2.04976496443103617384e-01
8.51704795764099964472e-01 -3.13666647760730921135e+00 -9.26780223802187386184e-01 8.80090578289068332651e+01 -2.05816026017265785164e-01
8.53018724961718044497e-01 -3.13622943121344865958e+00 -9.26671049883147635029e-01 8.80082438487117144632e+01 -2.06653220187529435004e-01
8.54326846641008552652e-01 -3.13579486184413402938e+00 -9.26562153539407296066e-01 8.80074312543898997774e+01 -2.07488054011293276968e-01
8.55629151896023509849e-01 -3.13536276464031793410e+00 -9.26453537851322117547e-01 8.80066200812999994696e+01 -2.08320502646109600997e-01
8.56925631860413927754e-01 -3.13493313475860357897e+00 -9.26345205897989520949e-01 8.80058103646897933459e+01 -2.09150541350266616636e-01
8.58216277707490537985e-01 -3.13450596825605209972e+00 -9.26237135598090066679e-01 8.80050021363410479580e+01 -2.09978139899378302147e-01
8.59501080650284077223e-01 -3.13408125999300057885e+00 -9.26129378534235825349e-01 8.80041954374208756917e+01 -2.10803284669032808818e-01
8.60780031941604684143e-01 -3.13365900481484382922e+00 -9.26021914368558740627e-01 8.80033902999938817402e+01 -2.11625945899598211231e-01
8.62053122874101962481e-01 -3.13323919795452043857e+00 -9.25914746176193514948e-01 8.80025867588540933184e+01 -2.12446099258793208442e-01
8.63320344780323600808e-01 -3.13282183466079899858e+00 -9.25807877030001336038e-01 8.80017848486811260500e+01 -2.13263720517118920972e-01
8.64581689032775213555e-01 -3.13240691019700623343e+00 -9.25701309999937826944e-01 8.80009846040397292199e+01 -2.14078785547960698254e-01
8.65837147043978516692e-01 -3.13199441984118198690e+00 -9.25595048153720734163e-01 8.80001860593793452381e+01 -2.14891270328158467962e-01
8.67086710266529503421e-01 -3.13158435888597219687e+00 -9.25489094554986291286e-01 8.79993892490329727707e+01 -2.15701150938067548468e-01
8.68330370193157397019e-01 -3.13117672913012246028e+00 -9.25383422577794045871e-01 8.79985942018929279129e+01 -2.16508397459708124000e-01
8.69568118356782493450e-01 -3.13077151507770334860e+00 -9.25278092741065427695e-01 8.79978009619359653470e+01 -2.17312998192804723852e-01
8.70799946330572671727e-01 -3.13036871666161919947e+00 -9.25173080285030979830e-01 8.79970095585149465478e+01 -2.18114923646649000455e-01
8.72025845728002679813e-01 -3.12996832925340751075e+00 -9.25068388265969376860e-01 8.79962200254868207594e+01 -2.18914150324470091480e-01
8.73245808202909201690e-01 -3.12957034823858259998e+00 -9.24964019735519893395e-01 8.79954323965889813053e+01 -2.19710654834816498937e-01
8.74459825449549366105e-01 -3.12917476901736035799e+00 -9.24859977740734473528e-01 8.79946467054385124129e+01 -2.20504413892060324720e-01
8.75667889202656035685e-01 -3.12878158700298358852e+00 -9.24756265322888015845e-01 8.79938629855316492012e+01 -2.21295404316236898890e-01
8.76869991237495205461e-01 -3.12839080997886798130e+00 -9.24652852713943596008e-01 8.79930812629916232481e+01 -2.22083596782211539766e-01
8.78066123369920736863e-01 -3.12800241154121172471e+00 -9.24549806662194662010e-01 8.79923015846135996298e+01 -2.22868980722612575196e-01
8.79256277456431312167e-01 -3.12761639696903426255e+00 -9.24447099276036965421e-01 8.79915239771481765274e+01 -2.23651527171601083310e-01
8.80440445394225390530e-01 -3.12723276175578046576e+00 -9.24344733585444222612e-01 8.79907484735958718147e+01 -2.24431213382736249873e-01
8.81618619121255608917e-01 -3.12685150140826806364e+00 -9.24242712612718286813e-01 8.79899751068327731218e+01 -2.25208016716822195802e-01
8.82790790616284959391e-01 -3.12647261144701138491e+00 -9.24141039373238215582e-01 8.79892039096098415030e+01 -2.25981914642454512210e-01
8.83956951898940523904e-01 -3.12609608740492772583e+00 -9.24039716873509830997e-01 8.79884349145524282676e+01 -2.26752884735717974429e-01
8.85117095029768430337e-01 -3.12572194550622217690e+00 -9.23938712059867439663e-01 8.79876681442758012963e+01 -2.27520898569338492212e-01
8.86271212110287143204e-01 -3.12535014376525888125e+00 -9.23838098285130415732e-01 8.79869036497163961030e+01 -2.28285946214229568119e-01
8.87419295283041753564e-01 -3.12498069503431219474e+00 -9.23737844277562447637e-01 8.79861414543350264239e+01 -2.29047999474193186842e-01
8.88561336731657602783e-01 -3.12461359492662849036e+00 -9.23637953027185321098e-01 8.79853815902417437655e+01 -2.29807036368177536323e-01
8.89697328680893129160e-01 -3.12424883906681349899e+00 -9.23538427513184267958e-01 8.79846240894175508629e+01 -2.30563035023765489084e-01
8.90827263396692936581e-01 -3.12388642309308872669e+00 -9.23439270703094727821e-01 8.79838689837131227023e+01 -2.31315973677602648717e-01
8.91951133186240308071e-01 -3.12352637055940718369e+00 -9.23340448164749139082e-01 8.79831162927940084728e+01 -2.32065825063604846967e-01
8.93068930398010163429e-01 -3.12316862591506350100e+00 -9.23242036136281529757e-01 8.79823660709648862621e+01 -2.32812579088038068553e-01
8.94180647421820240517e-01 -3.12281320861944156064e+00 -9.23144001768869348901e-01 8.79816183389095272105e+01 -2.33556208573597962053e-01
8.95286276688883719821e-01 -3.12246011438862902665e+00 -9.23046348008320194367e-01 8.79808731279470777054e+01 -2.34296692206595630337e-01
8.96385810671860183696e-01 -3.12210933895174225228e+00 -9.22949077785419014219e-01 8.79801304692627752502e+01 -2.35034008783084225058e-01
8.97479241884907241733e-01 -3.12176087804704582851e+00 -9.22852194016132165721e-01 8.79793903939081474164e+01 -2.35768137208731076715e-01
8.98566562883731378975e-01 -3.12141476490716751613e+00 -9.22755661290676432174e-01 8.79786529179562108993e+01 -2.36499051833529955191e-01
8.99647766265638582084e-01 -3.12107092593043633499e+00 -9.22659558070008101183e-01 8.79779181002504486742e+01 -2.37226741597200141420e-01
9.00722844669584632449e-01 -3.12072938932491261710e+00 -9.22563850173241495334e-01 8.79771859580937132250e+01 -2.37951180722004745904e-01
9.01791790776225510307e-01 -3.12039015090725868617e+00 -9.22468540486111709953e-01 8.79764565219887231251e+01 -2.38672348568960135395e-01
9.02854597307967132735e-01 -3.12005320650612061328e+00 -9.22373631875079591502e-01 8.79757298222999395421e+01 -2.39390224609399959732e-01
9.03911257029014647557e-01 -3.11971855195767178159e+00 -9.22279127185078873019e-01 8.79750058892536941357e+01 -2.40104788424021858839e-01
9.04961762745422060306e-01 -3.11938623326707986649e+00 -9.22184991080069571545e-01 8.79742847345553684590e+01 -2.40816016724833492635e-01
9.06006107305140861996e-01 -3.11905615284536885667e+00 -9.22091302380991240106e-01 8.79735664230242377926e+01 -2.41523896134093474242e-01
9.07044283598068878938e-01 -3.11872835049248298134e+00 -9.21998026367131795489e-01 8.79728509678452041953e+01 -2.42228402908421125428e-01
9.08076284556099455614e-01 -3.11840282212258035344e+00 -9.21905165843869944808e-01 8.79721383986786804599e+01 -2.42929517088604551844e-01
9.09102103153167639960e-01 -3.11807956365875682536e+00 -9.21812723589501392674e-01 8.79714287450424592407e+01 -2.43627218824824604004e-01
9.10121732405300032376e-01 -3.11775863015964471714e+00 -9.21720666077675665484e-01 8.79707220155647036108e+01 -2.44321487083762944881e-01
9.11135165370661193052e-01 -3.11743990704966567051e+00 -9.21629068996276279435e-01 8.79700182789163136476e+01 -2.45012306009037506005e-01
9.12142395149601159510e-01 -3.11712344237139893366e+00 -9.21537898837213487191e-01 8.79693175453594733426e+01 -2.45699653831930292514e-01
9.13143414884702742107e-01 -3.11680923212177907189e+00 -9.21447158328704052366e-01 8.79686198438323714299e+01 -2.46383511164906893187e-01
9.14138217760827709313e-01 -3.11649727230918882626e+00 -9.21356850166061391860e-01 8.79679252031260006106e+01 -2.47063858729786423041e-01
9.15126797005163528098e-01 -3.11618755894865362421e+00 -9.21266977005822274016e-01 8.79672336518837312269e+01 -2.47740677355712313190e-01
9.16109145887269216146e-01 -3.11588016723918670436e+00 -9.21177509737334254680e-01 8.79665451927663184506e+01 -2.48413950704119340651e-01
9.17085257719121638154e-01 -3.11557494440375792877e+00 -9.21088516481903152311e-01 8.79658599034394370619e+01 -2.49083656293757893518e-01
9.18055125855160469861e-01 -3.11527195691919178699e+00 -9.20999966723354379639e-01 8.79651777884905925475e+01 -2.49749776407176576898e-01
9.19018743692333606177e-01 -3.11497120087459089532e+00 -9.20911863051279588888e-01 8.79644988759653756460e+01 -2.50412292337161612732e-01
9.19976104670142347253e-01 -3.11467267236845257727e+00 -9.20824208004792144067e-01 8.79638231937562551366e+01 -2.51071185482034830994e-01
9.20927202270686140473e-01 -3.11437646193119777038e+00 -9.20736978932581662249e-01 8.79631507394038010261e+01 -2.51726443814833666934e-01
9.21872030018706323240e-01 -3.11408238765602130016e+00 -9.20650232274470625704e-01 8.79624815983702035282e+01 -2.52378038587057262898e-01
9.22810581481630642919e-01 -3.11379053012227835495e+00 -9.20563942569266546734e-01 8.79618157703032181871e+01 -2.53025955815143532845e-01
9.23742850269617443715e-01 -3.11350088550299197721e+00 -9.20478112266978398814e-01 8.79611532824810922193e+01 -2.53670177359509585457e-01
9.24668830035598299233e-01 -3.11321355174647873554e+00 -9.20392724172376386349e-01 8.79604941311106074409e+01 -2.54310694526595937326e-01
9.25588514475321866293e-01 -3.11292833292472703732e+00 -9.20307824591111933721e-01 8.79598384024433954664e+01 -2.54947473699589755025e-01
9.26501897327396517490e-01 -3.11264531646128927989e+00 -9.20223392579773813438e-01 8.79591860948231385464e+01 -2.55580503857978535986e-01
9.27408972373333306827e-01 -3.11236449860099062548e+00 -9.20139430479503972471e-01 8.79585372349012715176e+01 -2.56209767321713521859e-01
9.28309733437587714100e-01 -3.11208587560533311844e+00 -9.20055940560462914846e-01 8.79578918491653780620e+01 -2.56835246512897519278e-01
9.29204174387602388485e-01 -3.11180956665801211614e+00 -9.19972918723543364727e-01 8.79572499286738036517e+01 -2.57456940174146164946e-01
9.30092289133848337812e-01 -3.11153533518104596922e+00 -9.19890387271680931569e-01 8.79566115675113167072e+01 -2.58074802543533932120e-01
9.30974071629866561928e-01 -3.11126328831547960263e+00 -9.19808335921980413374e-01 8.79559767589756376083e+01 -2.58688829095800820745e-01
9.31849515872309464015e-01 -3.11099342240114484781e+00 -9.19726766799050743373e-01 8.79553455289074577195e+01 -2.59299002706688208608e-01
9.32718615900981373734e-01 -3.11072586838609943527e+00 -9.19645686651190397143e-01 8.79547178656922170603e+01 -2.59905327511063988233e-01
9.33581365798879514450e-01 -3.11046036717480411937e+00 -9.19565097632525696447e-01 8.79540938668524034938e+01 -2.60507749044720404719e-01
9.34437759692233416153e-01 -3.11019703690559801146e+00 -9.19484998527806074442e-01 8.79534735229918851473e+01 -2.61106267522361490396e-01
9.35287791750546215752e-01 -3.10993587400623683337e+00 -9.19405391283285577941e-01 8.79528568592866122344e+01 -2.61700866267869147741e-01
9.36131456186633403860e-01 -3.10967702323742622994e+00 -9.19326296897382211348e-01 8.79522438613288244369e+01 -2.62291556164532979611e-01
9.36968747256662348732e-01 -3.10942019893801191444e+00 -9.19247691025141144827e-01 8.79516346303428804276e+01 -2.62878271491322423881e-01
9.37799659260191820209e-01 -3.10916553225119596249e+00 -9.19169584418695007066e-01 8.79510291540553623690e+01 -2.63461018397221968801e-01
9.38624186540210181384e-01 -3.10891301970522748732e+00 -9.19091978809089771296e-01 8.79504274569582804588e+01 -2.64039780647569111149e-01
9.39442323483174468457e-01 -3.10866282195465792881e+00 -9.19014914034531171794e-01 8.79498295218943439977e+01 -2.64614577605870537891e-01
9.40254064519048693427e-01 -3.10841462261149237278e+00 -9.18938330649167300912e-01 8.79492354537593286068e+01 -2.65185329019714921550e-01
9.41059404121340592475e-01 -3.10816856791652895708e+00 -9.18862255321104326455e-01 8.79486452373462697096e+01 -2.65752048506219751278e-01
9.41858336807141038882e-01 -3.10792465452167032680e+00 -9.18786689511957299636e-01 8.79480588964379279560e+01 -2.66314720261565052173e-01
9.42650857137159903232e-01 -3.10768306096306190511e+00 -9.18711698068145454776e-01 8.79474764114352041133e+01 -2.66873374341910496454e-01
9.43436959715763689971e-01 -3.10744343607680040265e+00 -9.18637174858938920785e-01 8.79468978903973237493e+01 -2.67427911770994730656e-01
9.44216639191012285792e-01 -3.10720594328887012026e+00 -9.18563167807100233730e-01 8.79463233153350074645e+01 -2.67978355602198514696e-01
9.44989890254695485972e-01 -3.10697076499329982724e+00 -9.18489753462032432196e-01 8.79457526665149487144e+01 -2.68524740510656223513e-01
9.45756707642368521505e-01 -3.10673754251205558319e+00 -9.18416803634597878059e-01 8.79451860509461482707e+01 -2.69066959871910815760e-01
9.46517086133388918512e-01 -3.10650644315220514358e+00 -9.18344376280256335932e-01 8.79446234502563726210e+01 -2.69605040826917330410e-01
9.47271020550951026173e-01 -3.10627746383915503969e+00 -9.18272472325389554904e-01 8.79440648869358057027e+01 -2.70138968319865557799e-01
9.48018505762121987956e-01 -3.10605080740246597415e+00 -9.18201206364230970713e-01 8.79435103399886912712e+01 -2.70668792180678630110e-01
9.48759536677876158528e-01 -3.10582607496291851490e+00 -9.18130378960788751108e-01 8.79429599175093130725e+01 -2.71194378577287842358e-01
9.49494108253130075781e-01 -3.10560345397244130794e+00 -9.18060080665381694764e-01 8.79424135991359037234e+01 -2.71715768076610908466e-01
9.50222215486776988769e-01 -3.10538315281928367639e+00 -9.17990446114897218344e-01 8.79418713645054452854e+01 -2.72233018006237281750e-01
9.50943853421720053376e-01 -3.10516476149914666394e+00 -9.17921238127822669561e-01 8.79413333193118376130e+01 -2.72745981417939598046e-01
9.51659017144907415364e-01 -3.10494847333096535280e+00 -9.17852564502833700999e-01 8.79407994433124429179e+01 -2.73254705534348996121e-01
9.52367701787364628885e-01 -3.10473450277790297136e+00 -9.17784584124424873686e-01 8.79402697172774736600e+01 -2.73759256581706467149e-01
9.53069902524227741125e-01 -3.10452242753533402819e+00 -9.17717014125411734149e-01 8.79397442436030445378e+01 -2.74259471823468603535e-01
9.53765614574776932066e-01 -3.10431244749277857053e+00 -9.17649983208310926486e-01 8.79392230025205634547e+01 -2.74755406394323720143e-01
9.54454833202468377884e-01 -3.10410478333152406449e+00 -9.17583679577986366382e-01 8.79387059766846732600e+01 -2.75247137041808698221e-01
9.55137553714966891505e-01 -3.10389899994913021075e+00 -9.17517765108230909377e-01 8.79381932638329146812e+01 -2.75734482147446668954e-01
9.55813771464177897030e-01 -3.10369530423511230666e+00 -9.17452393829876866604e-01 8.79376848452295263314e+01 -2.76217506219368968967e-01
9.56483481846278404959e-01 -3.10349392268041901488e+00 -9.17387789348719007165e-01 8.79371807064951127586e+01 -2.76696298388865391527e-01
9.57146680301749208652e-01 -3.10329440788631272241e+00 -9.17323546759820529495e-01 8.79366809387313992374e+01 -2.77170654589005971413e-01
9.57803362315405748539e-01 -3.10309697372958792627e+00 -9.17259850764755357844e-01 8.79361855250748618573e+01 -2.77640650389993082214e-01
9.58453523416427977111e-01 -3.10290185137365170931e+00 -9.17196967689909881116e-01 8.79356944556194548568e+01 -2.78106389455368696595e-01
9.59097159178392222323e-01 -3.10270858297496054945e+00 -9.17134411957814865701e-01 8.79352078120543012574e+01 -2.78567641147971001292e-01
9.59734265219300386462e-01 -3.10251738882461358671e+00 -9.17072405399080525790e-01 8.79347255805794389971e+01 -2.79024494061108796483e-01
9.60364837201609811146e-01 -3.10232850256642223030e+00 -9.17011265847652579097e-01 8.79342477578366441548e+01 -2.79477068848047294214e-01
9.60988870832263142319e-01 -3.10214145967771326440e+00 -9.16950410356377476617e-01 8.79337744122747437814e+01 -2.79925103573279598912e-01
9.61606361862717418099e-01 -3.10195648545495927806e+00 -9.16890105667291899216e-01 8.79333055348227645709e+01 -2.80368702111168321967e-01
9.62217306088972823552e-01 -3.10177381241014682445e+00 -9.16830731636348206237e-01 8.79328411314725144621e+01 -2.80808004898106033931e-01
9.62821699351601556494e-01 -3.10159297574916736906e+00 -9.16771587925360398330e-01 8.79323812522345491516e+01 -2.81242713311560532663e-01
9.63419537535776138171e-01 -3.10141442876916695326e+00 -9.16713385220188747837e-01 8.79319258869671074308e+01 -2.81673104021830877919e-01
9.64010816571297390887e-01 -3.10123772061135216660e+00 -9.16655408922209091749e-01 8.79314750790116193002e+01 -2.82098875606899335278e-01
9.64595532432621638463e-01 -3.10106307289630489521e+00 -9.16597986417630683498e-01 8.79310288287204571134e+01 -2.82520151462654300900e-01
9.65173681138889238973e-01 -3.10089070249137410684e+00 -9.16541583884478927580e-01 8.79305871593891481552e+01 -2.82937097937339010478e-01
9.65745258753950674979e-01 -3.10072017115507359009e+00 -9.16485337075755523983e-01 8.79301500866506131615e+01 -2.83349368605214091410e-01
9.66310261386393642979e-01 -3.10055190432793814637e+00 -9.16430127502748104185e-01 8.79297176345318689528e+01 -2.83757291210757323086e-01
9.66868685189569476712e-01 -3.10038548128236080004e+00 -9.16375061912570676448e-01 8.79292898084223395472e+01 -2.84160512417776678351e-01
9.67420526361620347622e-01 -3.10022111341824091468e+00 -9.16320550330401162320e-01 8.79288666237135601023e+01 -2.84559181142951422849e-01
9.67965781145503245675e-01 -3.10005898710494820492e+00 -9.16267174732547262650e-01 8.79284481305019767206e+01 -2.84953496758695412616e-01
9.68504445829016735736e-01 -3.09989871758483603870e+00 -9.16213850674081564662e-01 8.79280342923346154294e+01 -2.85343051235372180408e-01
9.69036516744826603720e-01 -3.09974067302725098116e+00 -9.16161688738242441232e-01 8.79276251862079050170e+01 -2.85728237452619160397e-01
9.69561990270489948429e-01 -3.09958449509676592371e+00 -9.16109556616231168746e-01 8.79272207594675592190e+01 -2.86108635840844838238e-01
9.70080862828479939530e-01 -3.09943052407485719613e+00 -9.16058616527891889092e-01 8.79268211056806734405e+01 -2.86484652298340913834e-01
9.70593130886211241659e-01 -3.09927843153714288604e+00 -9.16007680353003395091e-01 8.79264261535620477162e+01 -2.86855853750277611791e-01
9.71098790956062218882e-01 -3.09912839265818451651e+00 -9.15957295122744041826e-01 8.79260359500892008100e+01 -2.87222428517533323600e-01
9.71597839595400469825e-01 -3.09898051326710755049e+00 -9.15908233414927330784e-01 8.79256505998077528830e+01 -2.87584625737454746552e-01
9.72090273406605143158e-01 -3.09883455429414533810e+00 -9.15859047260362713061e-01 8.79252699613202111095e+01 -2.87941943892890461765e-01
9.72576089037090585343e-01 -3.09869072746190266088e+00 -9.15811226661888189149e-01 8.79248942201066796542e+01 -2.88294874564810066353e-01
9.73055283179328878163e-01 -3.09854884429720689454e+00 -9.15763242298399449126e-01 8.79245232052620906416e+01 -2.88642897765998829307e-01
9.73527852570872820337e-01 -3.09840906221957501643e+00 -9.15716670305352864467e-01 8.79241571330277480456e+01 -2.88986525009671646469e-01
9.73993793994377243806e-01 -3.09827125166791095268e+00 -9.15669889985762042173e-01 8.79237957986446048153e+01 -2.89325215946348579532e-01
9.74453104277621995344e-01 -3.09813550665665626838e+00 -9.15624573892518278662e-01 8.79234394537588741514e+01 -2.89659503876514068388e-01
9.74905780293532697733e-01 -3.09800176649348202318e+00 -9.15578999452619668453e-01 8.79230878547939909140e+01 -2.89988826297172042068e-01
9.75351818960202621156e-01 -3.09787005099853551826e+00 -9.15534946352911327416e-01 8.79227412940713151102e+01 -2.90313740028213029820e-01
9.75791217240913111297e-01 -3.09774038008384611231e+00 -9.15490579212121291519e-01 8.79223994835755320310e+01 -2.90633658760142743471e-01
9.76223972144155016650e-01 -3.09761268670314038332e+00 -9.15447795998029167919e-01 8.79220627622657815436e+01 -2.90949164408104865576e-01
9.76650080723648006398e-01 -3.09748708510269565863e+00 -9.15404637223312112049e-01 8.79217307913476133763e+01 -2.91259645398781186199e-01
9.77069540078361775670e-01 -3.09736340652322539313e+00 -9.15363130641405842169e-01 8.79214039631576582678e+01 -2.91565710090530672005e-01
9.77482347352534808316e-01 -3.09724187559916375179e+00 -9.15321181046938603387e-01 8.79210818809625322956e+01 -2.91866720455910000354e-01
9.77888499735694360915e-01 -3.09712220464293297439e+00 -9.15280957687551133262e-01 8.79207649980343006746e+01 -2.92163312333978464341e-01
9.78287994462675891683e-01 -3.09700474714332507631e+00 -9.15240217858058202616e-01 8.79204528517120138531e+01 -2.92454820382519686817e-01
9.78680828813640935060e-01 -3.09688907668237067838e+00 -9.15201284250574231827e-01 8.79201459646592553554e+01 -2.92741908622759283709e-01
9.79067000114096308572e-01 -3.09677541835906255940e+00 -9.15162966667684707467e-01 8.79198440844524924387e+01 -2.93024226340843629846e-01
9.79446505734912542529e-01 -3.09666401984251082879e+00 -9.15124117315884610946e-01 8.79195469572393619728e+01 -2.93301438745530218544e-01
9.79819343092340866441e-01 -3.09655435319874339228e+00 -9.15087098769541196219e-01 8.79192551453158159802e+01 -2.93574208677487347163e-01
9.80185509648031860763e-01 -3.09644703270029086895e+00 -9.15049464025062264660e-01 8.79189680665247124125e+01 -2.93841844857142486802e-01
9.80545002909051777173e-01 -3.09634135084144901384e+00 -9.15013750913036716383e-01 8.79186863696236287069e+01 -2.94105038791214967731e-01
9.80897820427900302143e-01 -3.09623811527675307786e+00 -9.14977331943630067812e-01 8.79184093798195647196e+01 -2.94363071579715307458e-01
9.81243959802526766190e-01 -3.09613641119134896940e+00 -9.14942930763025019658e-01 8.79181378432146090063e+01 -2.94616662365484283104e-01
9.81583418676346575182e-01 -3.09603726875960294507e+00 -9.14907729288925164468e-01 8.79178709810989005291e+01 -2.94865066035538414546e-01
9.81916194738257197550e-01 -3.09593953516930753267e+00 -9.14874646743141117788e-01 8.79176096486600897606e+01 -2.95109027595078343698e-01
9.82242285722654373536e-01 -3.09584380460495278697e+00 -9.14842195260457735628e-01 8.79173534228309563332e+01 -2.95348158684907602378e-01
9.82561689409446659127e-01 -3.09575072436913334428e+00 -9.14808908497416362060e-01 8.79171018654424329952e+01 -2.95582085283475404225e-01
9.82874403624071413255e-01 -3.09565895531211721092e+00 -9.14777785389707331909e-01 8.79168559060473313593e+01 -2.95811550200362871621e-01
9.83180426237509119680e-01 -3.09556998048800480206e+00 -9.14745727293716281991e-01 8.79166145701990586758e+01 -2.96035788885079587107e-01
9.83479755166297819891e-01 -3.09548216471375248204e+00 -9.14715939967632785113e-01 8.79163789177046623990e+01 -2.96255564252149661275e-01
9.83772388372547657021e-01 -3.09539634643311822870e+00 -9.14686792889514599381e-01 8.79161484208363077641e+01 -2.96470480632311905733e-01
9.84058323863954753641e-01 -3.09531343293718608223e+00 -9.14656672765410627690e-01 8.79159225307435292507e+01 -2.96680158014707484604e-01
9.84337559693814090345e-01 -3.09523155742258060386e+00 -9.14628872341797460876e-01 8.79157023979706337968e+01 -2.96885351961853505287e-01
9.84610093961033494558e-01 -3.09515275811370527137e+00 -9.14600000023106596281e-01 8.79154868160712936742e+01 -2.97085291253700090053e-01
9.84875924810146630151e-01 -3.09507481501206438423e+00 -9.14573554911592090377e-01 8.79152770849145781540e+01 -2.97280742081623972073e-01
9.85135050431324765796e-01 -3.09500013513307470348e+00 -9.14545940850156391377e-01 8.79150718430333313336e+01 -2.97470926255317569264e-01
9.85387469060390319697e-01 -3.09492611265717165736e+00 -9.14520860279421143879e-01 8.79148725500349570439e+01 -2.97656614282906351043e-01
9.85633178978827628747e-01 -3.09485408015953922245e+00 -9.14496432555802374331e-01 8.79146784730906603045e+01 -2.97837408892553889839e-01
9.85872178513795716093e-01 -3.09478543892146706895e+00 -9.14470811168395569801e-01 8.79144888607046652851e+01 -2.98012934165753140547e-01
9.86104466038138838258e-01 -3.09471731161906715712e+00 -9.14447761211306775486e-01 8.79143052730048282228e+01 -2.98183938584122953941e-01
9.86330039970398142479e-01 -3.09465277603917199301e+00 -9.14423433307038568962e-01 8.79141260837695170949e+01 -2.98349669391583915967e-01
9.86548898774822102808e-01 -3.09458853839867975566e+00 -9.14401771616836778200e-01 8.79139530194287601716e+01 -2.98510866372128647050e-01
9.86761040961377400293e-01 -3.09452628456815137525e+00 -9.14380772559896692897e-01 8.79137852088757796309e+01 -2.98667149415835220250e-01
9.86966465085758248854e-01 -3.09446773335296443364e+00 -9.14358492701040193040e-01 8.79136217781702811180e+01 -2.98818162594270242405e-01
9.87165169749397164445e-01 -3.09440935022419338907e+00 -9.14338896061210104627e-01 8.79134645375586956106e+01 -2.98964614481581403282e-01
9.87357153599473957861e-01 -3.09435486096592660132e+00 -9.14317955626478995335e-01 8.79133116150585891546e+01 -2.99105799057961307952e-01
9.87542415328925060614e-01 -3.09430033008087335133e+00 -9.14299772228504115112e-01 8.79131649756393329653e+01 -2.99242404799132832860e-01
9.87720953676452295689e-01 -3.09424987724258437893e+00 -9.14280192989222695310e-01 8.79130225958501654304e+01 -2.99373748756929181081e-01
9.87892767426531648312e-01 -3.09419917952937550965e+00 -9.14263433412336623540e-01 8.79128865874820348836e+01 -2.99500494231777159015e-01
9.88057855409421592618e-01 -3.09415273041475247240e+00 -9.14245238038682073167e-01 8.79127547858690121529e+01 -2.99621985727219541928e-01
9.88216216501170752196e-01 -3.09410584724329895678e+00 -9.14229912156649504595e-01 8.79126294365916436391e+01 -2.99738857707142092313e-01
9.88367849623625893685e-01 -3.09406336257118397270e+00 -9.14213123619073475545e-01 8.79125082492932818923e+01 -2.99850484964039043501e-01
9.88512753744439143233e-01 -3.09402027724884742810e+00 -9.14199240293728121465e-01 8.79123935847795365817e+01 -2.99957471256794894199e-01
9.88650927877074869876e-01 -3.09398171260709542452e+00 -9.14183881061272685109e-01 8.79122830479961407946e+01 -3.00059222539780345862e-01
9.88782371080816346876e-01 -3.09394241229790889491e+00 -9.14171447609553600167e-01 8.79121790908257594310e+01 -3.00156312130456626175e-01
9.88907082460772635102e-01 -3.09390772024117755024e+00 -9.14157538899178945258e-01 8.79120792400013044698e+01 -3.00248175841311304435e-01
9.89025061167884578239e-01 -3.09387219787076173105e+00 -9.14146560824436460457e-01 8.79119860089808895509e+01 -3.00335359117937183981e-01
9.89136306398929687766e-01 -3.09384133102150693517e+00 -9.14134122123424486261e-01 8.79118968776968898737e+01 -3.00417324148027353736e-01
9.89240817396528693273e-01 -3.09381249165802518775e+00 -9.14122385769196910132e-01 8.79118130679943305950e+01 -3.00494344719825667855e-01
9.89338593449150427439e-01 -3.09378250176417735062e+00 -9.14113650641528385776e-01 8.79117360057714734012e+01 -3.00566649022311449535e-01
9.89429633891116377953e-01 -3.09375740803144960722e+00 -9.14103413755013360920e-01 8.79116629658694250793e+01 -3.00633754888013471351e-01
9.89513938102605350444e-01 -3.09373428857156618221e+00 -9.14093899990416014489e-01 8.79115952771886952632e+01 -3.00695908652852839094e-01
9.89591505509657798356e-01 -3.09370982341344769040e+00 -9.14087413549713900807e-01 8.79115344134227996165e+01 -3.00753317437203515627e-01
9.89662335584179708725e-01 -3.09369038275294983009e+00 -9.14079421179896156602e-01 8.79114775358281548279e+01 -3.00805542447779517001e-01
9.89726427843945932850e-01 -3.09367286535069752063e+00 -9.14072168607544810470e-01 8.79114260359330472738e+01 -3.00852807903127350553e-01
9.89783781852604072071e-01 -3.09365725257722301578e+00 -9.14065661996906198006e-01 8.79113799228019558996e+01 -3.00895111512297142031e-01
9.89834397219676587198e-01 -3.09364008974338844382e+00 -9.14062206142037370071e-01 8.79113407145805894061e+01 -3.00932639068454466091e-01
9.89878273600564240198e-01 -3.09362809604659849683e+00 -9.14057239110884323097e-01 8.79113054505099285052e+01 -3.00965000069624566414e-01
9.89915410696548092595e-01 -3.09361797191694032350e+00 -9.14053027764547887379e-01 8.79112755908973184660e+01 -3.00992393682917191988e-01
9.89945808254791503877e-01 -3.09360970436082416413e+00 -9.14049575701024186181e-01 8.79112511417302897598e+01 -3.01014818225609881441e-01
9.89969466068341796827e-01 -3.09360328233727965852e+00 -9.14046885898440963913e-01 8.79112321080501857296e+01 -3.01032272264024847175e-01
