00000000000000000000 -3.56966043122576559554e+00 -9.61739775538636654240e-01 00000000000000000088 4.14867274922307132694e-22
2.58315720529896097890e-03 -3.56889279279491633545e+00 -9.61743368698314338161e-01 8.80008107400363854822e+01 2.15757472511443940642e-04
5.16629682395841009074e-03 -3.56812880779310903634e+00 -9.61746003634982082886e-01 8.80016036840425357468e+01 4.21373850190698555785e-04
7.74940126945856955221e-03 -3.56736847368046250395e+00 -9.61747682476049359224e-01 8.80023788525762284962e+01 6.16852695531712284793e-04
1.03324529555191297475e-02 -3.56661178788908816983e+00 -9.61748407333124943897e-01 8.80031362664122411843e+01 8.02197873841696963530e-04
1.29154342962189676997e-02 -3.56585874782329215193e+00 -9.61748180301501887079e-01 8.80038759465475948218e+01 9.77413524472165243240e-04
1.54983277061159028382e-02 -3.56510935086028846186e+00 -9.61747003459263227754e-01 8.80045979142318515187e+01 1.14250401386531896461e-03
1.80811156003663868475e-02 -3.56436359434849325822e+00 -9.61744878870501307411e-01 8.80053021908809540719e+01 1.29747408647853923989e-03
2.06637803948452533631e-02 -3.56362147560954189984e+00 -9.61741808581902613007e-01 8.80059887981700228465e+01 1.44232869642046805138e-03
2.32463045062654173611e-02 -3.56288299193728130732e+00 -9.61737794624711650471e-01 8.80066577579815856325e+01 1.57707309773451494206e-03
2.58286703522975918945e-02 -3.56214814059924700373e+00 -9.61732839013149876095e-01 8.80073090924725534023e+01 1.70171276427110969645e-03
2.84108603516900135033e-02 -3.56141691883327915491e+00 -9.61726943748156815062e-01 8.80079428239076548834e+01 1.81625356602403329430e-03
3.09928569243880722150e-02 -3.56068932385169922838e+00 -9.61720110813097828206e-01 8.80085589748571663904e+01 1.92070155777983677704e-03
3.35746424916540803229e-02 -3.55996535283907267200e+00 -9.61712342176277212857e-01 8.80091575680853566155e+01 2.01506309641083384068e-03
3.61561994761869162640e-02 -3.55924500295274226502e+00 -9.61703639790501441098e-01 8.80097386265732666288e+01 2.09934481551348134723e-03
3.87375103022416650278e-02 -3.55852827132287785616e+00 -9.61694005593168643742e-01 8.80103021735173172146e+01 2.17355362551405672730e-03
4.13185573957493418318e-02 -3.55781515505486378714e+00 -9.61683441504810665457e-01 8.80108482324415462017e+01 2.23769663921635558398e-03
4.38993231844364839578e-02 -3.55710565122174093844e+00 -9.61671949434148021219e-01 8.80113768268300162845e+01 2.29178141122087994375e-03
4.64797900979448119774e-02 -3.55639975687400378135e+00 -9.61659531271812029196e-01 8.80118879805959863916e+01 2.33581563111567771379e-03
4.90599405679508632216e-02 -3.55569746903395511595e+00 -9.61646188894134223979e-01 8.80123817178070595446e+01 2.36980730164738527185e-03
5.16397570282855211676e-02 -3.55499878469702101924e+00 -9.61631924162396956035e-01 8.80128580627455221475e+01 2.39376469854648849661e-03
5.42192219150537807471e-02 -3.55430370083179258955e+00 -9.61616738922917657639e-01 8.80133170399077329193e+01 2.40769637012571823681e-03
5.67983176667541181382e-02 -3.55361221438006591455e+00 -9.61600635007132997778e-01 8.80137586740032560328e+01 2.41161113691956262989e-03
5.93770267243982005634e-02 -3.55292432225974552651e+00 -9.61583614230649419419e-01 8.80141829900922374463e+01 2.40551804173625566330e-03
6.19553315316303740423e-02 -3.55224002135500560584e+00 -9.61565678396849143894e-01 8.80145900131089007346e+01 2.38942651896552164803e-03
6.45332145348472135948e-02 -3.55155930852947232523e+00 -9.61546829292302396297e-01 8.80149797684942143405e+01 2.36334616899161464865e-03
6.71106581833170040552e-02 -3.55088218061836435879e+00 -9.61527068689647657074e-01 8.80153522818150548801e+01 2.32728689256019895260e-03
6.96876449292992278250e-02 -3.55020863443033496409e+00 -9.61506398347031221441e-01 8.80157075788503107105e+01 2.28125885959360374597e-03
7.22641572281641081377e-02 -3.54953866674749773935e+00 -9.61484820008201124253e-01 8.80160456855905124485e+01 2.22527250866503796892e-03
7.48401775385119094608e-02 -3.54887227432546481509e+00 -9.61462335402579304500e-01 8.80163666282371934813e+01 2.15933854650758073890e-03
7.74156883222925085164e-02 -3.54820945389337172315e+00 -9.61438946245349090880e-01 8.80166704332023783763e+01 2.08346794750253420242e-03
7.99906720449247571336e-02 -3.54755020215669159001e+00 -9.61414654237235377643e-01 8.80169571272420085961e+01 1.99767193830811340752e-03
8.25651111754157757128e-02 -3.54689451578733550008e+00 -9.61389461065663031292e-01 8.80172267369774345980e+01 1.90196204954294970091e-03
8.51389881864804548561e-02 -3.54624239143720609846e+00 -9.61363368403388984795e-01 8.80174792895463724562e+01 1.79635004482486663503e-03
8.77122855546606100541e-02 -3.54559382572993797567e+00 -9.61336377909468131620e-01 8.80177148122036498989e+01 1.68084796300300835271e-03
9.02849857604444694381e-02 -3.54494881526284544293e+00 -9.61308491229139860934e-01 8.80179333324132784355e+01 1.55546810776850219331e-03
9.28570712883857868336e-02 -3.54430735660694029576e+00 -9.61279709993909103893e-01 8.80181348778479275552e+01 1.42022304710644675305e-03
9.54285246272232184905e-02 -3.54366944630695801521e+00 -9.61250035821634263300e-01 8.80183194763884984013e+01 1.27512561274273979357e-03
9.79993282699994638918e-02 -3.54303508088136975829e+00 -9.61219470316616031447e-01 8.80184871561238395543e+01 1.12018889958927095676e-03
1.00569464714180475950e-01 -3.54240425682240367422e+00 -9.61188015069680656843e-01 8.80186379453501501757e+01 9.55426265170650408122e-04
1.03138916461774601818e-01 -3.54177697059842522265e+00 -9.61155671658558974357e-01 8.80187718726845247375e+01 7.80851342939830337167e-04
1.05707666019451862471e-01 -3.54115321864532717200e+00 -9.61122441646907410551e-01 8.80188889666493423647e+01 5.96477990490976443978e-04
1.08275695898662718819e-01 -3.54053299737848226059e+00 -9.61088326585885388553e-01 8.80189892562467832704e+01 4.02320360549604722541e-04
1.10842988615757503945e-01 -3.53991630318535444033e+00 -9.61053328013314778211e-01 8.80190727706020084042e+01 1.98392855671821464244e-04
1.13409526692105272483e-01 -3.53930313242723659783e+00 -9.61017447453988871153e-01 8.80191395390461508441e+01 -1.52898617532936243867e-05
1.15975292654212733257e-01 -3.53869348143926387706e+00 -9.60980686419759200234e-01 8.80191895911160457899e+01 -2.38712870141418554782e-04
1.18540269033843417845e-01 -3.53808734653042167295e+00 -9.60943046409631573823e-01 8.80192229565538610814e+01 -4.71860989238564109641e-04
1.21104438368136405058e-01 -3.53748472398354607549e+00 -9.60904528909851229912e-01 8.80192396653067987700e+01 -7.14718780754683381470e-04
1.23667783199725281329e-01 -3.53688561005533719239e+00 -9.60865135394000535740e-01 8.80192397475267398477e+01 -9.67270548916620708131e-04
1.26230286076857156630e-01 -3.53629000097635604050e+00 -9.60824867323082032478e-01 8.80192232335699600299e+01 -1.22950034109554928209e-03
1.28791929553511097506e-01 -3.53569789295102454574e+00 -9.60783726145622019033e-01 8.80191901539967602730e+01 -1.50139194837729588947e-03
1.31352696189517337277e-01 -3.53510928215763620130e+00 -9.60741713297753485712e-01 8.80191405395711257142e+01 -1.78292890618497322681e-03
1.33912568550675792345e-01 -3.53452416475140607233e+00 -9.60698830204407383526e-01 8.80190744214080211805e+01 -2.07409444232642013392e-03
1.36471529208874592376e-01 -3.53394253685307635493e+00 -9.60655078275326590465e-01 8.80189918304242837621e+01 -2.37487167384521635771e-03
1.39029560742209123969e-01 -3.53336439456493112132e+00 -9.60610458910910347541e-01 8.80188927981096043140e+01 -2.68524333093476648762e-03
1.41586645735100435939e-01 -3.53278973396073503466e+00 -9.60564973498689300691e-01 8.80187773560418520447e+01 -3.00519193176590265412e-03
1.44142766778413616846e-01 -3.53221855108809990043e+00 -9.60518623414280958706e-01 8.80186455360014008420e+01 -3.33469974181922149820e-03
1.46697906469576699884e-01 -3.53165084196847844922e+00 -9.60471410021482951969e-01 8.80184973699709303219e+01 -3.67374877446491332478e-03
1.49252047412698846118e-01 -3.53108660259715856355e+00 -9.60423334672371509235e-01 8.80183328901349995022e+01 -4.02232079162544338413e-03
1.51805172218688999575e-01 -3.53052582894324862295e+00 -9.60374398707400045438e-01 8.80181521288799189051e+01 -4.38039730434829251149e-03
1.54357263505374042722e-01 -3.52996851694966773394e+00 -9.60324603455492975534e-01 8.80179551187934237078e+01 -4.74795957347304026924e-03
1.56908303897617312783e-01 -3.52941466253312929879e+00 -9.60273950234150852623e-01 8.80177418926644463681e+01 -5.12498861024570685763e-03
1.59458276027436895994e-01 -3.52886426158413213372e+00 -9.60222440349542627480e-01 8.80175124834829034626e+01 -5.51146517695231402678e-03
1.62007162534123755337e-01 -3.52831730996693426761e+00 -9.60170075096610453613e-01 8.80172669244392977816e+01 -5.90736978755896421228e-03
1.64554946064359886027e-01 -3.52777380351954628068e+00 -9.60116855759164389283e-01 8.80170052489246899086e+01 -6.31268270834834440558e-03
1.67101609272336831813e-01 -3.52723373805370421508e+00 -9.60062783609991421407e-01 8.80167274905302292609e+01 -6.72738395858754525264e-03
1.69647134819873285361e-01 -3.52669710935485358760e+00 -9.60007859910945282600e-01 8.80164336830470830364e+01 -7.15145331115473945061e-03
1.72191505376533410265e-01 -3.52616391318702149249e+00 -9.59952085916077946237e-01 8.80161238607015974367e+01 -7.58487014822907968520e-03
1.74734703619744774494e-01 -3.52563414527432161805e+00 -9.59895462860315684672e-01 8.80157980572665223917e+01 -8.02761401060322031531e-03
1.77276712234916367095e-01 -3.52510780132719681035e+00 -9.59837991975840632008e-01 8.80154563073243991767e+01 -8.47966381624581239107e-03
1.79817513915556254078e-01 -3.52458487702573419753e+00 -9.59779674481849087719e-01 8.80150986454657413560e+01 -8.94099835812461191109e-03
1.82357091363389622884e-01 -3.52406536802361269878e+00 -9.59720511587130675757e-01 8.80147251064801423581e+01 -9.41159618599789540849e-03
1.84895427288476549288e-01 -3.52354926994807238216e+00 -9.59660504490168708713e-01 8.80143357253560338904e+01 -9.89143560710288756443e-03
1.87432504409329458994e-01 -3.52303657839989314837e+00 -9.59599654379252431369e-01 8.80139305372805154093e+01 -1.03804946868111258595e-02
1.89968305453031172103e-01 -3.52252728895335609494e+00 -9.59537962432579494276e-01 8.80135095776391693789e+01 -1.08787512492980586315e-02
1.92502813155352114904e-01 -3.52202139715621465044e+00 -9.59475429818363423351e-01 8.80130728820158907411e+01 -1.13861828782209923566e-02
1.95036010260868170052e-01 -3.52151889852966482053e+00 -9.59412057694943865016e-01 8.80126204861926595413e+01 -1.19027669174033064875e-02
1.97567879523077832848e-01 -3.52101978856831010489e+00 -9.59347847210891946368e-01 8.80121524261493561880e+01 -1.24284804715099790606e-02
2.00098403704520089175e-01 -3.52052406274011975285e+00 -9.59282799505119632144e-01 8.80116687380636335547e+01 -1.29633004067439359247e-02
2.02627565576891321975e-01 -3.52003171648640167390e+00 -9.59216915706992856450e-01 8.80111694583107180279e+01 -1.35072033515238453666e-02
2.05155347921162689584e-01 -3.51954274522175936113e+00 -9.59150196936440546658e-01 8.80106546234632105552e+01 -1.40601656972018495412e-02
2.07681733527697698349e-01 -3.51905714433405503172e+00 -9.59082644304062426066e-01 8.80101242702909729587e+01 -1.46221635987418847186e-02
2.10206705196368998090e-01 -3.51857490918436521810e+00 -9.59014258911244810157e-01 8.80095784357609147719e+01 -1.51931729754383113007e-02
2.12730245736675399604e-01 -3.51809603511289603617e+00 -9.58945041855918112184e-01 8.80090171573227308954e+01 -1.57731692406121518091e-02
2.15252337967859502799e-01 -3.51762051741627157497e+00 -9.58874994211109665798e-01 8.80084404718198669570e+01 -1.63621283371855989752e-02
2.17772964719024048064e-01 -3.51714835137997949843e+00 -9.58804117056030080768e-01 8.80078484170502122197e+01 -1.69600252518419675196e-02
2.20292108829248989288e-01 -3.51667953225757168312e+00 -9.58732411456362565438e-01 8.80072410307687107434e+01 -1.75668349671712770155e-02
2.22809753147708622389e-01 -3.51621405527560515480e+00 -9.58659878469149684399e-01 8.80066183509269279739e+01 -1.81825322335279898622e-02
2.25325880533787908933e-01 -3.51575191563358702140e+00 -9.58586519142907378388e-01 8.80059804156726528390e+01 -1.88070915697696322555e-02
2.27840473857199465879e-01 -3.51529310850393805765e+00 -9.58512334517743536111e-01 8.80053272633499403810e+01 -1.94404872639842678239e-02
2.30353515998100027984e-01 -3.51483762903193497351e+00 -9.58437325625478009350e-01 8.80046589324989270153e+01 -2.00826933741838874192e-02
2.32864989847207326523e-01 -3.51438547233566200845e+00 -9.58361493489755411623e-01 8.80039754618556884225e+01 -2.07336837290780506837e-02
2.35374878305916024335e-01 -3.51393663350595941708e+00 -9.58284839126168908052e-01 8.80032768903521116499e+01 -2.13934319287813271004e-02
2.37883164286414594546e-01 -3.51349110760637328710e+00 -9.58207363542381451715e-01 8.80025632571158809014e+01 -2.20619113455575617533e-02
2.40389830711801560925e-01 -3.51304888967310002812e+00 -9.58129067738241246843e-01 8.80018346014702927960e+01 -2.27390951245836255012e-02
2.42894860516201405165e-01 -3.51260997471493041644e+00 -9.58049952705910201622e-01 8.80010909629340858373e+01 -2.34249561846655400543e-02
2.45398236644881417856e-01 -3.51217435771319763660e+00 -9.57970019429982388992e-01 8.80003323812214688360e+01 -2.41194672190155404157e-02
2.47899942054367217192e-01 -3.51174203362171644116e+00 -9.57889268887607614467e-01 8.79995588962419219570e+01 -2.48226006959853043310e-02
2.50399959712559072589e-01 -3.51131299737099844549e+00 -9.57807702054853993268e-01 8.79987705483048898714e+01 -2.55343285608934239539e-02
2.52898272598847562165e-01 -3.51088724385183903465e+00 -9.57725319882887893286e-01 8.79979673773356125821e+01 -2.62546233846166245096e-02
2.55394863704230257184e-01 -3.51046476793880923850e+00 -9.57642123332657968504e-01 8.79971494240041636203e+01 -2.69834567076309359002e-02
2.57889716031426352583e-01 -3.51004556447508386796e+00 -9.57558113352810935659e-01 8.79963167290010233046e+01 -2.77208001056552348629e-02
2.60382812594993184874e-01 -3.50962962827602309446e+00 -9.57473290885178185405e-01 8.79954693332115880366e+01 -2.84666249333374830888e-02
2.62874136421441917388e-01 -3.50921695412911027745e+00 -9.57387656864912339749e-01 8.79946072777161418799e+01 -2.92209023249782942622e-02
2.65363670549352448358e-01 -3.50880753679388712740e+00 -9.57301212220609376580e-01 8.79937306037896860289e+01 -2.99836031953516005122e-02
2.67851398029489484731e-01 -3.50840137100189020103e+00 -9.57213957874441079277e-01 8.79928393529020098640e+01 -3.07546982404695336266e-02
2.70337301924917894347e-01 -3.50799845145658295564e+00 -9.57125894742288041428e-01 8.79919335667174209448e+01 -3.15341579383712974916e-02
2.72821365311117669528e-01 -3.50759877289524135691e+00 -9.57037023666654440568e-01 8.79910132870917323089e+01 -3.23219525486322309393e-02
2.75303571276099334764e-01 -3.50720232984310920088e+00 -9.56947345685526862269e-01 8.79900785560845690725e+01 -3.31180521182983661488e-02
2.77783902920519187862e-01 -3.50680911697900388191e+00 -9.56856861629652555301e-01 8.79891294159407948428e+01 -3.39224264749862433610e-02
2.80262343357794374565e-01 -3.50641912889342144410e+00 -9.56765572391073737535e-01 8.79881659091026904207e+01 -3.47350452328210670960e-02
2.82738875714217352542e-01 -3.50603236014844643620e+00 -9.56673478856210679488e-01 8.79871880782068842564e+01 -3.55558777919493390618e-02
2.85213483129071798672e-01 -3.50564880527767508411e+00 -9.56580581905993598824e-01 8.79861959660842671838e+01 -3.63848933393672718806e-02
2.87686148754746129352e-01 -3.50526845878614556895e+00 -9.56486882416008543650e-01 8.79851896157600208426e+01 -3.72220608497431798556e-02
2.90156855756849185735e-01 -3.50489131515026075547e+00 -9.56392381256627954755e-01 8.79841690704534329370e+01 -3.80673490862248956046e-02
2.92625587314324475674e-01 -3.50451736882072539814e+00 -9.56297079300341024144e-01 8.79831343737221658330e+01 -3.89207262573908543968e-02
2.95092326619564693235e-01 -3.50414661421090878335e+00 -9.56200977394172979551e-01 8.79820855689078769046e+01 -3.97821613447624927717e-02
2.97557056878526016153e-01 -3.50377904571347409401e+00 -9.56104076400004609937e-01 8.79810226999372275714e+01 -4.06516221805927960298e-02
3.00019761310842958402e-01 -3.50341465768955151461e+00 -9.56006377168790555388e-01 8.79799458108062708561e+01 -4.15290766895824864369e-02
3.02480423149941946015e-01 -3.50305344447126199015e+00 -9.55907880546984389802e-01 8.79788549457051800573e+01 -4.24144925890123369872e-02
3.04939025643155781076e-01 -3.50269540036163373742e+00 -9.55808587376682172732e-01 8.79777501490181208510e+01 -4.33078373896225166106e-02
3.07395552051837939178e-01 -3.50234051963452808209e+00 -9.55708498495772329484e-01 8.79766314653232512910e+01 -4.42090783964317265986e-02
3.09849985651476145243e-01 -3.50198879653455419358e+00 -9.55607614738075539229e-01 8.79754989393926791763e+01 -4.51181827096289733703e-02
3.12302309731806226889e-01 -3.50164022527699492215e+00 -9.55505936933498500885e-01 8.79743526161924762619e+01 -4.60351172253876256280e-02
3.14752507596926411892e-01 -3.50129480004771798107e+00 -9.55403465908178040067e-01 8.79731925408826782586e+01 -4.69598486367690109988e-02
3.17200562565410182359e-01 -3.50095251500309689874e+00 -9.55300202484635763156e-01 8.79720187588171853577e+01 -4.78923434345641177434e-02
3.19646457970420572181e-01 -3.50061336426993019444e+00 -9.55196147481921387090e-01 8.79708313155437906516e+01 -4.88325679081755767430e-02
3.22090177159823132236e-01 -3.50027734194535211643e+00 -9.55091301715776719305e-01 8.79696302568042369785e+01 -4.97804881464924200984e-02
3.24531703496299839262e-01 -3.49994444209675403812e+00 -9.54985665998772326191e-01 8.79684156285341316561e+01 -5.07360700387953084123e-02
3.26971020357461672479e-01 -3.49961465876169164346e+00 -9.54879241140479062544e-01 8.79671874768628896391e+01 -5.16992792755912936031e-02
3.29408111135962355931e-01 -3.49928798594780499087e+00 -9.54772027947609625009e-01 8.79659458481138472052e+01 -5.26700813495719899482e-02
3.31842959239611323685e-01 -3.49896441763273013947e+00 -9.54664027224179090325e-01 8.79646907888042335344e+01 -5.36484415564502520324e-02
3.34275548091486185420e-01 -3.49864394776400899900e+00 -9.54555239771667340953e-01 8.79634223456450712320e+01 -5.46343249958928800503e-02
3.36705861130046413265e-01 -3.49832657025900406467e+00 -9.54445666389169500299e-01 8.79621405655412615943e+01 -5.56276965724361791010e-02
3.39133881809245474326e-01 -3.49801227900653799452e+00 -9.54335307882050898343e-01 8.79608454956745191566e+01 -5.66285205909678041047e-02
3.41559593598643573831e-01 -3.49770106786014212119e+00 -9.54224165029218140965e-01 8.79595371831840822097e+01 -5.76367623282189045497e-02
3.43982979983520398282e-01 -3.49739293064760881080e+00 -9.54112238631130149535e-01 8.79582156756286508426e+01 -5.86523857485470173634e-02
3.46404024464987525533e-01 -3.49708786116468584027e+00 -9.53999529478979813035e-01 8.79568810206888258563e+01 -5.96753549844815725511e-02
3.48822710560100557320e-01 -3.49678585317648726871e+00 -9.53886038362389943046e-01 8.79555332662391293752e+01 -6.07056339779296627590e-02
3.51239021801971362802e-01 -3.49648690041740906054e+00 -9.53771766069579807201e-01 8.79541724603480190581e+01 -6.17431864811567865381e-02
3.53652941739880488647e-01 -3.49619099659102650079e+00 -9.53656713387531995707e-01 8.79527986512778170436e+01 -6.27879760577137319144e-02
3.56064453939388791959e-01 -3.49589813537000715371e+00 -9.53540881102156290261e-01 8.79514118874848804808e+01 -6.38399660833500887103e-02
3.58473541982449628307e-01 -3.49560831039601449532e+00 -9.53424269998464302134e-01 8.79500122176194878421e+01 -6.48991197470245723133e-02
3.60880189467520207103e-01 -3.49532151527961554294e+00 -9.53306880860734784378e-01 8.79485996905258815559e+01 -6.59654000517896077493e-02
3.63284380009673946166e-01 -3.49503774360018315548e+00 -9.53188714472689602175e-01 8.79471743552423674828e+01 -6.70387698158036865470e-02
3.65686097240711160961e-01 -3.49475698890580233069e+00 -9.53069771617664263097e-01 8.79457362610012154391e+01 -6.81191916732576535631e-02
3.68085324809271363655e-01 -3.49447924471317605821e+00 -9.52950053078781111893e-01 8.79442854572287586734e+01 -6.92066280753570739481e-02
3.70482046380943785824e-01 -3.49420450450752140270e+00 -9.52829559639129519688e-01 8.79428219935453938660e+01 -7.03010412913017412873e-02
3.72876245638379399949e-01 -3.49393276174248379462e+00 -9.52708292081933638684e-01 8.79413459197655953403e+01 -7.14023934092641726634e-02
3.75267906281401164570e-01 -3.49366400984002734020e+00 -9.52586251190738808603e-01 8.79398572858980003275e+01 -7.25106463373586529464e-02
3.77657012027115768227e-01 -3.49339824219034911224e+00 -9.52463437749587749082e-01 8.79383561421452952800e+01 -7.36257618046662759559e-02
3.80043546610023985632e-01 -3.49313545215177256864e+00 -9.52339852543198750467e-01 8.79368425389044148233e+01 -7.47477013621686975364e-02
3.82427493782131422417e-01 -3.49287563305064763242e+00 -9.52215496357150859019e-01 8.79353165267664280691e+01 -7.58764263838112018590e-02
3.84808837313059592944e-01 -3.49261877818126054152e+00 -9.52090369978064399170e-01 8.79337781565166665132e+01 -7.70118980674881214998e-02
3.87187560990155776874e-01 -3.49236488080572415882e+00 -9.51964474193787379974e-01 8.79322274791346814027e+01 -7.81540774360236362162e-02
3.89563648618604152496e-01 -3.49211393415403348328e+00 -9.51837809803682599608e-01 8.79306645458017328565e+01 -7.93029248570924633066e-02
3.91937084021535264711e-01 -3.49186593142342882601e+00 -9.51710377579535360404e-01 8.79290894078741587236e+01 -8.04584019149267165583e-02
3.94307851040136658760e-01 -3.49162086577901664697e+00 -9.51582178323080452031e-01 8.79275021169193706783e+01 -8.16204686805766105318e-02
3.96675933533762792305e-01 -3.49137873035323220705e+00 -9.51453212828952676894e-01 8.79259027246943389855e+01 -8.27890854863963243648e-02
3.99041315380044780969e-01 -3.49113951824584001216e+00 -9.51323481893957545452e-01 8.79242912831503531379e+01 -8.39642124948427187592e-02
4.01403980475000310424e-01 -3.49090322252383211676e+00 -9.51192986317262567653e-01 8.79226678444332208073e+01 -8.51458096994292534809e-02
4.03763912733143492950e-01 -3.49066983622132331888e+00 -9.51061726900591208889e-01 8.79210324608831541582e+01 -8.63338369258290910802e-02
4.06121096087593724810e-01 -3.49043935233945612495e+00 -9.50929704448419843565e-01 8.79193851850349261667e+01 -8.75282538329250348053e-02
4.08475514490185875882e-01 -3.49021176384628173395e+00 -9.50796919768171266973e-01 8.79177260696178137778e+01 -8.87290199138454638295e-02
4.10827151911578702936e-01 -3.48998706367668054540e+00 -9.50663373670416089745e-01 8.79160551675556689588e+01 -8.99360944970305914437e-02
4.13175992341364761717e-01 -3.48976524473223959077e+00 -9.50529066969069469373e-01 8.79143725319669755436e+01 -9.11494367473466154950e-02
4.15522019788178931243e-01 -3.48954629988116105110e+00 -9.50394000481593392848e-01 8.79126782161647923886e+01 -9.23690056670866260768e-02
4.17865218279807715263e-01 -3.48933022195815567557e+00 -9.50258175029202956097e-01 8.79109722736569096924e+01 -9.35947600971275134318e-02
4.20205571863297211443e-01 -3.48911700391059254045e+00 -9.50121591403199738934e-01 8.79092547581299470494e+01 -9.48266587200781579936e-02
4.22543064605062523853e-01 -3.48890663821748692186e+00 -9.49984250503057570114e-01 8.79075257235122791144e+01 -9.60646600533680700140e-02
4.24877680590995954191e-01 -3.48869911775466023940e+00 -9.49846153126337466865e-01 8.79057852238805281786e+01 -9.73087224617713991703e-02
4.27209403926575026489e-01 -3.48849443522181834609e+00 -9.49707300111312435753e-01 8.79040333135214808635e+01 -9.85588041513105056479e-02
4.29538218736971288969e-01 -3.48829258328465918737e+00 -9.49567692301036547775e-01 8.79022700469167119763e+01 -9.98148631720248147303e-02
4.31864109167158116698e-01 -3.48809355457476488738e+00 -9.49427330543560432652e-01 8.79004954787426555640e+01 -1.01076857419135010541e-01
4.34187059382018403220e-01 -3.48789734168950227300e+00 -9.49286215692140777911e-01 8.78987096638707186003e+01 -1.02344744634135592642e-01
4.36507053566452751792e-01 -3.48770393719191451609e+00 -9.49144348605458931800e-01 8.78969126573670962443e+01 -1.03618482405955267267e-01
4.38824075925487055994e-01 -3.48751333361062076932e+00 -9.49001730147834954288e-01 8.78951045144930134256e+01 -1.04898028172075455378e-01
4.41138110684379691762e-01 -3.48732552343971313746e+00 -9.48858361189441557038e-01 8.78932852907046964219e+01 -1.06183339219655753505e-01
4.43449142088729597599e-01 -3.48714049913864654329e+00 -9.48714242606526592105e-01 8.78914550416532875943e+01 -1.07474372686720581749e-01
4.45757154404582744966e-01 -3.48695825313006046997e+00 -9.48569375294735173121e-01 8.78896138230866910135e+01 -1.08771084941570228555e-01
4.48062131918540051956e-01 -3.48677877780785472339e+00 -9.48423760118226710780e-01 8.78877616912360508650e+01 -1.10073434009189147220e-01
4.50364058937863631638e-01 -3.48660206552502138777e+00 -9.48277397984715886281e-01 8.78858987022458251204e+01 -1.11381376021377875851e-01
4.52662919790584206137e-01 -3.48642810860145102581e+00 -9.48130289796982772543e-01 8.78840249125475025949e+01 -1.12694867530647113707e-01
4.54958698825607410487e-01 -3.48625689932187965425e+00 -9.47982436464992583858e-01 8.78821403787676018737e+01 -1.14013864946169524162e-01
4.57251380412820318533e-01 -3.48608842993579681746e+00 -9.47833838906133041569e-01 8.78802451577278702644e+01 -1.15338324534933533982e-01
4.59540948943198301890e-01 -3.48592269265732435102e+00 -9.47684498045444079217e-01 8.78783393064451132659e+01 -1.16668202422946246100e-01
4.61827388828911278296e-01 -3.48575967966513866614e+00 -9.47534414815849101998e-01 8.78764228821314645757e+01 -1.18003454596420823131e-01
4.64110684503429071768e-01 -3.48559938310234374015e+00 -9.47383590158381916346e-01 8.78744959421940734501e+01 -1.19344036902976791126e-01
4.66390820421628160553e-01 -3.48544179507638496318e+00 -9.47232025022428536509e-01 8.78725585442354173438e+01 -1.20689905052865226187e-01
4.68667781059897148310e-01 -3.48528690765894300085e+00 -9.47079720365961885697e-01 8.78706107460532024334e+01 -1.22041014620148394187e-01
4.70941550916242568370e-01 -3.48513471288582721286e+00 -9.46926677155778273587e-01 8.78686526056402072982e+01 -1.23397321043988844602e-01
4.73212114510394632472e-01 -3.48498520275688417058e+00 -9.46772896367734762002e-01 8.78666841811846239807e+01 -1.24758779629778979170e-01
4.75479456383912424400e-01 -3.48483836923588663481e+00 -9.46618378986999076119e-01 8.78647055310698021913e+01 -1.26125345550472389711e-01
4.77743561100288705035e-01 -3.48469420425044118517e+00 -9.46463126008278865520e-01 8.78627167138743487840e+01 -1.27496973847743416686e-01
4.80004413245055938653e-01 -3.48455269969188563550e+00 -9.46307138436075390153e-01 8.78607177883721277567e+01 -1.28873619433299141379e-01
4.82261997425890265312e-01 -3.48441384741518511703e+00 -9.46150417284931877226e-01 8.78587088135321749860e+01 -1.30255237090088266116e-01
4.84516298272717305107e-01 -3.48427763923884148412e+00 -9.45992963579670442797e-01 8.78566898485189113899e+01 -1.31641781473586516604e-01
4.86767300437815575442e-01 -3.48414406694478451243e+00 -9.45834778355655214632e-01 8.78546609526918871325e+01 -1.33033207113066653804e-01
4.89014988595922406311e-01 -3.48401312227828663382e+00 -9.45675862659024146772e-01 8.78526221856058668891e+01 -1.34429468412840674718e-01
4.91259347444337080013e-01 -3.48388479694785457852e+00 -9.45516217546968906760e-01 8.78505736070109577440e+01 -1.35830519653564074645e-01
4.93500361703025469673e-01 -3.48375908262513434011e+00 -9.45355844087960583977e-01 8.78485152768522823408e+01 -1.37236314993532115825e-01
4.95738016114724178163e-01 -3.48363597094481880490e+00 -9.45194743362025691091e-01 8.78464472552703199426e+01 -1.38646808469947924181e-01
4.97972295445044454976e-01 -3.48351545350455138461e+00 -9.45032916460994076857e-01 8.78443696026006222155e+01 -1.40061954000239963225e-01
5.00203184482575280434e-01 -3.48339752186016493596e+00 -9.44870364502450543753e-01 8.78422823791541702576e+01 -1.41481704736427127411e-01
5.02430668038987948698e-01 -3.48328216754389652365e+00 -9.44707088576469233843e-01 8.78401856460800871673e+01 -1.42906015596455410188e-01
5.04654730949138929930e-01 -3.48316938203733039714e+00 -9.44543089824423254264e-01 8.78380794640947328844e+01 -1.44334839552366561710e-01
5.06875358071172565921e-01 -3.48305915678896127474e+00 -9.44378369387989247130e-01 8.78359638943140339506e+01 -1.45768130055250494381e-01
5.09092534286625153506e-01 -3.48295148320976855061e+00 -9.44212928421962249814e-01 8.78338389980490603648e+01 -1.47205840443017793584e-01
5.11306244500527418140e-01 -3.48284635267311859508e+00 -9.44046768094523813808e-01 8.78317048368056134677e+01 -1.48647923941712584162e-01
5.13516473641507098513e-01 -3.48274375651468126591e+00 -9.43879889587513454252e-01 8.78295614722846096356e+01 -1.50094333666886514678e-01
5.15723206661891864222e-01 -3.48264368603233220867e+00 -9.43712294096705317514e-01 8.78274089663818102736e+01 -1.51545022624892306018e-01
5.17926428537812011399e-01 -3.48254613270842749984e+00 -9.43543982904542222201e-01 8.78252473811558900252e+01 -1.52999943738694743622e-01
5.20126124269301826075e-01 -3.48245108732470054491e+00 -9.43374957098593425187e-01 8.78230767789555244462e+01 -1.54459049753499000346e-01
5.22322278880402501855e-01 -3.48235854128301625110e+00 -9.43205217982851840119e-01 8.78208972222295045640e+01 -1.55922293379081172704e-01
5.24514877419263836344e-01 -3.48226848572920610891e+00 -9.43034766811562730204e-01 8.78187087736525597848e+01 -1.57389627198859544110e-01
5.26703904958246260648e-01 -3.48218091177088062693e+00 -9.42863604854281667222e-01 8.78165114960940798028e+01 -1.58861003693995056496e-01
5.28889346594021980685e-01 -3.48209581047734451076e+00 -9.42691733396163522585e-01 8.78143054526179724917e+01 -1.60336375244737011636e-01
5.31071187447676895665e-01 -3.48201317287951050972e+00 -9.42519153738228920858e-01 8.78120907064825360067e+01 -1.61815694131857840121e-01
5.33249412664811961449e-01 -3.48193298996982703031e+00 -9.42345867197668995985e-01 8.78098673211405298389e+01 -1.63298912538051593790e-01
5.35424007415643554708e-01 -3.48185525270218665383e+00 -9.42171875108114176278e-01 8.78076353602388763875e+01 -1.64785982549371351480e-01
5.37594956895105391403e-01 -3.48177995199185641439e+00 -9.41997178819938496552e-01 8.78053948876187888573e+01 -1.66276856156611696491e-01
5.39762246322948779920e-01 -3.48170707871539519829e+00 -9.41821779700534822410e-01 8.78031459673155154633e+01 -1.67771485256780178430e-01
5.41925860943843207274e-01 -3.48163662371057647249e+00 -9.41645679134617274997e-01 8.78008886635583252200e+01 -1.69269821654504493136e-01
5.44085786027477369409e-01 -3.48156857777631767448e+00 -9.41468878524514329875e-01 8.77986230407703516221e+01 -1.70771817063497588496e-01
5.46242006868658758201e-01 -3.48150293167260382887e+00 -9.41291379290454366391e-01 8.77963491635685215897e+01 -1.72277423108005423025e-01
5.48394508787414136641e-01 -3.48143967612042093407e+00 -9.41113182870869646734e-01 8.77940670967634133603e+01 -1.73786591324260913938e-01
5.50543277129089347888e-01 -3.48137880180166936483e+00 -9.40934290722699184784e-01 8.77917769053591712236e+01 -1.75299273161968305335e-01
5.52688297264449235335e-01 -3.48132029935911191387e+00 -9.40754704321680623735e-01 8.77894786545533349909e+01 -1.76815419985736799191e-01
5.54829554589777229623e-01 -3.48126415939629829666e+00 -9.40574425162652771881e-01 8.77871724097366552542e+01 -1.78334983076602698882e-01
5.56967034526974602571e-01 -3.48121037247750075849e+00 -9.40393454759865021764e-01 8.77848582364931218081e+01 -1.79857913633500038353e-01
5.59100722523659832142e-01 -3.48115892911970403745e+00 -9.40211794662372479792e-01 8.77825362002271845085e+01 -1.81384162064839538075e-01
5.61230604053267856379e-01 -3.48110981982376088695e+00 -9.40029446395178380769e-01 8.77802063676280539539e+01 -1.82913680772954112541e-01
5.63356664615148439168e-01 -3.48106303502829650398e+00 -9.39846411546559235006e-01 8.77778688045097510440e+01 -1.84446420062155030939e-01
5.65478889734665535194e-01 -3.48101856513983509700e+00 -9.39662691711471431688e-01 8.77755235772271333872e+01 -1.85982330817729329953e-01
5.67597264963295100593e-01 -3.48097640052530943322e+00 -9.39478288505817160647e-01 8.77731707523274877758e+01 -1.87521363850409794605e-01
5.69711775878724790978e-01 -3.48093653151201554152e+00 -9.39293203566762713308e-01 8.77708103965501891253e+01 -1.89063469897882169279e-01
5.71822408084950328799e-01 -3.48089894838755053996e+00 -9.39107438553051898644e-01 8.77684425768267146850e+01 -1.90608599626332114729e-01
5.73929147212374757281e-01 -3.48086364139975712462e+00 -9.38920995145328118880e-01 8.77660673602801892912e+01 -1.92156703631993830417e-01
5.76031978917906362092e-01 -3.48083060075668582201e+00 -9.38733875046448784651e-01 8.77636848142254279992e+01 -1.93707732442714775090e-01
5.78130888885055260751e-01 -3.48079981662653414887e+00 -9.38546079981799619141e-01 8.77612950061686092340e+01 -1.95261636519473924523e-01
5.80225862824032101450e-01 -3.48077127913759909461e+00 -9.38357611699629168278e-01 8.77588980038070616274e+01 -1.96818366257992122259e-01
5.82316886471844319395e-01 -3.48074497837824692326e+00 -9.38168471971363437945e-01 8.77564938750291645420e+01 -1.98377871990293330740e-01
5.84403945592394169495e-01 -3.48072090439685455365e+00 -9.37978662591930967274e-01 8.77540826879138791128e+01 -1.99940103986289530180e-01
5.86487025976574760655e-01 -3.48069904720177447643e+00 -9.37788185380090566490e-01 8.77516645107307340368e+01 -2.01505012455352627843e-01
5.88566113442367422337e-01 -3.48067939676129922688e+00 -9.37597042178760498032e-01 8.77492394119395555663e+01 -2.03072547547901161025e-01
5.90641193834937960894e-01 -3.48066194324521882564e+00 -9.37405235115605472984e-01 8.77468074601564325121e+01 -2.04642659431590129282e-01
5.92712253026733248973e-01 -3.48064667605836364217e+00 -9.37212765578620654594e-01 8.77443687242891172673e+01 -2.06215297998885577213e-01
5.94779276917577259809e-01 -3.48063358528976296569e+00 -9.37019635729755995257e-01 8.77419232733321621254e+01 -2.07790413303609394768e-01
5.96842251434767101514e-01 -3.48062266074707782337e+00 -9.36825847511879694629e-01 8.77394711765038408657e+01 -2.09367955276568096235e-01
5.98901162533168496260e-01 -3.48061389219775119130e+00 -9.36631402893682518673e-01 8.77370125032111332075e+01 -2.10947873797700691245e-01
6.00955996195312258656e-01 -3.48060726936897690820e+00 -9.36436303870007091810e-01 8.77345473230498527073e+01 -2.12530118697766196023e-01
6.03006738431488664709e-01 -3.48060278194768590865e+00 -9.36240552462192954231e-01 8.77320757058039788490e+01 -2.14114639759942326780e-01
6.05053375279843597134e-01 -3.48060041958050980782e+00 -9.36044150718413181522e-01 8.77295977214455717785e+01 -2.15701386721520976808e-01
6.07095892806472914316e-01 -3.48060017187378889503e+00 -9.35847100714015334155e-01 8.77271134401343886111e+01 -2.17290309275495030494e-01
6.09134277105518040507e-01 -3.48060202839353172166e+00 -9.35649404551866292756e-01 8.77246229322173718401e+01 -2.18881357072329751912e-01
6.11168514299259779676e-01 -3.48060597866542353884e+00 -9.35451064362691431242e-01 8.77221262682287772350e+01 -2.20474479721539051713e-01
6.13198590538213572643e-01 -3.48061201217480054027e+00 -9.35252082305428111830e-01 8.77196235188892359247e+01 -2.22069626793446245339e-01
6.15224492001223088877e-01 -3.48062011836666185260e+00 -9.35052460567562304661e-01 8.77171147551058396630e+01 -2.23666747820807254588e-01
6.17246204895555039549e-01 -3.48063028663489060222e+00 -9.34852201380132696862e-01 8.77146000474692897342e+01 -2.25265791615268579084e-01
6.19263715456992658304e-01 -3.48064250636462801936e+00 -9.34651306960536443214e-01 8.77120794682314652846e+01 -2.26866708960760860014e-01
6.21277009949929293064e-01 -3.48065676686969815989e+00 -9.34449779597674279330e-01 8.77095530883833731650e+01 -2.28469448648555423231e-01
6.23286074667462219878e-01 -3.48067305743369947990e+00 -9.34247621596736244065e-01 8.77070209795734143654e+01 -2.30073960078092026871e-01
6.25290895931486012671e-01 -3.48069136729990180612e+00 -9.34044835293223463246e-01 8.77044832136344467699e+01 -2.31680192619842933999e-01
6.27291460092785357894e-01 -3.48071168567124722415e+00 -9.33841423053297869927e-01 8.77019398625831598793e+01 -2.33288095617011637106e-01
6.29287753531128202233e-01 -3.48073400171037228290e+00 -9.33637387274127705794e-01 8.76993909986197621720e+01 -2.34897618387230916470e-01
6.31279762655358012147e-01 -3.48075830453962131728e+00 -9.33432730384259445877e-01 8.76968366941276116222e+01 -2.36508710224374474329e-01
6.33267473903487365661e-01 -3.48078458324106954080e+00 -9.33227454843956083508e-01 8.76942770216726188437e+01 -2.38121320400280417351e-01
6.35250873742789323728e-01 -3.48081282685654480602e+00 -9.33021563145584487131e-01 8.76917120540028349751e+01 -2.39735398166511848306e-01
6.37229948669889467716e-01 -3.48084302438766135523e+00 -9.32815057813934811470e-01 8.76891418640480395652e+01 -2.41350892756091145452e-01
6.39204685210858825073e-01 -3.48087516479583669593e+00 -9.32607941406622953373e-01 8.76865665249191295061e+01 -2.42967753385304630065e-01
6.41175069921305018639e-01 -3.48090923700234489147e+00 -9.32400216514416624314e-01 8.76839861099077779727e+01 -2.44585929255504902491e-01
6.43141089386463082889e-01 -3.48094522988833832144e+00 -9.32191885761626481965e-01 8.76814006924857665126e+01 -2.46205369554822695033e-01
6.45102730221288278578e-01 -3.48098313229489830789e+00 -9.31982951806445858445e-01 8.76788103463045160879e+01 -2.47826023459987943021e-01
6.47059979070545909785e-01 -3.48102293316702482429e+00 -9.31773417846114115903e-01 8.76762151452003593022e+01 -2.49447840285879518518e-01
6.49012822608903250376e-01 -3.48106462096566415809e+00 -9.31563285622459158475e-01 8.76736151631764215608e+01 -2.51070768902918184384e-01
6.50961247541019139007e-01 -3.48110818456677373334e+00 -9.31352558378605310807e-01 8.76710104744206546457e+01 -2.52694758605808866836e-01
6.52905240601636016606e-01 -3.48115361265155343062e+00 -9.31141238911954660651e-01 8.76684011532976654735e+01 -2.54319758543792906469e-01
6.54844788555668411156e-01 -3.48120089386136832843e+00 -9.30929330055621062634e-01 8.76657872743489434697e+01 -2.55945717863724275798e-01
6.56779878198294642111e-01 -3.48125001679784373820e+00 -9.30716834678811832937e-01 8.76631689122921500257e+01 -2.57572585711925761132e-01
6.58710496355045971306e-01 -3.48130097002290783692e+00 -9.30503755687184797019e-01 8.76605461420207063838e+01 -2.59200311236094604883e-01
6.60636629881896420002e-01 -3.48135374205888448174e+00 -9.30290096023220547394e-01 8.76579190386029551973e+01 -2.60828843587020353656e-01
6.62558265665352030815e-01 -3.48140832138855582656e+00 -9.30075858666596477775e-01 8.76552876772816915718e+01 -2.62458131920573101148e-01
6.64475390622540684760e-01 -3.48146469645524492265e+00 -9.29861046634552712575e-01 8.76526521334733388358e+01 -2.64088125399442930075e-01
6.66387991701300586023e-01 -3.48152285566289698693e+00 -9.29645662982255038820e-01 8.76500124827674085282e+01 -2.65718773195030177892e-01
6.68296055880269523897e-01 -3.48158278737618065435e+00 -9.29429710803181485801e-01 8.76473688009258324882e+01 -2.67350024489358628621e-01
6.70199570168973357553e-01 -3.48164447992055592351e+00 -9.29213193229485145963e-01 8.76447211638821528368e+01 -2.68981828476892170787e-01
6.72098521607914500819e-01 -3.48170792158238606717e+00 -9.28996113432364101214e-01 8.76420696477408966985e+01 -2.70614134366420011624e-01
6.73992897268660184906e-01 -3.48177310060904110500e+00 -9.28778474622437344443e-01 8.76394143287768088157e+01 -2.72246891382960987116e-01
6.75882684253930277052e-01 -3.48184000520899861186e+00 -9.28560280050109376759e-01 8.76367552834342120605e+01 -2.73880048769636119665e-01
6.77767869697685210184e-01 -3.48190862355194319377e+00 -9.28341533005956232039e-01 8.76340925883260553064e+01 -2.75513555789552666564e-01
6.79648440765214134629e-01 -3.48197894376889660606e+00 -9.28122236821086743497e-01 8.76314263202333307845e+01 -2.77147361727761498695e-01
6.81524384653221182440e-01 -3.48205095393702634965e+00 -9.27902394883656445046e-01 8.76287565553946592445e+01 -2.78781415143628363840e-01
6.83395688589913286037e-01 -3.48212464214013550645e+00 -9.27682010575720084056e-01 8.76260833723048904176e+01 -2.80415666822620590626e-01
6.85262339835087441742e-01 -3.48219999637945987203e+00 -9.27461087367397074566e-01 8.76234068475715304203e+01 -2.82050065422623785771e-01
6.87124325680216641032e-01 -3.48227700463256528707e+00 -9.27239628755661793313e-01 8.76207270586394315615e+01 -2.83684560335196789271e-01
6.88981633448537245101e-01 -3.48235565483899778272e+00 -9.27017638279897138176e-01 8.76180440831171836180e+01 -2.85319100983396300997e-01
6.90834250495134805092e-01 -3.48243593490039771154e+00 -9.26795119522247246024e-01 8.76153579987764885573e+01 -2.86953636823632229902e-01
6.92682164207029549274e-01 -3.48251783255154911956e+00 -9.26572076863708349315e-01 8.76126688836668705562e+01 -2.88588117570070690210e-01
6.94525362003264090660e-01 -3.48260133584234932158e+00 -9.26348512488863740089e-01 8.76099768156661866669e+01 -2.90222492313271462905e-01
6.96363831334987137822e-01 -3.48268643246460385399e+00 -9.26124430838856538273e-01 8.76072818731323224029e+01 -2.91856710837296307037e-01
6.98197559685539759222e-01 -3.48277311016978874392e+00 -9.25899835670517368236e-01 8.76045841344800351180e+01 -2.93490722751501009746e-01
7.00026534570540759361e-01 -3.48286135667229146406e+00 -9.25674730785306265624e-01 8.76018836782826042509e+01 -2.95124477708325561043e-01
7.01850743537971277775e-01 -3.48295115964954815624e+00 -9.25449120029659955122e-01 8.75991805832707655100e+01 -2.96757925405299771704e-01
7.03670174168260054159e-01 -3.48304250674225635009e+00 -9.25223007295368882197e-01 8.75964749283317161144e+01 -2.98391015586951802163e-01
7.05484814074367139192e-01 -3.48313538555451485124e+00 -9.24996396519946251225e-01 8.75937667925081768772e+01 -3.00023698046823050767e-01
7.07294650901869381698e-01 -3.48322978365405733214e+00 -9.24769291686974859168e-01 8.75910562549973121804e+01 -3.01655922629415707004e-01
7.09099672329043584362e-01 -3.48332568857241220428e+00 -9.24541696826505554618e-01 8.75883433951497067937e+01 -3.03287639232141192913e-01
7.10899866066950880672e-01 -3.48342308780511400457e+00 -9.24313616015396521952e-01 8.75856282924683569036e+01 -3.04918797807322727866e-01
7.12695219859520112671e-01 -3.48352196881191611411e+00 -9.24085053377684984000e-01 8.75829110266075048230e+01 -3.06549348364182905335e-01
7.14485721483631763817e-01 -3.48362231901698571335e+00 -9.23856013084949578840e-01 8.75801916773715873887e+01 -3.08179240970791967769e-01
7.16271358749200004468e-01 -3.48372412580912493851e+00 -9.23626499356673180685e-01 8.75774703247142269902e+01 -3.09808425756119831807e-01
7.18052119499257623936e-01 -3.48382737654198981758e+00 -9.23396516460598837384e-01 8.75747470487369099601e+01 -3.11436852911921413511e-01
7.19827991610036854730e-01 -3.48393205853431453534e+00 -9.23166068713098031395e-01 8.75720219296879776039e+01 -3.13064472694833340061e-01
7.21598962991052972349e-01 -3.48403815907016811693e+00 -9.22935160479502192388e-01 8.75692950479613330117e+01 -3.14691235428298576871e-01
7.23365021585186451780e-01 -3.48414566539915648846e+00 -9.22703796174497603566e-01 8.75665664840954178771e+01 -3.16317091504608571828e-01
7.25126155368765124010e-01 -3.48425456473667738422e+00 -9.22471980262438706610e-01 8.75638363187719050984e+01 -3.17941991386853251012e-01
7.26882352351645444344e-01 -3.48436484426418058291e+00 -9.22239717257739011202e-01 8.75611046328144055906e+01 -3.19565885611000133348e-01
7.28633600577295093004e-01 -3.48447649112942503535e+00 -9.22007011725185177120e-01 8.75583715071873456282e+01 -3.21188724787808632666e-01
7.30379888122873355272e-01 -3.48458949182281774171e+00 -9.21773869199102979799e-01 8.75556370233146594728e+01 -3.22810459857648279769e-01
7.32121203099313277995e-01 -3.48470383460562338485e+00 -9.21540292525483972774e-01 8.75529012618257382883e+01 -3.24431041081374438306e-01
7.33857533651401716668e-01 -3.48481950596576739443e+00 -9.21306287322274930496e-01 8.75501643043937463062e+01 -3.26050419558065129877e-01
7.35588867957860936819e-01 -3.48493649291874740825e+00 -9.21071858359034045804e-01 8.75474262325332972523e+01 -3.27668546217813883015e-01
7.37315194231428105986e-01 -3.48505478244771760288e+00 -9.20837010457400517716e-01 8.75446871278931695315e+01 -3.29285372075596494135e-01
7.39036500718936339993e-01 -3.48517436150380000015e+00 -9.20601748491461591151e-01 8.75419470722550272512e+01 -3.30900848233259436970e-01
7.40752775701394416963e-01 -3.48529521700638067472e+00 -9.20366077388042436169e-01 8.75392061475318570274e+01 -3.32514925881600142965e-01
7.42464007494066491333e-01 -3.48541733584338953023e+00 -9.20130002127078294727e-01 8.75364644357668026942e+01 -3.34127556302282635592e-01
7.44170184446551918889e-01 -3.48554070487167289016e+00 -9.19893527741913241691e-01 8.75337220191314600015e+01 -3.35738690869975708875e-01
7.45871294942864193622e-01 -3.48566531091722664470e+00 -9.19656659319674107955e-01 8.75309789799246260600e+01 -3.37348281054267840062e-01
7.47567327401510439699e-01 -3.48579114075500040570e+00 -9.19419402019035603146e-01 8.75282353996237816318e+01 -3.38956277615488188459e-01
7.49258270275569682184e-01 -3.48591818119057128555e+00 -9.19181761001534813893e-01 8.75254913626270791838e+01 -3.40562633786614610276e-01
7.50944112052772227983e-01 -3.48604641893983924206e+00 -9.18943741534039015839e-01 8.75227469507012330041e+01 -3.42167300570843768703e-01
7.52624841255577603505e-01 -3.48617584070888719694e+00 -9.18705348921858511169e-01 8.75200022466384268682e+01 -3.43770229837695395769e-01
7.54300446441252492313e-01 -3.48630643317467114883e+00 -9.18466588525649774155e-01 8.75172573333502725745e+01 -3.45371373561745576009e-01
7.55970916201949338920e-01 -3.48643818298536034561e+00 -9.18227465761705552438e-01 8.75145122938663320156e+01 -3.46970683824592174282e-01
7.57636239164782954170e-01 -3.48657107676073252378e+00 -9.17987986102257513821e-01 8.75117672113323834537e+01 -3.48568112816944053467e-01
7.59296403991909008013e-01 -3.48670510109250830766e+00 -9.17748155075814198156e-01 8.75090221690089151707e+01 -3.50163612840581450758e-01
7.60951399380600634892e-01 -3.48684024126034852742e+00 -9.17507979131086504054e-01 8.75062772508647981340e+01 -3.51757136487954202853e-01
7.62601214063325594239e-01 -3.48697648626567335839e+00 -9.17267462169034319963e-01 8.75035325392350671336e+01 -3.53348635917192122058e-01
7.64245836807822653824e-01 -3.48711382143303572079e+00 -9.17026610760594551586e-01 8.75007881182698525890e+01 -3.54938063966865946508e-01
7.65885256417178750254e-01 -3.48725223324571720340e+00 -9.16785430661654188178e-01 8.74980440716713019356e+01 -3.56525373403024925523e-01
7.67519461729904151071e-01 -3.48739170816094823380e+00 -9.16543927685777304326e-01 8.74953004832475897956e+01 -3.58110517112753379276e-01
7.69148441620009615249e-01 -3.48753223261022826662e+00 -9.16302107704427770685e-01 8.74925574369111416217e+01 -3.59693448106294777489e-01
7.70772184997081555302e-01 -3.48767379299984403573e+00 -9.16059976647304430308e-01 8.74898150166769710268e+01 -3.61274119518968483966e-01
7.72390680806357088350e-01 -3.48781637571119151886e+00 -9.15817540502570803795e-01 8.74870733066606476314e+01 -3.62852484613266967894e-01
7.74003918028800530493e-01 -3.48795996710127420570e+00 -9.15574805317111217740e-01 8.74843323910766059726e+01 -3.64428496780729693771e-01
7.75611885681177226637e-01 -3.48810455350311610090e+00 -9.15331777196800366880e-01 8.74815923542361701948e+01 -3.66002109544017351084e-01
7.77214572816129045663e-01 -3.48825012122619382282e+00 -9.15088462306745120678e-01 8.74788532805456213737e+01 -3.67573276558858463847e-01
7.78811968522248321278e-01 -3.48839665655688513368e+00 -9.14844866871532214070e-01 8.74761152545044780027e+01 -3.69141951616055619123e-01
7.80404061924152570029e-01 -3.48854414575896942807e+00 -9.14600997175502139491e-01 8.74733783607032506779e+01 -3.70708088643437960741e-01
7.81990842182558654194e-01 -3.48869257507399765927e+00 -9.14356859562904689120e-01 8.74706426838216941633e+01 -3.72271641707832778856e-01
7.83572298494356056509e-01 -3.48884193072185189166e+00 -9.14112460438215923553e-01 8.74679083086266615510e+01 -3.73832565017050921785e-01
7.85148420092680932036e-01 -3.48899219890116540910e+00 -9.13867806266312143748e-01 8.74651753199701431640e+01 -3.75390812921854277739e-01
7.86719196246989271870e-01 -3.48914336372219224813e+00 -9.13622904063438823208e-01 8.74624438037025555559e+01 -3.76946339857267387341e-01
7.88284616263129733760e-01 -3.48929541534088549781e+00 -9.13377759363032559747e-01 8.74597138430608538329e+01 -3.78499100539825716893e-01
7.89844669483416361722e-01 -3.48944833795970899004e+00 -9.13132379364113511144e-01 8.74569855240048070755e+01 -3.80049049741992051032e-01
7.91399345286702082802e-01 -3.48960211769743278154e+00 -9.12886770774491207447e-01 8.74542589317058940424e+01 -3.81596142405383642604e-01
7.92948633088449872375e-01 -3.48975674065410501612e+00 -9.12640940363331543139e-01 8.74515341514101862685e+01 -3.83140333624250872813e-01
7.94492522340805029657e-01 -3.48991219291151910653e+00 -9.12394894961393143618e-01 8.74488112684362306481e+01 -3.84681578647394550874e-01
7.96031002532667897320e-01 -3.49006846053383723572e+00 -9.12148641461204445768e-01 8.74460903681727046433e+01 -3.86219832880128177699e-01
7.97564063189764360651e-01 -3.49022552956805709456e+00 -9.11902186817223792126e-01 8.74433715360761993907e+01 -3.87755051886130852612e-01
7.99091693874717567958e-01 -3.49038338604452569314e+00 -9.11655538045982871687e-01 8.74406548576690170194e+01 -3.89287191389360853755e-01
8.00613884187118873825e-01 -3.49054201597754598652e+00 -9.11408702226300659888e-01 8.74379404185368969138e+01 -3.90816207276036164942e-01
8.02130623763599115428e-01 -3.49070140536588313651e+00 -9.11161686499359357860e-01 8.74352283043265856577e+01 -3.92342055596384076122e-01
8.03641902277898334539e-01 -3.49086154019328276377e+00 -9.10914498068943090381e-01 8.74325186007437054059e+01 -3.93864692566609830848e-01
8.05147709440937053849e-01 -3.49102240642910421897e+00 -9.10667144201475431409e-01 8.74298113935501390870e+01 -3.95384074570750032596e-01
8.06648035000885443857e-01 -3.49118399002887835891e+00 -9.10419632226175612466e-01 8.74271067685617992993e+01 -3.96900158162497851411e-01
8.08142868743233711015e-01 -3.49134627693477517241e+00 -9.10171969535234826054e-01 8.74244048116461982545e+01 -3.98412900067084796429e-01
8.09632200490861042574e-01 -3.49150925011440049772e+00 -9.09924163180547473928e-01 8.74217056099673470726e+01 -3.99922256608312653992e-01
8.11116020104105994726e-01 -3.49167290125449314431e+00 -9.09676221314491662007e-01 8.74190092470437889460e+01 -4.01428185910551516002e-01
8.12594317480834105183e-01 -3.49183721345226105726e+00 -9.09428151269606410700e-01 8.74163158100787711646e+01 -4.02930644739792453990e-01
8.14067082556508059277e-01 -3.49200217260336032155e+00 -9.09179960689561084131e-01 8.74136253851209090726e+01 -4.04429590525116844368e-01
8.15534305304254858449e-01 -3.49216776456632072012e+00 -9.08931657300557693802e-01 8.74109380570334479899e+01 -4.05924980000579638251e-01
8.16995975734935098167e-01 -3.49233397526961830692e+00 -9.08683248835474466354e-01 8.74082539143422820871e+01 -4.07416772668068305485e-01
8.18452083897210691532e-01 -3.49250079055413564788e+00 -9.08434743146543155490e-01 8.74055730420264325176e+01 -4.08904925667891328001e-01
8.19902619877612370836e-01 -3.49266819627819069538e+00 -9.08186148131179038501e-01 8.74028955262750173461e+01 -4.10389397162111646544e-01
8.21347573800607411165e-01 -3.49283617829236403551e+00 -9.07937471750325464370e-01 8.74002214533057610879e+01 -4.11870145500459250432e-01
8.22786935828667020942e-01 -3.49300472244003490374e+00 -9.07688722028546335352e-01 8.73975509093622662249e+01 -4.13347129222037479312e-01
8.24220696162332733259e-01 -3.49317381455811926116e+00 -9.07439907053961047900e-01 8.73948839807112420885e+01 -4.14820307057021442354e-01
8.25648845040284129482e-01 -3.49334344047758404983e+00 -9.07191034978371280140e-01 8.73922207536399753280e+01 -4.16289637928489941743e-01
8.27071372739403898322e-01 -3.49351358602421013799e+00 -9.06942114017129985548e-01 8.73895613144533029981e+01 -4.17755080953939594846e-01
8.28488269574845448417e-01 -3.49368423341396638904e+00 -9.06693150679244608270e-01 8.73869057508896673880e+01 -4.19216594123856090004e-01
8.29899525900098078424e-01 -3.49385537554121050619e+00 -9.06444156546083901205e-01 8.73842541464686917152e+01 -4.20674139433106442088e-01
8.31305132107052369150e-01 -3.49402699475464029177e+00 -9.06195138528136490130e-01 8.73816065889184443449e+01 -4.22127675419894876629e-01
8.32705078626066685921e-01 -3.49419907686731390228e+00 -9.05946105093462183966e-01 8.73789631645853575037e+01 -4.23577161995801865224e-01
8.34099355926031127417e-01 -3.49437160769056731624e+00 -9.05697064773499760371e-01 8.73763239598191745472e+01 -4.25022559275110012322e-01
8.35487954514433028841e-01 -3.49454457303457788342e+00 -9.05448026163067187788e-01 8.73736890609701362109e+01 -4.26463827576338605496e-01
8.36870864937421798935e-01 -3.49471795870914636595e+00 -9.05198997920168002551e-01 8.73710585543860105417e+01 -4.27900927423997545773e-01
8.38248077779872757809e-01 -3.49489175052432976543e+00 -9.04949988766019730591e-01 8.73684325264091228291e+01 -4.29333819550053563674e-01
8.39619583665451307830e-01 -3.49506593429105683057e+00 -9.04701007484901009725e-01 8.73658110633733144823e+01 -4.30762464895437846568e-01
8.40985373256677326559e-01 -3.49524049582195761587e+00 -9.04452062923976396469e-01 8.73631942516009729616e+01 -4.32186824611643094496e-01
8.42345437254987894349e-01 -3.49541542093196655472e+00 -9.04203163993312464264e-01 8.73605821774000474988e+01 -4.33606860062183241400e-01
8.43699766400801687283e-01 -3.49559069543897971144e+00 -9.03954319665521532912e-01 8.73579749270607095468e+01 -4.35022532824122509787e-01
8.45048351473580483528e-01 -3.49576630128428966771e+00 -9.03705535224539668882e-01 8.73553725881812397347e+01 -4.36433802314469765360e-01
8.46391183291893445251e-01 -3.49594223200221554393e+00 -9.03456826806912638439e-01 8.73527752443130083293e+01 -4.37840635051527427013e-01
8.47728252713479291103e-01 -3.49611846961706174142e+00 -9.03208200249342674226e-01 8.73501829830249789666e+01 -4.39242991111192082609e-01
8.49059550635307469513e-01 -3.49629499996904913317e+00 -9.02959664771863734778e-01 8.73475958905039107094e+01 -4.40640832938648696615e-01
8.50385067993641552420e-01 -3.49647180890520292706e+00 -9.02711229656356084483e-01 8.73450140529029965819e+01 -4.42034123199809059201e-01
8.51704795764099964472e-01 -3.49664888227999881565e+00 -9.02462904246226216287e-01 8.73424375563388082355e+01 -4.43422824782625957241e-01
8.53018724961718044497e-01 -3.49682620595622717374e+00 -9.02214697946093657777e-01 8.73398664868879279766e+01 -4.44806900798446258616e-01
8.54326846641008552652e-01 -3.49700376580555305495e+00 -9.01966620221724135753e-01 8.73373009305836660587e+01 -4.46186314583377596765e-01
8.55629151896023509849e-01 -3.49718154770929690045e+00 -9.01718680599535415965e-01 8.73347409734129200842e+01 -4.47561029699492352041e-01
8.56925631860413927754e-01 -3.49735953755906470164e+00 -9.01470888666555003610e-01 8.73321867013126365009e+01 -4.48931009936181124598e-01
8.58216277707490537985e-01 -3.49753772125768680468e+00 -9.01223254069780543851e-01 8.73296382001666700035e+01 -4.50296219311344281255e-01
8.59501080650284077223e-01 -3.49771608123674182522e+00 -9.00975780224988143097e-01 8.73270955566051299002e+01 -4.51656618397508202722e-01
8.60780031941604684143e-01 -3.49789461050329064662e+00 -9.00728488838625551693e-01 8.73245588546388518125e+01 -4.53012178705867740724e-01
8.62053122874101962481e-01 -3.49807329144446788050e+00 -9.00481384046462385307e-01 8.73220281808962255354e+01 -4.54362861573594400966e-01
8.63320344780323600808e-01 -3.49825211001995528548e+00 -9.00234475731907624052e-01 8.73195036210112931485e+01 -4.55708631944836739525e-01
8.64581689032775213555e-01 -3.49843105220434935632e+00 -8.99987773836997240196e-01 8.73169852605478240548e+01 -4.57049454998290249907e-01
8.65837147043978516692e-01 -3.49861010398823513157e+00 -8.99741288361749269598e-01 8.73144731849953359415e+01 -4.58385296148227816548e-01
8.67086710266529503421e-01 -3.49878925137855034677e+00 -8.99495029363922116161e-01 8.73119674797662668198e+01 -4.59716121045533665512e-01
8.68330370193157397019e-01 -3.49896848039947627740e+00 -8.99249006958525054500e-01 8.73094682301918396661e+01 -4.61041895578846394610e-01
8.69568118356782493450e-01 -3.49914777709313984388e+00 -8.99003231317305417925e-01 8.73069755215190070885e+01 -4.62362585875455200934e-01
8.70799946330572671727e-01 -3.49932712752030594672e+00 -8.98757712668210029250e-01 8.73044894389064438656e+01 -4.63678158302265996937e-01
8.72025845728002679813e-01 -3.49950651561060732675e+00 -8.98512452129468175421e-01 8.73020100671238452605e+01 -4.64988574393597475787e-01
8.73245808202909201690e-01 -3.49968593214828516125e+00 -8.98267477563913452343e-01 8.72995374914145543244e+01 -4.66293810769665084681e-01
8.74459825449549366105e-01 -3.49986536079637788887e+00 -8.98022790966270245683e-01 8.72970717966300497892e+01 -4.67593829812319117245e-01
8.75667889202656035685e-01 -3.50004478770549365407e+00 -8.97778402784998652564e-01 8.72946130675363036744e+01 -4.68888598857799321351e-01
8.76869991237495205461e-01 -3.50022419904878390184e+00 -8.97534323522357069258e-01 8.72921613887928202757e+01 -4.70178085486582519881e-01
8.78066123369920736863e-01 -3.50040358102293147624e+00 -8.97290563733810553337e-01 8.72897168449489981867e+01 -4.71462257524338901327e-01
8.79256277456431312167e-01 -3.50058291984870084690e+00 -8.97047134027517567567e-01 8.72872795204403075786e+01 -4.72741083042571064166e-01
8.80440445394225390530e-01 -3.50076220174104868477e+00 -8.96804045082015832691e-01 8.72848494982102494077e+01 -4.74014529517012450643e-01
8.81618619121255608917e-01 -3.50094141303108630225e+00 -8.96561307571780874426e-01 8.72824268651638561778e+01 -4.75282567165544289622e-01
8.82790790616284959391e-01 -3.50112054019475582578e+00 -8.96318920277061836899e-01 8.72800117020394594647e+01 -4.76545157644327810331e-01
8.83956951898940523904e-01 -3.50129956988896973158e+00 -8.96076917087491486846e-01 8.72776040962269235024e+01 -4.77802282315557491632e-01
8.85117095029768430337e-01 -3.50147848803870109791e+00 -8.95835297753958204048e-01 8.72752041300183520889e+01 -4.79053904534794461334e-01
8.86271212110287143204e-01 -3.50165728103494977574e+00 -8.95594073188537120878e-01 8.72728118870813744934e+01 -4.80299993866055319192e-01
8.87419295283041753564e-01 -3.50183593529799574995e+00 -8.95353254351030081182e-01 8.72704274509429609452e+01 -4.81540520123753923443e-01
8.88561336731657602783e-01 -3.50201443727833616748e+00 -8.95112852248541646105e-01 8.72680509049857562331e+01 -4.82775453373444130012e-01
8.89697328680893129160e-01 -3.50219277345742474594e+00 -8.94872877934217769713e-01 8.72656823324439585576e+01 -4.84004763932034343110e-01
8.90827263396692936581e-01 -3.50237093034805191394e+00 -8.94633342506573003838e-01 8.72633218163996247085e+01 -4.85228422368205958293e-01
8.91951133186240308071e-01 -3.50254889449508866051e+00 -8.94394257108113266419e-01 8.72609694397787194475e+01 -4.86446399502633242129e-01
8.93068930398010163429e-01 -3.50272665705733521335e+00 -8.94155617608461406043e-01 8.72586252803890687346e+01 -4.87658658792385846237e-01
8.94180647421820240517e-01 -3.50290419682141207502e+00 -8.93917464907858505541e-01 8.72562894298504545532e+01 -4.88865186464055301307e-01
8.95286276688883719821e-01 -3.50308150384719230175e+00 -8.93679795919109287716e-01 8.72539619664385384112e+01 -4.90065946836636401329e-01
8.96385810671860183696e-01 -3.50325856482949182791e+00 -8.93442621960528815528e-01 8.72516429724079500829e+01 -4.91260911749031414786e-01
8.97479241884907241733e-01 -3.50343536649881892586e+00 -8.93205954390831613487e-01 8.72493325298375168586e+01 -4.92450053294152145789e-01
8.98566562883731378975e-01 -3.50361189562259411900e+00 -8.92969804606824846260e-01 8.72470307206254886978e+01 -4.93633343818359771049e-01
8.99647766265638582084e-01 -3.50378813900541841164e+00 -8.92734184043398437680e-01 8.72447376264862128892e+01 -4.94810755922173606258e-01
9.00722844669584632449e-01 -3.50396408348961552193e+00 -8.92499104171422530385e-01 8.72424533289457855290e+01 -4.95982262459686462641e-01
9.01791790776225510307e-01 -3.50413972629944447945e+00 -8.92264558801393325993e-01 8.72401779006839035446e+01 -4.97147828371441280471e-01
9.02854597307967132735e-01 -3.50431503569257207786e+00 -8.92030594025438272610e-01 8.72379114388573668748e+01 -4.98307443194737631487e-01
9.03911257029014647557e-01 -3.50449000717819680872e+00 -8.91797204608654747737e-01 8.72356540169109990757e+01 -4.99461072600810795930e-01
9.04961762745422060306e-01 -3.50466462777417753216e+00 -8.91564402170032077599e-01 8.72334057155692192964e+01 -5.00608690470066841627e-01
9.06006107305140861996e-01 -3.50483888454007708191e+00 -8.91332198359676142196e-01 8.72311666153475187002e+01 -5.01750270936922704301e-01
9.07044283598068878938e-01 -3.50501276457762367400e+00 -8.91100604856554734390e-01 8.72289367965484814249e+01 -5.02885788389058507875e-01
9.08076284556099455614e-01 -3.50518625503114300557e+00 -8.90869633367419200276e-01 8.72267163392576350134e+01 -5.04015217467219556191e-01
9.09102103153167639960e-01 -3.50535934308899355116e+00 -8.90639295624730209511e-01 8.72245053233388318858e+01 -5.05138533064660499861e-01
9.10121732405300032376e-01 -3.50553203536051816158e+00 -8.90409584118888375315e-01 8.72223038142143280993e+01 -5.06255702593489065322e-01
9.11135165370661193052e-01 -3.50570428336419492865e+00 -8.90180548730012621839e-01 8.72201119179126891368e+01 -5.07366717148737822463e-01
9.12142395149601159510e-01 -3.50587609110541453816e+00 -8.89952182570166838715e-01 8.72179297010485328201e+01 -5.08471544547523079949e-01
9.13143414884702742107e-01 -3.50604744597216688717e+00 -8.89724497486336529661e-01 8.72157572425506089075e+01 -5.09570160707667141331e-01
9.14138217760827709313e-01 -3.50621833539944383062e+00 -8.89497505344336136801e-01 8.72135946211052441868e+01 -5.10662541797566649215e-01
9.15126797005163528098e-01 -3.50638874687036450339e+00 -8.89271218026803311751e-01 8.72114419151516528927e+01 -5.11748664235432970671e-01
9.16109145887269216146e-01 -3.50655866791602788268e+00 -8.89045647430282359736e-01 8.72092992028779150360e+01 -5.12828504687829034303e-01
9.17085257719121638154e-01 -3.50672811537479578448e+00 -8.88820786916881599993e-01 8.72071665421795501061e+01 -5.13902034274208219244e-01
9.18055125855160469861e-01 -3.50689702231837907576e+00 -8.88596685763055949003e-01 8.72050440485089097820e+01 -5.14969242549940253717e-01
9.19018743692333606177e-01 -3.50706540208944028691e+00 -8.88373337361724191297e-01 8.72029317813576057006e+01 -5.16030100546944536788e-01
9.19976104670142347253e-01 -3.50723324244006562367e+00 -8.88150753688830452148e-01 8.72008298178592298200e+01 -5.17084585946275931967e-01
9.20927202270686140473e-01 -3.50740053117462613486e+00 -8.87928946726372569920e-01 8.71987382348743835792e+01 -5.18132676674044945209e-01
9.21872030018706323240e-01 -3.50756725615008857488e+00 -8.87707928458606909672e-01 8.71966571089860735810e+01 -5.19174350899338499232e-01
9.22810581481630642919e-01 -3.50773344349002069720e+00 -8.87487695008022825505e-01 8.71945864913994199696e+01 -5.20209584242989020453e-01
9.23742850269617443715e-01 -3.50789900948475796838e+00 -8.87268291199988734519e-01 8.71925265056661231711e+01 -5.21238362395541887651e-01
9.24668830035598299233e-01 -3.50806397601597108604e+00 -8.87049712447582905384e-01 8.71904772048924030514e+01 -5.22260660318228930876e-01
9.25588514475321866293e-01 -3.50822833117882915133e+00 -8.86831970779247691361e-01 8.71884386645035647234e+01 -5.23276457178902698608e-01
9.26501897327396517490e-01 -3.50839206312646645358e+00 -8.86615078215482466106e-01 8.71864109596240837163e+01 -5.24285732383095171016e-01
9.27408972373333306827e-01 -3.50855516007007617318e+00 -8.86399046765720455276e-01 8.71843941650736269366e+01 -5.25288465572125606862e-01
9.28309733437587714100e-01 -3.50871765998594931091e+00 -8.86183877946024156635e-01 8.71823883240445525189e+01 -5.26284638950483829589e-01
9.29204174387602388485e-01 -3.50887945745008122955e+00 -8.85969607143407666960e-01 8.71803935703575234584e+01 -5.27274230401270860291e-01
9.30092289133848337812e-01 -3.50904058532368301471e+00 -8.85756234000853570620e-01 8.71784099494236670580e+01 -5.28257220605487076703e-01
9.30974071629866561928e-01 -3.50920103207378719645e+00 -8.85543770529696128158e-01 8.71764375347994331378e+01 -5.29233590179458146530e-01
9.31849515872309464015e-01 -3.50936078623292901923e+00 -8.85332228717026548104e-01 8.71744763997113949472e+01 -5.30203319967848751837e-01
9.32718615900981373734e-01 -3.50951983639856956998e+00 -8.85121620520420093747e-01 8.71725266170520427522e+01 -5.31166391039960550380e-01
9.33581365798879514450e-01 -3.50967823536055245626e+00 -8.84911957316099506698e-01 8.71705882207243405446e+01 -5.32122795500566292404e-01
9.34437759692233416153e-01 -3.50983585020806376775e+00 -8.84703256604486454329e-01 8.71686613569632697818e+01 -5.33072497123579736034e-01
9.35287791750546215752e-01 -3.50999272766588799044e+00 -8.84495526076880755895e-01 8.71667460621512333319e+01 -5.34015485196989270200e-01
9.36131456186633403860e-01 -3.51014885660897224540e+00 -8.84288777642873391471e-01 8.71648424078082655342e+01 -5.34951741733767915932e-01
9.36968747256662348732e-01 -3.51030422598747549046e+00 -8.84083023166834180984e-01 8.71629504650931750120e+01 -5.35881248962120415591e-01
9.37799659260191820209e-01 -3.51045882482863058627e+00 -8.83878274460933477386e-01 8.71610703047973061075e+01 -5.36803989321165797577e-01
9.38624186540210181384e-01 -3.51061272377806554701e+00 -8.83674560100376038640e-01 8.71592019506795168127e+01 -5.37719969993703195144e-01
9.39442323483174468457e-01 -3.51076575636442766992e+00 -8.83471865809150380677e-01 8.71573455628312956378e+01 -5.38629130779888387615e-01
9.40254064519048693427e-01 -3.51091798628414419881e+00 -8.83270213689664851486e-01 8.71555011675476833943e+01 -5.39531474133050137354e-01
9.41059404121340592475e-01 -3.51106940287013458146e+00 -8.83069615445103206497e-01 8.71536688341326168938e+01 -5.40426983395029925106e-01
9.41858336807141038882e-01 -3.51121999554814046007e+00 -8.82870082706360803648e-01 8.71518486314911910995e+01 -5.41315642106543926104e-01
9.42650857137159903232e-01 -3.51136984743355862193e+00 -8.82671662376529941874e-01 8.71500405768866954759e+01 -5.42197472254483558984e-01
9.43436959715763689971e-01 -3.51151876855718647619e+00 -8.82474305920025958727e-01 8.71482448380001670785e+01 -5.43072389253642984208e-01
9.44216639191012285792e-01 -3.51166683472867502402e+00 -8.82278051086251013935e-01 8.71464614329215123689e+01 -5.43940407789726187993e-01
9.44989890254695485972e-01 -3.51181403577635986579e+00 -8.82082909304464313216e-01 8.71446904318090247443e+01 -5.44801513819693217222e-01
9.45756707642368521505e-01 -3.51196036154081259184e+00 -8.81888891958704235208e-01 8.71429319001379667498e+01 -5.45655691163551059830e-01
9.46517086133388918512e-01 -3.51210590815937573339e+00 -8.81696072314775758372e-01 8.71411858496015412356e+01 -5.46502981905615525804e-01
9.47271020550951026173e-01 -3.51225046076002422879e+00 -8.81504352308030703078e-01 8.71394524536861894148e+01 -5.47343266930338190335e-01
9.48018505762121987956e-01 -3.51239410826304476743e+00 -8.81313792365727377565e-01 8.71377317256583410199e+01 -5.48176579452618439880e-01
9.48759536677876158528e-01 -3.51253684092889395529e+00 -8.81124403621103446937e-01 8.71360237306971754379e+01 -5.49002904877905595349e-01
9.49494108253130075781e-01 -3.51267876016997293576e+00 -8.80936279426492774292e-01 8.71343284789664949130e+01 -5.49822300031277744203e-01
9.50222215486776988769e-01 -3.51281964107042510292e+00 -8.80749283709830965705e-01 8.71326461427495218004e+01 -5.50634620523479001442e-01
9.50943853421720053376e-01 -3.51295957833000027648e+00 -8.80563494325280249342e-01 8.71309767329826598825e+01 -5.51439912655739661318e-01
9.51659017144907415364e-01 -3.51309856264283748573e+00 -8.80378922107905248495e-01 8.71293203130431948011e+01 -5.52238162608967630973e-01
9.52367701787364628885e-01 -3.51323658487219603330e+00 -8.80195577752062918719e-01 8.71276769457983988332e+01 -5.53029356723687248731e-01
9.53069902524227741125e-01 -3.51337375640580873437e+00 -8.80013601537864453839e-01 8.71260466412353906662e+01 -5.53813584805371350583e-01
9.53765614574776932066e-01 -3.51350983222726975796e+00 -8.79832768672594522918e-01 8.71244295673702708882e+01 -5.54590643148913597926e-01
9.54454833202468377884e-01 -3.51364491857684102527e+00 -8.79653197975948653031e-01 8.71228257328850475005e+01 -5.55360607430110286842e-01
9.55137553714966891505e-01 -3.51377900685447741580e+00 -8.79474899758668438032e-01 8.71212351986932702630e+01 -5.56123464713711324059e-01
9.55813771464177897030e-01 -3.51391220901548129163e+00 -8.79298051585385542772e-01 8.71196579792469805170e+01 -5.56879330010552564545e-01
9.56483481846278404959e-01 -3.51404427809548502992e+00 -8.79122357821763733554e-01 8.71180942301477898582e+01 -5.57627954148938398404e-01
9.57146680301749208652e-01 -3.51417532295345269588e+00 -8.78947970048684856792e-01 8.71165439623916171286e+01 -5.58369435392025770248e-01
9.57803362315405748539e-01 -3.51430533563459723823e+00 -8.78774898132589799005e-01 8.71150072348014674617e+01 -5.59103761496148821131e-01
9.58453523416427977111e-01 -3.51443442379863579816e+00 -8.78603366941522412326e-01 8.71134840712350921876e+01 -5.59831078431087147962e-01
9.59097159178392222323e-01 -3.51456234724658367341e+00 -8.78432990794361212572e-01 8.71119746056595829486e+01 -5.60551080392183487255e-01
9.59734265219300386462e-01 -3.51468921376813758783e+00 -8.78263963076332920821e-01 8.71104788553707862775e+01 -5.61263893541420255673e-01
9.60364837201609811146e-01 -3.51481501619974334716e+00 -8.78096293140574246650e-01 8.71089968769384626057e+01 -5.61969506294690668291e-01
9.60988870832263142319e-01 -3.51493984982560059294e+00 -8.77930265587540392680e-01 8.71075287111447238431e+01 -5.62668102374101253282e-01
9.61606361862717418099e-01 -3.51506349589820521473e+00 -8.77765380802603023547e-01 8.71060744562838920046e+01 -5.63359306104469825804e-01
9.62217306088972823552e-01 -3.51518605477333956344e+00 -8.77601885288248118044e-01 8.71046341421275656103e+01 -5.64043277899954009769e-01
9.62821699351601556494e-01 -3.51530760826109123229e+00 -8.77440092991597975214e-01 8.71032078221129779649e+01 -5.64720219324601702127e-01
9.63419537535776138171e-01 -3.51542796246274047434e+00 -8.77279447910213505679e-01 8.71017955672049168925e+01 -5.65389722109632453240e-01
9.64010816571297390887e-01 -3.51554720762153705138e+00 -8.77120222754269929233e-01 8.71003974170199484206e+01 -5.66051962987857648635e-01
9.64595532432621638463e-01 -3.51566533827872973461e+00 -8.76962425933229039465e-01 8.70990134238354585250e+01 -5.66706931524544099688e-01
9.65173681138889238973e-01 -3.51578240188288537738e+00 -8.76806455298112519259e-01 8.70976436769309430019e+01 -5.67354879185487548376e-01
9.65745258753950674979e-01 -3.51589826638874880516e+00 -8.76651594233944897461e-01 8.70962881761894749388e+01 -5.67995303938181539394e-01
9.66310261386393642979e-01 -3.51601299678611933786e+00 -8.76498190869132387526e-01 8.70949469894905945466e+01 -5.68628428410299147089e-01
9.66868685189569476712e-01 -3.51612661100974621675e+00 -8.76346687673052460177e-01 8.70936202322510695240e+01 -5.69254529208751525182e-01
9.67420526361620347622e-01 -3.51623903143668137261e+00 -8.76196282068757992256e-01 8.70923078517305810919e+01 -5.69873057252186843158e-01
9.67965781145503245675e-01 -3.51635029989104852532e+00 -8.76047362588557532170e-01 8.70910099369277759251e+01 -5.70484258604192495667e-01
9.68504445829016735736e-01 -3.51646041347215021489e+00 -8.75899936652667410186e-01 8.70897265350914864257e+01 -5.71088124061136848120e-01
9.69036516744826603720e-01 -3.51656931245919945894e+00 -8.75754561855458302233e-01 8.70884578320414135533e+01 -5.71684993185995304898e-01
9.69561990270489948429e-01 -3.51667706142266345282e+00 -8.75610214182179547038e-01 8.70872036390789361349e+01 -5.72274196909885013440e-01
9.70080862828479939530e-01 -3.51678364091525397228e+00 -8.75467387175316025250e-01 8.70859641028303741450e+01 -5.72856040465534399608e-01
9.70593130886211241659e-01 -3.51688892921649065570e+00 -8.75326702065751027781e-01 8.70847394605427496117e+01 -5.73430895409443919242e-01
9.71098790956062218882e-01 -3.51699310578758872481e+00 -8.75187011598078878905e-01 8.70835294233134220576e+01 -5.73998031552824250490e-01
9.71597839595400469825e-01 -3.51709610081273105209e+00 -8.75048868059294715493e-01 8.70823341804788100262e+01 -5.74557784923426018153e-01
9.72090273406605143158e-01 -3.51719771246779089324e+00 -8.74912963871806281801e-01 8.70811540343171799350e+01 -5.75110560835292994319e-01
9.72576089037090585343e-01 -3.51729826896464370378e+00 -8.74778013524039721460e-01 8.70799885700494371576e+01 -5.75655564059726954085e-01
9.73055283179328878163e-01 -3.51739763479685318970e+00 -8.74644635629365563290e-01 8.70788380314419327988e+01 -5.76193163713648481838e-01
9.73527852570872820337e-01 -3.51749550501578678308e+00 -8.74513601078828139990e-01 8.70777028027068382698e+01 -5.76723799541834614146e-01
9.73993793994377243806e-01 -3.51759239971499093613e+00 -8.74383471479323381992e-01 8.70765823112750041446e+01 -5.77246609319587933307e-01
9.74453104277621995344e-01 -3.51768809802521564833e+00 -8.74254939361143290633e-01 8.70754768700248575897e+01 -5.77761996757131912617e-01
9.74905780293532697733e-01 -3.51778216296714241196e+00 -8.74128860396827578327e-01 8.70743869658449938242e+01 -5.78270434964045176862e-01
9.75351818960202621156e-01 -3.51787536082798890646e+00 -8.74003630257793262537e-01 8.70733118291240515418e+01 -5.78770995890072414980e-01
9.75791217240913111297e-01 -3.51796687916692230047e+00 -8.73880875449280059009e-01 8.70722523389576394948e+01 -5.79264593118300807895e-01
9.76223972144155016650e-01 -3.51805755701066313890e+00 -8.73758982004041784286e-01 8.70712076732451549788e+01 -5.79750304290057361101e-01
9.76650080723648006398e-01 -3.51814703052595634247e+00 -8.73638728698865163480e-01 8.70701782544247464557e+01 -5.80228566561282632641e-01
9.77069540078361775670e-01 -3.51823464393949381090e+00 -8.73521065487595116394e-01 8.70691647320107335872e+01 -5.80699877971086686479e-01
9.77482347352534808316e-01 -3.51832157373462361960e+00 -8.73404200590281232230e-01 8.70681660224714448759e+01 -5.81163259195499604104e-01
9.77888499735694360915e-01 -3.51840730367820020419e+00 -8.73289001044222690240e-01 8.70671826655026706021e+01 -5.81619179286908871696e-01
9.78287994462675891683e-01 -3.51849095026960156929e+00 -8.73176506958007081494e-01 8.70662154793984512935e+01 -5.82068155508467910408e-01
9.78680828813640935060e-01 -3.51857411665364372411e+00 -8.73064746933890689640e-01 8.70652630581240742913e+01 -5.82509166894076946264e-01
9.79067000114096308572e-01 -3.51865512196237029130e+00 -8.72955715157544553939e-01 8.70643269309125429345e+01 -5.82943217319156103962e-01
9.79446505734912542529e-01 -3.51873571023801190449e+00 -8.72847427531855402094e-01 8.70634055918615104019e+01 -5.83369302335982498064e-01
9.79819343092340866441e-01 -3.51881510678299935790e+00 -8.72740849968453580310e-01 8.70624997712478574385e+01 -5.83787911448447216500e-01
9.80185509648031860763e-01 -3.51889204870989269480e+00 -8.72637108376939751864e-01 8.70616105580646859607e+01 -5.84199550988890869974e-01
9.80545002909051777173e-01 -3.51896885294898709162e+00 -8.72534054072776621425e-01 8.70607360267308507673e+01 -5.84603212387824533458e-01
9.80897820427900302143e-01 -3.51904309774540680067e+00 -8.72433853707018647228e-01 8.70598782385746687851e+01 -5.84999880461119503572e-01
9.81243959802526766190e-01 -3.51911729750244628434e+00 -8.72334355022094665166e-01 8.70590351309244852018e+01 -5.85388580148502146727e-01
9.81583418676346575182e-01 -3.51919032307657220215e+00 -8.72236615214165622589e-01 8.70582076888563278771e+01 -5.85769798223528703751e-01
9.81916194738257197550e-01 -3.51926040768308734386e+00 -8.72141815513399643045e-01 8.70573973517161476821e+01 -5.86143985813880941116e-01
9.82242285722654373536e-01 -3.51933081849352502601e+00 -8.72047683121947247997e-01 8.70566015221079965158e+01 -5.86510227518543203473e-01
9.82561689409446659127e-01 -3.51939815116504028936e+00 -8.71956496939604197571e-01 8.70558229479797489603e+01 -5.86869402446700605402e-01
9.82874403624071413255e-01 -3.51946593583695133134e+00 -8.71866004193227572827e-01 8.70550588540556304906e+01 -5.87220657335735585214e-01
9.83180426237509119680e-01 -3.51953049580875987346e+00 -8.71778459382022696822e-01 8.70543121696873924975e+01 -5.87564805008965795885e-01
9.83479755166297819891e-01 -3.51959564242281963686e+00 -8.71691638246634870058e-01 8.70535799307017299498e+01 -5.87901063726611328164e-01
9.83772388372547657021e-01 -3.51965964028105782191e+00 -8.71606652500920175974e-01 8.70528635417867064916e+01 -5.88229845977317977734e-01
9.84058323863954753641e-01 -3.51971990463558048745e+00 -8.71524643561249701129e-01 8.70521649897851403921e+01 -5.88551424234455833329e-01
9.84337559693814090345e-01 -3.51978125179093526143e+00 -8.71443382339814665016e-01 8.70514806238515319592e+01 -5.88865203210651388943e-01
9.84610093961033494558e-01 -3.51983868732283111669e+00 -8.71365076626652856895e-01 8.70508142610976847209e+01 -5.89171717581544740483e-01
9.84875924810146630151e-01 -3.51989736775581008033e+00 -8.71287570815056922058e-01 8.70501620291564677245e+01 -5.89470485794440834937e-01
9.85135050431324765796e-01 -3.51995195317309450544e+00 -8.71212991955540361211e-01 8.70495279668274690721e+01 -5.89761923394517273422e-01
9.85387469060390319697e-01 -3.52000794812981165904e+00 -8.71139271301325068819e-01 8.70489079771711402600e+01 -5.90045673384344104839e-01
9.85633178978827628747e-01 -3.52006280947227390143e+00 -8.71067470495804796471e-01 8.70483040039259492460e+01 -5.90321963945924510497e-01
9.85872178513795716093e-01 -3.52011294940950358878e+00 -8.70998534219853959293e-01 8.70477186804017435406e+01 -5.90590745584750109742e-01
9.86104466038138838258e-01 -3.52016509481378525592e+00 -8.70930567137713440573e-01 8.70471471058653918362e+01 -5.90852011473562255262e-01
9.86330039970398142479e-01 -3.52021232420743812597e+00 -8.70865406701422095637e-01 8.70465943445797876166e+01 -5.91105681607040245318e-01
9.86548898774822102808e-01 -3.52026172383138646893e+00 -8.70801297991132594589e-01 8.70460552726532625911e+01 -5.91351913026939346452e-01
9.86761040961377400293e-01 -3.52030602106598866641e+00 -8.70739932094031887644e-01 8.70455351686593701288e+01 -5.91590459869140716798e-01
9.86966465085758248854e-01 -3.52035264033161654496e+00 -8.70679703365964230422e-01 8.70450287014778893990e+01 -5.91821645316564448613e-01
9.87165169749397164445e-01 -3.52039809838063977310e+00 -8.70621470854410883788e-01 8.70445384176884147109e+01 -5.92045382844175627213e-01
9.87357153599473957861e-01 -3.52043778423983599879e+00 -8.70565819020028053288e-01 8.70440675824249723291e+01 -5.92261183724128281725e-01
9.87542415328925060614e-01 -3.52048039715995164656e+00 -8.70511497077649853971e-01 8.70436100566106318865e+01 -5.92469856717322551631e-01
9.87720953676452295689e-01 -3.52051709263184742227e+00 -8.70459675812144562101e-01 8.70431720976697675951e+01 -5.92670502236762430925e-01
9.87892767426531648312e-01 -3.52055681204198256395e+00 -8.70409275609294930121e-01 8.70427474283016664458e+01 -5.92864092530000719172e-01
9.88057855409421592618e-01 -3.52059531247916357444e+00 -8.70360908492364804268e-01 8.70423390675819632634e+01 -5.93050228543018809191e-01
9.88216216501170752196e-01 -3.52062727603143077459e+00 -8.70314829012975854639e-01 8.70419507027016265965e+01 -5.93228061511730464517e-01
9.88367849623625893685e-01 -3.52066279216937916274e+00 -8.70270393108874218413e-01 8.70415753487130530175e+01 -5.93399081450351695288e-01
9.88512753744439143233e-01 -3.52069704013348339089e+00 -8.70228003447834908002e-01 8.70412163800657623369e+01 -5.93562636218474382055e-01
9.88650927877074869876e-01 -3.52072420154957788085e+00 -8.70187672203801332316e-01 8.70408777808051610236e+01 -5.93717615619281269268e-01
9.88782371080816346876e-01 -3.52075536302221392404e+00 -8.70149209189359118533e-01 8.70405519642091007881e+01 -5.93866011839837448782e-01
9.88907082460772635102e-01 -3.52078519260223865572e+00 -8.70112793081227131609e-01 8.70402426121617907029e+01 -5.94006922004279513949e-01
9.89025061167884578239e-01 -3.52080750759467298039e+00 -8.70078220630624343812e-01 8.70399539177848282634e+01 -5.94139018675968300087e-01
9.89136306398929687766e-01 -3.52083414709235720252e+00 -8.70045716080544262461e-01 8.70396778519015867914e+01 -5.94264723006128425808e-01
9.89240817396528693273e-01 -3.52085938235135209595e+00 -8.70015247680044567780e-01 8.70394183284349480800e+01 -5.94382912234603377755e-01
9.89338593449150427439e-01 -3.52088318836534197587e+00 -8.69986813356312005396e-01 8.70391753730915525011e+01 -5.94493577850050414213e-01
9.89429633891116377953e-01 -3.52089880113293185460e+00 -8.69959882736307088535e-01 8.70389535150009123754e+01 -5.94595056910442232301e-01
9.89513938102605350444e-01 -3.52091927823099837269e+00 -8.69935325774832679535e-01 8.70387440064729815958e+01 -5.94690448006910732381e-01
9.89591505509657798356e-01 -3.52093825206888588752e+00 -8.69912781327839335077e-01 8.70385511362021588866e+01 -5.94778280460476649338e-01
9.89662335584179708725e-01 -3.52095569598122049015e+00 -8.69892242105464341684e-01 8.70383749277588947280e+01 -5.94858542443145954515e-01
9.89726427843945932850e-01 -3.52097158303039003968e+00 -8.69873699645100528777e-01 8.70382154041041928849e+01 -5.94931221414732536168e-01
9.89783781852604072071e-01 -3.52097869642801697410e+00 -8.69856325825125509255e-01 8.70380773475869489175e+01 -5.94994363483535959602e-01
9.89834397219676587198e-01 -3.52099113899134730232e+00 -8.69841626092797248759e-01 8.70379514075178661869e+01 -5.95051705413316533999e-01
9.89878273600564240198e-01 -3.52100197376070900290e+00 -8.69828903526180363670e-01 8.70378421982970991166e+01 -5.95101437276928102449e-01
9.89915410696548092595e-01 -3.52101118102338483951e+00 -8.69818150696286207513e-01 8.70377497358194176513e+01 -5.95143549217335587898e-01
9.89945808254791503877e-01 -3.52101874312725415805e+00 -8.69809360381890495084e-01 8.70376740340255139472e+01 -5.95178032063986783839e-01
9.89969466068341796827e-01 -3.52102464492278777186e+00 -8.69802526433118061711e-01 8.70376151047634891711e+01 -5.95204878009936266814e-01
